Unnamed: 0,sub,ses,run,runtype,ROI,ROIindex,condition,tr1,tr2,tr3,tr4,tr5,tr6,tr7,tr8,tr9,tr10,tr11,tr12,tr13,tr14,tr15,tr16,tr17,tr18,tr19,tr20,tr21,tr22,tr23,tr24,tr25,tr26,tr27,tr28,tr29,tr30,tr31,tr32,tr33,tr34,tr35,tr36,tr37,tr38,tr39,tr40,tr41,tr42
0.0,sub-0126,ses-01,run-01,vicarious,TPJ,277,cueH_stimH,9.58615016937256,-2.14185333251953,0.66746711730957,2.62080574035645,6.0805492401123,-0.651059150695801,5.514541149139402,12.2052536010742,2.5399746894836404,-1.33150160312653,-4.44099569320679,-4.75679111480713,-8.63916397094727,7.40611171722412,4.46016120910645,-1.8812980651855504,3.15553617477417,-4.7326774597168,-12.5980796813965,-7.42711067199707,0.907947063446045,2.45700979232788,9.027017593383787,8.03725242614746,-1.43442559242249,16.9184703826904,29.8908767700195,17.8706588745117,14.3480129241943,17.9842758178711,19.4643707275391,12.7062826156616,1.30760669708252,9.54154968261719,14.466827392578098,1.77534484863281,14.5181274414062,1.4940085411071795,-4.22049140930176,8.56968593597412,-3.6713271141052206,-2.9614679813385
1.0,sub-0126,ses-01,run-01,vicarious,TPJ,277,cueL_stimH,-5.5580964088439915,-9.86389064788818,-9.86484622955322,-20.330457687377894,1.6075998544693,-8.75660705566406,2.36165881156921,-4.71069478988647,-15.853478431701696,-6.06509971618652,-15.3555574417114,-9.74896717071533,-3.12243223190308,-13.358360290527301,-19.2954368591309,-30.801292419433604,-14.7884607315063,-12.7648515701294,0.8007266521453861,-0.607779502868652,18.8567962646484,9.19591999053955,-0.923526763916016,-0.260694980621338,15.260679244995101,3.9408349990844704,13.425377845764196,-1.32341384887695,7.75783920288086,-10.6383590698242,-8.42873191833496,-12.1456642150879,-3.09883880615234,-3.40524673461914,-16.8710556030273,-23.7075729370117,-19.0717525482178,-7.568859100341799,-6.67394256591797,11.296905517578098,10.3094177246094,11.0921783447266
2.0,sub-0126,ses-01,run-01,vicarious,TPJ,277,cueH_stimM,20.6443500518799,23.892221450805696,34.460750579834,6.8931393623352095,24.485120773315398,3.57533931732178,12.4110851287842,15.876166343689,13.823717117309599,-2.19407248497009,4.12507009506226,-4.8931941986084,-5.64503383636475,7.050244331359861,12.726842880249,15.826890945434599,4.61041975021362,11.2932891845703,-7.08951616287231,6.03180646896362,9.72651100158691,8.40364170074463,12.300774574279801,1.67998456954956,3.77212190628052,4.127813339233399,13.980673789978,13.1767673492432,23.8656063079834,7.27024364471436,10.3089742660522,-4.71918487548828,14.9796848297119,10.698768615722699,7.10402870178223,2.05746459960938,-9.81083297729492,-2.55216598510742,-14.8781118392944,1.24333953857422,-11.6249732971191,-14.425422668457001
3.0,sub-0126,ses-01,run-01,vicarious,TPJ,277,cueL_stimM,18.5738754272461,12.4032497406006,5.82512044906616,11.1442012786865,5.17708683013916,-1.22115421295166,-0.7733860015869141,-10.4568166732788,-9.24746227264404,-6.26690578460693,6.5496525764465305,-10.5700540542603,-6.246094226837161,-12.022523880004899,-1.58850049972534,8.02054500579834,-7.33126258850098,-9.66732406616211,-1.25966930389404,-9.11319065093994,-0.358224391937256,-0.730305433273315,11.021771430969201,8.313808441162111,4.80316734313965,14.3115243911743,11.515495300292999,18.100830078125,14.2265090942383,9.62187576293945,-1.12497329711914,-0.621318817138672,2.2247123718261697,1.4960222244262702,-6.55548763275146,-8.74124717712402,2.58854103088379,-6.93602561950684,-19.134311676025398,4.15579605102539,-7.20227384567261,-2.95121383666992
4.0,sub-0126,ses-01,run-01,vicarious,TPJ,277,cueH_stimL,1.00758957862854,-8.4771671295166,-0.34427350759506203,-0.956070423126221,-2.44671893119812,3.5490307807922403,10.162208557128901,11.065563201904302,-8.43602085113525,2.71896481513977,-8.95597171783447,-7.18153619766235,-7.42338037490845,-4.04669809341431,-14.088717460632301,-2.4769039154052703,9.30407238006592,13.693468093872099,15.687364578247099,16.2186145782471,8.51667022705078,12.5559339523315,3.37299537658691,6.67443132400513,3.75539827346802,29.208381652832,5.76047325134277,21.4007472991943,4.2237081527710005,7.87988948822021,10.626441001892099,10.226797103881802,13.1399383544922,15.191436767578098,6.1353473663330105,-0.00138092041015625,0.8514194488525391,-10.7595500946045,-0.0346450805664062,-3.03554010391235,-8.87325382232666,-7.74209976196289
5.0,sub-0126,ses-01,run-01,vicarious,TPJ,277,cueL_stimL,-2.9029140472412096,-6.645831108093259,2.96878623962402,-7.294635772705081,10.4172611236572,6.154370784759519,-12.9254817962646,-11.942986488342301,-6.78996992111206,-12.196137428283699,-8.92023658752441,0.112666606903076,-11.123898506164599,-12.0463542938232,-18.7054004669189,-11.0628566741943,-9.07194900512695,2.76398611068726,-0.284078240394592,10.016991615295401,0.0467753410339355,9.3411979675293,0.415626525878906,1.53985190391541,-17.820665359497102,-3.7100868225097696,4.28118276596069,0.788615226745605,-12.969835281372099,-7.19307708740234,-12.8190670013428,-12.688499450683599,-2.40699577331543,-6.54313659667969,1.09627532958984,-9.72055339813232,-4.028272628784181,7.20637321472168,-4.90027332305908,-4.7689208984375,2.80933570861816,-15.1997833251953
6.0,sub-0126,ses-01,run-01,vicarious,TPJ,277,rating,-4.8255701065063485,-4.23604106903076,-4.89866828918457,0.891370713710785,-2.30059933662415,-0.0317246913909912,-3.19056224822998,-0.557058811187744,4.2504711151123,-1.9081115722656203,3.24021530151367,3.82953834533691,6.63935852050781,6.62929534912109,15.772544860839801,13.570859909057601,13.4868869781494,8.69204711914062,7.57184600830078,6.14122009277344,7.20512390136719,-0.399116516113281,5.5675373077392605,2.98953437805176,7.8242702484130895,6.4553546905517605,5.65353965759277,6.334649562835691,14.1907501220703,11.321530342102099,9.47916507720947,5.896282196044919,3.89493823051453,4.5887112617492685,5.11679744720459,6.935612678527829,12.590250015258801,8.14851570129395,4.317510604858399,6.9422917366027805,7.08166599273682,4.919702529907231
7.0,sub-0126,ses-01,run-01,vicarious,TPJ,277,cue,-7.747709274291989,-11.906126022338901,-8.060596466064451,-8.122082710266112,-12.1796131134033,-8.118686676025389,-1.0346469879150402,-3.51118087768555,-0.129875183105469,-1.30309200286865,-0.32367825508117704,-3.78796982765198,-3.4776630401611297,-8.81371116638184,-8.480359077453612,-13.1133317947388,-5.90106391906738,-9.87838363647461,-3.75067138671875,-15.1153564453125,-12.99609375,-15.9535179138184,-17.684169769287102,-15.415397644042999,-9.3588752746582,-9.86816024780273,0.576885223388672,-8.40512084960938,-2.2658023834228502,-0.334559917449951,-1.44884145259857,-2.03824234008789,-6.73104667663574,-7.00588035583496,-3.3370697498321498,-2.2552969455719,-1.1539821624755902,0.383412837982178,1.1986300945281998,2.29848074913025,3.3125576972961404,3.80994510650635
8.0,sub-0126,ses-01,run-01,vicarious,TPJ,278,cueH_stimH,0.140796184539795,7.09649753570557,-1.30409622192383,11.133541107177699,3.8901405334472696,10.196901321411099,0.591227054595947,8.376953125,14.1852512359619,18.6883563995361,7.15158033370972,8.26378440856934,2.58195877075195,10.6604747772217,11.7753009796143,3.94596672058105,13.1216554641724,12.1512451171875,8.30062103271484,7.89413547515869,0.120815753936768,3.49053955078125,2.5005125999450697,15.712547302246099,11.5232572555542,7.6494002342224094,1.8671407699585,8.3340015411377,11.3935890197754,7.77634572982788,9.2459077835083,3.04532432556152,-3.25182628631592,-7.0743522644043,-16.6941833496094,-0.759965896606445,0.323879241943359,3.5658359527587904,-9.22245407104492,-8.6437931060791,-10.6125221252441,2.13497519493103
9.0,sub-0126,ses-01,run-01,vicarious,TPJ,278,cueL_stimH,-5.13165998458862,-3.43942928314209,-9.054789543151859,-5.62050533294678,-10.208367347717301,0.412491261959076,-9.81416702270508,-6.89422369003296,-10.5951356887817,-15.4266443252563,2.79651975631714,-1.9164342880249,-8.864686965942381,-2.19397640228271,-1.1551914215087902,1.32087481021881,1.98076701164246,-4.44321584701538,0.849373817443848,-0.119743585586548,5.93222379684448,7.24929046630859,1.44474506378174,-4.4804949760437,7.2709050178527805,-5.841425895690921,-7.530261039733889,-11.7847394943237,-12.005777359008801,-11.1209812164307,-15.071895599365199,-14.6355438232422,-8.73568725585938,-14.173225402832001,-13.1853790283203,-13.8398885726929,-8.08304595947266,-0.671306610107422,4.42469787597656,7.65066146850586,3.65193939208984,1.34473037719727
10.0,sub-0126,ses-01,run-01,vicarious,TPJ,278,cueH_stimM,15.457916259765598,7.9538836479187,-3.22377824783325,4.119384765625,-5.2949857711792,7.18121767044067,-12.397481918334998,-5.1179895401000985,-3.6423761844635,2.8810629844665496,9.40977478027344,13.662078857421902,8.19488430023193,-0.106794655323029,1.33360624313354,5.83348751068115,11.7586660385132,-2.1662611961364697,6.39330196380615,-1.47290182113647,-3.2250990867614706,-6.82814073562622,-2.32456970214844,-2.95760846138,-2.86644792556763,-16.1107711791992,-9.2939567565918,-2.36665439605713,15.411314010620101,17.4134483337402,18.3577919006348,-1.98600387573242,7.135075569152829,3.82547569274902,-2.33307266235352,-7.29808044433594,-14.286529541015598,-14.7846336364746,-18.251308441162106,-7.70609045028687,-4.5326070785522505,-6.10206174850464
11.0,sub-0126,ses-01,run-01,vicarious,TPJ,278,cueL_stimM,5.85145139694214,14.3623046875,13.6398582458496,16.681848526001,22.5770435333252,7.70779609680176,10.5817861557007,8.70227813720703,12.7305212020874,14.195072174072301,5.2304415702819815,12.1327362060547,8.207546234130861,4.1340217590332005,13.853578567504899,11.222555160522498,20.929363250732397,8.51509761810303,12.4853057861328,5.35113525390625,2.28689050674438,9.251298904418947,-0.547638416290283,6.76072454452515,-0.968375205993652,1.23792266845703,1.52823352813721,5.97457790374756,11.3463382720947,5.890182971954348,3.30690574645996,-2.69707822799683,-3.00344181060791,-5.27117443084717,-14.7910575866699,-2.05769538879395,-10.080726623535199,-12.399171829223599,-4.870521545410161,-10.1193504333496,-3.48385238647461,-5.6299552917480495
12.0,sub-0126,ses-01,run-01,vicarious,TPJ,278,cueH_stimL,12.809337615966802,6.9895281791687,4.52381038665771,-4.20089054107666,-8.583995819091799,3.77260899543762,-2.85355734825134,-1.88767385482788,2.87548017501831,-7.12612104415894,-2.47830009460449,-2.7824969291687,6.41971349716187,6.56036376953125,7.597401618957519,3.6616349220275897,8.06099224090576,4.4230260848999015,6.2689733505249,10.9772329330444,6.8771276473999,7.84529829025269,-3.25242614746094,-6.1804475784301784,-4.53142595291138,6.829907417297361,3.96876859664917,-5.98487949371338,5.72922658920288,-4.99579095840454,-18.352342605590803,-8.89390182495117,-8.289318084716799,-9.92854309082031,-4.19266319274902,-0.0822830200195312,-9.77831268310547,-12.0983448028564,-4.42739391326904,-1.02400755882263,-7.16236972808838,-2.3865852355957
13.0,sub-0126,ses-01,run-01,vicarious,TPJ,278,cueL_stimL,2.49315547943115,10.3587522506714,11.035850524902301,6.05056381225586,4.9240870475769,5.48058938980103,-0.7630053162574771,6.5675325393676784,5.2610192298889205,8.46830177307129,12.3457698822021,15.884629249572802,3.8939020633697496,8.441282272338869,9.29386901855469,11.380867004394501,15.989394187927198,6.28561019897461,17.026226043701197,9.25368118286133,6.0803499221801784,5.22823572158813,12.614978790283198,4.29673194885254,-5.30569839477539,3.00965023040771,-4.1493239402771005,-3.34970378875732,-14.9457426071167,-18.0092086791992,-12.8764200210571,-17.1871585845947,-13.288562774658198,-10.082336425781197,-7.57878112792969,-19.3505630493164,-5.39884185791016,-13.570351600647,-13.052998542785597,-12.43798828125,-2.9112529754638703,7.31339073181152
14.0,sub-0126,ses-01,run-01,vicarious,TPJ,278,rating,-4.86123943328857,-4.0982384681701705,-3.93522977828979,-1.12773001194,-0.329343974590302,-2.64217567443848,-1.64883041381836,0.0912060737609863,0.5281782150268549,2.90585041046143,6.2631368637085,6.86488151550293,4.36788749694824,4.25356674194336,4.08391571044922,3.46970748901367,6.55588150024414,3.6299901008606,2.5517911911010698,-0.150535583496094,-1.72843933105469,-5.01630973815918,-2.51595687866211,-4.09972095489502,-1.79729866981506,-4.68835639953613,-4.13009262084961,-2.5708463191986097,-0.422384262084961,9.83831310272217,0.263389587402344,0.9998092651367192,-0.8126456737518309,-0.357168674468994,1.29698944091797,0.7166922092437741,1.41898822784424,-0.38679480552673295,0.0145926475524902,-1.93073010444641,2.45693469047546,1.57170104980469
15.0,sub-0126,ses-01,run-01,vicarious,TPJ,278,cue,-10.2116165161133,-4.3648681640625,-10.4178333282471,-8.29030609130859,-4.4337272644043,-4.608656883239751,-0.398345947265625,1.38801956176758,-0.44298171997070296,-1.30154418945312,-0.847101449966431,-1.84975910186768,1.53329849243164,-2.9786176681518595,-5.884198188781741,-11.715764045715304,-14.492103576660199,-12.6548023223877,-12.9850540161133,-11.859012603759801,-12.9936676025391,-16.3231792449951,-15.440815925598097,-14.3947439193726,-15.4262371063232,-12.209300994872999,-4.44133758544922,-6.236774444580081,-4.22632026672363,-0.8426527976989749,-1.42509567737579,-3.7757015228271498,-0.147458910942078,-4.35082006454468,-3.4565193653106703,-0.119432210922241,-7.00848579406738,2.77605652809143,-5.227538108825679,2.77836847305298,1.27082824707031,-3.11661291122437
16.0,sub-0126,ses-01,run-01,vicarious,TPJ,279,cueH_stimH,5.24895715713501,-10.857158660888699,12.1119136810303,-13.2232151031494,-6.71476554870605,-9.30306243896484,-14.386860847473097,-4.54954051971436,-22.1199073791504,7.44215202331543,-12.9406261444092,20.236795425415,2.59174299240112,16.9836444854736,20.5521469116211,14.8126792907715,-0.405200839042664,6.1227936744689915,5.68033409118652,-0.9158616065979,11.344911575317399,-7.18560886383057,16.6752777099609,10.946535110473599,5.90248680114746,10.019079208374,12.1286306381226,2.51558637619019,11.292233467102099,-2.2279601097106903,5.20691204071045,5.20712471008301,0.670670509338379,4.2640523910522505,-7.723064422607419,-0.960471153259277,8.390346527099611,3.0213909149169904,0.364394664764404,1.68055534362793,-12.199399948120101,-5.553340911865232
17.0,sub-0126,ses-01,run-01,vicarious,TPJ,279,cueL_stimH,-14.158583641052198,-13.4466466903687,-20.587848663330103,6.00144100189209,-0.345757842063904,-14.296630859375,-16.176345825195302,-14.433962821960401,-19.534091949462894,-5.33225297927856,-6.72683572769165,-3.11016416549683,8.93692684173584,-16.7478313446045,-0.36160540580749495,-6.093487739562991,4.4300265312194815,-5.43531799316406,0.338352918624878,8.185778617858888,-1.68284463882446,-6.09566688537598,-13.731164932251,-25.392555236816396,-17.9896297454834,-4.51751327514648,-17.4675331115723,-3.47566413879395,-11.7703323364258,-4.50525093078613,-19.614181518554695,-11.342769622802699,-10.838752746582001,-19.2721061706543,-21.111385345459002,-24.6287689208984,-12.1453533172607,-11.7916412353516,0.8539047241210941,3.60164260864258,1.420654296875,-8.15456581115723
18.0,sub-0126,ses-01,run-01,vicarious,TPJ,279,cueH_stimM,3.94831228256226,-9.18806838989258,-0.212908625602722,-11.3816375732422,3.32362937927246,-16.6842288970947,-7.62503242492676,5.487567901611331,1.99794292449951,23.444503784179698,19.7071704864502,31.5934524536133,21.803373336792003,19.7828769683838,44.7939796447754,22.99072265625,18.9307861328125,21.222412109375,18.4664306640625,12.6088953018188,-1.25583505630493,-13.133399963378901,-14.261415481567399,-1.27905058860779,0.0216836929321289,-6.000436782836911,-12.954690933227502,-14.3447914123535,-10.1928606033325,-28.5512046813965,-7.60062503814697,-26.111007690429698,-7.59966278076172,-15.997161865234402,3.31595230102539,10.9613189697266,-18.6619663238525,-0.81617546081543,0.336126327514648,2.08895683288574,-7.59142255783081,-10.7837085723877
19.0,sub-0126,ses-01,run-01,vicarious,TPJ,279,cueL_stimM,-3.48979377746582,5.98037242889404,0.529684782028198,-5.565837860107419,-1.83410167694092,-12.158285140991199,12.100531578064,9.42862510681152,-1.84681987762451,6.162786960601809,22.648063659668,18.793422698974602,19.414627075195305,30.1699733734131,20.912000656127894,30.386610031127898,31.778051376342802,0.907839179039001,24.6651420593262,11.7243137359619,3.8155641555786097,-3.70448684692383,7.42259311676025,-7.69953203201294,5.69742298126221,3.59385561943054,5.52099466323853,4.95196914672852,6.7434720993042,-7.5636625289917,-8.99810409545898,-5.7601199150085405,9.8851957321167,-2.31239223480225,-14.612750053405799,0.555694580078125,-15.3878440856934,-13.5816287994385,-9.98038101196289,-11.404172897338901,-18.100177764892603,-15.1670875549316
20.0,sub-0126,ses-01,run-01,vicarious,TPJ,279,cueH_stimL,24.717870712280305,9.51898956298828,12.6666040420532,-7.742626190185549,-7.2407512664794895,-26.063720703125,-6.70673942565918,-8.04214572906494,-14.4527921676636,2.55643510818481,14.770672798156701,14.070743560791,32.7932968139648,30.802589416503896,23.7683429718018,35.68183135986329,47.765167236328104,31.727317810058604,24.630374908447298,14.5892343521118,6.9248628616333,-1.5387878417968797,-20.279956817627,-16.2108135223389,-14.003868103027301,-0.860467672348022,-17.5728874206543,-7.3576831817627,-16.8105850219727,-3.07226657867432,-9.33688259124756,9.463319778442381,18.6516227722168,-1.00413131713867,-2.19758415222168,-4.93903350830078,-1.23031425476074,-5.25024795532227,-5.81510925292969,-9.40695858001709,-3.9481182098388703,-6.417301177978518
21.0,sub-0126,ses-01,run-01,vicarious,TPJ,279,cueL_stimL,21.2051086425781,2.28779029846191,6.84218597412109,2.74112129211426,-15.5805044174194,6.76705455780029,-18.9604530334473,2.06525921821594,-0.424025565385818,11.5816898345947,4.93843078613281,19.279140472412106,1.1654787063598602,11.472555160522498,28.0793266296387,30.1955890655518,26.670297622680696,21.6619663238525,30.356824874877898,0.596651792526245,15.0624732971191,-4.09237003326416,2.27570724487305,8.15848445892334,-5.8419494628906214,-3.77090930938721,-14.954395294189501,1.34772109985352,-16.8454437255859,5.4820728302002,-28.231544494628896,-6.33549499511719,-6.778194427490232,-11.185863494872999,-8.38931083679199,-15.366107940673801,-4.69501686096191,-20.1386032104492,-13.3703899383545,-0.9658203125,2.78023529052734,-7.11534690856934
22.0,sub-0126,ses-01,run-01,vicarious,TPJ,279,rating,0.219336032867432,1.15428459644318,2.00773525238037,2.6862668991088903,-0.728251934051514,3.16193580627441,2.17618083953857,8.51253604888916,11.7360553741455,16.7080383300781,22.491098403930696,26.015935897827106,34.2675743103027,36.1482391357422,34.749542236328104,27.5801048278809,22.7041358947754,17.0402202606201,9.844133377075199,2.6639347076416,-5.42456817626953,-7.485301971435549,-10.191014289856,-12.2899322509766,-10.116584777832001,-10.0111980438232,-9.24488544464111,-5.86182737350464,-4.7715220451355,1.22324538230896,-1.6094388961792,-3.01025915145874,-6.89697694778442,-5.360084533691411,-5.5910553932189915,-8.04874992370605,-2.6953182220459,-8.85564804077148,-3.4397125244140603,-7.8868083953857395,-1.81492137908936,-7.8531217575073216
23.0,sub-0126,ses-01,run-01,vicarious,TPJ,279,cue,-2.7899169921875,1.64936828613281,-1.0834922790527302,0.255017280578613,-4.587523460388179,-3.64491415023804,-3.7105998992919904,-9.43429946899414,3.52955436706543,4.31824207305908,11.603130340576199,15.5098705291748,10.013154983520499,11.625,9.04800891876221,10.6887369155884,6.68731880187988,2.72408676147461,-2.7251739501953103,-9.00055694580078,-11.874366760253901,-9.72623062133789,-5.6450309753418,-8.45839023590088,-7.485651016235349,-2.29398345947266,-2.65627670288086,3.60960006713867,4.2570104598999,6.735478401184079,8.90054988861084,1.02752208709717,9.4674015045166,6.46516990661621,8.56210327148438,10.3980846405029,11.562783241272,10.2402830123901,5.32312488555908,13.2721471786499,1.7930064201355,7.54163408279419
24.0,sub-0126,ses-01,run-01,vicarious,TPJ,280,cueH_stimH,-7.39642524719238,-9.73277568817139,-5.80080795288086,-2.8827896118164102,-7.78902816772461,-9.78142356872559,-8.090358734130861,-12.7741279602051,1.29060888290405,4.78848552703857,13.783694267272901,5.77425765991211,9.848456382751461,14.5550804138184,20.2071361541748,31.475902557373,22.1282272338867,33.085906982421896,19.30198097229,25.871873855590806,18.4160137176514,13.099964141845698,17.654005050659197,7.7096881866455105,4.18927049636841,-10.7336902618408,-13.7565021514893,-12.8228340148926,3.35818576812744,6.032089710235598,11.2950048446655,7.572308540344241,-4.21377754211426,-3.20223999023438,-2.10909461975098,3.54466247558594,8.40656280517578,5.46661233901978,-3.12999725341797,-17.182861328125,-25.4705810546875,-7.80249118804932
25.0,sub-0126,ses-01,run-01,vicarious,TPJ,280,cueL_stimH,-0.279858112335205,-6.73282289505005,-18.862838745117198,-17.283332824707,-18.022739410400398,-17.144474029540998,-7.71335649490356,-15.2226819992065,-15.685797691345199,-11.571833610534696,-7.41383504867554,4.50639152526855,19.269268035888697,23.380750656127898,26.3598308563232,23.441858291626,15.6728353500366,11.8578758239746,23.7506446838379,24.5908355712891,23.5825176239014,14.195909500122099,-1.65578842163086,-14.0559959411621,-9.24055290222168,-11.1187419891357,-0.24052906036377,-9.27411651611328,-5.2648344039917,-13.0172271728516,-17.1461200714111,-16.5331077575684,-12.093402862548801,-4.91763687133789,-15.6930541992188,-7.268671035766599,-3.60233640670776,-7.63802337646484,2.19985961914062,11.703514099121099,10.3746337890625,-1.16643142700195
26.0,sub-0126,ses-01,run-01,vicarious,TPJ,280,cueH_stimM,-2.94505715370178,-1.77025008201599,-14.428560256958,-13.532918930053699,-10.14928150177,-18.7126693725586,-8.67335319519043,-10.849098205566401,3.54774141311646,4.70432233810425,18.0488033294678,15.768897056579599,19.7875957489014,27.2007865905762,25.701612472534197,27.4377975463867,25.8435554504395,22.5259304046631,26.275806427002,13.356830596923801,9.61147689819336,1.83172225952148,-4.38354635238647,-6.91626739501953,-5.67752313613892,-15.640719413757301,-20.935138702392603,-4.39587450027466,-3.89165496826172,-2.59308528900146,-1.85086250305176,-7.058538436889651,-3.5462770462036097,-2.61734199523926,2.43607711791992,-1.51579284667969,-11.972131729126,-8.14057445526123,-4.976770401000981,-0.23500728607177696,-3.08756828308105,-5.09287548065186
27.0,sub-0126,ses-01,run-01,vicarious,TPJ,280,cueL_stimM,-6.270633697509768,-10.510049819946301,-12.201784133911099,-4.10947799682617,0.0858993530273438,-7.25328063964844,-10.397888183593803,-9.032632827758787,4.99949026107788,23.775259017944304,28.153221130371104,24.1588478088379,26.1772384643555,22.2541942596436,28.7709445953369,33.070068359375,31.7227725982666,29.5365009307861,16.5977172851562,17.931814193725604,11.9756622314453,13.2076768875122,5.53221797943115,9.822469711303713,1.52674150466919,-4.51110982894897,1.35870981216431,5.82992935180664,-0.217529773712158,1.12182950973511,6.09018325805664,-3.0826025009155296,-0.826380729675293,-5.13549041748047,-9.4793815612793,-8.85355758666992,-1.6862087249755902,-17.643180847168,-11.6628265380859,0.589807033538818,-0.979912400245667,-4.144947052001951
28.0,sub-0126,ses-01,run-01,vicarious,TPJ,280,cueH_stimL,18.2419471740723,8.936625480651859,5.50626707077026,-4.19231700897217,-6.16581249237061,-11.518666267395,-7.64929103851318,-9.06977653503418,4.61474323272705,-12.67298412323,-3.7355670928955096,7.88464450836182,21.9642314910889,32.7422523498535,29.6817626953125,25.778751373291,25.284343719482397,19.405572891235398,27.5718307495117,25.9226570129395,23.1980495452881,14.1240873336792,5.39404201507568,-13.2682418823242,-14.7002735137939,-8.24826240539551,-4.633379459381099,3.26834201812744,-6.50203084945679,-8.15921211242676,-15.9266624450684,-9.72293186187744,-6.7414245605468786,-6.3372516632080105,-10.738706588745101,-14.2515106201172,-15.835346221923801,-14.7461280822754,-13.1807327270508,-5.3641242980957005,-8.75923156738281,-11.366230010986301
29.0,sub-0126,ses-01,run-01,vicarious,TPJ,280,cueL_stimL,7.92134952545166,16.3325119018555,3.1849479675293,0.23741340637207,11.8494071960449,0.183056890964508,-2.48450374603271,5.09384632110596,10.981351852417,17.594882965087898,14.776111602783198,27.816801071167003,15.6521472930908,28.275882720947298,31.397991180419893,36.55693817138671,40.2011222839355,48.51819229125979,43.3797607421875,28.751667022705107,24.1682949066162,13.793948173522901,13.2666025161743,3.8142340183258097,9.947549819946287,-0.15748596191406194,2.20657348632812,-5.85004329681396,-4.93790054321289,-5.107946395874019,-0.110821723937988,-10.824586868286099,-8.19604873657227,-2.1414337158203103,-11.1674041748047,-12.141066551208501,-8.5597095489502,3.08841228485107,-11.2757177352905,-4.1612548828125,1.78751754760742,13.0973215103149
30.0,sub-0126,ses-01,run-01,vicarious,TPJ,280,rating,-7.1467580795288095,-3.63564610481262,-2.17043113708496,0.3817464113235471,2.93854022026062,0.27738869190216103,-1.3470153808593797,0.354407787322998,0.730704307556152,7.24634742736816,8.001877784729,8.435153961181639,9.06232833862305,8.82680511474609,7.68833160400391,9.03450012207031,8.66034889221191,7.8088893890380895,5.8271017074585,-1.27317428588867,-8.65802001953125,-14.2201824188232,-13.328331947326696,-12.991823196411099,-10.9534454345703,-8.94863319396973,-13.467158317565902,-13.128299713134801,-11.291627883911099,-6.240483283996579,-6.948308944702151,-8.25481224060059,-11.7575168609619,-13.195040702819801,-11.585646629333501,-5.45437383651733,-4.58989906311035,-6.5265216827392605,-9.33241176605225,-8.11691284179688,-8.07806777954102,-5.26027250289917
31.0,sub-0126,ses-01,run-01,vicarious,TPJ,280,cue,0.652744293212891,-5.56239128112793,-6.196842193603518,-4.4044504165649405,-2.8886251449585,1.92819964885712,4.367479324340819,5.10967826843262,6.390811920166018,8.10191535949707,10.5226430892944,11.9369792938232,14.1064281463623,14.6434640884399,13.0651245117188,9.63967418670654,5.21504783630371,3.96169090270996,6.064395904541018,4.78865051269531,-0.543914794921875,0.604133605957031,-0.54102897644043,-0.8570454120635991,-1.57166290283203,5.810489654541018,5.4757995605468786,6.319263458251951,4.93306446075439,4.58111524581909,0.850852131843567,1.46510362625122,6.4265413284301784,8.95629405975342,7.67280387878418,13.2761840820312,12.1996212005615,9.361897468566893,15.359992980957001,13.622166633606,12.1868209838867,2.4469966888427703
32.0,sub-0126,ses-01,run-01,vicarious,TPJ,281,cueH_stimH,19.609899520874,-5.005097389221191,5.51156234741211,-3.45528411865234,5.51240634918213,-1.99636745452881,1.13576507568359,-20.5242691040039,-12.4742012023926,16.6821117401123,-5.54676723480225,-8.31876373291016,-14.4063730239868,-18.1167087554932,-13.369625091552699,-4.88878631591797,-7.8436541557312,-10.360030174255401,2.4144463539123504,-25.404359817504893,0.637041091918945,-8.234194755554201,22.8330478668213,26.8088531494141,26.0533065795898,26.266592025756804,21.467971801757802,17.640670776367198,21.981590270996104,18.2082214355469,14.967671394348097,19.2129592895508,4.01229381561279,1.52771282196045,-19.665060043335,-3.43117618560791,34.3230400085449,27.244064331054698,20.1426029205322,-17.587474822998,-6.48520278930664,-15.619836807251
33.0,sub-0126,ses-01,run-01,vicarious,TPJ,281,cueL_stimH,-1.05576848983765,-9.014955520629881,-4.05639696121216,-12.5643854141235,-10.1103572845459,-12.7734537124634,-11.605350494384801,-12.4035902023315,-15.3600521087646,-10.9868478775024,-2.64320182800293,-9.20194721221924,2.52415895462036,-26.5451850891113,-15.8129892349243,-15.463740348815902,-30.830223083496104,-32.654354095459,-29.108423233032198,-1.30012512207031,17.819837570190398,12.103034973144501,-6.89557075500488,1.1201057434082,-12.662834167480499,1.92509174346924,-14.005653381347699,2.21535968780518,4.66086196899414,-1.9155216217041,-12.041099548339801,-9.33763885498047,-11.0234909057617,-21.1193809509277,-3.56149291992188,0.768291473388672,-29.7097282409668,6.1838684082031214,6.77178955078125,-5.26380920410156,-13.095611572265598,12.669436454772901
34.0,sub-0126,ses-01,run-01,vicarious,TPJ,281,cueH_stimM,-17.7244663238525,-10.465747833252,4.74448442459106,-1.33813118934631,-3.64297962188721,-3.1386518478393595,2.82242393493652,6.296799659729,-2.14615058898926,-0.421768009662628,12.8136396408081,20.810289382934602,19.9380702972412,9.36064910888672,36.6281089782715,-1.31722736358643,23.4082298278809,21.090229034423803,21.2691917419434,19.204486846923803,27.3315124511719,0.224273204803467,15.484437942504899,8.703038215637209,22.436882019043,2.2317261695861803,2.28547096252441,-5.45536136627197,9.02666473388672,2.48792743682861,18.4236793518066,-2.13755798339844,-7.9363069534301784,-4.30886459350586,31.404333114624,13.0244293212891,-0.71263313293457,-22.7939796447754,10.760683059692399,-15.8137111663818,-1.56947088241577,4.48526477813721
35.0,sub-0126,ses-01,run-01,vicarious,TPJ,281,cueL_stimM,-9.17679500579834,3.4408349990844704,-20.373987197876,11.358726501464801,8.43460369110107,-5.5759000778198216,-17.047954559326197,-0.530435562133789,8.82943248748779,-13.9049940109253,13.8045082092285,8.358425140380861,1.29411292076111,-3.91336607933044,-8.64580917358398,7.8982439041137695,-7.5333585739135716,6.92642784118652,15.0004329681396,-7.1157503128051784,-6.647864818573001,6.81632852554321,-10.93274974823,-2.9437410831451403,-4.09908676147461,9.20085144042969,14.421149253845199,-1.25191974639893,-3.93131232261658,-10.3881940841675,-4.37329149246216,9.98759841918945,8.33817481994629,-8.07444381713867,6.564424514770511,5.35356330871582,7.1473388671875,-28.2315502166748,2.66077423095703,21.9702644348145,-13.8128051757812,-22.1705474853516
36.0,sub-0126,ses-01,run-01,vicarious,TPJ,281,cueH_stimL,21.411907196044897,19.3715209960938,-0.838033020496368,-27.397537231445302,1.0178446769714398,-7.977519989013669,-2.4239056110382102,13.2809276580811,5.6301574707031214,6.58131837844849,-1.62957155704498,-2.62210154533386,4.56712484359741,28.7856769561768,9.82622814178467,20.7659473419189,9.51669025421143,-0.483304023742676,2.67758369445801,16.0032005310059,8.34036445617676,7.317151069641111,-5.01326036453247,-27.113113403320302,-31.6526565551758,-8.8646354675293,-12.120786666870101,13.698753356933599,12.351226806640598,10.596821784973098,4.17784881591797,-4.56857776641846,0.2591581344604489,12.498086929321301,-0.156829833984375,5.50823211669922,-14.804536819458,-6.1798095703125,6.27231407165527,1.64007568359375,12.8952026367188,23.2450103759766
37.0,sub-0126,ses-01,run-01,vicarious,TPJ,281,cueL_stimL,18.285572052002,-8.66556930541992,-10.150934219360401,-5.737224578857419,-14.4023685455322,-11.015723228454599,-1.32957923412323,-21.8865966796875,0.986349701881409,-11.866477966308599,12.9424476623535,-5.2079439163208,-1.46942591667175,-7.03691101074219,-8.12139415740967,9.85465621948242,2.7281429767608603,14.9900054931641,17.378511428833,4.68883371353149,2.5971446037292503,3.3403928279876696,-7.24774837493896,5.757877349853518,1.6851501464843797,29.595260620117198,10.736900329589801,8.45101737976074,3.37361431121826,2.5776138305664102,-14.0691499710083,-12.4728050231934,-0.760271072387695,-2.5899200439453103,-0.622354507446289,9.93793296813965,1.77671813964844,-10.8098764419556,-11.641195297241199,-10.577392578125,-28.4828186035156,-15.1611175537109
38.0,sub-0126,ses-01,run-01,vicarious,TPJ,281,rating,-5.00146722793579,-4.343281269073491,0.325252413749695,2.1009330749511697,6.96012783050537,3.02771663665771,2.99456739425659,-1.26473951339722,-2.47122097015381,3.32946109771729,7.09128379821777,10.0584506988525,12.3043670654297,16.6413841247559,10.897674560546902,8.80678749084473,9.15953254699707,8.06533050537109,11.3663749694824,8.1188793182373,1.95863342285156,-0.222419738769531,-0.941577911376953,-3.02699947357178,-0.646900177001953,1.3893817663192702,1.09367370605469,4.29679870605469,3.10224342346191,7.24561405181885,4.216968536376951,4.77914047241211,10.0364484786987,-2.55455684661865,0.0693159103393555,-0.5988160371780401,12.338496208190902,5.5471363067627,1.30092692375183,-0.798107624053955,5.09526824951172,-0.13753414154052698
39.0,sub-0126,ses-01,run-01,vicarious,TPJ,281,cue,-2.91150856018066,-7.88479232788086,-3.33514785766602,-5.44920921325684,-6.7860403060913095,-11.7647705078125,-4.38620948791504,-4.39482879638672,-7.95903778076172,-1.5133986473083505,-1.57269692420959,4.25325107574463,6.07629108428955,6.9812335968017605,6.720820426940921,8.86160755157471,1.23346138000488,-12.2506256103516,-6.66974639892578,-5.94303131103516,-5.80103302001953,-4.57703399658203,-8.235180854797362,-4.73787117004395,-5.31225967407227,-2.8723258972168,0.518207550048828,1.3554801940918002,2.7441864013671897,5.92847394943237,-0.439121007919312,1.9355978965759295,4.88303089141846,-4.08327007293701,16.8874244689941,4.6993088722229,8.91339683532715,10.9719486236572,-0.197853565216064,6.687091827392581,-3.1072328090667702,9.04277992248535
40.0,sub-0126,ses-01,run-01,vicarious,TPJ,282,cueH_stimH,-13.407726287841802,-1.80467224121094,22.943956375122102,-13.2246036529541,-2.28612518310547,-11.9396705627441,1.2145819664001498,-13.194297790527301,3.32014846801758,9.87554836273193,-0.329946756362915,-0.519888877868652,-32.0618057250977,-9.47052478790283,-27.1361770629883,0.819859504699707,-23.047353744506804,-4.013508319854741,-20.0138092041016,-14.848381042480499,0.3006868362426761,-9.65861988067627,34.351852416992195,20.2155666351318,22.168479919433604,-0.695643424987793,-16.374885559082,-9.32047653198242,12.0998973846436,11.2514200210571,11.4554529190063,38.2960433959961,1.2796516418457,9.80711364746094,-20.7778263092041,5.597119331359861,19.3690147399902,15.4188556671143,3.84638547897339,-24.9117317199707,-20.846666336059602,-25.4302101135254
41.0,sub-0126,ses-01,run-01,vicarious,TPJ,282,cueL_stimH,7.11649751663208,0.972156047821045,-20.1388149261475,-10.0117712020874,-13.1077613830566,-34.392730712890604,-17.3472595214844,-41.232738494873,-28.6640110015869,-10.266912460327099,-19.504938125610398,-29.752151489257802,-5.19099521636963,-4.18549823760986,-13.569610595703098,4.327764511108399,-2.5093376636505096,-15.435307502746598,10.8179454803467,-8.854246139526369,-0.7191677093505859,0.0429868698120117,-14.5362796783447,-19.310718536377,-4.097163677215581,-9.63144111633301,-8.84083461761475,-14.6273717880249,-17.563673019409197,-22.5019340515137,-8.71685791015625,-1.90166854858398,-8.86152648925781,-5.05413436889648,-0.655685424804688,9.14726638793945,-3.0450129508972203,3.68462371826172,6.60906982421875,1.17978286743164,1.96509552001953,-9.33800506591797
42.0,sub-0126,ses-01,run-01,vicarious,TPJ,282,cueH_stimM,-2.00223398208618,-1.10882723331451,-22.9983444213867,-24.1704788208008,-5.91565036773682,-46.912868499755895,-30.0552635192871,-13.643394470214801,-5.2107882499694815,1.89716291427612,23.3669357299805,5.7234182357788095,20.290472030639602,12.5890064239502,19.340753555297894,-6.0034275054931605,-3.92579102516174,-14.421888351440401,-9.75550651550293,5.91320085525513,-8.17957878112793,-5.740247249603269,9.69119453430176,1.47878575325012,6.09964561462402,-14.766746520996099,-29.3257942199707,-14.3901529312134,4.5515890121460005,1.6580648422241202,2.7375516891479506,-16.4521636962891,-11.706895828247099,3.96834754943848,11.524087905883801,9.940673828125,2.15986061096191,-16.7397441864014,22.7292823791504,-0.36927604675293,-10.3004608154297,-8.49451351165771
43.0,sub-0126,ses-01,run-01,vicarious,TPJ,282,cueL_stimM,-10.3106842041016,-13.485401153564501,-23.3118171691895,13.2711524963379,6.63666534423828,-11.173091888427699,-15.8271484375,-20.838359832763697,-7.69270658493042,-12.8985691070557,2.23810720443726,0.738990128040314,4.13394451141357,-13.3054714202881,1.8081169128418,18.212945938110398,17.0738830566406,2.9077920913696302,-18.6247444152832,-5.91844892501831,-9.22317504882812,-9.33726596832275,-13.019035339355499,1.32441639900208,9.99000358581543,-8.961790084838869,-14.8972177505493,-22.889846801757802,-13.624961853027301,5.09622669219971,-5.38029432296753,1.41508197784424,-0.828338623046875,6.764774322509768,8.41538524627686,-10.173357009887699,-18.807147979736303,-17.013107299804698,-9.889404296875,11.7520332336426,-5.0625300407409695,-3.14116287231445
44.0,sub-0126,ses-01,run-01,vicarious,TPJ,282,cueH_stimL,6.047480583190921,13.807848930358901,-7.7762761116027805,-18.306819915771502,10.894161224365199,-10.7945804595947,-6.772717475891111,-26.6543083190918,-7.52797508239746,-24.8992748260498,-21.427698135376,5.5299072265625,22.2306098937988,27.921854019165,38.50584030151371,23.120836257934602,24.4932518005371,-4.62336158752441,12.1179733276367,-6.1201877593994105,10.100643157959,-2.44501447677612,4.93394660949707,-17.9194221496582,-4.08584022521973,-2.59316372871399,8.71152877807617,-2.85016679763794,3.42234897613525,-8.958356857299801,-20.1076583862305,1.9507942199707,-11.530487060546902,6.897161483764651,5.897649765014651,-4.297630310058589,-13.016902923584,-12.2496948242188,0.5192365646362299,0.30798387527465804,-8.82473373413086,13.5197296142578
45.0,sub-0126,ses-01,run-01,vicarious,TPJ,282,cueL_stimL,13.912334442138699,-13.4933300018311,-6.4607849121093786,-23.0705070495605,-3.02498817443848,-21.826129913330107,-3.7718265056610094,-11.671095848083501,0.481469988822937,13.050987243652301,-25.0370140075684,-0.956576585769653,-6.53608512878418,-2.64513444900513,-5.840807914733889,3.1793980598449703,3.9642550945282,12.5529365539551,13.0323028564453,4.56339168548584,5.622807502746579,-16.7955017089844,8.02281093597412,-8.20395851135254,14.787257194519,5.85603141784668,-8.79206657409668,4.40482997894287,-17.3878440856934,-8.06243896484375,-2.7373600006103502,13.6749687194824,7.695367813110349,4.106849670410161,-9.883729934692381,-7.3858814239502,-25.831968307495107,-26.363708496093803,10.3455047607422,-2.433837890625,16.3480110168457,16.2617225646973
46.0,sub-0126,ses-01,run-01,vicarious,TPJ,282,rating,-11.8613195419312,-12.4842119216919,-12.6358957290649,0.988012433052063,2.65355277061462,-3.78190898895264,-6.50821828842163,-6.8240022659301784,-11.1283597946167,-11.4195289611816,-9.22175216674805,-8.09483337402344,-11.2815551757812,-19.480381011962894,-14.5223846435547,-12.131126403808599,-17.5337200164795,-2.5826220512390097,-2.2486591339111297,-3.15387916564941,-9.48458099365234,-8.700428009033201,-10.5641508102417,-8.89552307128906,-6.32818841934204,-8.91154670715332,-14.770286560058599,-18.6231536865234,-13.8561239242554,-8.67506980895996,-1.73488712310791,-11.7127771377563,-11.016860008239698,-12.1695652008057,-10.352764129638699,-7.661345958709719,-0.915386199951172,-2.5909008979797403,-6.63864994049072,-6.23496150970459,-13.766727447509801,-7.7359824180603
47.0,sub-0126,ses-01,run-01,vicarious,TPJ,282,cue,-2.64017486572266,-6.31755828857422,-8.53512001037598,2.75156879425049,-6.06644153594971,8.50653648376465,3.63791275024414,5.50577735900879,2.98618221282959,-7.91172122955322,-7.1273717880249,-3.0385725498199503,6.54323291778564,4.86642932891846,6.51292991638184,11.2795400619507,7.221088409423831,8.33741760253906,13.403076171875,21.356399536132802,17.7415924072266,12.041587829589801,14.6739444732666,3.7857217788696302,0.73121452331543,0.655158996582031,6.26660919189453,12.5047359466553,7.00995635986328,5.4238142967224094,9.60444068908691,6.22334718704224,10.373192787170401,23.0234260559082,21.577661514282198,12.866003990173304,21.487957000732397,14.2542266845703,25.4254150390625,22.2084522247314,22.2863445281982,11.3610010147095
48.0,sub-0126,ses-01,run-02,pain,TPJ,277,cueH_stimH,-6.065181732177732,-5.428340911865232,2.20403671264648,-7.65244340896606,5.006028175354,-20.210334777832,-16.658058166503903,-17.1665191650391,-11.285755157470698,4.075462341308589,-7.58496856689453,8.40961360931396,8.80015659332275,-12.427379608154302,-12.2445611953735,1.4625688791275,-4.82736349105835,-5.62709903717041,-13.684832572937,-12.6273097991943,-22.916160583496104,-33.888748168945305,-26.7470703125,-17.655170440673803,-10.3385438919067,-3.13827538490295,-3.5311100482940696,1.98320913314819,11.7635717391968,13.4948015213013,27.1199550628662,15.933713912963901,11.2653646469116,30.939096450805696,10.0446729660034,6.6646523475647,5.822339057922361,14.524974822997999,20.25634765625,23.5921649932861,8.877424240112301,13.1087236404419
49.0,sub-0126,ses-01,run-02,pain,TPJ,277,cueL_stimH,11.631477355957001,13.638893127441401,13.572996139526401,4.28792858123779,15.592906951904302,20.2330474853516,11.618968963622999,23.681007385253896,1.15080666542053,6.41673183441162,-7.4616174697876,-1.2666587829589802,10.9363012313843,-1.15686345100403,2.75951385498047,-1.96804141998291,-3.809415817260741,-2.230753660202029,-0.514761328697205,-9.50786018371582,4.08680248260498,-2.4355921745300297,-9.91114521026611,9.5709810256958,8.782957077026369,-9.69129848480225,4.63829517364502,-4.853906631469731,-10.464500427246099,27.1480331420898,33.0463180541992,13.1752414703369,31.197513580322298,13.1043119430542,16.4805393218994,18.189350128173803,-3.3956298828125,12.4045829772949,5.63790512084961,12.197906494140598,0.569439172744751,17.873121261596697
50.0,sub-0126,ses-01,run-02,pain,TPJ,277,cueH_stimM,1.44635617733002,2.9032833576202406,-3.00802993774414,5.51093626022339,-3.3782143592834504,-4.69757080078125,19.8313045501709,11.6841773986816,-1.8384726047515905,1.91624188423157,-6.87241172790527,-1.7445964813232402,-7.318524360656741,-11.520936965942399,-18.0607509613037,-3.50237369537354,-3.25600957870483,-10.616231918335,-21.9800910949707,-10.199538230896,1.32780766487122,-2.49494600296021,-10.912561416626,-13.101663589477502,-12.2557020187378,-6.87949371337891,-6.20359039306641,-11.4244022369385,-7.36420440673828,-2.95356416702271,18.984310150146502,-5.538589000701902,17.7299823760986,17.087091445922898,3.54763078689575,7.87194156646729,-8.63694953918457,-5.585706233978269,-5.58998203277588,-10.0360889434814,6.64797306060791,11.243915557861301
51.0,sub-0126,ses-01,run-02,pain,TPJ,277,cueL_stimM,6.243352890014651,-2.6623079776763903,-6.88840293884277,-10.6583757400513,2.0279903411865203,5.990289688110349,-3.54452991485596,-0.492590427398682,-11.2258310317993,-5.81917524337769,-4.17999505996704,-1.05393433570862,7.78118085861206,-10.6303071975708,-14.0117626190186,-3.8486466407775897,-21.208148956298803,-16.921558380127,-12.6198120117188,-1.8772480487823504,-4.31113862991333,-25.7505779266357,-11.020200729370101,-17.361469268798803,-22.9923477172852,-11.682509422302198,-12.0349025726318,-5.48593997955322,1.1229535341262802,-12.4361820220947,0.823250770568848,-9.72113800048828,9.29670333862305,39.73720169067379,23.5714302062988,4.49463081359863,5.94149255752563,-18.7765808105469,0.476024627685547,14.5008201599121,14.902473449707001,20.796215057373
52.0,sub-0126,ses-01,run-02,pain,TPJ,277,cueH_stimL,31.9552726745605,39.4275550842285,38.5757827758789,24.393898010253896,4.92754554748535,7.73603057861328,19.4980773925781,24.7464599609375,16.976488113403303,13.6523380279541,21.4271125793457,1.81248700618744,8.16856288909912,6.5506386756897,16.3578853607178,20.144485473632802,13.362904548645,7.70709657669067,-1.97085094451904,3.9941792488098105,4.47622203826904,3.2726216316223105,-4.65564346313477,3.1823296546936,-7.8285832405090305,13.4089450836182,2.52462530136108,14.6626806259155,21.120990753173803,12.3921403884888,8.26292514801025,8.112668037414549,4.16416549682617,8.3107385635376,2.24734091758728,9.31839752197266,5.596264839172361,-3.5076889991760294,21.8226318359375,10.1950721740723,3.4284040927887003,8.420596122741701
53.0,sub-0126,ses-01,run-02,pain,TPJ,277,cueL_stimL,-29.0954971313477,-15.1697330474854,-20.1972694396973,-10.1034259796143,-21.574769973754893,-12.531165122985804,-8.27065467834473,10.445352554321301,2.08513164520264,-1.40115785598755,9.22272777557373,-5.614191055297849,-8.18272590637207,-14.740150451660199,-12.2983818054199,-17.6466979980469,-11.1385650634766,-16.8736934661865,-20.0082855224609,-20.9194488525391,-15.3368282318115,-17.8864860534668,-12.3186254501343,-24.3451843261719,-31.0378036499023,-30.849971771240202,-15.726625442504899,-31.1188144683838,-4.3937349319458,1.35679364204407,-11.3221950531006,-9.30938816070557,6.70794534683228,14.4574594497681,14.9527320861816,24.244554519653306,4.27879476547241,6.734745025634768,6.4183349609375,7.560736179351809,29.6432266235352,17.5802421569824
54.0,sub-0126,ses-01,run-02,pain,TPJ,277,rating,7.246374607086179,2.3765535354614302,3.78070545196533,3.2549901008606,4.041523456573491,1.8660923242569,0.562729358673096,0.374433040618896,2.9299490451812704,2.80775141716003,-3.02994918823242,-0.45079231262207,-6.590106010437009,-2.44164991378784,-4.75151062011719,-6.32892608642578,-7.9194641113281214,-12.4071578979492,-6.685968399047849,3.93777942657471,-2.25024366378784,2.422524690628049,-7.85365629196167,-7.82258749008179,-6.80715370178223,-11.2278594970703,-9.09094142913818,-9.77072906494141,-9.53111362457275,-10.4210948944092,-1.27405714988708,-4.59447908401489,-2.78986883163452,-4.49870538711548,1.2030124664306598,-1.268630027771,-5.09914684295654,-8.51421165466309,-9.77278423309326,-10.9390964508057,-0.9130825996398928,-5.416155815124509
55.0,sub-0126,ses-01,run-02,pain,TPJ,277,cue,4.51476001739502,3.17539596557617,-0.988943099975586,-0.590644836425781,2.1207950115203897,0.90135669708252,-7.70572471618652,-7.05906438827515,-8.08638668060303,-6.36361598968506,-5.88496398925781,-0.927808165550232,-0.999628186225891,-3.01939702033997,-4.50498914718628,-0.7049937248229979,3.2254076004028303,1.02795314788818,3.01967859268188,1.5271492004394498,-5.0254392623901385,-7.46335792541504,-8.02275085449219,-7.27635955810547,-8.999311447143551,-5.38407897949219,-4.593342304229741,-7.79414367675781,-5.971850395202639,-1.5318893194198602,-6.55336427688599,3.0621383190155,-6.02095651626587,-9.22875881195068,-8.3549337387085,-10.763923645019501,-6.84958696365356,-9.705972671508787,-9.70804691314697,-9.84446334838867,-2.89089727401733,-12.1372928619385
56.0,sub-0126,ses-01,run-02,pain,TPJ,278,cueH_stimH,9.30170822143555,-2.0605487823486297,2.89459228515625,6.70201969146729,6.813427925109861,1.8162454366684,1.86733675003052,-0.26265561580658,-8.114940643310549,7.7574028968811,0.0410141535103321,2.73100209236145,-3.5814759731292702,-2.0705361366272,-7.30018615722656,-6.789016246795652,-14.159912109375,-10.3344783782959,-3.43122410774231,-8.72274780273438,-17.582931518554698,-15.8657283782959,-1.6590752601623502,-7.594549655914309,3.76066780090332,20.764118194580103,28.4935512542725,26.6401042938232,41.341552734375,46.9715232849121,47.5673484802246,35.68906784057621,37.8611717224121,40.5175361633301,32.6617813110352,14.078125,11.2407550811768,24.4884719848633,27.709825515747102,12.614840507507301,12.5004787445068,12.0940294265747
57.0,sub-0126,ses-01,run-02,pain,TPJ,278,cueL_stimH,10.1290626525879,3.81272506713867,4.52624750137329,2.88163375854492,2.4461898803710898,15.7306385040283,4.76750755310059,14.4259471893311,3.962849617004391,1.96772146224976,-15.199520111084,-12.0967559814453,-11.031129837036099,-9.34199905395508,-18.0062980651855,-12.904014587402301,-3.5511164665222203,-13.7322940826416,-13.980884552002001,-18.885517120361303,-12.435018539428699,-5.604663372039791,-2.35084056854248,3.28506135940552,-8.05699062347412,-8.95919990539551,-3.45537281036377,-6.97456169128418,-3.97452163696289,0.149228632450104,13.6879138946533,1.43470144271851,12.934567451477099,13.6105403900146,2.88401746749878,11.418514251709,-1.71409606933594,-11.7057304382324,-7.783641815185549,-2.33600616455078,-0.5210041999816889,-8.66949844360352
58.0,sub-0126,ses-01,run-02,pain,TPJ,278,cueH_stimM,-7.68514537811279,-6.80890703201294,-7.54001235961914,-7.544867038726809,-5.713617324829099,-9.963319778442381,-2.7743687629699703,-4.24546098709106,-3.04742074012756,0.794535636901855,-8.89940357208252,-4.30152416229248,-9.494138717651367,-12.544322967529302,-5.20339488983154,1.57056021690369,4.250412940979,-9.62380409240723,-11.464995384216301,1.2094013690948502,-3.89493203163147,-11.731708526611301,-10.930438995361301,-4.64908266067505,-2.41043496131897,-5.97110414505005,3.01745247840881,-4.06241273880005,8.74575614929199,12.979519844055199,16.5770568847656,3.26482009887695,10.108744621276902,5.0081281661987305,-4.6322107315063485,-2.83301591873169,-3.54065370559692,-11.721771240234402,-5.24183654785156,-9.69907283782959,-1.20357608795166,3.23452281951904
59.0,sub-0126,ses-01,run-02,pain,TPJ,278,cueL_stimM,1.9559326171875,-3.57270383834839,0.296770870685577,3.18407535552979,2.99921274185181,0.6841440200805661,12.211912155151401,14.553112983703599,2.994059562683109,-6.30398082733154,-10.833607673645,-13.035463333129899,-11.4688634872437,-9.78409671783447,-8.80515384674072,-8.33778285980225,-19.886249542236303,-23.831237792968803,-23.221607208252,-4.37484931945801,-7.429193019866941,-8.32401180267334,-9.31672382354736,-2.7470684051513703,-11.733994483947802,-1.6036561727523797,-13.806947708129899,-3.22348403930664,-18.535715103149396,-12.3494701385498,-13.5553159713745,-17.8259296417236,-2.6610698699951203,6.3513884544372585,3.909726142883299,-0.977417469024658,-1.87173509597778,-9.73617362976074,-11.5570602416992,-11.838172912597699,0.524833679199219,-4.537254333496089
60.0,sub-0126,ses-01,run-02,pain,TPJ,278,cueH_stimL,3.1974334716796897,12.4787063598633,14.4923877716064,7.56318140029907,-8.15149879455566,-5.704657077789309,-11.795005798339801,-10.944115638732901,6.7630119323730495,2.5318067073822,5.41539430618286,7.873803615570071,1.09180164337158,-4.12203550338745,-5.13839197158813,-6.600878715515139,-5.74003124237061,-8.07000064849854,-18.0329608917236,-17.0078926086426,-15.4219493865967,-6.86632966995239,-16.7250480651855,-4.762567043304442,-8.12918758392334,-4.0157585144043,-8.95306301116943,10.520404815673801,28.673656463623,20.783763885498,13.2432527542114,2.30770611763,19.346050262451197,5.70345544815063,15.566269874572802,2.7285780906677206,-1.42712140083313,-4.48878288269043,2.485595703125,0.5969858169555661,5.41714954376221,-5.54119777679443
61.0,sub-0126,ses-01,run-02,pain,TPJ,278,cueL_stimL,-17.5398044586182,-24.351257324218803,-24.079162597656197,-17.1640224456787,-23.599849700927702,-22.6034145355225,-13.288691520690902,-7.76796913146973,-4.467755794525151,-16.280340194702102,-6.8750090599060085,-9.42953681945801,-16.3515872955322,-16.799566268920902,-26.3946342468262,-15.444190025329599,-24.289419174194304,-21.8544273376465,-11.2400798797607,-15.4127464294434,-18.9533634185791,-16.3114318847656,-9.35320281982422,-20.68430519104,-24.7978076934814,-29.9965038299561,-33.233615875244105,-25.523536682128896,-21.4214782714844,-25.682508468627898,-17.192741394043,-10.241493225097699,-3.90928530693054,7.1050324440002415,-4.98766136169434,6.46787309646606,0.9317669868469242,5.23405075073242,-1.7625732421875,-9.15727615356445,-3.18040180206299,0.434629440307617
62.0,sub-0126,ses-01,run-02,pain,TPJ,278,rating,7.92412662506104,10.3101320266724,14.402724266052198,16.481424331665,18.7111873626709,19.4901008605957,19.6147346496582,17.897874832153303,12.7122745513916,11.928993225097699,10.309149742126499,6.312481880187991,4.14291143417358,3.307412624359129,1.10995483398438,5.30963897705078,3.720383644104,2.89330387115479,2.2651333808898904,5.32113933563232,0.926498889923096,1.98499870300293,1.93822717666626,0.102314114570618,-3.46392464637756,-5.51404142379761,-3.5760669708252,-5.72676801681519,-3.1506366729736297,-3.41047143936157,-0.733926713466644,-3.37250757217407,-0.675823211669922,-1.1428107023239098,5.06894588470459,5.18914794921875,2.69530725479126,-1.94413018226624,-2.17273616790771,-0.0509164333343506,1.55938911437988,-3.3661174774169904
63.0,sub-0126,ses-01,run-02,pain,TPJ,278,cue,2.72069597244263,6.17767333984375,0.214187622070312,-0.48466968536377,-5.42515087127686,-7.00553226470947,-16.6824741363525,-19.026575088501,-11.5370206832886,-17.6988582611084,-12.8918304443359,-12.032702445983901,-7.123364448547361,-5.24177932739258,-5.83243131637573,-1.82913875579834,-3.02267837524414,-2.14987373352051,-6.1404123306274405,-8.23565196990967,-7.493614673614499,-11.4205856323242,-13.972764968872099,-7.185001373291018,-12.2390308380127,-7.06528759002686,-2.08688116073608,-3.315249443054201,-3.77301263809204,-0.932723999023438,-1.85258173942566,-0.24190133810043304,0.608477234840393,0.9061015844345088,5.41984367370605,2.8689794540405296,0.7813249826431271,-0.847097635269165,-1.16793942451477,1.27146828174591,1.34609806537628,-0.668244004249573
64.0,sub-0126,ses-01,run-02,pain,TPJ,279,cueH_stimH,-3.67474746704102,-8.33545970916748,4.4182853698730495,6.05519104003906,0.4220800399780271,-26.737257003784197,-30.3979415893555,-14.0976400375366,-29.0712356567383,-16.6851367950439,-4.91993761062622,6.93349885940552,6.1556396484375,8.88367176055908,-4.028010845184331,-0.824716091156006,-5.460608959198001,8.69841480255127,5.81947374343872,-11.867943763732901,-19.8321266174316,-23.809434890747102,-30.1321907043457,-19.831462860107397,-9.80704212188721,6.83551263809204,36.1361656188965,30.5465621948242,27.734188079834,31.952562332153306,31.122972488403306,19.331617355346697,31.8872509002686,42.9614372253418,20.3964538574219,21.8125648498535,1.61218357086182,26.2148494720459,23.576702117919893,13.204349517822301,7.4637541770935085,11.1982765197754
65.0,sub-0126,ses-01,run-02,pain,TPJ,279,cueL_stimH,-3.48634719848633,3.74685287475586,-17.4103679656982,14.9208564758301,19.3595294952393,24.8313045501709,16.6113014221191,26.0773658752441,11.4020414352417,7.047855377197268,1.00385403633118,-0.124823570251465,-2.12120532989502,-8.29165554046631,-8.26833915710449,-9.79980087280273,-3.75357627868652,-8.92137145996094,-19.178762435913104,-20.106998443603498,-36.340030670166,-14.5976219177246,-23.6553554534912,-15.3651638031006,-7.759778499603269,-14.4409399032593,-1.77320396900177,-6.3646936416626,-4.7214627265930185,14.9860010147095,23.495910644531197,19.2995853424072,7.877343654632571,22.107431411743196,13.6445093154907,18.503070831298803,1.28317642211914,-2.5672607421875,-6.15073394775391,-0.516448974609375,0.61391806602478,-9.14543151855469
66.0,sub-0126,ses-01,run-02,pain,TPJ,279,cueH_stimM,8.14005088806152,4.1410641670227095,13.659435272216802,18.3645839691162,12.689990997314501,5.46428632736206,-0.17570495605468806,2.21829915046692,-9.21738433837891,-19.5844688415527,-14.0150928497314,-15.1974754333496,-18.1508541107178,-13.6815338134766,-19.775203704834002,-6.33620023727417,-13.4762516021729,-14.907928466796902,-9.63421726226807,-13.3405141830444,-28.972120285034197,-24.5282764434814,-19.7416839599609,-3.25215840339661,-16.151714324951197,0.7281922101974491,0.522381663322449,-12.3409261703491,10.2624950408936,-1.0973693132400502,20.974866867065398,8.731739044189451,29.352981567382802,33.4953231811523,27.754243850707997,24.051471710205107,8.57147693634033,17.931838989257802,14.489422798156701,11.7965145111084,9.829774856567381,14.0075511932373
67.0,sub-0126,ses-01,run-02,pain,TPJ,279,cueL_stimM,4.30533313751221,-14.982398986816401,-4.05195713043213,-3.88857865333557,11.3846893310547,-4.40341091156006,12.252096176147498,11.362447738647498,8.38164806365967,3.24395704269409,6.87969303131104,5.42500495910645,14.599971771240199,13.3235559463501,14.1923828125,3.2550187110900897,-8.35713577270508,-24.0078239440918,-24.3204689025879,-10.2295446395874,-28.0308856964111,-10.587730407714801,-14.790647506713901,-2.06243991851807,-12.7604761123657,-3.41152477264404,-20.137653350830103,10.0164546966553,1.9005434513092,2.62731051445007,5.29257392883301,15.7974634170532,19.9945220947266,33.603084564209,12.8697147369385,4.8354592323303205,16.4253311157227,-1.56848526000977,-1.73262023925781,-0.215103149414062,-3.09884643554688,-1.25022506713867
68.0,sub-0126,ses-01,run-02,pain,TPJ,279,cueH_stimL,-16.9679107666016,-14.863029479980499,-12.9727239608765,-12.567498207092301,-20.181932449340803,-18.5000495910645,-20.4586486816406,-15.711212158203098,-0.6896919012069699,-14.918214797973599,1.02226078510284,-13.2510986328125,-1.57219111919403,-2.55758714675903,-17.8207950592041,-7.04405736923218,-9.46633052825928,-5.14165878295898,-21.0910797119141,-30.349857330322298,-34.2655830383301,-22.1222972869873,-19.4649639129639,-26.024110794067397,-22.2434921264648,-17.597730636596697,-16.4700965881348,-9.73964023590088,3.965496778488161,8.912519454956051,0.554608225822449,9.06026744842529,16.0563945770264,28.4727725982666,12.838714599609402,15.984595298767099,-4.723814964294429,-9.98850059509277,-3.2002539634704603,14.689098358154302,5.324952125549321,-7.2850646972656214
69.0,sub-0126,ses-01,run-02,pain,TPJ,279,cueL_stimL,-7.968335628509519,-1.81443679332733,-12.4869384765625,-5.37999057769775,-8.737133026123049,12.615825653076199,1.70399951934814,4.5701785087585405,9.16250133514404,-7.98595905303955,13.126959800720199,9.3583402633667,1.03831171989441,0.8503210544586178,-12.6900482177734,-1.18881320953369,-13.2553234100342,-0.408959865570068,-7.589440822601321,-1.18454909324646,2.58021306991577,-4.852997779846191,-7.78669834136963,-14.3622989654541,-18.8671188354492,-16.0405693054199,-16.7089805603027,-7.50904417037964,-2.9843635559082,1.7776782512664802,-2.4788599014282204,11.968639373779302,10.9979991912842,26.7995414733887,16.2500286102295,32.425018310546896,13.8664197921753,21.2470436096191,-7.1942138671875,-2.6396634578704803,-16.1044540405273,-6.276782035827639
70.0,sub-0126,ses-01,run-02,pain,TPJ,279,rating,8.48305511474609,4.18720197677612,6.609789848327639,8.46003150939941,4.55576229095459,4.031466007232671,-0.537079095840454,6.71066951751709,9.06380081176758,16.458936691284197,26.7699756622314,31.4734840393066,30.1876564025879,30.7942676544189,27.7378005981445,20.6517028808594,15.278566360473599,7.8672513961792,-0.109706878662109,1.54143953323364,-7.94445466995239,-7.4382839202880895,-11.3200588226318,-12.0547285079956,-7.45137596130371,-11.925556182861301,-7.49692296981812,-6.3191843032836905,-4.94134330749512,-10.5706348419189,-8.97234344482422,-12.245703697204599,-8.26234722137451,-14.3159761428833,-6.2889909744262695,-2.29080677032471,-4.3468542098999,-1.95120847225189,-3.20245814323425,-4.7998967170715305,-3.59000301361084,-5.51627635955811
71.0,sub-0126,ses-01,run-02,pain,TPJ,279,cue,4.4452600479125985,9.37279891967773,3.92067527770996,3.22488832473755,-2.15341401100159,-1.17619395256042,-8.91158676147461,-9.169233322143553,0.58389014005661,1.4896919727325402,15.2207546234131,7.052411079406741,7.341014862060549,7.38478565216064,2.5456316471099902,8.703685760498049,2.6857705116272004,-1.11992359161377,8.46392440795898,-1.57190227508545,7.321740627288821,2.42138671875,-2.48233985900879,7.819495677948001,4.68555641174316,4.29706764221191,4.87076854705811,2.12646317481995,-3.5848512649536097,-1.35313200950623,-14.377131462097196,-9.7459831237793,-12.4763402938843,-12.993753433227502,-7.94073247909546,-17.2754726409912,-11.951647758483901,-5.81070518493652,-2.1629014015197803,1.56118226051331,2.1500358581543,5.53794765472412
72.0,sub-0126,ses-01,run-02,pain,TPJ,280,cueH_stimH,-16.7590637207031,-21.1196193695068,-14.2188987731934,-13.6653900146484,-3.63594102859497,-24.8370342254639,-27.7668266296387,-22.3785781860352,-14.7918376922607,-9.33085632324219,-0.6407352685928339,8.32842350006104,12.7416639328003,-1.66563034057617,-4.97677135467529,-0.259732186794281,3.7811317443847696,12.2562618255615,14.570125579834,9.45055389404297,-5.83399200439453,-7.93754005432129,-3.56057786941528,-4.9754114151000985,2.60399389266968,12.175580024719201,11.2299356460571,21.9430465698242,27.2575798034668,23.978822708129893,26.3492965698242,24.360652923584,23.701786041259798,32.8460502624512,20.8195915222168,2.55491185188293,-2.07629370689392,12.0063638687134,16.934442520141598,26.4009666442871,4.4077062606811515,7.4465470314025906
73.0,sub-0126,ses-01,run-02,pain,TPJ,280,cueL_stimH,21.2058925628662,20.1521015167236,21.4953556060791,20.2368545532227,20.2941055297852,34.6567153930664,27.1245059967041,39.8343505859375,42.782112121581996,39.69272994995121,14.354923248291,1.10287094116211,7.9529724121093786,0.0703309774398804,-5.15764904022217,4.647217750549321,3.2367627620697004,4.9024658203125,3.4794259071350098,-2.7028589248657204,-7.94602823257446,7.18578243255615,9.63127326965332,6.5389108657836905,-1.65670490264893,-17.261764526367198,-16.3895378112793,-14.908390045166,-15.324456214904801,-4.01227807998657,15.9465503692627,5.844670295715329,13.450052261352502,21.4674510955811,9.826555252075199,17.0589332580566,12.289421081542999,7.208576202392581,-0.977054595947266,-0.221393585205078,2.70766687393188,-5.24107551574707
74.0,sub-0126,ses-01,run-02,pain,TPJ,280,cueH_stimM,12.4910554885864,12.167283058166499,-3.01152467727661,2.52445268630981,-5.238078594207759,-7.852550983428959,5.41179895401001,7.0010700225830105,-4.2146291732788095,-7.31245231628418,-2.83965659141541,-10.8432350158691,-7.28543472290039,-7.01628541946411,-2.85892009735107,-4.25803279876709,-7.074458122253421,-3.4661097526550297,-7.8122224807739284,2.3754251003265403,-8.2124195098877,-17.4905071258545,-14.606222152710002,-11.334125518798801,-7.64100885391235,-5.22755575180054,-5.49904012680054,-3.40480327606201,-3.78822469711304,15.0072708129883,17.9668254852295,11.6615171432495,8.53501987457275,12.147697448730499,12.2883081436157,9.85339736938477,12.045370101928699,0.147998213768005,-12.093615531921401,-8.63090038299561,-12.576183319091802,5.283453464508058
75.0,sub-0126,ses-01,run-02,pain,TPJ,280,cueL_stimM,7.65145492553711,15.207462310791,-0.0986519455909729,8.54659748077393,3.33003616333008,1.3558866977691697,12.2356061935425,17.3127059936523,16.7927150726318,1.9582443237304696,-1.18440699577332,2.08263754844666,6.12913990020752,13.228278160095199,12.0946435928345,9.54284954071045,-0.6277899742126459,-13.8977365493774,-9.22008514404297,-1.87231826782227,3.55960965156555,3.3995330333709703,4.96151924133301,4.37454414367676,-12.031691551208501,-3.9942069053649902,-11.6499710083008,-6.52063131332397,-9.791013717651367,-2.69101238250732,-9.10399627685547,-9.3554630279541,7.36631965637207,43.765869140625,14.476846694946301,17.5613231658936,8.31160163879395,-6.17337894439697,-8.10469245910645,-5.9819221496582005,-1.2482948303222698,-0.456581115722656
76.0,sub-0126,ses-01,run-02,pain,TPJ,280,cueH_stimL,4.34866714477539,15.3066062927246,18.1655387878418,11.836412429809599,3.17601871490479,-6.61813879013062,-4.2427682876586905,3.75348830223083,18.1670417785645,31.3525657653809,28.764450073242198,29.916944503784197,28.2875804901123,15.8694591522217,15.3981246948242,16.2056560516357,13.8812894821167,6.310252189636231,-3.21161317825317,4.16071510314941,1.25940132141113,20.013746261596697,16.6527976989746,19.0515537261963,12.2173271179199,6.218965530395511,-3.1465740203857404,5.61535358428955,18.0621109008789,22.451391220092802,24.539400100707997,25.6227970123291,20.053653717040998,14.411151885986301,20.603099822998,18.3573532104492,9.96130657196045,-8.30252647399902,6.26965141296387,-5.43193817138672,-1.55111157894135,4.108961105346681
77.0,sub-0126,ses-01,run-02,pain,TPJ,280,cueL_stimL,-9.83462715148926,-10.5753479003906,-18.3730773925781,-14.6558303833008,-18.4675540924072,-2.39469051361084,4.45230913162231,8.33010673522949,12.7565240859985,3.2749981880188,-6.26127529144287,0.350781202316284,-7.0292501449585,-1.76564955711365,-12.2784080505371,-4.9786696434021,-6.402094841003421,-2.4217777252197297,-6.474688529968259,-7.72982311248779,-7.34423732757568,-1.7493724822998,-10.6108236312866,-25.6579284667969,-29.2011566162109,-28.600749969482397,-37.2929840087891,-30.959156036377,-29.3993434906006,-26.5773067474365,-11.9944257736206,0.0765203237533569,11.950565338134801,15.3406810760498,3.16364145278931,5.12994766235352,-4.41432189941406,-5.80390930175781,-7.916259765625,0.6978696584701539,3.5295801162719704,23.3991260528564
78.0,sub-0126,ses-01,run-02,pain,TPJ,280,rating,4.69403600692749,7.34730577468872,12.378632545471199,12.4843997955322,16.6267108917236,15.6619396209717,14.7932300567627,15.475548744201696,10.738241195678699,12.506744384765598,17.499002456665,14.0021324157715,11.9149532318115,11.9639568328857,8.94142150878906,11.9861602783203,8.89523983001709,2.06082248687744,-0.568251132965088,1.04282808303833,-6.02620983123779,-4.96320390701294,-7.99456262588501,-8.57135963439941,-10.5863542556763,-9.97294807434082,-7.368451118469241,-11.6415271759033,-9.44856643676758,-6.67020702362061,-7.70777416229248,-6.742557525634768,-9.8008918762207,-11.2758846282959,-6.74710988998413,-7.31757926940918,-5.75804805755615,-9.28925132751465,-7.12707662582397,-8.87427997589111,-5.12870216369629,-3.7949903011322
79.0,sub-0126,ses-01,run-02,pain,TPJ,280,cue,7.57131099700928,9.40388870239258,4.45400810241699,3.77187633514404,1.24385344982147,-4.61265754699707,-5.18018865585327,-10.9100437164307,-5.31404829025269,-4.29758262634277,2.0233516693115203,5.95969390869141,6.58138990402222,9.58613014221191,10.5249853134155,12.490815162658699,4.61107444763184,0.4009313583374021,2.3020367622375497,9.00626277923584,7.4510407447814915,2.05667972564697,-1.56907081604004,1.09917449951172,-0.765479803085327,-0.935908317565918,1.39596271514893,-0.696779489517212,-2.55286335945129,-9.02555084228516,-14.995729446411099,-15.585822105407699,-14.477052688598599,-12.983360290527301,-9.16466426849365,-11.8417091369629,-13.3960914611816,-9.07744598388672,-9.500326156616213,-7.94856691360474,0.7886729240417479,3.4567248821258505
80.0,sub-0126,ses-01,run-02,pain,TPJ,281,cueH_stimH,-15.963050842285199,4.67334461212158,6.795040130615232,29.3169593811035,5.903820991516111,-0.121494770050049,-14.6432628631592,-9.66568374633789,-23.1750183105469,5.67918968200684,15.965685844421401,25.8105583190918,7.31423282623291,10.71728515625,17.574728012085,-2.72813320159912,-0.9981345534324648,21.861108779907198,21.9414501190186,27.4970550537109,18.2272720336914,1.90163064002991,4.63208675384521,15.4613094329834,-1.91760051250458,22.093275070190398,17.0589904785156,40.4690742492676,41.2310066223145,49.4026069641113,26.1557102203369,30.7192192077637,16.347936630249,31.371889114379893,17.1551856994629,-5.47737884521484,0.21569798886776,4.59525537490845,35.7514991760254,8.87219142913818,23.160160064697298,19.1823101043701
81.0,sub-0126,ses-01,run-02,pain,TPJ,281,cueL_stimH,12.471961975097699,17.3137550354004,12.8160905838013,16.2527389526367,31.194503784179698,22.74631690979,3.52000999450684,19.684949874877894,29.686212539672894,18.699914932251,3.97901344299316,0.11585378646850597,5.66554594039917,-19.5014724731445,-7.37192296981812,5.602526187896731,18.5534763336182,-15.0959949493408,-7.82169008255005,-20.0828475952148,-24.9455375671387,-10.226572036743198,-1.5656197071075402,-3.92349481582642,3.46727705001831,-0.5442538261413571,13.477820396423304,1.85753059387207,10.5202960968018,18.8701076507568,41.25453567504879,27.124065399169893,44.5345611572266,26.4330883026123,25.466060638427702,5.850528717041018,21.8559036254883,14.268314361572301,18.2112655639648,9.79501342773438,12.728291511535597,12.771996498107901
82.0,sub-0126,ses-01,run-02,pain,TPJ,281,cueH_stimM,20.998971939086896,22.2204990386963,34.376594543456996,28.8154277801514,9.94620418548584,16.0916500091553,7.957940578460691,3.45347428321838,20.8233604431152,9.33065891265869,6.21844387054443,1.13272500038147,5.930547714233401,15.0899047851562,-10.9645462036133,-0.6106600761413571,6.0959773063659695,-1.76331901550293,8.04816436767578,13.524477005004899,4.48776721954346,-7.3530707359314,-0.34171319007873496,-6.1689887046814,11.936143875122099,13.089588165283198,1.87082386016846,6.57809925079346,-1.36319756507874,24.9139232635498,26.8682022094727,27.524473190307607,25.232116699218803,11.3824911117554,30.550495147705107,21.3662223815918,1.75097858905792,12.897944450378402,15.4365234375,1.56452989578247,-16.1545314788818,6.81585025787354
83.0,sub-0126,ses-01,run-02,pain,TPJ,281,cueL_stimM,7.29195594787598,2.33706116676331,-9.7495059967041,21.755939483642607,1.22850894927979,-10.488977432251,7.87914705276489,14.7823495864868,5.22591209411621,9.22230052947998,8.35404872894287,17.6572017669678,11.7023763656616,12.5942649841309,8.58646965026855,23.819278717041,-14.155175209045401,-19.8178634643555,-8.37103652954102,-33.2267723083496,-1.83050537109375,-2.61236190795898,16.5282096862793,0.932624578475952,-9.14526081085205,-5.85837745666504,2.04493594169617,9.2017068862915,20.740642547607397,3.70488238334656,17.108736038208,8.18810081481934,8.096615791320799,23.897777557373,19.973098754882802,18.542526245117198,11.505420684814501,-23.2912254333496,9.17047882080078,9.49688339233398,1.18254089355469,8.84281921386719
84.0,sub-0126,ses-01,run-02,pain,TPJ,281,cueH_stimL,-2.47186279296875,3.21162796020508,20.781665802002,18.9005031585693,-3.03756046295166,-7.55740547180176,-2.1793241500854497,-6.64056396484375,0.848630547523499,14.7045040130615,17.5620536804199,9.77699661254883,15.080848693847699,24.3354606628418,8.88525485992432,8.19183921813965,22.929729461669893,-0.20758855342865,-4.83746910095215,-0.004683494567871089,-5.59375095367432,-1.50162577629089,-12.4207925796509,-1.19488525390625,3.32074308395386,10.624521255493198,-1.60369110107422,10.3152437210083,24.327817916870107,21.886655807495107,7.50839710235596,48.2415542602539,23.698450088501,17.1126728057861,26.6163063049316,17.096551895141598,1.03643822669983,17.2157344818115,-1.79134631156921,10.8964529037476,27.6660346984863,19.0581150054932
85.0,sub-0126,ses-01,run-02,pain,TPJ,281,cueL_stimL,6.88560485839844,1.5237941741943402,-10.9648342132568,-2.00204062461853,-14.304847717285199,-3.87963080406189,17.060884475708,8.54931640625,0.294376850128174,0.16037082672119102,8.72499942779541,-15.5490055084229,10.4520721435547,-6.22579288482666,-2.2851719856262203,4.68381881713867,15.7024211883545,-4.45924472808838,22.5465526580811,-2.3989415168762203,-1.13281059265137,-13.743507385253901,1.73386204242706,-9.89537620544434,-3.1604034900665297,-12.594618797302198,-10.1107931137085,-29.6532173156738,-20.104295730590803,1.53654682636261,1.3119912147522,33.907012939453104,13.9025115966797,15.716121673584,14.031822204589801,11.9820289611816,17.8209381103516,-4.125144958496089,8.50439453125,-1.26863884925842,0.866235733032227,11.9066247940063
86.0,sub-0126,ses-01,run-02,pain,TPJ,281,rating,4.757904052734379,5.8205866813659695,2.16980886459351,8.70748615264893,9.54188537597656,15.142689704895,7.474055290222171,7.4475994110107395,9.2093448638916,8.85710048675537,14.3428955078125,16.7055740356445,9.39372634887695,14.719907760620101,8.58866882324219,10.016441345214801,12.1334495544434,11.5474510192871,7.372265815734861,10.6501216888428,9.5029239654541,9.698850631713867,6.71051025390625,1.72190690040588,2.07988739013672,5.48783302307129,8.42397499084473,9.34916305541992,-0.101573407649994,11.004523277282699,1.64258778095245,3.94358491897583,1.46924042701721,4.19838571548462,13.388422966003402,6.31053352355957,9.15712642669678,7.44240665435791,-0.784920454025269,-1.31859540939331,2.3218536376953103,-0.7386519908905029
87.0,sub-0126,ses-01,run-02,pain,TPJ,281,cue,0.7269186973571781,3.39876937866211,0.439132690429688,-7.678637504577639,-4.39764022827148,-12.560187339782699,-5.767681121826169,-5.04988574981689,-1.19028043746948,-9.51217746734619,-2.22957611083984,0.202163934707642,0.26930403709411604,-2.63183832168579,-2.30225396156311,-2.6556134223938,-9.06131839752197,-15.641788482666,2.9540386199951203,5.0218448638916,-3.36357688903809,-9.751261711120607,-11.655376434326199,-12.2873630523682,-6.93229150772095,-5.22341060638428,-8.1243371963501,-1.7425634860992398,3.17996788024902,-9.59207057952881,-16.972347259521502,-19.0190868377686,-19.1226863861084,-20.049884796142603,-11.091789245605499,-18.159309387207,-15.167925834655799,-14.941648483276401,-11.2859048843384,-16.3507614135742,-9.53517818450928,-8.76068115234375
88.0,sub-0126,ses-01,run-02,pain,TPJ,282,cueH_stimH,-5.08638381958008,-17.1436157226562,10.265403747558599,-2.9887676239013703,0.723834991455078,-15.401346206665002,-5.24628448486328,-36.2028656005859,-36.1722297668457,-8.09918689727783,-2.13147711753845,4.93027877807617,35.4936408996582,15.1075496673584,1.20291090011597,-9.67378044128418,-3.44379782676697,16.017257690429698,12.9917755126953,18.180189132690398,-12.1238393783569,2.6877231597900404,-2.58770108222961,-13.1526851654053,12.673229217529302,12.818682670593299,41.4023666381836,7.16284084320068,35.5517425537109,41.0812644958496,25.1880664825439,48.5188102722168,39.7946319580078,28.436096191406197,10.3062705993652,1.98690688610077,-15.7614030838013,14.4660043716431,7.881517887115481,21.575880050659197,-5.66231727600098,18.7810688018799
89.0,sub-0126,ses-01,run-02,pain,TPJ,282,cueL_stimH,28.750341415405305,29.3085536956787,2.2407422065734903,6.40843391418457,21.491828918457,23.168190002441396,29.172409057617198,36.4556541442871,39.2553558349609,36.9667205810547,17.256248474121097,2.6347200870513903,-9.80733680725098,2.6657905578613303,-1.19746160507202,22.7424583435059,2.17005157470703,37.2033195495605,0.35620379447936995,-4.8629660606384295,3.67535185813904,4.91692447662354,7.79156160354614,24.224182128906197,21.0206737518311,-19.4655532836914,-20.0218334197998,-8.071591377258299,-19.047931671142603,9.23036003112793,25.80126953125,7.006720066070559,21.331262588501,16.520940780639602,6.523193359375,19.175001144409197,10.9006080627441,7.57765197753906,-6.8749504089355495,20.145839691162106,14.7216024398804,12.566652297973599
90.0,sub-0126,ses-01,run-02,pain,TPJ,282,cueH_stimM,24.138893127441396,19.5205154418945,25.9527568817139,-3.18061542510986,3.05323123931885,-19.031530380249,-13.9054393768311,-6.4362530708313,-7.210270881652829,-0.412004947662354,12.601965904235804,-9.39332580566406,2.35006189346313,13.3458642959595,9.55118656158447,25.041795730590806,13.429924011230499,10.3149309158325,4.3360738754272505,13.078243255615199,6.23380947113037,-2.51558065414429,-8.89327144622803,7.04533290863037,1.5018755197525,18.557664871215803,2.67616128921509,7.6368899345397905,-11.478964805603,10.336838722229,7.4586968421936,-0.22123309969902,22.0918369293213,-0.9786878824234008,23.3474960327148,10.644646644592301,-3.26388025283813,7.64035797119141,3.37192130088806,-11.821840286254899,-13.936031341552699,16.72265625
91.0,sub-0126,ses-01,run-02,pain,TPJ,282,cueL_stimM,3.96686172485352,14.0108547210693,-7.7822737693786594,38.4536933898926,-0.757055759429932,-7.72058439254761,11.360957145690902,20.435338973999,21.6830883026123,22.1706237792969,0.640398383140564,4.94434881210327,-8.12285900115967,8.033740043640138,19.7440719604492,-3.3985881805419904,21.248111724853498,-34.5620346069336,-6.28819751739502,5.76550960540771,14.5179958343506,1.07844686508179,20.6392517089844,15.246776580810499,10.091841697692901,-8.43233203887939,6.564580917358401,-2.3663990497589102,-8.039890289306639,14.4076089859009,-24.0935554504395,-8.45158386230469,-9.53673076629639,35.6751480102539,-2.07063055038452,6.69734716415405,-2.5595707893371604,-5.949909210205081,6.615886688232419,4.81547546386719,13.511005401611301,33.685520172119105
92.0,sub-0126,ses-01,run-02,pain,TPJ,282,cueH_stimL,6.711322784423831,-2.5047149658203103,21.466884613037106,-15.407594680786099,-2.66693496704102,-23.9234828948975,-39.8332672119141,-5.15960645675659,0.4349139928817751,10.3554248809814,30.470018386840806,-5.9334855079650906,25.535327911377,-6.524731636047361,0.40983247756958,2.30288028717041,28.817811965942397,7.35499620437622,-1.0289945602417,13.127185821533198,5.4326057434082005,2.89722299575806,12.1940498352051,-0.643994331359863,16.356746673584002,-11.339344024658198,4.8367452621460005,-0.0697665214538574,30.5556831359863,21.368944168090803,10.7253274917603,34.303703308105504,15.657957077026401,1.53889644145966,30.0187587738037,19.0258483886719,-3.7367148399353,20.8178787231445,12.2609539031982,15.176755905151401,-10.2329959869385,5.848462104797361
93.0,sub-0126,ses-01,run-02,pain,TPJ,282,cueL_stimL,-5.88441705703735,-6.83292722702026,-9.20675373077393,-14.532413482666,-31.6134757995605,-3.31225943565369,-0.0457441806793213,24.005802154541,17.3883781433105,-14.7230834960938,-12.5933122634888,-11.193669319152804,-4.30759334564209,-6.01920413970947,5.2733793258667,5.612604141235349,-7.79102230072021,9.72064304351807,-14.233367919921902,27.7004566192627,-8.64206504821777,10.5098571777344,-25.039722442627,0.9696190357208248,-19.3508930206299,0.11115625500679,-28.851224899292003,-23.5336513519287,-36.1305046081543,-6.3957085609436,0.19933295249939,-12.9472007751465,11.003037452697802,16.3291816711426,28.9446868896484,1.01781368255615,15.393369674682601,-0.128742218017578,-7.144287109375,-19.7818908691406,-13.3428001403809,15.829863548278801
94.0,sub-0126,ses-01,run-02,pain,TPJ,282,rating,5.57693815231323,6.40885591506958,13.0197696685791,18.1983890533447,22.0017395019531,16.0823574066162,13.5080814361572,9.12072658538818,7.9157280921936,5.40906429290771,6.82418251037598,-0.21927309036254894,-1.8779296875,-3.94951438903809,-2.5376434326171897,0.109222412109375,7.17674446105957,7.400738716125491,-2.03785181045532,11.253520965576199,-6.9187316894531214,-6.649987697601321,-8.62993717193604,-7.15047168731689,-12.488636016845698,-1.4633073806762702,-9.711934089660641,-4.6790771484375,-3.08563566207886,1.03224945068359,-4.58387565612793,-4.736277103424071,-12.401757240295401,0.0659615993499756,-0.705654144287109,-2.34242725372314,2.2803525924682595,-0.732089638710022,-5.89166927337646,-4.0182933807373,-1.57051944732666,7.0049715042114284
95.0,sub-0126,ses-01,run-02,pain,TPJ,282,cue,8.424807548522951,-6.7631340026855495,14.3101367950439,-1.59732341766357,-7.758348941802981,-6.73441028594971,-17.4608154296875,-12.5234889984131,-10.810262680053699,-19.3697242736816,-17.0361194610596,-12.811155319213901,-10.4180269241333,-12.5595350265503,-4.52895450592041,-3.85943865776062,-1.81192779541016,-1.87479496002197,0.476747989654541,7.56486511230469,4.9981832504272505,-11.8683929443359,1.02236366271973,6.3847990036010716,-6.1958303451538095,-6.98232173919678,10.3130044937134,17.356277465820302,7.2365427017211905,8.629490852355959,-8.99472141265869,-13.0358552932739,-12.324806213378901,-2.81021094322205,-2.9369637966156,12.644976615905799,-7.0510587692260716,2.41643571853638,1.98066556453705,-8.7491626739502,-1.6822397708892802,8.313720703125
96.0,sub-0126,ses-01,run-03,cognitive,TPJ,277,cueH_stimH,16.9427528381348,8.69728946685791,2.49408102035522,11.5045585632324,-3.04534149169922,-2.57617449760437,-7.75063514709473,12.7796211242676,6.287899017333982,-16.1887111663818,-4.93269920349121,-13.5499725341797,-10.0734272003174,-13.720332145690902,2.55734205245972,5.950738906860349,4.16975927352905,2.55414652824402,3.35902643203735,1.84175992012024,3.63353085517883,-3.29592227935791,5.2383537292480495,-0.882062435150146,3.86205196380615,2.03971481323242,15.842681884765598,17.1887035369873,4.96831512451172,-2.7517070770263703,3.04850387573242,4.23960876464844,6.865192413330081,11.190574645996099,6.22191619873047,16.299392700195302,-6.08736228942871,0.9230928421020508,1.3999404907226598,-1.99719047546387,-5.415338039398191,-9.10166168212891
97.0,sub-0126,ses-01,run-03,cognitive,TPJ,277,cueL_stimH,-1.98569536209106,4.91990661621094,3.468424797058109,-6.54311895370483,-7.97410583496094,-14.678532600402804,-6.023940563201902,-19.4325389862061,-16.625617980957,10.048112869262699,7.05001354217529,-11.4713354110718,-1.0336630344390898,-2.4824664592742898,-4.21956157684326,-8.666164398193361,8.957174301147461,1.2175350189209,-7.176141738891599,-2.22162556648254,1.30682182312012,-11.984362602233901,4.49088001251221,3.63229084014893,-12.000181198120101,-10.6119861602783,2.4918794631958,1.7362995147705098,4.1062183380127,5.63193511962891,7.42362022399902,4.86352729797363,-9.06327056884766,2.8320541381835898,-6.54328155517578,10.9902439117432,-10.836343765258801,2.6405258178710898,0.2822294235229489,-1.72853541374207,-4.33544921875,-2.02252984046936
98.0,sub-0126,ses-01,run-03,cognitive,TPJ,277,cueH_stimM,7.4175271987915,-8.06944465637207,-15.350851058960002,-8.00465393066406,2.6386194229126,-9.67299175262451,3.3300223350524902,-17.6020450592041,-8.61501407623291,-11.778524398803699,-25.4495487213135,-14.275514602661099,0.651508808135986,-10.937481880188,-5.005104064941411,5.10533761978149,-6.82817077636719,-2.02198123931885,6.635785102844241,-1.5122003555297898,-5.11649799346924,-12.785219192504899,-7.1887788772583,-1.81012105941772,-6.14051628112793,-5.3222770690918,-5.9518146514892605,9.19490814208984,-6.401117324829099,-3.0682945251464804,-10.0446033477783,-0.601737976074219,10.4394683837891,-8.22385406494141,8.79008197784424,0.427182197570801,-2.6743927001953103,16.0954418182373,-4.22774887084961,2.51237273216248,-1.5099780559539802,-15.1548137664795
99.0,sub-0126,ses-01,run-03,cognitive,TPJ,277,cueL_stimM,-1.34004211425781,-7.96467924118042,1.7617175579071,-6.03278923034668,-9.8859395980835,2.1807215213775604,-1.50389766693115,-13.829096794128402,-9.56984806060791,-14.562068939209,-0.0359847545623779,2.73044276237488,-5.18738269805908,-11.414093017578098,0.976336479187012,-11.1974782943726,-10.7025909423828,3.43605184555054,-0.000183040276169777,-0.8288784027099609,0.576076507568359,4.55248737335205,-5.40087127685547,2.3095309734344505,-3.41446185112,11.068377494812,15.4845848083496,6.69669008255005,6.1043186187744105,4.76663494110107,16.365797042846697,11.9892234802246,6.17757415771484,9.42894554138184,14.303516387939501,7.908926010131839,0.39234161376953103,-9.07811737060547,15.2897434234619,20.7829971313477,6.8900146484375,-8.09485244750977
100.0,sub-0126,ses-01,run-03,cognitive,TPJ,277,cueH_stimL,7.84299278259277,-6.38447570800781,-3.25588274002075,-6.96737289428711,5.3837194442749,10.889078140258801,4.85730123519897,2.3752305507659903,-0.355012774467468,-0.568075656890869,-6.86812400817871,2.52447509765625,0.32886314392089805,-1.97776818275452,-7.23235082626343,4.550019264221191,11.1353235244751,17.6138305664062,4.553956031799321,5.588083267211911,0.977652788162231,1.1834020614624,-2.6808691024780296,-8.51941394805908,10.5057373046875,2.36557006835938,-2.0588397979736297,14.8467664718628,0.9689731597900392,18.7406120300293,3.1724715232849103,2.68003845214844,12.956392288208,12.529544830322301,4.60278701782227,6.611310005187991,0.0704517364501953,-12.7965536117554,-1.93629837036133,13.0002794265747,-6.790035247802732,-5.58701324462891
101.0,sub-0126,ses-01,run-03,cognitive,TPJ,277,cueL_stimL,4.22986221313477,-1.03087520599365,9.46900844573975,-13.286025047302198,-13.6417837142944,-8.98395919799805,-17.4528980255127,-10.7773342132568,-7.33630561828613,-4.771539211273192,2.13545513153076,-6.75906848907471,-8.06554222106934,-13.86949634552,-9.14138984680176,-9.90573692321777,-4.12228345870972,-2.23001432418823,-6.77309322357178,9.318277359008787,-2.46623277664185,1.21731114387512,-18.2907466888428,5.621136665344241,-13.7170305252075,-19.1633243560791,11.725457191467301,10.9496755599976,8.58956909179688,-6.06325531005859,15.2498455047607,19.4167709350586,2.95657539367676,14.4406414031982,-6.4256877899169895,-2.7082061767578103,-11.736461639404302,-16.7690505981445,-9.71583938598633,-14.2700653076172,-9.5177001953125,-7.7273244857788095
102.0,sub-0126,ses-01,run-03,cognitive,TPJ,277,rating,-0.237100124359131,-3.39117431640625,-1.52045917510986,-0.97245979309082,-0.8610610961914059,-1.9132194519043,1.9894962310791,0.267490386962891,7.77750396728516,3.8243293762207,2.84268188476562,8.75131225585938,10.551017761230499,1.49139308929443,6.5137023925781214,3.53452968597412,-1.26668167114258,6.86104154586792,2.89571857452393,-0.8915593028068539,-0.24608659744262695,-0.508812189102173,0.6136531829833979,-0.40387099981308,-6.32307434082031,-5.3486452102661115,4.06466197967529,2.42285823822021,-1.44269371032715,3.7365665435791,0.8592928647995,0.570120811462402,-0.139065533876419,2.30854654312134,-3.8524990081787096,-1.76846742630005,3.9207968711853,1.85759592056274,4.41661548614502,2.7521755695343,4.03831195831299,2.00854992866516
103.0,sub-0126,ses-01,run-03,cognitive,TPJ,277,cue,0.159708023071289,0.541925668716431,-0.572128295898438,0.982093811035156,0.0420399159193039,7.920641899108889,5.14303779602051,6.13692665100098,2.9447021484375,2.75983428955078,4.22755432128906,2.56425666809082,5.21006965637207,5.683477401733401,0.0675048828125,-9.54405212402344,2.75074195861816,1.7947769165039098,-10.689323425292999,-8.52764415740967,-1.17428207397461,-6.663837432861331,-0.55144739151001,-1.2785129547119098,-3.48504424095154,-0.351107716560364,-0.426426649093628,1.4981297254562398,5.18918371200562,2.18259048461914,7.510839939117429,10.748617172241199,6.3520822525024405,-0.350367069244385,-1.38202965259552,1.14530086517334,-2.49518966674805,-5.56710386276245,-6.6345310211181605,0.8037014007568359,1.7985720634460405,3.88013958930969
104.0,sub-0126,ses-01,run-03,cognitive,TPJ,278,cueH_stimH,3.631405830383299,2.24314308166504,-7.27667045593262,3.3051538467407204,4.7333645820617685,4.23531627655029,-6.155810356140139,-3.8678221702575697,0.9193692207336428,-6.54396057128906,-1.01478755474091,-6.1903591156005895,-10.2034873962402,-15.958160400390598,-7.61886167526245,-5.250402450561519,3.0070238113403303,9.33581256866455,-4.25472593307495,-6.0713472366333,-1.68008947372437,6.900850296020511,1.6430237293243402,5.56328010559082,13.0773668289185,11.1013011932373,3.76613903045654,11.886026382446301,7.1064624786377,3.16812133789062,7.4896945953369105,-1.47422409057617,2.96895980834961,-5.24610900878906,2.27521896362305,-2.83090209960938,-6.93202781677246,-0.132240295410156,-5.9079284667968786,-9.32849884033203,-12.921266555786099,-10.2516002655029
105.0,sub-0126,ses-01,run-03,cognitive,TPJ,278,cueL_stimH,1.61376142501831,3.1383280754089395,1.0876795053482098,0.395154237747192,-3.93074989318848,-3.70963501930237,1.45821642875671,-0.8027935028076171,0.260436952114105,3.74412202835083,-1.2669563293457,-13.354234695434599,-10.236929893493699,-12.250301361084,-0.255584955215454,-5.89868927001953,-0.014744758605956997,-3.24173498153687,-13.323726654052699,-2.54167246818542,2.52256631851196,1.3299767971038798,1.5037693977356,1.81014490127563,7.716881275176999,0.782328605651855,-4.33813953399658,-3.3575458526611297,2.54041862487793,2.99321746826172,3.3363018035888703,2.35723114013672,-6.13337516784668,-1.6704940795898402,3.3036708831787096,-1.57890129089355,2.6492500305175803,-6.40929412841797,2.3567476272583,-8.98083209991455,-13.3877639770508,-7.9838533401489284
106.0,sub-0126,ses-01,run-03,cognitive,TPJ,278,cueH_stimM,3.06847310066223,-1.81678080558777,-4.381647109985351,-4.13454914093018,-5.47328901290894,1.61285829544067,-7.835844039916989,-4.4107179641723615,-2.9880139827728303,-10.581504821777301,-16.9440383911133,-7.13906288146973,-14.482574462890598,-6.28807163238525,-12.127391815185499,-12.056035041809098,-6.02039909362793,-5.021900177001951,-2.4864275455474902,-3.0432519912719704,-13.0286121368408,-6.95349550247192,-4.01139545440674,3.7881851196289102,-5.86166286468506,4.24536514282227,5.770188331604,0.7028045654296879,0.2564334869384769,4.6514778137207005,5.219482421875,7.91715049743652,20.7099227905273,12.415008544921902,13.4312915802002,-5.5229816436767605,0.602299690246582,-1.5050032138824498,-8.43760681152344,-10.3209590911865,-11.8121328353882,-14.335075378417999
107.0,sub-0126,ses-01,run-03,cognitive,TPJ,278,cueL_stimM,1.03917503356934,-1.2428102493286102,-6.50212955474854,-9.899881362915039,5.60349893569946,-4.11251354217529,2.31188201904297,-3.34755277633667,-3.92770862579346,-3.8395760059356703,-4.7174072265625,-2.6468868255615203,-7.47950839996338,3.33553695678711,-5.57186126708984,-6.52323246002197,-1.8726289272308303,3.0704448223114,8.43257617950439,6.86067199707031,2.06231355667114,4.47236490249634,5.35552453994751,3.4520320892334,4.5497555732727095,5.189269065856929,6.8401980400085405,5.57211542129517,9.91550445556641,-0.670379638671875,9.39604568481445,5.2770090103149405,9.73029899597168,0.7473850250244141,0.922931671142578,-2.17239379882812,-1.9149112701416,6.63228607177734,9.23781204223633,9.088380813598633,10.300537109375,2.0719242095947297
108.0,sub-0126,ses-01,run-03,cognitive,TPJ,278,cueH_stimL,-7.81287384033203,-9.3415470123291,-8.437437057495119,-7.09015989303589,-1.6621198654174798,-6.83345699310303,3.03333592414856,10.213875770568801,4.07259893417358,-1.5629506111145,4.80738401412964,0.8815567493438721,1.79327297210693,9.079977035522461,7.2212800979614284,1.7572193145752,5.07888650894165,14.9013156890869,7.31094789505005,2.17349290847778,1.6830657720565805,3.28748989105225,8.05018997192383,2.7619686126709,3.99238920211792,1.68975257873535,3.0036773681640603,1.10968685150146,3.34444618225098,10.5128898620605,11.6553859710693,7.59265899658203,18.351093292236303,10.7564868927002,10.1117820739746,-6.20371055603027,0.14569377899169902,-7.48262023925781,-4.81150245666504,2.7400913238525404,-6.904953956604,12.2247772216797
109.0,sub-0126,ses-01,run-03,cognitive,TPJ,278,cueL_stimL,-4.4967765808105495,-4.09551858901978,-5.880934715271,-4.31424903869629,0.862838625907898,8.27647304534912,6.1234040260314915,-13.1448879241943,4.92956733703613,-12.653358459472699,-7.22482538223267,-15.1629323959351,-6.21748828887939,-13.3974924087524,-10.066091537475598,-7.31681251525879,-6.57396459579468,-5.7957015037536594,-2.33653259277344,5.4360671043396,-1.225546002388,-2.06305313110352,-1.25797700881958,-6.77463626861572,0.9528435468673708,-1.33944821357727,1.30732870101929,8.39742374420166,2.1388092041015603,4.3416891098022505,7.87736415863037,4.19791984558105,6.53688621520996,19.125469207763697,18.0793361663818,16.7082366943359,6.69364166259766,6.13664436340332,-1.9734058380127,3.74168395996094,13.761925697326696,12.7693128585815
110.0,sub-0126,ses-01,run-03,cognitive,TPJ,278,rating,1.41765069961548,0.185641288757324,-1.8702201843261697,-2.80888080596924,-2.35432910919189,0.552440643310547,-0.441263198852539,5.03000068664551,1.65991973876953,5.10746383666992,5.03521156311035,7.33367919921875,1.99284553527832,-0.0429954528808594,5.55371856689453,5.6026930809021,6.59957647323608,8.05379486083984,4.8398098945617685,4.90684223175049,3.5114183425903303,0.670459270477295,2.1250553131103502,2.51380467414856,3.44629979133606,1.73830509185791,4.39775514602661,3.32748413085938,4.674498558044429,3.2830600738525404,4.909394264221191,4.06856393814087,3.25716733932495,4.763621330261231,6.02505111694336,3.00427341461182,2.16850423812866,-1.67433643341064,3.23117637634277,5.13601207733154,4.3194727897644,4.21967506408691
111.0,sub-0126,ses-01,run-03,cognitive,TPJ,278,cue,-0.249752044677734,-3.380412101745609,-1.54666757583618,-0.9014492034912108,0.379537642002106,4.53818607330322,3.08906245231628,3.7397847175598105,4.78881359100342,2.5832710266113303,6.70155429840088,-0.87175464630127,1.5253677368164098,-1.9476604461669904,-1.03982925415039,-2.54923248291016,-3.55922508239746,-4.91643905639648,-3.7696132659912096,-4.17844009399414,-2.1011714935302703,-6.70211029052734,-8.55750846862793,-10.774866104126,-5.33942222595215,-2.58475112915039,-0.920614361763,-0.474175810813904,-1.89503228664398,1.91902470588684,0.608405947685242,-1.38895845413208,-1.5140488147735602,-3.2548804283142103,-3.2194066047668497,-3.3781700134277304,0.219115018844604,-4.194306850433351,-3.79649972915649,-6.61334419250488,-1.2641716003418,0.893990278244019
112.0,sub-0126,ses-01,run-03,cognitive,TPJ,279,cueH_stimH,11.3237018585205,-19.1082649230957,-15.293927192688,-9.35881805419922,-4.10389804840088,-2.00129079818726,-3.25239539146423,7.06067228317261,1.95593738555908,9.952460289001461,8.31043815612793,27.310836791992198,16.4286994934082,15.612756729126,8.83698558807373,16.3759918212891,12.229677200317399,18.586471557617198,13.286770820617699,8.60868453979492,2.5689635276794403,-7.441905975341799,5.0774507522583,-1.07242679595947,-7.804828643798831,-10.5243816375732,0.458056449890137,-9.60540771484375,-21.1829719543457,-10.5596446990967,0.807201385498047,-8.71110534667969,-11.977428436279302,-10.801734924316401,-8.22721099853516,-2.1800994873046897,-2.2894878387451203,4.74662971496582,12.2435913085938,23.8051834106445,6.05880165100098,13.1870021820068
113.0,sub-0126,ses-01,run-03,cognitive,TPJ,279,cueL_stimH,-29.9737663269043,-2.06746768951416,8.7506799697876,11.5269136428833,8.84322929382324,10.897953033447301,8.17403411865234,4.73140001296997,19.2192115783691,25.0593605041504,15.2578907012939,2.94051361083984,8.10378456115723,5.52247619628906,-4.81508255004883,11.3670101165771,-3.02808332443237,16.055730819702102,-12.3443050384521,-5.34117269515991,-8.95557022094727,-8.37702941894531,-6.73831415176392,-6.3364520072937,6.0464448928833,-7.212571144104,8.71152782440186,-27.2092018127441,0.704334259033203,-4.11971473693848,-8.84097099304199,-3.5030555725097696,-8.229442596435549,0.0388641357421875,-18.854621887207,-23.944679260253896,-7.1367912292480495,-14.699634552002001,-15.67884349823,-1.5242129564285298,-11.7752342224121,-15.8489818572998
114.0,sub-0126,ses-01,run-03,cognitive,TPJ,279,cueH_stimM,-0.910717725753784,-19.8579196929932,7.14769172668457,-20.274959564209002,-8.75719261169434,-15.4821434020996,-17.0952281951904,-4.5977292060852095,-11.894664764404302,10.5338096618652,0.224502563476562,2.0745587348938,-7.8585319519042995,4.5669264793396,-3.5106568336486803,-6.05748510360718,14.754407882690401,-14.276741027832001,7.63847351074219,-9.64132404327393,-2.1768167018890403,-8.02346992492676,-15.618438720703098,-7.33246040344238,-18.4218158721924,-8.626430511474611,-16.0328216552734,-5.635555267333982,-9.567888259887699,-31.7365894317627,-5.69120788574219,14.531946182251,2.18164825439453,-9.89322280883789,1.16896820068359,-2.6761016845703103,-7.450543403625491,-2.26449918746948,-6.21968078613281,-4.94719934463501,-0.346377849578857,3.0629472732543905
115.0,sub-0126,ses-01,run-03,cognitive,TPJ,279,cueL_stimM,-6.275945663452151,-10.7616653442383,-27.760313034057607,-35.139892578125,-20.262765884399396,-21.4855308532715,9.97464752197266,-12.037513732910199,-9.89107990264893,-0.519707798957825,-3.19740581512451,-0.665369987487793,11.0111541748047,13.598280906677198,14.349738121032699,13.062938690185499,-2.92478346824646,-1.6500124931335405,-7.044207572937009,-5.3471155166625985,3.75190186500549,1.35020637512207,-7.4639143943786594,-4.92032241821289,-13.0525407791138,-9.27764129638672,-0.227022647857666,-12.997432708740199,-1.5124225616455098,-9.33249092102051,-5.875225067138669,-12.8894033432007,0.553730010986328,-1.73102188110352,-4.07519721984863,-13.1411743164062,-9.21947288513184,-16.0893630981445,-22.2021675109863,0.28509521484375,7.325927734375,4.45708274841309
116.0,sub-0126,ses-01,run-03,cognitive,TPJ,279,cueH_stimL,-2.79521751403809,8.790309906005861,-12.8293895721436,-6.30867052078247,-8.372190475463869,5.78041172027588,1.17025661468506,-1.98719036579132,9.03274536132812,6.344781398773191,13.5413484573364,22.5914249420166,32.531539916992195,16.7413158416748,9.86316204071045,29.2616405487061,21.936315536499,-5.82943677902222,13.6333017349243,7.00708866119385,10.6012306213379,-8.28075218200684,3.31771969795227,-11.601778984069801,-23.7412986755371,-10.973296165466301,-8.56793594360352,-12.0831642150879,-17.4864387512207,-17.2025279998779,-16.3148918151855,-14.7976760864258,4.7838239669799805,-10.433006286621099,23.495487213134798,3.2920994758606,12.016996383667,3.98399353027344,1.3859539031982402,-4.07669448852539,-14.3055067062378,8.09474563598633
117.0,sub-0126,ses-01,run-03,cognitive,TPJ,279,cueL_stimL,0.286087036132812,-6.946276664733889,-8.17109966278076,-6.25883674621582,-4.71898317337036,11.233448028564501,-0.19172239303588895,3.71809363365173,3.2750644683837904,0.441835999488831,-2.8755354881286603,-1.22260880470276,13.6444005966187,-7.54926633834839,-0.00837302207946777,10.728205680847198,-4.11602926254272,2.83517074584961,-9.92505931854248,-17.898456573486303,-1.62510538101196,-16.7471885681152,5.74707317352295,-3.15178537368774,-7.51192998886108,-25.7551116943359,-15.7085313796997,-4.35918569564819,-1.46605634689331,-14.1054086685181,-5.58444023132324,-4.75702476501465,-16.3292942047119,3.03695678710938,8.99106979370117,0.946689605712891,-4.96382522583008,-6.353496551513669,-8.57212257385254,2.77377319335938,-14.8780422210693,-5.3344554901123
118.0,sub-0126,ses-01,run-03,cognitive,TPJ,279,rating,-0.206851482391357,4.94965934753418,0.534237861633301,3.4491090774536097,-3.89076900482178,1.9582405090332,0.590375900268555,8.28691864013672,19.1079254150391,22.284889221191396,29.000234603881804,36.3572998046875,34.640754699706996,32.7781410217285,30.2485733032227,24.9943523406982,19.0407409667969,16.0966911315918,6.08807039260864,1.7387795448303205,-3.5931212902069105,-1.39060568809509,2.24683451652527,6.52432584762573,0.6568918228149411,3.196084499359129,3.7670240402221697,0.194575309753418,2.5812807083129905,-3.89943981170654,-0.468108385801315,-4.21389579772949,-3.07266306877136,-1.5697038173675502,-1.92731094360352,5.134257793426509,0.0828328132629395,3.34526443481445,-0.6788954734802249,3.523822069168089,4.70822525024414,1.61105632781982
119.0,sub-0126,ses-01,run-03,cognitive,TPJ,279,cue,4.86741256713867,0.911617517471313,-5.1099328994750985,3.0887508392334,-3.2294955253601096,2.7167954444885294,-3.5089707374572794,1.35107469558716,0.7999114990234379,-0.0260429382324219,5.9487400054931605,-3.753173828125,-2.4347038269043,-0.428243637084961,-6.65717315673828,-3.1077423095703103,-2.7058506011962904,-6.216915130615232,-9.31604385375977,-4.50033092498779,-2.14336776733398,1.27548789978027,-2.5651440620422403,2.21235609054565,-0.7308626174926759,-6.018428802490232,-7.3135237693786594,-14.6049470901489,-4.5902013778686515,-12.500361442565902,-10.3989210128784,-4.15068054199219,-10.9427309036255,-7.84118843078613,-9.739805221557619,-2.26491641998291,-0.9238848686218258,-5.64821910858154,-1.67978227138519,-7.09130096435547,-0.546653747558594,-6.79754400253296
120.0,sub-0126,ses-01,run-03,cognitive,TPJ,280,cueH_stimH,-10.741758346557601,-11.748032569885302,-6.37181854248047,-7.65042877197266,-16.4193382263184,-4.30150556564331,-21.058177947998,-9.704755783081053,2.36408567428589,4.19811296463013,10.1935529708862,7.43686008453369,3.2408747673034703,-0.970267653465271,5.00196027755737,8.428956985473631,16.2203807830811,12.095081329345698,-4.27198791503906,-13.421343803405799,-13.449425697326696,-13.363983154296902,-10.5813522338867,-6.57944774627686,-13.8492908477783,-18.1364974975586,-15.4484195709229,-14.5830783843994,-15.7380218505859,-4.11278343200684,-5.46733283996582,-9.260335922241213,-16.1378593444824,-17.4843139648438,-20.3249187469482,-17.7035903930664,-9.40833854675293,-4.6074323654174805,-21.2898044586182,-15.5039949417114,-21.3358211517334,-15.4928674697876
121.0,sub-0126,ses-01,run-03,cognitive,TPJ,280,cueL_stimH,-10.1586799621582,1.93707382678986,2.7779572010040297,6.03987169265747,7.18857622146606,0.696766972541809,9.14761638641357,20.6070766448975,20.2146377563477,18.670202255249,21.154333114624,7.525018692016599,8.30816650390625,7.81496000289917,18.584520339965803,6.71118354797363,16.443208694458,9.792318344116213,-15.631205558776903,-10.845383644103999,-4.55364513397217,-0.94327449798584,-2.825278759002689,2.7745914459228502,1.83946228027344,-13.093116760253901,-14.294282913208,-14.807615280151401,-5.63051986694336,-4.57928085327148,-4.00893974304199,-8.53803253173828,-26.247917175293,-17.256202697753903,-9.10712623596191,-6.06144714355469,-9.63308715820312,-10.4070701599121,-15.884657859802198,-18.3142585754395,-11.6069812774658,-7.91234588623047
122.0,sub-0126,ses-01,run-03,cognitive,TPJ,280,cueH_stimM,5.07125663757324,-5.81656551361084,-2.17410373687744,0.396039247512817,-2.38729858398438,-5.59640979766846,0.663895130157471,9.24884796142578,3.19552612304688,12.785797119140598,4.92487478256226,13.317519187927198,6.807842254638669,20.3344345092773,13.434391975402804,8.299891471862791,7.81243181228638,1.3213067054748502,8.02714157104492,1.41787099838257,-1.89902400970459,-7.47394752502441,-11.7172698974609,0.0308685302734375,-4.852394104003911,6.20470428466797,-0.5811471939086911,-11.0405025482178,-3.76289749145508,-5.462957382202151,-0.404386520385742,12.1048679351807,7.15674591064453,1.0193881988525402,5.72689437866211,-3.56398296356201,-6.169909477233889,-8.28298950195312,-2.7003288269043,-1.04226124286652,1.5721318721771202,0.150193214416504
123.0,sub-0126,ses-01,run-03,cognitive,TPJ,280,cueL_stimM,0.01123046875,-11.5959739685059,-14.286625862121598,-18.6877059936523,-7.56163215637207,-7.328973770141599,-1.8891892433166495,-3.07139301300049,-3.03177356719971,4.34209251403809,2.1819398403167702,6.02925586700439,12.858306884765598,15.3517818450928,13.207115173339801,1.71557807922363,7.63866758346558,11.2129354476929,2.6784987449646,3.07697033882141,-5.528395652771,-13.250351905822802,-17.2608947753906,-11.9842185974121,-6.16091394424438,-10.7014741897583,-9.33510780334473,-12.6940765380859,-11.7799530029297,-17.9943161010742,-13.1351900100708,-18.870164871215803,-10.7839870452881,-2.2495002746582,-3.35643577575684,-19.765945434570305,-22.993673324585,-22.618591308593803,-16.6247653961182,-10.8366851806641,3.5008544921875,13.1206750869751
124.0,sub-0126,ses-01,run-03,cognitive,TPJ,280,cueH_stimL,-9.48613548278809,-16.347972869873,-16.160345077514602,-12.8937282562256,-13.365541458129899,-13.746699333190902,-8.732982635498049,1.94259524345398,-0.131477117538452,-5.2601842880249015,5.88866853713989,1.42850589752197,4.63265466690063,20.3335227966309,13.2227249145508,7.01363468170166,13.625621795654302,3.22240948677063,-3.37454080581665,-12.1096897125244,-12.247354507446301,-11.212128639221199,-4.32742023468018,-18.8779563903809,-17.833425521850604,-19.534877777099602,-22.482345581054698,-15.8513860702515,-20.364093780517603,-17.308002471923803,-31.541639328002898,-17.4088745117188,-7.1021223068237305,-12.7159366607666,-0.803863525390625,-11.7010326385498,-14.3691186904907,-24.995338439941396,-22.362989425659197,-16.4588832855225,-15.8058986663818,-10.1787796020508
125.0,sub-0126,ses-01,run-03,cognitive,TPJ,280,cueL_stimL,-9.17985153198242,-10.911949157714801,-15.5783958435059,-5.73479461669922,3.5252823829650897,15.020617485046401,13.5855321884155,11.3843231201172,8.215085029602049,6.47277688980103,14.0243692398071,9.52072715759277,13.071891784667999,11.7878637313843,6.80088806152344,11.1425304412842,8.829155921936039,1.93676137924194,4.43893384933472,3.0403285026550297,0.629755675792694,5.325611114501951,-4.57455587387085,-1.89618706703186,4.40541934967041,-5.071388244628911,-1.4279623031616202,-7.25846862792969,-8.18085765838623,-8.036778450012209,-6.471904754638669,-7.775577545166018,0.720867156982422,13.0267658233643,9.541379928588867,8.459653854370119,15.5888385772705,12.5250587463379,2.10508155822754,-5.47565460205078,3.2698688507080096,2.63888025283813
126.0,sub-0126,ses-01,run-03,cognitive,TPJ,280,rating,3.88473987579346,1.8919181823730504,0.941595077514648,1.97540187835693,-1.75556945800781,-0.0334148406982422,1.8879108428955096,3.8091869354248,7.22511291503906,12.9068088531494,17.5184955596924,13.687164306640598,9.94640731811523,12.2093591690063,12.623771667480499,14.2319278717041,14.4527406692505,10.9427843093872,6.26320743560791,3.86733555793762,0.67235279083252,0.0377564430236816,-2.24062633514404,-0.549773633480072,-4.40050172805786,-4.34341621398926,-7.57118988037109,-6.69051647186279,-6.51444530487061,-5.32187557220459,-4.9255952835083,-4.05756092071533,-4.192090988159181,0.478943824768066,0.202770709991455,0.339724063873291,0.0552926063537598,-5.29802370071411,-5.28601312637329,-0.0823053121566772,2.18817853927612,2.410706520080569
127.0,sub-0126,ses-01,run-03,cognitive,TPJ,280,cue,9.61234951019287,3.95328426361084,0.341481685638428,-4.4800519943237305,-6.713427066802981,-4.38199138641357,-1.68153381347656,6.49468564987183,6.86522769927979,5.47859287261963,7.02404975891113,6.62607574462891,5.31281089782715,2.43217849731445,2.06894302368164,-2.6485595703125,-7.82266998291016,-9.02129745483398,-4.76057243347168,-2.37022399902344,-0.113088607788086,-0.807855606079102,-7.683411121368411,-10.872633934021001,-3.7554843425750697,-8.05739307403564,-4.26998090744019,-4.00444030761719,-5.98366832733154,-3.02913737297058,-4.46183300018311,-2.6508235931396498,0.456626653671265,1.77788925170898,0.625714659690857,4.01744985580444,-0.106066703796387,-3.25004243850708,-3.18422174453735,-7.77191686630249,3.0109300613403303,1.1068508625030502
128.0,sub-0126,ses-01,run-03,cognitive,TPJ,281,cueH_stimH,0.989493370056152,4.49943161010742,-0.893644154071808,-0.159055709838867,5.63459587097168,-3.19921374320984,-6.9938383102417,2.26278495788574,-2.674944877624509,2.60458779335022,26.33274269104,19.5933856964111,16.4434490203857,15.856059074401903,-1.9324021339416495,1.24161386489868,21.128494262695305,21.008863449096697,28.716112136840806,-8.75633239746094,-1.05355739593506,-17.5210285186768,24.9449348449707,9.59611892700195,8.250119209289549,4.10787391662598,-16.8657264709473,-22.636962890625,-15.5064182281494,9.487791061401367,-0.292232513427734,0.469135284423828,-12.3848609924316,-2.8300933837890603,-14.358428955078098,-21.0578918457031,-20.4986133575439,3.62732696533203,5.6555061340332005,-16.8451557159424,-18.5096759796143,-32.1874465942383
129.0,sub-0126,ses-01,run-03,cognitive,TPJ,281,cueL_stimH,-2.6058683395385698,19.5078086853027,12.967041015625,11.3570079803467,6.40525674819946,-3.28562688827515,0.7629323005676271,-4.85082530975342,9.958136558532713,3.83289003372192,21.589797973632802,-0.9154517650604252,22.331604003906197,-4.77195930480957,10.653865814209,21.092754364013697,27.1030921936035,26.398395538330107,-9.59347343444824,-9.71085834503174,-3.4656209945678698,-7.84851837158203,-1.96504592895508,9.01517868041992,-1.9380912780761697,-18.677158355712894,-8.01947975158691,-39.6879272460938,-4.646875381469731,-5.03934860229492,14.495664596557601,-13.3028106689453,-10.451589584350598,-10.9644241333008,1.70890235900879,-3.1264095306396498,0.0613670349121094,-26.9637832641602,1.34255409240723,-10.454535484313999,-33.3050155639648,-13.099306106567399
130.0,sub-0126,ses-01,run-03,cognitive,TPJ,281,cueH_stimM,12.513660430908198,15.3382349014282,-10.557623863220199,-8.99390983581543,-3.05421209335327,-16.5974140167236,-14.604868888855,1.89291262626648,-1.64513540267944,11.227153778076199,-1.13904333114624,19.383596420288104,6.74120903015137,13.3175687789917,12.7014770507812,11.008792877197301,17.1777000427246,6.4165563583374,23.7603645324707,-1.6606618165969802,4.38324451446533,-14.1640100479126,-26.0010929107666,1.17005968093872,-22.5422897338867,-7.2552165985107395,-14.6240978240967,1.6131496429443402,13.1760196685791,-34.999378204345696,-9.6943473815918,11.839845657348599,16.381881713867198,12.3259601593018,-8.41196441650391,-24.4430847167969,-8.12395477294922,-15.7956438064575,-3.8019256591796897,-4.21099376678467,11.4556179046631,0.251334190368652
131.0,sub-0126,ses-01,run-03,cognitive,TPJ,281,cueL_stimM,-6.62705993652344,-22.23996925354,-16.094671249389602,-15.212188720703098,-5.967453956604,5.050195693969731,3.91362571716309,-0.7418136596679691,-2.3832061290741,-4.28987836837769,-6.02829837799072,-2.2476174831390403,1.97528529167175,14.657655715942399,4.76678514480591,3.78470873832703,-1.76482653617859,-16.8394527435303,-0.24168860912323,17.535099029540998,7.38209056854248,10.476114273071301,-4.59741497039795,-8.07590579986572,-12.6212491989136,-27.6808891296387,-7.04569244384766,2.6662774085998504,-3.63492965698242,-22.2815780639648,-16.6348857879639,-19.7471599578857,-20.661188125610398,6.02095985412598,-4.07863235473633,-21.949748992919893,-25.2099285125732,-19.822555541992198,-21.912673950195302,-3.58724212646484,2.3194580078125,26.561964035034197
132.0,sub-0126,ses-01,run-03,cognitive,TPJ,281,cueH_stimL,3.22032928466797,0.590260982513428,-8.05525398254395,-20.6145114898682,-3.86984348297119,-11.2899503707886,3.80830121040344,0.0756919384002686,-3.5621743202209504,18.8630046844482,-15.3753395080566,-0.4580495357513429,-0.0457868576049805,7.89504528045654,5.04994249343872,10.2761192321777,2.13916611671448,-5.419268608093259,10.4976482391357,9.29759407043457,-7.933642387390139,8.089475631713869,-3.46719884872437,-5.66272211074829,-7.77199792861938,-8.64736366271973,-7.33721256256104,-31.154813766479503,-18.6640911102295,-3.50174331665039,-30.7912712097168,-30.471656799316396,-21.166347503662106,-10.858968734741199,-6.57530784606934,-6.92281913757324,-10.6974506378174,-20.6253623962402,-17.288629531860398,-4.20171165466309,-20.3835296630859,10.199256896972699
133.0,sub-0126,ses-01,run-03,cognitive,TPJ,281,cueL_stimL,-5.732097625732419,4.255896091461181,-20.1824111938477,-6.611764907836911,0.603469371795654,2.7810671329498304,-3.1298093795776403,11.7063150405884,2.87964773178101,-14.0049409866333,3.4900705814361603,-0.417104840278625,-0.883676052093506,-6.85432910919189,-6.0587882995605495,9.65606689453125,9.57766628265381,-8.59327983856201,-23.337936401367198,-3.91838264465332,4.16551876068115,-0.7884478569030758,-8.21056175231934,-5.74222707748413,-14.206383705139196,-11.7456722259521,-13.050440788269,15.690958023071301,9.89611053466797,-15.066147804260302,-14.962198257446301,-38.631160736084,-17.6303691864014,7.6491413116455105,4.5907154083252,13.251537322997999,2.63687133789062,5.318140029907231,-24.654685974121104,-43.2052993774414,-8.311887741088869,-13.5610446929932
134.0,sub-0126,ses-01,run-03,cognitive,TPJ,281,rating,-4.072968482971191,1.71780872344971,-0.624465942382812,3.94476795196533,-0.9353618621826172,-0.900257110595703,2.87702369689941,-3.65324783325195,0.449275970458984,4.19798278808594,11.7959766387939,6.65278625488281,3.44517517089844,-1.86923503875732,-3.76699829101562,-1.55946171283722,-0.28859424591064503,-1.62858104705811,0.530044078826904,-7.43866395950317,-9.07093906402588,-5.29919767379761,-4.1421179771423295,-8.40912628173828,-7.002879142761231,-8.47722911834717,-10.5304927825928,-1.9312629699707,-7.05865478515625,-4.00560665130615,-6.68878698348999,-5.866919040679929,-4.15983200073242,-4.66071367263794,-1.57795405387878,-2.59577894210815,-0.583395481109619,-11.929664611816401,-5.952935695648191,-2.9113528728485094,-1.6102687120437602,7.012526512146
135.0,sub-0126,ses-01,run-03,cognitive,TPJ,281,cue,22.326026916503896,0.168848812580109,5.41976404190063,-2.00964832305908,1.8119816780090297,-0.8786475658416751,2.7820565700531,2.9613733291626,0.0400180816650391,-0.5078067779541021,-8.113185882568361,-2.70408630371094,-1.96796226501465,0.6679401397705079,-1.2994956970214802,1.24923706054688,-0.834171295166016,-6.01363754272461,-9.3109130859375,-8.00031089782715,0.0894069671630859,2.48839378356934,-1.92738485336304,-0.58427095413208,-1.26194620132446,-14.7223567962646,-5.2865514755249015,4.2383542060852095,2.9656662940979,7.99450778961182,-5.17171382904053,-1.15541982650757,6.22538423538208,4.09133195877075,-4.19393253326416,1.57552742958069,1.86905479431152,2.91996431350708,0.27411937713623,-14.208202362060499,-6.842529773712161,-2.3140811920166
136.0,sub-0126,ses-01,run-03,cognitive,TPJ,282,cueH_stimH,-13.441173553466802,-11.245697975158699,7.30113649368286,4.88997507095337,-3.81538248062134,0.468257427215576,-14.668128013610804,-23.0285663604736,-18.992290496826197,-11.372571945190401,3.85963201522827,14.884741783142099,8.32044792175293,-24.6282062530518,-7.48565578460693,16.791240692138697,7.30173110961914,-4.72935199737549,17.4844093322754,-7.510540962219241,-12.0371952056885,-10.5041236877441,-0.671737432479858,4.57966947555542,-14.3005695343018,-18.6653079986572,-19.239086151123,-24.1811199188232,-16.1458835601807,-9.7823371887207,-8.33720397949219,0.659555435180664,-19.6716575622559,-33.252761840820305,-21.355863571167,-8.27978515625,2.7132282257080096,-8.40328979492188,-5.530094146728518,-22.7191600799561,-12.162389755249,-13.686429023742699
137.0,sub-0126,ses-01,run-03,cognitive,TPJ,282,cueL_stimH,-16.538063049316403,-3.3911917209625204,-10.4227085113525,6.12508392333984,-19.1848926544189,-9.656679153442381,-17.119796752929698,-2.9568805694580096,-2.95880913734436,-8.01274013519287,-1.1014194488525402,-33.3066062927246,1.70676827430725,-13.494364738464403,9.20839786529541,13.572903633117699,2.09575414657593,18.7362022399902,-33.4337158203125,-13.9515323638916,-14.8579835891724,10.5725345611572,-17.271936416626,5.18404197692871,9.86461067199707,-29.0065383911133,-5.83942317962646,-37.865325927734396,-19.300247192382802,-2.4888362884521498,9.54314804077148,-9.13864326477051,-39.9167366027832,-26.608810424804698,-21.6790657043457,-11.559642791747999,-15.175926208496099,2.94810485839844,-0.25611782073974604,-31.850421905517607,-10.2166213989258,-16.1102466583252
138.0,sub-0126,ses-01,run-03,cognitive,TPJ,282,cueH_stimM,-14.6133146286011,1.54071497917175,-14.514209747314501,-22.3653583526611,-9.256951332092287,-24.8563385009766,10.871862411499,-12.698687553405799,-9.30186557769775,-11.9820041656494,-6.82176399230957,1.5575060844421398,-20.970281600952106,3.1667079925537096,-1.47315335273743,6.61172819137573,-0.928820610046387,-1.46270322799683,5.09397411346436,-7.33311319351196,-4.657837867736821,-21.913049697876,-24.8129100799561,-12.799222946167,-6.83610439300537,-3.76340103149414,-19.7913856506348,-3.92786598205566,-16.2963085174561,-20.103937149047894,-6.40212631225586,-0.675113677978516,-2.3250961303710898,0.851654052734375,0.317819595336914,-4.6245431900024405,-4.35759735107422,-18.925365447998,-3.10195922851562,-2.22949361801147,4.59895515441895,-6.87742614746094
139.0,sub-0126,ses-01,run-03,cognitive,TPJ,282,cueL_stimM,8.65018844604492,-10.6503753662109,-5.7757883071899405,-16.207374572753903,-1.09500741958618,13.1884307861328,-4.59348249435425,14.8118543624878,-24.5491943359375,-12.8781890869141,-26.9193305969238,1.27956414222717,9.654336929321287,-5.631793975830081,-11.955358505249,-4.28328418731689,-21.4520797729492,-13.956605911254899,6.24787473678589,3.2368988990783705,12.4056549072266,-0.29900503158569297,-8.53257942199707,5.08227252960205,-6.0865006446838406,16.207426071167,-7.1050763130188,-0.791093349456787,3.14642572402954,-9.64885997772217,-15.342960357666,-35.069065093994105,-3.68256568908691,-14.2078533172607,-2.9214420318603502,-14.752681732177699,-17.9921379089355,-28.3899459838867,-15.0982208251953,-12.7941417694092,-2.941650390625,15.747947692871099
140.0,sub-0126,ses-01,run-03,cognitive,TPJ,282,cueH_stimL,-16.7685470581055,0.5214877128601071,-13.478752136230499,-4.91744136810303,2.32310438156128,-3.3349640369415297,-0.29237723350524897,18.2642860412598,-9.92140102386475,-17.4286193847656,8.814474105834961,-14.2988805770874,11.6691989898682,10.850728988647498,13.5370292663574,14.7538290023804,0.356147289276123,-5.9856162071228,0.113581538200378,4.91384029388428,-0.733728528022766,9.87612533569336,8.38701725006104,-24.8877067565918,-4.92027282714844,-13.353013992309599,-28.6290073394775,-10.699434280395499,-22.9340286254883,-10.700511932373,-17.5681476593018,-9.42573547363281,-3.66377544403076,-2.6716194152832,1.20952224731445,10.2187156677246,2.8621582984924303,-17.8051376342773,-23.101816177368196,2.13451671600342,0.511558532714844,22.4270210266113
141.0,sub-0126,ses-01,run-03,cognitive,TPJ,282,cueL_stimL,4.057579040527339,0.951632976531982,-10.7060661315918,-1.66908073425293,-13.908632278442399,18.978427886962894,13.377787590026903,-0.9912085533142092,-14.387724876403801,-18.1123199462891,-28.9345436096191,-25.5461540222168,-0.7017166614532471,-17.7220611572266,-13.2345218658447,-4.2993659973144505,-17.5185813903809,-16.454273223877,-9.520383834838867,-0.889787316322327,-1.07365453243256,-13.205020904541,-4.57278060913086,-18.7749137878418,-16.7209968566895,-13.967536926269501,-14.1184329986572,-18.4680557250977,19.1536560058594,-12.6850690841675,-4.03273868560791,-27.0801048278809,-8.81879234313965,4.65312004089355,-11.594713211059599,-17.2757987976074,-5.881244659423831,-16.5731544494629,-24.6029930114746,-32.9962692260742,-10.917144775390598,-11.344066619872999
142.0,sub-0126,ses-01,run-03,cognitive,TPJ,282,rating,-0.601012706756592,5.39474105834961,6.81752967834473,7.27398014068604,0.773748397827148,6.09007835388184,18.443035125732397,14.1408348083496,7.99033355712891,5.12800979614258,8.57388305664062,5.5276184082031214,-0.648971557617188,9.47206020355225,2.54436492919922,6.55079126358032,11.8240642547607,6.729529857635501,5.04103088378906,3.4706006050109903,9.94420909881592,7.1603116989135716,11.870648384094201,12.742770195007301,6.00468397140503,2.31099772453308,6.25499439239502,2.00419235229492,7.3739929199218786,4.6356287002563485,5.01121950149536,3.7394931316375697,3.5356624126434304,2.34331274032593,4.03634834289551,3.90691328048706,3.5589451789856,-2.54878950119019,2.1126940250396697,4.13504695892334,7.695293426513669,4.7245607376098615
143.0,sub-0126,ses-01,run-03,cognitive,TPJ,282,cue,11.0214290618896,-3.92355155944824,1.3804435729980502,-13.859006881713901,-8.92805862426758,-12.1993827819824,-10.9897518157959,1.00937652587891,-8.47921657562256,-19.9197750091553,-27.5585556030273,-29.671216964721694,-23.7838649749756,-28.9522304534912,-9.66603851318359,-14.2133102416992,-13.170379638671902,-18.8827514648438,-11.062259674072301,-8.501523017883299,-8.547206878662111,1.07316207885742,-11.4997463226318,-16.9617881774902,-18.1750583648682,-10.239999771118198,-11.1305446624756,-8.66158294677734,-7.6927180290222195,-13.9270496368408,-11.2925157546997,-8.33401679992676,-5.216724395751951,-2.8858184814453103,-5.64837551116943,-0.116235733032227,-15.289605140686,-11.521190643310499,-7.77417421340942,-13.7484769821167,0.8967990875244141,-8.42350196838379
144.0,sub-0126,ses-01,run-04,pain,TPJ,277,cueH_stimH,-0.551029205322266,-17.899677276611303,-9.05414867401123,-3.5756816864013703,5.64432191848755,-7.26161050796509,10.8781280517578,-13.2324905395508,-2.17161893844604,16.7221374511719,-0.698286533355713,6.51627349853516,-9.15079116821289,-7.180179595947268,0.616621971130371,0.459417819976807,-6.50458478927612,-19.213211059570305,-6.26635599136353,-7.89862060546875,-9.00886344909668,-4.4816575050354,-1.1628024578094498,1.2191889286041298,-2.23647236824036,-2.02451753616333,-0.39898943901062,3.4341626167297403,4.4828615188598615,-0.467087745666504,-1.01507592201233,-6.89886140823364,-0.400704145431519,-2.94104266166687,-2.8634033203125,2.56023120880127,12.2491817474365,9.92300987243652,8.34367942810059,0.70598316192627,13.0641231536865,0.19914722442627
145.0,sub-0126,ses-01,run-04,pain,TPJ,277,cueL_stimH,3.95598554611206,9.7794189453125,6.52327823638916,-10.9884576797485,0.011815071105956998,8.06292247772217,-8.73722457885742,-0.892686367034912,-12.21812915802,19.572841644287106,-9.17811965942383,1.71696543693542,-1.3202226161956798,6.2357282638549805,-13.5525169372559,-13.09876537323,-15.3360509872437,-13.287784576416,-18.499397277832,-10.6533803939819,-5.09382915496826,2.06452488899231,-6.05515575408936,2.42661476135254,1.9264030456543,-1.52844142913818,-1.02197694778442,-4.87050580978394,0.499109745025635,11.3261938095093,10.948760032653801,-5.6907262802124,15.965935707092301,11.9962482452393,10.991096496582001,-2.08922672271729,-2.821818351745609,-15.9584903717041,13.5092506408691,1.12098002433777,5.0690793991088885,0.9396226406097408
146.0,sub-0126,ses-01,run-04,pain,TPJ,277,cueH_stimM,-7.241413116455081,-12.0937023162842,-5.03418922424316,0.512259483337402,-3.41715455055237,5.69132137298584,-5.13834142684937,-10.782147407531701,-21.235876083374,-5.75106143951416,-6.1787199974060085,0.00952106714248657,-5.1962552070617685,10.383357048034698,-9.414125442504881,-3.86719012260437,-18.533374786377,7.95359754562378,-1.62194681167603,4.291184425354,-12.477668762207001,-10.2882041931152,-4.92514848709106,-3.2468276023864706,-18.411828994751,-12.138946533203098,-3.29921913146973,-4.15972900390625,1.78054857254028,9.97957706451416,10.0754985809326,2.31976723670959,10.0834054946899,-14.1103267669678,-7.416203498840329,6.88474082946777,2.30084991455078,-1.7589168548584,0.911930084228516,1.82703590393066,6.199774265289309,3.15065097808838
147.0,sub-0126,ses-01,run-04,pain,TPJ,277,cueL_stimM,1.6188898086547898,-7.34086465835571,11.313232421875,4.12291669845581,9.86832809448242,23.777524948120107,9.81240749359131,1.02353739738464,10.2486143112183,5.56301355361938,0.552443981170654,-12.1209983825684,7.502557754516599,6.5154113769531214,6.700915336608889,3.94748497009277,-6.8070983886718786,-20.0504932403564,-3.18460130691528,-16.006149291992198,-3.7003321647644,-5.67583990097046,-7.70139503479004,-5.79334163665771,-4.18135643005371,-0.8560267090797421,7.59712219238281,3.42395114898682,6.280694484710691,6.58162641525269,21.324298858642603,-4.96886157989502,2.56618070602417,12.1624851226807,14.9338722229004,9.18592834472656,-7.1872444152832005,13.038673400878901,-4.87308883666992,0.274827003479004,-4.7438850402832005,-5.6241979598999
148.0,sub-0126,ses-01,run-04,pain,TPJ,277,cueH_stimL,1.79697799682617,-2.55112743377686,-6.8115959167480495,-4.63644695281982,6.2279777526855495,0.8301154971122741,0.846476554870605,-8.33531856536865,5.6399440765380895,-2.33458065986633,-13.7718658447266,3.95729780197144,-9.48369884490967,-9.0378360748291,-5.9312834739685085,-3.0647997856140097,-9.38090705871582,-12.667012214660597,-19.128463745117198,-6.269695281982419,-17.0228118896484,-11.2797517776489,-11.003177642822301,-11.076601028442399,-16.7317752838135,-10.445379257202099,-13.0610952377319,-1.60906136035919,-22.883567810058604,-6.21142292022705,-2.70653367042542,-1.6740655899047898,-1.86967182159424,-8.69139099121094,-5.33717155456543,-13.376072883606,-11.268882751464801,-17.4577369689941,-0.619894027709961,-7.024602890014651,-6.005925178527829,-9.03856086730957
149.0,sub-0126,ses-01,run-04,pain,TPJ,277,cueL_stimL,-5.785884857177732,-8.53535938262939,-20.9022808074951,-2.0835599899292,2.5544013977050803,7.249578952789309,18.1197357177734,0.38186502456665,-8.98583030700684,-11.250739097595199,-11.9602556228638,-3.97573971748352,-0.434155464172363,-0.9527511596679692,-11.911867141723599,-15.402250289917,-17.0946254730225,-15.2423648834229,-7.649853706359861,-14.6532325744629,-15.0346193313599,-14.885085105896001,-13.8376750946045,3.9800462722778303,8.46599006652832,-1.1709748506546,-11.0199546813965,-14.576620101928699,-19.7151050567627,-16.821783065795902,-7.76247358322144,4.5821213722229,13.5537328720093,8.75729656219482,4.622310161590581,24.255271911621104,-3.3173587322235094,2.51996612548828,-4.34730100631714,-11.487297058105499,-8.71516895294189,-3.30834150314331
150.0,sub-0126,ses-01,run-04,pain,TPJ,277,rating,-0.0195446014404297,3.8858518600463903,3.8181266784668,0.971905708312988,7.62324333190918,3.1550750732421897,0.206120491027832,3.39830017089844,0.69649600982666,2.07869529724121,2.9895782470703103,-0.716388702392578,1.90275382995605,2.4799041748046897,3.93789672851562,7.2244567871093786,9.99211311340332,4.39209461212158,2.23302173614502,0.649334907531738,1.10549259185791,2.35347175598145,3.63892459869385,1.67234992980957,-0.080662727355957,3.8512077331543,-0.635851860046387,-0.264880180358887,-3.48452401161194,-3.48598766326904,-4.55827045440674,0.101319789886475,-1.36402606964111,-0.37834095954895,2.79244613647461,1.51586532592773,-1.85492706298828,0.433080196380615,1.23748016357422,1.9880142211914096,1.0390625,0.120013236999512
151.0,sub-0126,ses-01,run-04,pain,TPJ,277,cue,1.75768756866455,-4.06711101531982,-1.2701306343078602,-3.2486019134521498,0.696428298950195,-2.84158849716187,-0.5192012786865229,-4.60835838317871,-8.90315246582031,-4.5618772506713885,-0.983432769775391,1.8632884025573704,-1.66459035873413,1.96430730819702,-7.40503597259521,-7.244140625,-1.6431770324706998,-6.916187286376951,-4.75834274291992,-5.42984390258789,-10.357196807861301,-13.668783187866199,-9.3761043548584,-7.65169429779053,-8.52637577056885,-7.7719521522522,-5.696965217590329,-6.92377376556396,-11.0390777587891,-7.284636497497559,-6.44458770751953,-8.11617469787598,-7.23924255371094,-1.7593879699706998,0.558767199516296,-2.9934635162353502,-6.44390678405762,-0.999428272247314,-9.5440034866333,-10.8080310821533,-8.296008110046388,-8.53548622131348
152.0,sub-0126,ses-01,run-04,pain,TPJ,278,cueH_stimH,0.891231536865234,1.5025568008422898,-8.73564147949219,-7.9826545715332,-1.87756538391113,0.397399306297302,-7.45567083358765,1.1419463157653795,-6.31581354141235,-0.9317879676818852,-4.76833438873291,1.0125640630722,-12.396742820739698,-11.308199882507301,-7.94379663467407,-11.1129369735718,-8.443996429443361,-7.14651155471802,-7.51984691619873,-11.2634363174438,-2.0770416259765603,0.176950097084045,-0.6342822313308721,-0.5393360853195189,1.4026811122894298,-8.4309139251709,-13.8392581939697,-4.53974723815918,-9.37353229522705,-12.398185729980499,0.40987586975097706,4.14360952377319,-2.36759376525879,-2.2870922088623,7.0758056640625,-2.94522857666016,-4.09954071044922,-2.90299224853516,3.0525722503662096,-0.174232482910156,-2.71231842041016,-10.916672706603999
153.0,sub-0126,ses-01,run-04,pain,TPJ,278,cueL_stimH,-3.30195188522339,5.38695526123047,-5.36297655105591,2.00383400917053,-5.85648918151855,5.46094942092896,-4.72244691848755,5.6142110824585,-12.881596565246598,-11.492810249328599,-3.53894901275635,-4.96181106567383,-8.4913330078125,-6.93816709518433,-16.233543395996097,-13.1879138946533,-14.7738428115845,-10.2167482376099,-6.656063079833982,-6.0370569229126,-11.239914894103999,-5.6540060043335,-8.65378761291504,-11.2432613372803,-7.843961715698239,0.0484757423400879,-7.973077297210691,-6.574181079864499,-2.63990592956543,7.82620334625244,10.4592761993408,2.21875882148743,11.0360431671143,5.222312927246089,5.07466506958008,-6.11215877532959,-2.5546407699585,-13.4264974594116,-4.6260495185852095,-10.0402240753174,-7.902756690979,-10.8098058700562
154.0,sub-0126,ses-01,run-04,pain,TPJ,278,cueH_stimM,-13.503273010253901,-10.1578216552734,-4.99420738220215,-10.1506481170654,-2.71480751037598,3.48383188247681,-5.52095746994019,0.198051512241364,0.8780395388603209,-6.7399187088012695,-8.63787078857422,-0.414597809314728,5.12438774108887,0.8406981825828549,-5.2539005279541,-12.637310028076199,-8.612852096557619,2.4394416809082,-2.51083850860596,3.84201383590698,-0.957911491394043,-9.16338348388672,-0.899392604827881,-9.13356113433838,-12.706787109375,-9.48317909240723,-0.377708435058594,-11.4766597747803,-2.7581233978271498,-3.7419273853302,1.82205629348755,-1.92641031742096,8.66569709777832,10.2188472747803,4.551878929138179,4.616058349609379,-4.19282531738281,8.24049186706543,-2.9453182220459,9.88547897338867,-9.55327033996582,-7.70920753479004
155.0,sub-0126,ses-01,run-04,pain,TPJ,278,cueL_stimM,-12.287594795227099,-4.12884998321533,9.398600578308107,8.62277221679688,3.52042055130005,1.7927966117858898,-11.5770835876465,1.22825026512146,-1.5331666469574,-2.556156873703,-2.64599466323853,-2.37653255462646,0.132434129714966,-1.43038988113403,1.2245202064514198,-7.5563020706176784,-5.666058540344241,-9.50030899047852,-9.54745483398438,-9.43394756317139,4.69190120697021,-2.92222309112549,-1.8484168052673304,0.292187690734863,4.8320198059082005,6.36761713027954,-0.446996301412582,0.267225742340088,4.98933267593384,9.21647644042969,3.0429859161377,12.5959186553955,20.540090560913104,17.604234695434602,6.230646133422849,-7.29355621337891,-9.28490447998047,7.12188053131104,-3.04501080513,2.5688304901123,-8.54367637634277,-8.02274608612061
156.0,sub-0126,ses-01,run-04,pain,TPJ,278,cueH_stimL,2.6108283996582,4.49309539794922,6.691158294677732,-3.47394466400146,-0.19461750984191895,-4.316986083984379,2.88846063613892,-6.00669288635254,-4.04704427719116,0.106652498245239,-3.46150398254395,2.54906463623047,3.35839128494263,1.1097593307495102,-0.21565914154052696,-1.17737865447998,-9.80238437652588,-4.92111110687256,-9.24435806274414,-11.711464881897,0.641594886779785,-4.775493144989009,-4.13605260848999,-4.62204647064209,-19.1710243225098,-14.607551574707001,-19.1374263763428,-0.626361608505249,-3.11027193069458,-7.698186874389651,5.45408058166504,5.23435306549072,6.4243679046630895,4.31926488876343,6.628595352172849,-1.8408784866333,-8.96273803710938,-20.1827163696289,-13.5054225921631,-12.2546329498291,-1.72947430610657,-11.4699611663818
157.0,sub-0126,ses-01,run-04,pain,TPJ,278,cueL_stimL,-14.8031806945801,-3.14822006225586,-6.655231475830081,-2.05006122589111,-3.5160369873046897,2.8142204284668,-3.78399443626404,4.10948944091797,-5.68103885650635,-14.5396060943604,-3.77858209609985,-9.96806335449219,-13.444959640502901,-9.38216400146484,-14.145148277282699,-8.74021244049072,-19.3799228668213,-12.4707698822021,-6.4536452293396,-4.04420757293701,-14.6682739257812,-8.53681182861328,-3.518984794616701,-14.8744316101074,-8.540378570556639,-11.462425231933599,-13.126163482666,-4.648163318634031,-4.15869474411011,-14.2183151245117,-12.882942199707001,-8.04883575439453,-5.96630048751831,-0.57221794128418,-10.3974866867065,0.738458752632141,-3.86937141418457,0.299861907958984,-17.361364364624,-18.3563117980957,-3.4388213157653795,-7.598565578460691
158.0,sub-0126,ses-01,run-04,pain,TPJ,278,rating,1.89667320251465,2.49253845214844,4.7625236511230495,4.97967338562012,6.23048496246338,7.06820297241211,3.6251249313354506,4.61857604980469,4.5189695358276385,4.08227348327637,7.70393943786621,2.52693939208984,3.57168769836426,1.5996398925781203,0.8246974945068359,2.57058715820312,5.14901542663574,6.24379444122314,9.25367641448975,3.15493679046631,0.641200065612793,1.43651866912842,2.28744792938232,1.13613224029541,0.153093338012695,-0.120211601257324,-2.3882851600647004,-1.95974397659302,-3.62029457092285,1.23471021652222,-3.1299724578857404,4.23294734954834,-1.3518581390380902,-1.45019626617432,-3.20225715637207,-3.42252349853516,-2.43671894073486,0.456211268901825,1.94383716583252,-1.7371315956115705,-2.87149429321289,-1.52732372283936
159.0,sub-0126,ses-01,run-04,pain,TPJ,278,cue,4.48721981048584,-1.22143888473511,1.1913576126098602,-1.83241081237793,-1.8230686187744096,-3.0372257232666,1.09579563140869,-6.315866470336911,-7.5845851898193395,-9.66827487945557,-1.8305149078369096,1.07536745071411,3.4740834236145,4.0512318611145,-3.906680107116701,-2.76009559631348,-2.92865943908691,-2.85132598876953,-2.4348373413085898,-0.621421813964844,-6.3181037902832005,-10.473060607910199,-12.9274263381958,-11.239295005798304,-8.49751853942871,-4.9565939903259295,-5.52003288269043,-2.98450994491577,-8.88929748535156,-7.39991903305054,-8.11066627502441,-5.425977230072019,-2.34382939338684,-0.0828561782836914,-2.67857027053833,-9.29141235351562,-6.25203132629395,-12.315601348877001,-7.6871452331542995,-5.85420227050781,-6.04834222793579,-7.816618919372559
160.0,sub-0126,ses-01,run-04,pain,TPJ,279,cueH_stimH,4.94706344604492,6.9482707977294895,8.65905094146729,11.6997585296631,17.948350906372102,0.3320173025131229,1.55581283569336,0.246848583221436,7.20101404190063,8.414979934692381,5.2837834358215305,11.439194679260302,13.0459632873535,4.79667043685913,5.04541349411011,-14.9009075164795,-1.22362303733826,-8.84678745269775,-7.18582963943481,-18.6853523254395,5.936152458190921,-0.33180952072143605,-1.0784122943878198,18.8760662078857,5.69604635238647,6.4667854309082005,5.55667448043823,-0.0852055549621582,3.5419747829437296,12.2216958999634,4.46490001678467,7.37410974502563,16.886737823486303,8.6495361328125,-0.082275390625,10.227663040161099,-7.64455318450928,-8.53665828704834,2.37693214416504,-2.18849754333496,7.31360054016113,-6.7993688583374
161.0,sub-0126,ses-01,run-04,pain,TPJ,279,cueL_stimH,7.05991983413696,-6.0486855506897,13.8824367523193,8.59045791625977,6.68681001663208,8.52462577819824,-5.606396675109861,-3.92774248123169,-14.8755102157593,-9.35324954986572,-6.29459095001221,8.99797439575195,-6.164256095886231,3.89532518386841,6.020441055297849,-2.69857883453369,-8.75863552093506,-2.3234076499939,-8.61995697021484,10.094118118286099,1.63010597229004,23.1824684143066,5.64304161071777,4.95229625701904,-2.5790786743164102,11.9050750732422,2.4594178199768097,-0.0970520973205566,11.3215656280518,16.9003410339355,15.1289167404175,17.8597640991211,26.606142044067397,11.957751274108901,33.3449745178223,15.478456497192399,9.59084320068359,6.86917972564697,23.912883758544893,0.256644248962402,1.17917966842651,1.9631175994873
162.0,sub-0126,ses-01,run-04,pain,TPJ,279,cueH_stimM,3.4804573059082,-9.69896697998047,-10.590614318847699,-5.3278913497924805,-19.199449539184602,2.0757288932800297,1.36642074584961,11.473376274108901,4.98425579071045,15.3674831390381,-1.86401462554932,6.8619050979614284,12.5504932403564,19.1446285247803,0.105944633483887,3.72996997833252,-5.509088039398191,-1.80281639099121,3.95622444152832,6.346501350402829,6.65898990631104,-7.23171234130859,13.386065483093299,-3.32844114303589,4.24072265625,-7.455983161926269,13.393768310546902,6.2004275321960405,10.3168687820435,8.54630088806152,3.372886180877689,4.89534664154053,17.8640403747559,20.9067497253418,21.239330291748,31.3223896026611,25.3818893432617,18.229305267334002,23.6412868499756,45.40544128417971,13.789787292480499,29.9984111785889
163.0,sub-0126,ses-01,run-04,pain,TPJ,279,cueL_stimM,6.72299671173096,-15.6580104827881,17.238842010498,-6.86108922958374,-19.921566009521502,9.89273071289062,-10.0455799102783,4.82445621490479,10.2641592025757,8.689609527587889,12.8957300186157,-4.86514902114868,15.409560203552198,9.06878757476807,5.20395755767822,5.29772567749023,7.87617492675781,-0.495420813560486,-7.92080307006836,4.22926425933838,7.386869430541989,4.17212200164795,15.2972583770752,13.213115692138699,18.557325363159197,11.9104681015015,32.9645614624023,3.58111667633057,14.8766117095947,5.1749210357666,18.7460498809814,9.65209674835205,16.8791656494141,21.5428085327148,23.724817276001,11.1765451431274,12.574161529541,26.593408584594695,3.33458876609802,1.4603371620178205,-3.60472130775452,4.61495876312256
164.0,sub-0126,ses-01,run-04,pain,TPJ,279,cueH_stimL,8.78035736083984,-12.7911472320557,-10.3186569213867,3.8731718063354506,4.18120813369751,2.63530826568604,14.2557153701782,10.049520492553699,4.69633722305298,9.1715145111084,-5.1294255256652805,-7.715416431426999,-0.16666507720947302,-4.8797664642334,-1.3732070922851598,-13.416711807251,-4.6249108314514205,-14.5716400146484,1.5937323570251498,-12.831994056701696,-7.329163074493411,-2.4322886466980003,-16.192430496215803,9.47727012634277,8.00151824951172,3.85287618637085,4.560407161712651,0.261364459991455,-0.548380970954895,-5.260772705078121,-3.2478222846984903,-3.81920909881592,6.2297086715698216,-3.87249135971069,10.389925956726099,-6.7940998077392605,-5.90736389160156,2.290846824646,0.935932159423828,-13.458370208740199,2.71772956848145,6.44193363189697
165.0,sub-0126,ses-01,run-04,pain,TPJ,279,cueL_stimL,-8.59918212890625,-2.83995246887207,2.53283166885376,-1.54001379013062,-1.80685043334961,18.990098953247106,7.307785987854,5.79622745513916,-5.09062957763672,-8.20475101470947,-4.85687637329102,-18.5286979675293,-8.42262077331543,-6.4175319671630895,-20.410211563110398,-8.65378952026367,-6.41785001754761,-7.61600255966187,-1.66556787490845,-11.3416233062744,4.31423091888428,-8.69127464294434,-1.98757219314575,0.979589462280273,5.80738162994385,-3.10942268371582,-5.88823652267456,-12.470142364502001,-8.42972469329834,-16.7991104125977,-4.70496416091919,0.415493965148926,18.5203971862793,5.46097469329834,4.763994693756099,29.3976898193359,18.3384628295898,35.249973297119105,18.121746063232397,11.471093177795401,3.0762331485748304,4.17865037918091
166.0,sub-0126,ses-01,run-04,pain,TPJ,279,rating,-2.7843503952026403,-7.28019618988037,-3.64507102966309,-6.25591278076172,-2.01917552947998,-5.55206394195557,-3.7897481918335,1.7240533828735398,4.9170846939086905,11.5436563491821,23.080801010131804,22.7779731750488,20.441583633422894,17.3232116699219,10.654071807861301,5.4371051788330105,-0.353067398071289,-1.1921176910400402,-5.03640556335449,-2.49914073944092,-8.40361881256104,-3.0911750793457,-3.67088890075684,-4.47322082519531,-0.73691463470459,-0.7355499267578121,-1.3874888420105,2.46698713302612,-3.22191381454468,-0.844192981719971,-1.89428281784058,0.257214546203613,3.82756328582764,6.558337211608889,-3.91973781585693,-5.73054695129395,-7.91516780853271,-8.73361968994141,-1.16818618774414,-7.181573390960691,1.68168210983276,-4.00502967834473
167.0,sub-0126,ses-01,run-04,pain,TPJ,279,cue,-1.06403255462646,4.98434066772461,3.00344467163086,9.171834945678713,0.969623565673828,9.15643215179443,9.02493190765381,10.0790281295776,10.9048824310303,8.4850549697876,12.7022457122803,14.2927341461182,9.89601516723633,13.3589134216309,1.72948455810547,2.9003686904907204,1.68025207519531,3.19422149658203,9.02072143554688,10.3419303894043,11.8193702697754,13.7332000732422,13.532876968383801,6.05332851409912,6.289300918579099,3.87471961975098,-9.4896240234375,-4.9866361618042,-15.470603942871099,-12.3576507568359,-13.9714107513428,-9.91496849060059,-9.92108535766602,-14.582218170166,-14.126807212829599,-11.174295425415002,-15.4410486221313,-19.0301570892334,-17.7387409210205,-11.0224390029907,-13.704464912414599,-8.81589984893799
168.0,sub-0126,ses-01,run-04,pain,TPJ,280,cueH_stimH,1.15174102783203,8.01588726043701,5.1510133743286115,-1.9282951354980504,7.58797264099121,-7.64797401428223,-3.63957595825195,-5.97721672058105,-4.77157402038574,-12.572734832763699,-6.10319709777832,3.3282675743103,-3.07063102722168,-12.6841068267822,-6.45270490646362,-7.45312595367432,-1.47251462936401,0.18452024459838895,-4.5098366737365705,-10.08424949646,-2.13098812103271,2.50219678878784,-0.453914761543274,7.44078254699707,6.41802978515625,0.467970222234726,-13.3866147994995,-5.8385710716247585,-11.0328950881958,-2.4844155311584504,7.56828308105469,7.94662666320801,6.030522346496579,0.15304541587829598,-0.0426025390625,-9.0170202255249,-16.2030563354492,-14.4886999130249,-10.217940330505401,-1.18135833740234,9.02798652648926,6.82131195068359
169.0,sub-0126,ses-01,run-04,pain,TPJ,280,cueL_stimH,-2.03314518928528,0.803742170333862,2.66449427604675,12.2858943939209,16.6015930175781,1.96216726303101,-1.1878943443298302,5.4733796119689915,-0.136882305145264,-1.6887497901916495,7.34513759613037,12.154239654541,-1.80678570270538,-9.9790153503418,-4.11952781677246,-1.4597020149231,3.6574320793151895,13.1108131408691,14.8615398406982,12.553873062133801,-3.9311122894287096,8.74538326263428,-1.5994968414306598,5.62253379821777,12.547335624694801,17.4830417633057,9.39861011505127,0.109455108642578,-0.26472806930542,18.724157333374,19.467643737793,19.2514743804932,23.3954429626465,18.4687881469727,7.052387237548831,-4.33613300323486,-1.1566734313964802,-4.83154821395874,1.53822803497314,-2.09528875350952,-6.171862602233889,-8.81022834777832
170.0,sub-0126,ses-01,run-04,pain,TPJ,280,cueH_stimM,-17.8638000488281,-21.089023590087894,-12.0638580322266,-19.592321395874,-8.89026927947998,-1.72805166244507,-4.01022815704346,5.69068241119385,-2.76695322990417,-4.05863761901855,-1.5963867902755702,4.6632776260375985,9.158162117004393,1.12700521945953,0.586512088775635,-9.8505163192749,-6.25248527526855,0.319223880767822,2.92911958694458,1.17170810699463,6.02529668807983,3.2701220512390097,4.08901929855347,-2.54307508468628,-9.2115421295166,-10.376407623291,2.30177211761475,-8.80134963989258,2.82146501541138,-6.35710096359253,-5.10909795761108,8.44771385192871,14.616100311279302,17.3505363464355,9.35581970214844,11.4054508209229,11.450584411621099,9.435243606567381,3.55442810058594,16.022289276123,-7.56456756591797,-10.468057632446301
171.0,sub-0126,ses-01,run-04,pain,TPJ,280,cueL_stimM,-7.38610935211182,-15.8099031448364,3.3164262771606405,3.83507585525513,-5.310283184051509,-11.514409065246598,-11.4603519439697,-2.20762610435486,1.78382635116577,3.90900373458862,0.82948112487793,7.69367980957031,4.16456937789917,3.82864952087402,4.64336919784546,-2.98109006881714,-8.31859588623047,-9.13979721069336,-2.82063579559326,-0.37475061416626,12.7703800201416,11.244129180908198,6.245365142822268,9.21084690093994,17.4953632354736,19.6232070922852,25.5948677062988,5.55063915252686,20.2442722320557,3.64698934555054,4.19941186904907,12.8970432281494,22.634391784668,17.9508647918701,8.31795310974121,-6.15172290802002,-2.4584503173828103,17.9158496856689,3.96888613700867,-12.8578357696533,-13.1388101577759,-16.1908111572266
172.0,sub-0126,ses-01,run-04,pain,TPJ,280,cueH_stimL,0.456989288330078,6.566723823547361,0.348598480224609,6.406591892242429,-5.3391847610473615,-3.46578907966614,-4.211079120635991,-3.330607414245609,0.482027739286423,-3.19368839263916,-7.960070610046389,0.23697280883789104,-11.0303258895874,-9.55880546569824,7.008563041687009,-4.646178245544429,-4.02812099456787,-5.28585433959961,1.64304161071777,-6.1687707901001,-8.559177398681639,4.060461521148681,-2.41811156272888,4.206958293914791,-5.722106456756589,-11.449443817138699,-15.7437915802002,3.96449089050293,2.28033590316772,0.12744987010955802,-3.62834644317627,0.26348352432251004,5.969200611114499,2.56703352928162,6.123554229736331,-6.28651523590088,-5.21990203857422,-17.410327911377,-3.192786693573,-14.505044937133801,-11.117654800415002,-10.281290054321301
173.0,sub-0126,ses-01,run-04,pain,TPJ,280,cueL_stimL,-5.241661071777339,1.2233881950378402,-2.82924461364746,12.5124053955078,18.6869430541992,18.044887542724602,14.192232131958,17.1605339050293,0.18283748626709,-0.854038119316101,-10.954042434692399,-3.0658981800079306,-7.90893125534058,-4.18016529083252,-0.907619476318359,-8.19371604919434,-14.952030181884801,-4.20821571350098,2.28465795516968,-2.10037469863892,5.73013162612915,8.75399017333984,10.5907897949219,-5.93277311325073,2.54143238067627,-4.90409231185913,-20.401088714599602,-5.1987800598144505,-9.733452796936039,-10.7321891784668,2.26887655258179,-13.2602710723877,19.834997177124,8.49619293212891,4.96510457992554,13.9207315444946,11.543811798095698,8.008167266845701,-14.6648006439209,-2.75342750549316,-1.79011476039886,3.1965575218200697
174.0,sub-0126,ses-01,run-04,pain,TPJ,280,rating,-0.005812644958496089,4.835166931152339,7.93310737609863,7.198797225952151,4.88875961303711,2.5176982879638703,1.9913139343261697,6.59975337982178,6.3510036468505895,9.03089237213135,17.1742782592773,15.2133884429932,14.970863342285199,11.733245849609402,9.10830879211426,9.631895065307619,11.8119354248047,10.8215436935425,7.99910926818848,6.930424690246579,1.65952682495117,0.502158164978027,0.664876937866211,5.466496467590329,4.34066677093506,1.77661180496216,2.3261022567749,-1.67559576034546,2.53238153457642,5.27104187011719,4.23350811004639,10.4851865768433,5.63857555389404,0.8342971801757809,-5.18205451965332,-5.6025905609130895,-3.21281814575195,-0.842063665390015,0.246407032012939,-1.54898929595947,-5.312724590301509,-5.45421934127808
175.0,sub-0126,ses-01,run-04,pain,TPJ,280,cue,5.3672170639038095,3.7396547794342,0.167753219604492,2.19604110717773,-0.9537334442138672,3.9216699600219695,4.7461690902710005,-1.08900833129883,-3.7178506851196302,-5.531692028045652,4.11789464950562,9.55095386505127,12.589681625366199,11.4065542221069,-0.917125701904297,-3.33273029327393,-3.8450908660888703,-2.88754272460938,2.62150955200195,6.175373077392581,-2.9547691345214804,-7.3263874053955105,-4.64663887023926,-8.88054656982422,-0.0655937194824219,0.513955593109131,1.14619445800781,-6.86604309082031,-12.881134033203098,-12.6456298828125,-13.204603195190401,-13.0949449539185,-8.61415004730225,-11.226793289184599,-19.121789932251,-19.3375396728516,-18.5854587554932,-19.0066890716553,-17.7158527374268,-7.85411834716797,-6.59026861190796,-10.3668689727783
176.0,sub-0126,ses-01,run-04,pain,TPJ,281,cueH_stimH,-1.71149444580078,17.6611099243164,-9.56330680847168,-20.8721084594727,2.09431171417236,3.50204300880432,-5.77807903289795,-7.59128141403198,-6.34276008605957,-22.7591934204102,3.1497654914856,-16.6017723083496,-7.32818746566772,-2.20360541343689,-19.4870986938477,-15.927565574646001,-26.7310276031494,-4.73537492752075,-11.1918430328369,-26.922315597534197,-10.7035255432129,-16.983829498290998,-19.799274444580103,-7.07984161376953,1.89069890975952,-0.390024483203888,-26.9497604370117,3.27529621124268,-17.7422828674316,-19.6036643981934,-6.7357473373413095,-13.319622993469201,-8.56564617156982,-8.93566608428955,1.273681640625,-11.610520362853999,-27.551940917968803,-3.99868679046631,-28.675720214843803,-1.67959499359131,-19.2890777587891,10.333712577819801
177.0,sub-0126,ses-01,run-04,pain,TPJ,281,cueL_stimH,6.30291414260864,-9.17445373535156,9.90322875976562,22.9520797729492,-2.87711000442505,23.927659988403306,2.10085582733154,-9.252312660217287,-16.8474216461182,-10.2726039886475,8.30652618408203,5.39356565475464,3.1319406032562296,-2.25219678878784,-13.010002136230499,-20.841983795165998,-4.3449997901916495,3.98600912094116,8.81628036499023,5.7244596481323216,-4.3465871810913095,-10.8165130615234,-28.3840827941895,-11.616474151611301,-14.094596862792999,22.9112854003906,0.929748058319092,-3.16000032424927,6.617347240448001,21.2127799987793,17.4188957214355,13.213863372802699,24.507070541381804,7.239924430847171,3.73444366455078,-0.605630874633789,-7.5325593948364284,0.300156593322754,-6.97838258743286,-18.447910308837894,-3.71407341957092,0.497806906700134
178.0,sub-0126,ses-01,run-04,pain,TPJ,281,cueH_stimM,1.83435821533203,-21.370103836059602,9.6456880569458,3.16410088539124,5.1514778137207005,9.05963134765625,-14.1859292984009,-8.846780776977539,4.37721395492554,-0.5262620449066161,-10.504539489746099,-17.2188987731934,-0.690530300140381,16.3339328765869,4.82430648803711,-17.1891002655029,-9.74953842163086,10.3923654556274,-8.10896110534668,0.6400418281555179,-7.389544486999509,15.012664794921902,-16.606002807617198,10.3203744888306,-0.827728271484375,9.8718786239624,13.1356363296509,-20.1757431030273,-1.7225341796875,-14.1619071960449,4.35744714736938,7.85010576248169,20.6858749389648,8.8066463470459,1.12917613983154,-1.71425247192383,15.3346099853516,-6.55401611328125,3.22138214111328,31.5755233764648,17.119146347045902,-12.2249059677124
179.0,sub-0126,ses-01,run-04,pain,TPJ,281,cueL_stimM,1.86822462081909,-8.44264984130859,11.0764923095703,-6.1291227340698216,-0.33557325601577803,-3.82912921905518,-24.8413028717041,-16.558233261108402,-2.59011149406433,-14.6649265289307,-13.482645034789998,8.173656463623049,-11.002795219421401,3.11374378204346,-5.06490278244019,-6.0229806900024405,6.17129993438721,-7.47454404830933,-1.31216812133789,4.71763467788696,-0.4779988527297971,14.421404838562,-13.6638698577881,-0.768032073974609,4.7951517105102495,-2.78290033340454,6.29491186141968,-1.29753017425537,-6.01555681228638,1.76291227340698,5.83584928512573,0.813873291015625,7.13762712478638,2.99395322799683,16.9615821838379,-9.60301113128662,-1.5170593261718797,-7.398676872253421,-3.53966212272644,-7.154804229736331,2.11498785018921,-10.737743377685499
180.0,sub-0126,ses-01,run-04,pain,TPJ,281,cueH_stimL,15.6870861053467,-18.26340675354,15.811649322509801,-18.4133605957031,-16.617122650146502,-3.43130826950073,-11.170633316039998,-11.5250577926636,3.1046004295349103,-8.15022945404053,-0.259594917297363,4.83379650115967,-23.5087242126465,-13.513325691223097,-7.57415056228638,19.426362991333,-39.9261322021484,-26.3249130249023,-20.7555999755859,-11.301877021789599,3.65968704223633,10.5478200912476,5.76042175292969,10.1793518066406,-3.0495572090148904,-0.450470924377441,-18.1522254943848,-14.058002471923801,-11.119826316833501,-1.12913429737091,-6.65273284912109,-11.778851509094201,12.395138740539599,-2.7236945629119904,7.29049015045166,-13.1490983963013,-10.0426712036133,-24.4278564453125,-11.3941974639893,-24.9508743286133,-5.076988697052,-0.103765726089478
181.0,sub-0126,ses-01,run-04,pain,TPJ,281,cueL_stimL,-1.46480941772461,-17.291143417358402,4.15237092971802,12.405230522155799,8.01607704162598,18.611835479736303,23.5106506347656,25.586717605590806,-1.7360343933105502,-7.23385953903198,-4.5211267471313485,-9.93545246124268,3.79212045669556,12.6398868560791,-7.83164119720459,10.570536613464402,5.417029857635501,-14.7412528991699,-6.37204504013062,0.254056215286255,-3.51045608520508,13.030254364013699,17.831169128418,26.136676788330107,21.9541091918945,-12.085750579834,-2.3453187942504905,-24.981029510498,-21.654712677002,1.64239454269409,1.20749235153198,2.5080146789550803,26.885814666748,11.1887788772583,23.110704421997102,21.455364227294897,24.4599666595459,21.017177581787106,-1.85409307479858,-3.52039861679077,-13.9103336334229,7.84308195114136
182.0,sub-0126,ses-01,run-04,pain,TPJ,281,rating,-12.458131790161099,-4.73035430908203,-8.71899318695068,1.23986339569092,-0.750432968139648,1.35642719268799,2.14670276641846,-3.8656234741210898,-8.54463195800781,-4.59495544433594,9.63756561279297,6.36433982849121,8.79284286499023,-11.2815093994141,0.37602424621582,-1.18510818481445,6.83001899719238,-1.34678268432617,1.64872169494629,1.87401485443115,-7.414608001708982,-7.2572956085205105,-1.7553997039794902,5.61241579055786,8.6952428817749,10.677513122558599,-3.60378503799438,-0.380899429321289,-2.54841160774231,2.92367339134216,6.2465934753418,5.98699712753296,8.42946243286133,3.72766160964966,-1.15325355529785,-7.287898063659671,-7.11424732208252,2.6780891418457,4.87651824951172,5.03460693359375,4.7047224044799805,-1.74474191665649
183.0,sub-0126,ses-01,run-04,pain,TPJ,281,cue,6.72225856781006,1.31904864311218,4.13213396072388,3.20696258544922,-3.30755615234375,12.2377071380615,5.03861522674561,11.0678300857544,4.51113605499268,-6.445514678955081,-3.66477298736572,1.93673658370972,3.8782553672790496,4.946465969085692,1.60841178894043,1.61993312835693,2.36568450927734,2.83599090576172,4.22249984741211,3.53200149536133,2.5653076171875,7.52208709716797,-4.503211975097661,-9.3307466506958,4.4031476974487305,-1.62070417404175,7.77567291259766,-4.92328357696533,-9.33757400512695,-15.061823844909696,-12.950437545776401,-15.033824920654302,-8.27205276489258,8.54080390930176,-3.768235206604,-14.3670387268066,-5.81395673751831,-15.7682847976685,-3.68742179870605,-8.30357933044434,-11.491859436035199,-3.41570091247559
184.0,sub-0126,ses-01,run-04,pain,TPJ,282,cueH_stimH,14.6131057739258,7.20922183990479,0.140432357788086,-15.156063079834,5.326820373535161,-5.49164342880249,1.6873941421508798,-1.48528146743774,-3.6425182819366495,3.60418653488159,8.274538993835451,-0.463669806718826,15.539303779602099,2.03188729286194,1.74694681167603,-1.70001840591431,-0.0338495969772339,-9.81429386138916,9.12686347961426,-39.1500015258789,-4.62801456451416,-9.00281238555908,-22.6799659729004,-6.565601348876951,-0.8542761802673341,11.0757350921631,-2.10099411010742,-8.58373165130615,6.15400886535645,-0.935419082641602,5.57826137542725,16.3267116546631,3.36677122116089,13.1154270172119,-2.5513916015625,-11.7296056747437,-21.3157920837402,-4.84915542602539,-8.319628715515138,12.8749465942383,5.30976104736328,1.12129974365234
185.0,sub-0126,ses-01,run-04,pain,TPJ,282,cueL_stimH,-21.8661193847656,-11.9936265945435,9.1729850769043,-8.69462394714355,10.9173488616943,-8.00467681884766,-16.887104034423803,-0.201486110687256,-6.38637447357178,-11.388765335083,-7.51916360855103,11.328240394592301,-3.05736541748047,-9.96927165985107,-34.115421295166,5.48059415817261,-11.6915817260742,-2.4887461662292503,0.646963596343994,2.50264739990234,2.07588958740234,-1.11066794395447,-16.607765197753903,-7.16175079345703,-5.0027151107788095,5.86586332321167,1.05905532836914,-0.0667219161987305,-10.7281360626221,12.5680255889893,14.1400833129883,-7.4313631057739284,27.6164531707764,3.09589004516602,8.97521591186523,-27.034427642822298,-15.075645446777301,-11.8127918243408,6.52771139144897,9.12108612060547,-0.4380719661712649,-8.22038841247559
186.0,sub-0126,ses-01,run-04,pain,TPJ,282,cueH_stimM,12.5715484619141,-12.5774269104004,-13.079795837402301,-16.8389358520508,-0.996915817260742,-5.86868810653687,-16.130718231201197,1.63993859291077,7.82821083068848,0.821515321731567,2.60429787635803,5.67177677154541,9.26758193969727,10.8429908752441,-10.0865316390991,-4.138301372528081,-13.7888708114624,15.921426773071301,6.08738374710083,8.97199249267578,4.75049114227295,4.83463001251221,7.2748718261718786,8.82891845703125,-3.29518795013428,-3.6854534149169904,-1.8038158416748,0.911540508270264,18.7863368988037,8.138503074646,10.725794792175302,6.40834999084473,32.079273223877,22.271141052246104,2.2267541885376,0.775402069091797,-4.233154296875,5.362274169921879,5.242637634277339,26.0629692077637,-15.167414665222196,-3.33869218826294
187.0,sub-0126,ses-01,run-04,pain,TPJ,282,cueL_stimM,-2.67819595336914,2.40219497680664,0.593768119812012,-0.877618789672852,-1.79273366928101,-24.208673477172894,-12.776805877685499,-19.256254196167,-29.7135925292969,-2.05668210983276,-8.74943351745605,-4.36548805236816,-4.40848255157471,-8.96025276184082,-12.2628498077393,-0.15505695343017598,-5.85309934616089,-16.6118412017822,-9.74780654907227,-3.1327528953552206,21.2721672058105,16.744686126709002,-3.1552934646606405,14.2584390640259,6.513354778289791,14.3984928131104,9.36696529388428,-12.1941204071045,-5.410701751708982,5.3199968338012695,-15.2838382720947,15.873453140258801,9.84760570526123,18.141752243042,-3.83498573303223,-27.0295715332031,-21.425815582275398,4.84221458435059,-10.5684947967529,-0.8989834785461429,-6.179508209228518,-29.0314254760742
188.0,sub-0126,ses-01,run-04,pain,TPJ,282,cueH_stimL,16.1165161132812,5.817608833312991,2.38139724731445,11.474979400634801,-9.708855628967287,-13.713610649108901,-4.15344762802124,-1.1548367738723797,3.45659971237183,5.40451002120972,-9.56048583984375,-6.54733848571777,3.1012010574340803,5.28389644622803,10.182477951049801,-3.34551334381104,-11.5540189743042,1.87114238739014,-17.314744949340803,-23.8017883300781,-5.637134075164791,10.2163038253784,19.155345916748,10.1869869232178,-20.180591583252,-16.6032028198242,-19.5313091278076,2.86634612083435,5.712116241455081,16.4773445129395,-9.811380386352539,-15.8898372650146,10.0149030685425,-5.33851385116577,0.976412773132324,-11.336894035339403,0.735668182373047,-20.6800537109375,-0.0540637969970703,3.04308557510376,14.4684314727783,-3.45873165130615
189.0,sub-0126,ses-01,run-04,pain,TPJ,282,cueL_stimL,-7.410594940185549,-5.746874809265139,-0.703470230102539,-5.716601371765139,17.1597652435303,19.7052993774414,27.498571395874,20.201000213623,3.47392797470093,6.638642311096191,1.7799466848373402,6.77947759628296,-4.90713310241699,-20.3294677734375,-4.19379281997681,1.62437057495117,-12.5466594696045,-11.792241096496598,-2.90887546539307,0.92807149887085,10.5062952041626,5.49322175979614,11.3770208358765,15.0622615814209,-4.17214393615723,-1.9226999282836896,-24.1671829223633,0.81190687417984,-0.285615563392639,-8.14482879638672,12.462196350097699,-0.648799896240234,-5.07136344909668,2.29127407073975,-2.52918767929077,24.4983749389648,9.67143821716309,2.91243743896484,-1.24647378921509,-19.0723152160645,-15.2933959960938,-1.1151638031005902
190.0,sub-0126,ses-01,run-04,pain,TPJ,282,rating,0.42974853515625,3.82310390472412,7.993656158447268,6.265583038330081,4.08101940155029,0.136878967285156,-8.143664360046388,-4.49557971954346,-2.10713958740234,-5.6460676193237305,-3.1497955322265603,-1.09685325622559,-2.4155158996582,-12.2973785400391,-5.21211242675781,-7.2333259582519505,-0.845256805419922,3.865536689758299,2.08887672424316,3.90227508544922,-8.33622360229492,-8.131848335266112,-4.4124059677124015,2.80139255523682,2.33104228973389,0.9510478973388672,1.27841806411743,-5.7630949020385716,-3.31157946586609,7.40315818786621,8.23547840118408,9.02493858337402,6.193893909454348,-0.748685121536255,-6.83689975738525,-7.7411060333252,-8.44141101837158,-4.53112745285034,-5.20831871032715,4.17798662185669,-3.242837429046629,-11.2954788208008
191.0,sub-0126,ses-01,run-04,pain,TPJ,282,cue,9.522562980651859,0.0875034332275391,-4.10577583312988,-4.38630771636963,-5.21820831298828,1.3406381607055702,5.631230354309079,0.547682762145996,-4.847070693969731,-18.4980144500732,-9.60616493225098,4.33692264556885,-1.00871229171753,3.18059539794922,-13.120512962341301,-9.92806816101074,-3.5709457397460898,-6.03936004638672,3.2982330322265603,5.483341217041018,-3.53054428100586,-7.94419860839844,-3.3145055770874,-5.94991588592529,-5.15374755859375,2.63130903244019,2.43382835388184,-8.16794109344482,-10.374850273132301,-13.243380546569801,-16.0702075958252,-10.685688972473098,-5.09133005142212,-8.84858798980713,-7.47724103927612,-11.8546314239502,-10.4873676300049,-23.0180931091309,-11.894395828247099,-8.41983127593994,1.09795594215393,-8.05563545227051
192.0,sub-0126,ses-01,run-05,vicarious,TPJ,277,cueH_stimH,0.23831772804260296,13.279773712158198,20.6708374023438,21.883258819580107,14.9870767593384,10.404956817627,-6.73662900924683,1.10394930839539,-6.24979209899902,-4.26684761047363,-12.3255615234375,2.1727232933044403,0.7250854969024659,-1.32972025871277,-17.6065273284912,-5.91424465179443,12.769995689392099,-7.05816555023193,11.1857738494873,-7.0930891036987305,8.34090518951416,1.76602351665497,16.5904884338379,1.67442762851715,3.9933161735534703,9.16719341278076,22.1478805541992,10.000205993652301,6.03865480422974,15.996929168701199,6.47016954421997,8.50909519195557,11.137552261352502,12.2477874755859,12.194220542907699,22.6593360900879,19.9194183349609,12.5433740615845,20.223697662353498,5.0236234664917,7.40616607666016,3.12701606750488
193.0,sub-0126,ses-01,run-05,vicarious,TPJ,277,cueL_stimH,-13.0986156463623,-9.18381500244141,-9.13639450073242,7.3104553222656214,-18.2913818359375,-8.05213356018066,-26.262634277343803,-10.9191989898682,-19.511419296264602,-1.10746943950653,2.2560219764709504,9.1204080581665,2.9950146675109903,1.25532865524292,8.433900833129881,14.151144027710002,20.691326141357397,4.30911302566528,16.7047004699707,-0.164984583854675,-4.825072288513179,-4.04781436920166,14.4344062805176,3.84407901763916,4.839928150177,-7.18238162994385,-11.7937183380127,-2.5513153076171897,-9.0797119140625,12.7235555648804,15.421834945678699,-3.8523178100585898,5.62469482421875,-8.90121459960938,-1.3966979980468797,-1.09226608276367,12.9599361419678,11.588358879089403,-8.9493465423584,-9.08449935913086,-17.065788269043,-20.885299682617198
194.0,sub-0126,ses-01,run-05,vicarious,TPJ,277,cueH_stimM,-13.6091756820679,-12.091118812561,-11.503654479980499,-6.16794300079346,4.43730211257935,-11.157808303833,3.20795011520386,-14.135997772216802,10.2055292129517,-3.26310968399048,6.36925220489502,-2.01804947853088,-19.4103622436523,-1.25423908233643,8.20393848419189,4.64336919784546,-3.89378213882446,-13.393418312072802,-0.961408853530884,7.513567924499509,17.4852409362793,5.450213432312009,15.303112983703599,4.22535991668701,-0.256208658218384,-1.00669693946838,12.028210639953599,9.163351058959961,5.36393737792969,-8.58991527557373,-6.44364261627197,9.22440719604492,-18.438611984252894,7.1051754951477095,4.41014814376831,6.830665111541751,3.2532567977905296,-1.3503532409668002,-15.106421470642099,-5.37853813171387,10.1685371398926,0.521659851074219
195.0,sub-0126,ses-01,run-05,vicarious,TPJ,277,cueL_stimM,-11.8343181610107,0.16909217834472698,7.2555980682373,0.917623162269592,2.9550936222076403,-10.148212432861301,5.849579334259031,-9.11988353729248,7.780457019805911,-6.107421398162839,-14.457681655883801,-3.23153209686279,-2.3509900569915803,11.061851501464801,-1.26608228683472,9.564146041870119,2.10183930397034,6.84349060058594,-1.29757404327393,1.55342543125153,10.6011657714844,3.26421761512756,17.6193885803223,15.5227699279785,2.63910865783691,-9.924872398376461,-6.02463531494141,-4.46216535568237,19.020587921142603,7.96647071838379,22.1237392425537,12.013695716857901,-0.723596572875977,-11.3795318603516,7.47108268737793,-0.440792083740234,-14.494049072265598,0.607573866844177,-7.911789894104,-3.4040727615356405,-6.172674179077151,8.71843719482422
196.0,sub-0126,ses-01,run-05,vicarious,TPJ,277,cueH_stimL,-15.0092420578003,10.315167427063,-2.54724788665771,1.06872963905334,-8.29904937744141,-15.6645069122314,2.51264095306396,-18.470628738403303,-0.975775718688965,0.856310486793518,-23.5205917358398,-9.14954566955566,-20.103572845459002,-39.5203094482422,-15.7926435470581,-2.67909049987793,-0.082362174987793,0.7112421989440921,-2.4341356754303,-1.3389570713043202,17.184982299804698,16.46923828125,17.0270576477051,13.0861463546753,12.224499702453599,-3.54154825210571,0.432270050048828,-1.87592244148254,8.98203277587891,10.528018951416,7.588795661926269,-5.006126403808589,3.10601139068604,-6.43981170654297,6.2787947654724094,2.3715190887451203,5.64016580581665,3.06508922576904,4.66416358947754,-7.71264362335205,-0.7521743774414059,2.83126831054688
197.0,sub-0126,ses-01,run-05,vicarious,TPJ,277,cueL_stimL,-2.20724248886108,5.08210325241089,7.8825349807739284,26.839553833007802,15.7771244049072,-6.50184631347656,1.9635725021362296,4.689857006073,5.36057996749878,17.483421325683597,11.377584457397498,0.556704521179199,-2.32994413375854,-3.78691577911377,-2.7611258029937704,1.30164647102356,24.399612426757802,21.663621902465806,18.628108978271502,8.47402381896973,7.41557121276855,5.31270217895508,2.528504371643069,18.4091186523438,19.5378246307373,9.30207061767578,6.9832267761230495,8.57867431640625,6.33093452453613,24.466817855835,21.2838745117188,18.194776535034197,12.540678024292,1.08263397216797,-3.614990234375,-1.49045729637146,-6.2667441368103,-4.03130769729614,0.6076066493988039,12.8086977005005,-23.0151386260986,0.335214495658875
198.0,sub-0126,ses-01,run-05,vicarious,TPJ,277,rating,4.4154782295227095,1.09367334842682,9.227375984191893,6.738399505615232,5.3993878364563,4.3328118324279785,3.62915968894958,5.82552719116211,4.73643350601196,4.4598650932312,0.82192325592041,8.32695865631104,6.05481624603271,6.09721374511719,8.152587890625,10.935089111328098,5.4694929122924805,3.55050945281982,3.61680793762207,4.479750633239751,5.0614767074585005,12.706052780151401,7.548718452453611,9.50902938842773,8.47433662414551,6.10987424850464,0.97762393951416,3.509396553039549,4.70374250411987,1.852867603302,2.79467749595642,8.427975654602049,0.994085252285004,9.078592300415039,3.99991226196289,7.60130262374878,8.35820007324219,5.04484176635742,6.53363132476807,0.188856601715088,1.38123321533203,-0.637534141540527
199.0,sub-0126,ses-01,run-05,vicarious,TPJ,277,cue,0.7651648521423341,1.43272399902344,0.8306961059570309,4.32413578033447,2.02436256408691,-0.129412561655045,-2.02216768264771,-3.45733141899109,-8.41390705108643,-2.33712768554688,0.619279146194458,-1.1069722175598102,-3.46349477767944,-2.13004565238953,-3.05712842941284,6.91162776947021,1.05772686004639,-4.292779922485351,-0.96923828125,0.7448444366455079,-4.81447219848633,-3.9689283370971697,3.17418766021729,3.3853540420532204,0.253544807434082,-2.3340048789978,-13.892618179321301,-5.2286319732666,-3.79132843017578,4.88691902160645,-1.74864053726196,9.04641151428223,3.5123379230499303,7.2848949432373,4.42258405685425,10.0601625442505,2.34986686706543,12.4261999130249,8.72587299346924,-3.2217223644256605,-2.80656981468201,3.70291662216187
200.0,sub-0126,ses-01,run-05,vicarious,TPJ,278,cueH_stimH,-2.7144513130188,-1.58655869960785,4.109100341796879,5.035987854003911,7.96445274353027,7.3664288520813,4.923444271087651,3.68329524993896,-3.4523963928222696,9.150800704956053,0.733033061027527,13.804802894592301,2.47849941253662,-2.05371952056885,-0.22873342037200894,6.313288688659671,8.36405372619629,4.02708053588867,3.9137001037597696,1.54123020172119,-2.41904211044312,-2.7980096340179403,6.47410488128662,-5.83332300186157,-1.51873230934143,1.4008016586303702,-0.7523751258850101,-5.85060119628906,-0.8380126953125,5.2555227279663095,1.92690467834473,-4.03048038482666,-0.796960353851318,2.6050038337707497,-2.67287158966064,1.14729070663452,3.43371677398682,10.9069976806641,3.42222499847412,4.50555038452148,-2.99814987182617,0.109142303466797
201.0,sub-0126,ses-01,run-05,vicarious,TPJ,278,cueL_stimH,-5.01684522628784,-7.3815011978149405,-3.82134032249451,8.15492630004883,-6.47076320648193,-5.25514793395996,-9.58272552490234,-0.26901388168335,1.87176525592804,8.2914981842041,11.726236343383801,16.512008666992198,15.617307662963901,11.7205104827881,6.627038478851321,16.746017456054698,27.2762126922607,26.1825485229492,23.5342102050781,9.02964782714844,-3.39367413520813,-3.11294412612915,5.4134831428527805,8.00810050964355,0.36092662811279297,-0.142335414886475,-1.8772902488708505,1.08314228057861,4.5876636505127,9.78041076660156,3.85638332366943,3.3479938507080096,-3.3594970703125,-10.0271492004395,-2.0163459777832,2.4713249206543,8.80898284912109,-1.1898307800293,0.0134220123291016,-5.106903076171879,-11.342255592346199,-6.10707139968872
202.0,sub-0126,ses-01,run-05,vicarious,TPJ,278,cueH_stimM,-10.287875175476099,-7.71669006347656,-6.907879829406741,-7.562862396240232,-1.9161448478698704,-12.187981605529801,-5.05521011352539,-1.4250819683074998,17.426082611084002,14.4302425384521,13.992133140564,13.9065742492676,11.9431858062744,3.16372299194336,12.277874946594201,3.7301394939422594,5.7530045509338406,1.4770040512085,0.627882957458496,2.5934591293335,1.5846700668335,2.7536153793335,7.7425045967102095,6.4055924415588406,-2.6217679977417,5.4888443946838406,3.996657371521,4.58735418319702,5.401686668396,6.520636081695559,-6.52614784240723,-2.95470523834229,1.4043073654174798,2.99857807159424,8.03439521789551,-9.962648391723633,-6.27858591079712,-9.315530776977539,-12.894279479980499,-9.95204544067383,-3.16803359985352,1.4838562011718797
203.0,sub-0126,ses-01,run-05,vicarious,TPJ,278,cueL_stimM,-8.439938545227049,-1.85818433761597,-6.086791515350339,-4.04170846939087,-5.19528579711914,-0.368487596511841,2.29163360595703,5.93383026123047,17.526168823242198,16.269115447998,11.322486877441401,15.1448631286621,9.40199565887451,1.7310631275177,8.96592712402344,5.990319728851321,11.8183183670044,3.7245051860809295,3.27907943725586,3.6833782196044895,6.07700252532959,11.941469192504899,9.82939910888672,13.747047424316401,6.7405300140380895,0.795882225036621,-1.67437696456909,-1.9393029212951696,7.856224536895749,6.32029676437378,12.5594120025635,5.44914436340332,-1.47498893737793,-0.462711334228516,-5.41509246826172,-4.77113723754883,-0.841156005859375,5.08267021179199,-5.150095462799071,-8.061413764953612,3.98454523086548,3.86072397232056
204.0,sub-0126,ses-01,run-05,vicarious,TPJ,278,cueH_stimL,4.99207496643066,4.44270467758179,-0.722281455993652,-3.25234627723694,-1.0277500152587902,-10.0211591720581,-11.7422704696655,-21.2195091247559,-2.21304774284363,-5.649742603301999,7.39406585693359,-3.4393067359924303,1.32135343551636,-10.388800621032699,-1.94307708740234,8.30673503875732,12.176882743835401,11.423039436340304,9.37582778930664,2.2268829345703103,4.11671733856201,1.01967263221741,5.35287237167358,-0.33312439918518105,-1.22299456596375,-10.6110877990723,-3.71530437469482,-6.955194473266599,-2.77088904380798,16.1282806396484,6.11352443695068,7.65279579162598,3.7773494720459,3.8934626579284703,9.528074264526367,1.44481086730957,-2.24809074401855,-3.2222886085510294,-3.5084195137023904,-3.15554428100586,-0.881823539733887,6.247516632080081
205.0,sub-0126,ses-01,run-05,vicarious,TPJ,278,cueL_stimL,-5.570734024047849,-2.0575127601623504,1.8151147365570104,6.56777191162109,10.7828121185303,19.0270824432373,8.86501312255859,-0.350196361541748,-1.12348818778992,11.630462646484402,9.725809097290039,18.6238746643066,8.28110027313232,7.03164148330688,3.85644578933716,7.64832496643066,17.6758499145508,9.538289070129393,14.2505941390991,2.90438771247864,4.78726387023926,2.7463755607605,5.62213277816772,13.339986801147498,25.391492843627898,10.3918466567993,3.5963568687439,10.437479019165,3.68872785568237,12.9303226470947,5.11304664611816,3.84456062316895,-7.7726001739502,-14.503143310546902,-21.3712158203125,-18.2627258300781,-22.2210006713867,0.76115894317627,-9.67918300628662,-7.73776006698608,-12.679431915283198,-4.15542268753052
206.0,sub-0126,ses-01,run-05,vicarious,TPJ,278,rating,2.18823909759521,2.96638107299805,3.44330978393555,0.339387595653534,-2.45776772499084,-4.24750804901123,-3.01507973670959,-2.0332715511322,-0.57137656211853,0.9815373420715328,-1.2584867477417,-2.4647159576416,0.0801734924316406,0.5051937103271479,1.04582977294922,1.02288055419922,-2.70738673210144,-4.14057445526123,-3.3862762451171897,-0.893563270568848,-0.26217937469482394,-0.329035997390747,-1.85992193222046,1.30138540267944,-3.03500938415527,-2.88346648216248,-2.94669699668884,1.3697332143783605,1.40564286708832,3.24249172210693,2.4152090549469,4.75187158584595,2.5886676311492898,2.50930619239807,5.03744697570801,-0.34876537322998,-1.65455341339111,0.7211164236068729,1.10833287239075,-2.58216190338135,-1.6018853187561002,-4.39206981658936
207.0,sub-0126,ses-01,run-05,vicarious,TPJ,278,cue,0.225891590118408,3.5787391662597696,5.01360321044922,-2.19187521934509,-1.9661371707916295,0.56657612323761,0.447050034999847,-2.2618191242217995,0.377712249755859,4.43640899658203,1.82467174530029,5.23959827423096,2.33370780944824,0.304978847503662,1.5445122718811002,2.38628768920898,1.04434013366699,6.63944053649902,-0.614114761352539,0.286083221435547,-0.5979976654052729,0.59665584564209,5.0221118927002,7.74282026290894,1.713862657547,0.8910061120986942,4.69222831726074,1.4172583818435702,6.1032438278198216,0.974897503852844,6.85416316986084,9.46852874755859,3.25829100608826,4.96809768676758,-3.80050373077393,1.93354082107544,1.37355220317841,1.06929135322571,-1.9400669336319,-0.8087676763534549,-6.28383541107178,3.88700270652771
208.0,sub-0126,ses-01,run-05,vicarious,TPJ,279,cueH_stimH,-17.6601505279541,-5.681958675384519,-9.94445037841797,-20.310525894165,-18.1467895507812,-18.5806045532227,-8.77398300170898,-7.62776756286621,2.1606810092926003,10.8539505004883,5.67336082458496,28.797283172607397,-6.15564250946045,24.340965270996104,-7.00367546081543,23.685968399047894,-11.888267517089801,-7.94957494735718,-23.1232757568359,-15.336785316467301,-38.5219078063965,-28.862064361572298,-19.674358367919897,-19.5468692779541,-8.79647922515869,-30.8089237213135,-24.1802139282227,-36.0446929931641,-39.1781158447266,-14.9855270385742,-37.7511024475098,-11.833433151245101,-21.2665519714355,-12.5205974578857,-31.2632350921631,-11.412290573120101,-33.154109954834,-5.69371891021729,-5.10019111633301,14.5084962844849,-14.243223190307601,8.680419921875
209.0,sub-0126,ses-01,run-05,vicarious,TPJ,279,cueL_stimH,4.22371482849121,4.28961944580078,-13.0612440109253,7.57069540023804,-12.6175365447998,0.30821663141250605,-18.0748138427734,-1.4041233062744098,-4.801965713500981,8.55064582824707,9.54875755310059,13.6612300872803,17.939136505127,9.80971813201904,6.217772960662839,-6.65093660354614,-1.59303069114685,-10.7113828659058,-10.3917207717896,-16.1006278991699,-28.3886528015137,-29.0596199035645,-40.337928771972706,-18.718147277832,-33.686737060546896,-5.958134651184079,-17.9606113433838,-7.36789846420288,-9.96831130981445,2.42043972015381,1.59633350372314,-5.600162506103518,10.2472839355469,-11.9176807403564,-19.040695190429695,-14.988258361816401,-2.63879823684692,-1.28679656982422,14.163331985473599,5.508052825927732,22.7554244995117,-2.65149974822998
210.0,sub-0126,ses-01,run-05,vicarious,TPJ,279,cueH_stimM,2.1575255393981903,-9.66333389282227,-10.3591775894165,-4.26384782791138,2.31584358215332,-5.49253177642822,-10.5460901260376,1.39154899120331,3.44815063476562,-11.6543846130371,13.5916290283203,9.951658248901367,15.962908744812,5.59155178070068,9.16880798339844,1.83139050006866,-6.67386436462402,-8.10318565368652,-11.4381446838379,-20.3543949127197,-19.4990482330322,-41.2179183959961,-23.460596084594695,-12.6900978088379,-23.449609756469695,-14.3404884338379,-38.2676010131836,-15.1404762268066,-28.0071334838867,-26.133728027343803,-36.1960563659668,-32.139636993408196,-36.8947257995605,-40.613861083984396,-12.732452392578098,-20.877273559570305,-8.69919490814209,-14.175068855285597,-19.9681797027588,-22.531194686889602,-17.7118530273438,-23.245285034179698
211.0,sub-0126,ses-01,run-05,vicarious,TPJ,279,cueL_stimM,-11.939859390258801,-21.645704269409197,-17.2997703552246,-6.477056980133059,-11.2845010757446,-9.49848937988281,0.16979992389679,9.15989589691162,8.11046409606934,22.7611865997314,16.63671875,14.605377197265598,32.816951751709,22.151659011840806,12.3234806060791,20.1590309143066,-2.813107490539549,17.9084739685059,-1.9891049861908,-0.21934607625007604,-1.25583481788635,-11.589236259460401,-5.653576850891111,13.1401586532593,9.523783683776859,-10.4149761199951,-10.1603412628174,-15.8716468811035,-4.2542839050293,-0.94880485534668,11.4365396499634,5.919109344482419,-6.35978698730469,3.81691646575928,-1.78861427307129,10.281982421875,-6.10655212402344,22.5727043151855,-0.554818630218506,14.2914695739746,1.00314283370972,9.77900409698486
212.0,sub-0126,ses-01,run-05,vicarious,TPJ,279,cueH_stimL,-2.8112382888793905,-3.6949057579040496,3.2522535324096697,10.612325668335,-0.558842062950134,7.34698629379272,3.75706458091736,-5.08505535125732,17.9030227661133,10.862585067749,26.9716453552246,8.82057285308838,41.2280120849609,15.629693031311,16.901020050048803,16.921653747558597,15.977932929992699,14.596595764160199,4.218439102172851,-5.87585210800171,6.717114448547361,-23.7458648681641,-22.447744369506804,-13.8055429458618,-28.1177616119385,-32.1097640991211,-28.8990116119385,-13.8404359817505,-23.9135913848877,-27.3852653503418,-14.6041793823242,-9.93243026733398,-29.9911727905273,-16.6185722351074,-18.9938869476318,-1.5555102825164802,-19.3281402587891,-21.5225620269775,-6.428429126739499,-10.884020805358901,-4.39105224609375,-15.566913604736301
213.0,sub-0126,ses-01,run-05,vicarious,TPJ,279,cueL_stimL,-5.920147895812991,-4.4299898147583,13.9108180999756,4.52721405029297,2.91785717010498,0.825726509094238,-2.80068302154541,6.51426362991333,-5.21706676483154,-3.27641034126282,-16.0003700256348,13.5348834991455,-9.8615665435791,-5.81148290634155,-1.4714126586914098,5.30702590942383,-15.625347137451199,-15.849724769592301,0.7086526155471801,-23.5497093200684,-21.921974182128896,-27.015621185302702,-27.1327934265137,-26.5820846557617,-15.764662742614698,-27.978248596191396,-10.981449127197301,-6.083675384521482,-13.235837936401401,0.0707931518554688,1.3268394470214802,7.11196136474609,-7.03329086303711,1.09220886230469,-0.423095703125,20.0190696716309,-9.24924373626709,15.043092727661099,7.14323329925537,17.2594833374023,24.1632862091064,5.6052336692810085
214.0,sub-0126,ses-01,run-05,vicarious,TPJ,279,rating,3.5808892250061,1.63773930072784,1.4680655002594,-3.2113471031189,-1.63073182106018,-0.8252549171447751,-0.842128992080688,-4.07427978515625,-0.8842825889587399,3.62494373321533,11.063585281372099,7.75187110900879,8.23630428314209,10.1431102752686,8.92763519287109,-0.663169860839844,-8.797731399536131,-9.65777206420898,-19.255046844482397,-23.655248641967802,-30.9158992767334,-25.7688007354736,-21.7880172729492,-16.333961486816403,-22.7052059173584,-19.9991016387939,-15.152679443359402,-15.822181701660199,-11.211536407470698,-7.0596923828125,-13.4900341033936,-10.0641117095947,-15.141303062439,-12.870849609375,-8.33968544006348,-7.27880716323853,-12.7475099563599,-9.5161075592041,-9.53171539306641,-5.30914974212646,-2.10870552062988,-10.2723398208618
215.0,sub-0126,ses-01,run-05,vicarious,TPJ,279,cue,-11.847431182861301,-11.4823093414307,-14.8774127960205,-10.5514240264893,-21.888784408569304,-11.638486862182601,-13.9608755111694,-3.67154026031494,-2.38509654998779,-3.20815944671631,-5.19322061538696,0.31139612197876004,-1.29107046127319,-0.807421207427979,-3.26374053955078,2.66336059570312,4.23858642578125,0.38340950012207,-2.9756259918212904,-2.77834701538086,0.7874164581298829,4.836304664611821,0.633589744567871,10.9026222229004,7.43803405761719,9.749589920043947,11.6685438156128,4.52564764022827,7.66220998764038,1.04954171180725,4.83907413482666,-0.228106021881104,-1.0590705871582,-7.75852203369141,-11.7177743911743,-2.60331654548645,-15.8376979827881,-3.89597272872925,-10.137225151062,-0.5487742424011229,-13.473473548889196,0.224085092544556
216.0,sub-0126,ses-01,run-05,vicarious,TPJ,280,cueH_stimH,-18.539903640747106,-17.5861015319824,-23.1794052124023,-18.637882232665998,-8.463942527771,-16.8509731292725,-9.84800338745117,-3.9087576866149902,5.4378328323364284,2.62308812141418,13.334736824035597,26.137565612793,30.6047744750977,20.6137638092041,12.9368019104004,27.646577835082997,32.1142539978027,25.2954292297363,19.5734558105469,6.7635807991027805,-6.78407096862793,-10.1728363037109,-11.456470489502001,-14.004209518432601,-19.900737762451197,-18.7783164978027,-27.612190246582,-28.185113906860398,-18.8276348114014,-22.512088775634798,-19.5026912689209,-18.863655090332,-18.8545970916748,-17.7404842376709,-14.739972114563,-13.5832366943359,-9.10203838348389,-7.63580226898193,5.80271816253662,5.27106666564941,-6.05195808410645,-1.8344535827636697
217.0,sub-0126,ses-01,run-05,vicarious,TPJ,280,cueL_stimH,-5.43550443649292,-1.55368590354919,4.00615692138672,11.4794311523438,1.72330868244171,-5.68692255020142,-6.07533836364746,-9.915913581848141,-7.72634220123291,2.66128659248352,10.153328895568801,22.4347877502441,13.562235832214403,10.3417110443115,10.2775449752808,15.304171562194801,30.8119411468506,21.074462890625,16.6680774688721,5.11484622955322,-15.2020721435547,-13.267452239990199,-5.54692602157593,-8.39781856536865,-4.03005790710449,-5.36987400054932,-17.4779968261719,-3.70442962646484,-15.3954734802246,2.9772558212280296,9.70248699188232,6.14028358459473,4.134063720703121,-20.5615005493164,-11.822010040283198,-7.946407318115232,10.9028759002686,12.9926919937134,27.657621383667003,13.6274871826172,7.729802131652829,0.596713423728943
218.0,sub-0126,ses-01,run-05,vicarious,TPJ,280,cueH_stimM,-14.0149250030518,-19.4107608795166,-5.732775688171389,-1.9793984889984095,-4.04903030395508,-14.8000831604004,-12.4758834838867,-0.8945078849792479,18.5351333618164,6.17801237106323,12.880835533142099,19.1550388336182,16.1750469207764,0.4728839397430421,20.699527740478498,11.7599449157715,13.0533103942871,-2.780024766922,-7.87426328659058,-7.65746641159058,-12.102169036865199,-24.1440410614014,-32.730133056640604,-27.018461227417003,-28.553617477417003,-39.991004943847706,-33.078155517578104,-23.5643157958984,-18.852558135986303,-21.8715496063232,-25.2342357635498,-24.9201259613037,-28.2681617736816,-22.5549240112305,-15.136999130249,-8.42749691009521,-13.6879796981812,-13.7367820739746,-17.2958374023438,-22.002784729003896,-17.709430694580103,-5.87975311279297
219.0,sub-0126,ses-01,run-05,vicarious,TPJ,280,cueL_stimM,-6.692951202392581,0.849571347236633,-0.689383983612061,-3.1487395763397203,-7.7079348564147905,-19.302598953247106,-12.671862602233901,3.77829551696777,13.969388961792,23.459514617919893,15.8495349884033,20.7906551361084,22.6152496337891,27.8225479125977,31.7385139465332,36.361778259277294,29.992563247680696,34.1281051635742,13.842420578002901,14.356143951416,15.001453399658198,5.25616264343262,9.17265701293945,7.62862062454224,13.556043624877901,4.77967119216919,-7.90289306640625,-18.0213375091553,-0.988038063049316,-8.514316558837889,5.26804542541504,1.89359569549561,-1.32722854614258,7.83452033996582,0.17812156677246102,1.0046958923339802,2.2779350280761697,16.364130020141598,0.551945686340332,1.48269319534302,7.3978385925292995,6.16958045959473
220.0,sub-0126,ses-01,run-05,vicarious,TPJ,280,cueH_stimL,5.42722511291504,6.74902105331421,7.3437223434448216,2.4637684822082497,11.4107418060303,-0.8145840167999271,-20.0906677246094,-10.032205581665,2.51928567886353,7.795781135559079,16.788795471191403,25.816209793090806,17.713182449340803,1.63549995422363,7.72141551971436,28.7320957183838,27.6186790466309,32.0020217895508,22.967037200927702,6.2202243804931605,-0.239961624145508,-12.739461898803699,-9.862302780151367,-20.904644012451197,-19.0498008728027,-18.6235313415527,-22.1999778747559,-25.6896438598633,-18.5126838684082,-8.087156295776369,-5.06015825271606,-1.5124399662017802,-4.17870044708252,-11.305370330810499,-5.66057014465332,-14.979138374328599,-18.104059219360398,-15.680945396423304,-23.348747253418,-18.188919067382802,-19.3505172729492,-3.61337661743164
221.0,sub-0126,ses-01,run-05,vicarious,TPJ,280,cueL_stimL,-10.4241218566895,-12.5120944976807,-8.91712856292725,3.02484750747681,4.81083154678345,10.5456199645996,-0.66153621673584,-13.536959648132301,-11.0416679382324,6.301509857177732,10.0776491165161,27.357765197753896,8.665416717529299,13.5866613388062,12.1371307373047,12.4536733627319,11.837747573852502,21.5959281921387,18.3115615844727,2.6727299690246604,-3.89261794090271,-14.3114070892334,-18.5308628082275,-7.87605381011963,8.68694305419922,-7.09387969970703,1.47621202468872,-6.66452980041504,-3.16754579544067,3.73762702941895,6.3495817184448216,11.795665740966802,9.507608413696287,-3.50339126586914,-11.4814453125,-6.48359680175781,-0.153008937835693,14.4597778320312,22.480491638183604,26.7530193328857,8.83246898651123,4.66005754470825
222.0,sub-0126,ses-01,run-05,vicarious,TPJ,280,rating,1.5898818969726598,1.9160351753234897,2.84041571617126,-0.342086732387543,-7.402381420135501,-10.3604917526245,-7.24061489105225,-5.53719425201416,0.22145676612854,2.9864726066589395,-0.795116901397705,-2.389723777771,-5.48470592498779,-3.43097114562988,-2.55269622802734,-1.01645660400391,-8.08538246154785,-7.76864862442017,-15.781085014343299,-17.9293155670166,-20.625045776367198,-18.538227081298803,-18.6366691589355,-16.2396259307861,-15.9868946075439,-17.837965011596697,-14.6575508117676,-9.59056282043457,-9.59841442108154,-7.91968297958374,-9.03995227813721,-4.0959358215332005,-8.43492221832275,-8.181516647338869,-5.7595930099487305,-7.17352151870728,-9.03637981414795,-6.07752799987793,-4.41283416748047,-7.10446405410767,-7.1644392013549805,-11.402307510376
223.0,sub-0126,ses-01,run-05,vicarious,TPJ,280,cue,-9.89207458496094,-7.858585357666018,-12.578136444091802,-12.5264453887939,-10.105461120605499,-4.58043622970581,-3.49307179450989,-2.6424927711486803,1.37513875961304,5.847467422485349,6.97440481185913,6.71528196334839,6.539856433868411,1.07006740570068,-2.50567483901978,1.66841125488281,1.84754180908203,3.91375160217285,0.0141525268554688,1.05315589904785,0.294912338256836,-0.12514591217041002,3.3808612823486297,14.1320199966431,11.784100532531701,11.7981958389282,10.166165351867699,4.78299379348755,9.93274784088135,3.21983957290649,7.1181468963623,8.27173900604248,3.12530899047852,0.548329830169678,-1.38876938819885,-4.73760175704956,-0.924625992774963,7.23593997955322,2.01187896728516,-4.57463836669922,-6.56286096572876,-2.3984723091125497
224.0,sub-0126,ses-01,run-05,vicarious,TPJ,281,cueH_stimH,19.3610858917236,-6.18595027923584,-1.7400301694870002,-17.9968376159668,12.956157684326199,14.661109924316401,-2.4726717472076403,-1.88920307159424,-12.952289581298801,-17.0135765075684,7.68771839141846,5.671710014343259,12.3590087890625,-11.1442432403564,-7.639910697937009,-19.0606060028076,-6.83976554870605,-18.2843246459961,-10.9721393585205,21.816011428832997,-20.578449249267603,-11.7824649810791,-3.4373936653137203,19.6564636230469,9.26408958435059,-9.5401554107666,3.8305420875549294,3.89024901390076,3.9252791404724094,-0.197277545928955,5.19431924819946,17.123233795165998,7.32419300079346,-4.16432523727417,10.9772491455078,-13.683753967285199,1.14540147781372,24.122234344482397,18.621547698974602,19.397884368896502,22.9847984313965,14.081398010253901
225.0,sub-0126,ses-01,run-05,vicarious,TPJ,281,cueL_stimH,-4.31957340240479,-28.490087509155305,-21.7425003051758,12.7633533477783,-0.346226692199707,-16.833814620971697,-8.17181968688965,7.0283951759338406,-9.84910678863525,-7.187564849853518,-7.62346649169922,7.818799018859861,-7.75338506698608,-8.2245626449585,-17.993343353271502,-11.907039642334,-17.6871643066406,7.99422216415405,-6.07867431640625,17.9535350799561,-0.0842746496200562,-12.517779350280799,9.48537063598633,7.86537075042725,3.49758529663086,12.742339134216301,3.94433689117432,8.41122531890869,9.06531620025635,-12.6607999801636,-10.5830020904541,13.7971992492676,8.80706787109375,-13.829620361328098,-4.78648376464844,-5.75102233886719,-11.4191188812256,9.136027336120607,21.6640472412109,-1.11112022399902,7.187077522277829,-3.4328761100769003
226.0,sub-0126,ses-01,run-05,vicarious,TPJ,281,cueH_stimM,-8.20264625549316,10.182762145996099,-6.0330905914306605,4.46643781661987,12.034952163696301,11.4253387451172,6.93477535247803,16.567935943603498,33.816921234130895,10.167076110839801,6.79275274276733,29.780841827392607,28.273286819457997,23.1881675720215,11.1235952377319,13.885702133178699,11.0243339538574,7.92228364944458,13.3946971893311,8.91776657104492,-4.00557470321655,2.08512258529663,10.8962821960449,1.14615392684937,14.3180370330811,-7.87813520431519,-16.36594581604,-7.744671821594241,9.8550910949707,12.6100969314575,11.2500247955322,-12.511999130249,-10.0067386627197,-19.3373622894287,-13.262507438659696,22.733530044555696,-13.741676330566401,4.68449020385742,-14.329704284667999,-20.6047592163086,-15.570737838745101,-4.21202850341797
227.0,sub-0126,ses-01,run-05,vicarious,TPJ,281,cueL_stimM,3.3395011425018297,-39.4601593017578,2.84378719329834,-17.6591262817383,-11.256134033203098,-22.825080871582,-21.650072097778306,-7.05541038513184,3.2337021827697794,-0.5955400466918951,-6.9076228141784695,3.3403987884521498,7.595577239990232,8.70401954650879,5.96666812896729,-17.629825592040998,2.94001936912537,12.804323196411099,5.70919418334961,7.21539306640625,-5.13971710205078,12.010274887084998,19.6313800811768,35.1090126037598,35.9531021118164,21.0199089050293,4.04475736618042,-11.638920783996598,-0.451799392700195,-7.6013703346252415,-18.3107872009277,6.90143489837646,-13.194224357605,13.961219787597699,-10.417020797729501,3.5360069274902304,6.42089080810547,14.8520059585571,10.920738220214801,-6.16347408294678,-0.4719817638397221,-24.3434410095215
228.0,sub-0126,ses-01,run-05,vicarious,TPJ,281,cueH_stimL,-7.19081687927246,-22.1293964385986,13.372766494751,8.45116519927979,13.3676509857178,19.4320850372314,11.374351501464801,-14.494874954223599,-14.628960609436,9.33319568634033,16.7970371246338,26.6809425354004,20.1776084899902,17.8972244262695,1.6081423759460405,3.11854887008667,25.0780353546143,33.1929588317871,6.219623565673831,0.7854788303375241,28.171382904052702,-4.812750339508058,-14.651459693908699,12.954517364502001,13.7977123260498,1.47818899154663,17.5182857513428,9.86997699737549,13.915488243103,-8.11002635955811,15.507067680358901,21.902090072631804,10.664097785949698,-0.0217304229736328,10.854284286499,-0.977096080780029,-4.89919662475586,15.353982925415002,24.0193710327148,6.30993556976318,21.5395336151123,3.76755142211914
229.0,sub-0126,ses-01,run-05,vicarious,TPJ,281,cueL_stimL,-22.3089332580566,-22.0917797088623,-25.252744674682607,-3.21732139587402,25.7721328735352,28.6083335876465,-18.9402008056641,-19.9302043914795,-7.4739656448364284,-18.637506484985398,-2.01987385749817,16.6387901306152,7.88543891906738,11.1539993286133,-16.5903625488281,3.8880090713501,-6.32191610336304,-4.761643409729,14.4048519134521,14.2739706039429,6.056695461273191,23.7856616973877,-7.25762939453125,-2.61515092849731,-0.0646257400512695,7.68861722946167,9.09899520874023,-2.67881965637207,-7.62087869644165,0.999951362609863,-0.8251056671142579,12.1671047210693,12.846565246582001,-19.5240631103516,2.2034912109375,-27.2860431671143,-24.7233963012695,19.0304222106934,12.7305545806885,15.2865381240845,11.6376447677612,6.42476511001587
230.0,sub-0126,ses-01,run-05,vicarious,TPJ,281,rating,3.26606369018555,-1.72102236747742,0.7160862684249879,-2.6759490966796897,-0.7487773895263671,1.22514867782593,-0.5476820468902589,2.77453541755676,2.54930925369263,15.3949031829834,5.809519767761231,3.39986038208008,2.9790000915527304,0.3353271484375,2.7232894897460898,0.228080749511719,12.054997444152804,9.7773551940918,5.952617645263669,2.08702611923218,4.73260688781738,1.51578092575073,4.32859134674072,0.181798696517944,6.33561229705811,5.29597234725952,-2.83071899414062,1.4498683214187602,0.998928666114807,4.61840867996216,3.11460971832275,8.29780006408691,4.81221103668213,6.268877983093259,0.393611907958984,7.588983535766599,5.661502838134768,5.04150009155273,-4.85774087905884,4.67959880828857,11.024302482605,-2.6365537643432595
231.0,sub-0126,ses-01,run-05,vicarious,TPJ,281,cue,-8.730602264404299,-4.8437614440918,-0.762317657470703,-8.637026786804201,-7.209149360656741,-3.68797421455383,4.54603624343872,5.25774812698364,0.29275846481323203,3.16976809501648,4.4698367118835405,2.8181438446044904,-2.76499795913696,-3.80752801895142,0.429659843444824,-0.114705085754395,-3.05143928527832,7.858989715576169,7.02503204345703,2.9898700714111297,4.64119338989258,-0.8301057815551759,-3.72159481048584,-6.31182050704956,9.57876396179199,12.2621717453003,1.91241121292114,-5.87593936920166,2.21576118469238,19.654203414917,13.548116683960002,21.814880371093803,13.6416101455688,1.95226526260376,-0.502908885478973,5.0243992805481,1.18515050411224,6.24150800704956,6.08948421478271,5.87242889404297,1.7375708818435702,-1.85434436798096
232.0,sub-0126,ses-01,run-05,vicarious,TPJ,282,cueH_stimH,-19.3941707611084,-18.8176860809326,-15.918327331542999,-11.465702056884801,-2.08153772354126,-5.81409692764282,-3.12706542015076,-5.159521102905269,-0.48694634437561,5.34631729125977,9.79104995727539,0.936621189117432,17.4831104278564,2.966717004776,-11.8538074493408,-17.6697044372559,14.405611038208,3.7524399757385294,-7.0139470100402805,-7.59340000152588,-2.5271532535553,-10.7506885528564,14.047117233276401,-4.15086126327515,-4.56489372253418,-15.036844253539998,-13.016929626464801,-32.7303657531738,-18.314594268798803,-8.708788871765138,-27.4960155487061,-10.4500093460083,-8.591184616088869,-13.173830032348599,-16.1301803588867,-10.2865419387817,-7.91281461715698,7.654293060302732,2.08315181732178,12.170413970947301,-4.29014587402344,0.415536880493164
233.0,sub-0126,ses-01,run-05,vicarious,TPJ,282,cueL_stimH,-6.69938564300537,-9.16104984283447,-22.7169170379639,1.5066857337951698,-17.6385383605957,1.31124758720398,-16.437965393066403,-15.525613784789998,-14.559476852417,-2.31054258346558,22.3306312561035,20.239822387695305,11.0004262924194,-3.18192768096924,0.266789793968201,-1.76615333557129,16.999952316284197,6.1926965713501,6.91515445709229,-22.789119720459,-40.1215858459473,-29.4842128753662,-20.9499111175537,-6.96347427368164,-7.95452880859375,12.3922824859619,-30.5580368041992,-23.857463836669893,-22.1063747406006,0.0384731292724609,8.09807395935059,16.3090744018555,9.66309356689453,-17.2126121520996,-29.5523834228516,-10.5421142578125,18.3780632019043,16.6151275634766,14.1664257049561,-0.29820442199707003,-7.83186340332031,-26.3465042114258
234.0,sub-0126,ses-01,run-05,vicarious,TPJ,282,cueH_stimM,-8.63519859313965,-8.699525833129881,9.68009185791016,8.98408031463623,9.25675010681152,-11.2998952865601,-9.995584487915039,-7.971927642822268,22.0418338775635,7.89087867736816,18.0116214752197,17.2346591949463,15.382625579834,12.581449508667,10.0045347213745,-1.87074065208435,6.975337028503421,-12.7218112945557,-17.2159538269043,-33.8956489562988,-10.485239982605,-15.2849216461182,9.7432804107666,-13.9941501617432,-8.02210426330566,-28.981821060180696,-26.123178482055696,-13.1872882843018,-30.8073215484619,-17.2677097320557,-23.3547382354736,-39.4416160583496,-52.916473388671896,-12.0313568115234,-25.0558395385742,-6.51499366760254,-8.951372146606449,-13.214902877807601,-33.087409973144496,-23.120922088623,-7.327083587646482,-5.16008758544922
235.0,sub-0126,ses-01,run-05,vicarious,TPJ,282,cueL_stimM,7.21636199951172,-2.6152024269104,-1.34577941894531,3.90525913238525,-18.345302581787106,0.7061820030212399,-31.8440093994141,2.94477128982544,9.56966972351074,26.3342437744141,24.0349655151367,10.3494462966919,7.40606594085693,17.251293182373,8.22908115386963,23.7428550720215,-4.33321809768677,1.86221551895142,7.04598665237427,-4.89060688018799,5.10626363754272,-5.27078533172607,12.1620540618896,18.9273529052734,33.077091217041,-11.9905233383179,-17.5030937194824,-38.74647903442379,-0.673262119293213,-1.31149244308472,4.27918720245361,3.2446308135986297,-1.5863742828369098,-18.383876800537106,10.977832794189501,13.2866973876953,-9.17790222167969,33.874050140380895,19.5003547668457,11.5431842803955,10.389331817627,17.125940322876
236.0,sub-0126,ses-01,run-05,vicarious,TPJ,282,cueH_stimL,-2.10924100875854,-8.73793411254883,-5.15242719650269,1.55346155166626,6.218482494354251,-0.7004654407501221,-31.7336940765381,-13.238895416259801,5.65919160842896,11.0681610107422,13.1543655395508,40.49087524414061,28.809823989868196,-5.11247873306274,-5.16502952575684,15.975245475769,16.663030624389602,30.3212394714355,42.30532836914061,-10.4266033172607,-2.3532381057739302,-14.825489044189501,-0.24430626630783106,-7.405041694641111,-6.83634424209595,-23.530437469482397,-26.924814224243196,-25.2404346466064,-26.3188972473145,-0.44615602493286105,2.52751350402832,16.4109287261963,0.152705192565918,-28.091838836669893,-3.4523944854736297,-15.311271667480499,-3.68677306175232,-8.02867221832275,-19.5427742004395,-5.62408351898193,-22.5241966247559,1.03989028930664
237.0,sub-0126,ses-01,run-05,vicarious,TPJ,282,cueL_stimL,-39.4134063720703,-17.542188644409197,-17.0870609283447,21.065258026123,24.8392734527588,28.587776184082,10.7408275604248,-8.24419593811035,-36.3035926818848,1.1863386631012,3.5987703800201403,31.731243133544893,2.84143686294556,20.9648838043213,-33.4119186401367,-9.344621658325199,-8.920186996459961,2.99767518043518,4.65661334991455,-6.79389190673828,-13.0907402038574,-16.326839447021502,-30.6945114135742,1.84211921691895,-1.59766912460327,6.5637068748474094,18.7833786010742,-25.479175567627,-27.6787166595459,5.29757404327393,2.64710426330566,19.5770626068115,1.87338638305664,-3.01434326171875,-27.4761962890625,-35.288516998291,4.38795614242554,23.6747398376465,4.48033905029297,32.4284057617188,13.970985412597699,-14.3374013900757
238.0,sub-0126,ses-01,run-05,vicarious,TPJ,282,rating,2.40975332260132,5.78746223449707,8.62915134429932,5.965581893920901,1.6089932918548602,-1.96564054489136,-3.40085005760193,5.6286506652832005,7.17836952209473,5.73091316223145,-5.10564804077148,-14.148810386657699,-15.8356494903564,-13.055397033691401,-8.27576446533203,-4.67173767089844,-1.56682848930359,-5.80119323730469,-11.7426271438599,-15.4422388076782,-16.2315082550049,-6.17884922027588,-4.97107696533203,-5.823213577270511,-11.105943679809599,-8.95666599273682,-14.943972587585401,-7.04190540313721,-10.0596971511841,-10.1513929367065,-7.643883228301999,-3.21670722961426,-7.1040954589843786,-8.304928779602049,-10.6597270965576,-7.78200197219849,-13.1860809326172,0.838433265686035,-3.0115571022033705,-12.1120500564575,-4.83777618408203,-7.9722194671630895
239.0,sub-0126,ses-01,run-05,vicarious,TPJ,282,cue,-1.2452297210693402,-7.0058288574218786,-12.7874412536621,-4.03629493713379,-6.5524568557739284,-3.52922582626343,-4.85253095626831,-9.31784248352051,-11.6329755783081,-0.879125595092773,-6.81489562988281,0.0620088577270508,-9.940813064575199,-4.44913148880005,-12.503316879272498,-1.2193002700805702,16.2699565887451,10.323936462402301,6.85750389099121,0.263450622558594,3.21909141540527,0.847942352294922,3.2112274169921897,14.6009769439697,14.6197090148926,19.7153415679932,10.1270999908447,3.5146036148071302,0.817522168159485,5.4049358367919895,12.4268026351929,19.6829624176025,11.223391532897901,1.68476152420044,-0.323079943656921,-5.80099868774414,3.07296514511108,13.9717464447021,7.91722106933594,-3.1112866401672403,-5.95235395431519,1.16105389595032
240.0,sub-0126,ses-01,run-06,cognitive,TPJ,277,cueH_stimH,-21.4936447143555,-2.18459701538086,3.26634216308594,13.8357095718384,-4.61594295501709,-1.11989688873291,-14.00940990448,-21.5099773406982,-15.0836181640625,1.79394340515137,-12.407851219177198,-15.767314910888699,-7.3983035087585405,-31.218078613281197,-34.4146690368652,-43.64001083374021,-24.071048736572298,-32.2265014648438,-26.596448898315398,-43.2262306213379,-36.654998779296896,-5.4001741409301784,-16.7103061676025,-17.008609771728498,-17.632343292236303,-16.6792240142822,-15.381044387817399,-12.6927947998047,11.8397903442383,12.460121154785199,-10.9308547973633,2.6568603515625,-8.60350799560547,-3.54905700683594,14.552085876464801,5.84531021118164,-8.50910949707031,-7.24272537231445,-3.36331844329834,2.42184281349182,7.638930797576902,16.479190826415998
241.0,sub-0126,ses-01,run-06,cognitive,TPJ,277,cueL_stimH,-10.8842086791992,5.9129962921142605,10.462409019470199,-0.448203921318054,-13.7944049835205,-40.9801025390625,-19.9425354003906,-28.7890090942383,-10.4437694549561,-17.1120929718018,-22.662208557128896,-27.6983814239502,-28.705957412719695,-23.5430393218994,-34.309280395507805,-30.925720214843803,-35.5805244445801,-30.877950668335,-40.4042091369629,-18.571496963501,-9.376081466674801,-13.6005191802979,-2.0751705169677703,-17.208610534668,-10.663396835327099,-21.4465236663818,-11.593484878539998,-12.5177478790283,4.83480453491211,-8.559009552001951,-0.5604248046875,-17.5738544464111,-1.08833312988281,5.63706970214844,-0.42987060546875,5.98435974121094,-1.6485290527343797,9.61982727050781,-0.121200561523438,-4.171136856079101,4.55438804626465,9.843259811401367
242.0,sub-0126,ses-01,run-06,cognitive,TPJ,277,cueH_stimM,1.27191352844238,3.5205531120300297,-4.34434175491333,4.64361381530762,-4.34781551361084,-2.63059282302856,10.678730010986301,-2.1600980758667,-5.097825050354,-14.8537502288818,-4.48189878463745,-10.632073402404801,-12.3805541992188,-17.4389305114746,-21.8680953979492,-25.4891624450684,-15.0511379241943,-28.6608104705811,-29.1158885955811,-52.094509124755895,-38.391139984130895,-35.444484710693395,-25.7152538299561,-29.0945262908936,-16.795467376709002,-23.838336944580107,-17.2502021789551,-24.091354370117198,-13.4912109375,-11.7133369445801,-10.779848098754899,-15.796487808227502,-12.146785736084,-6.32017517089844,1.2885646820068402,-15.482303619384801,9.266683578491213,26.866775512695302,14.7696685791016,11.341339111328098,2.89156341552734,3.82840347290039
243.0,sub-0126,ses-01,run-06,cognitive,TPJ,277,cueL_stimM,13.545119285583501,16.6847190856934,-5.10810947418213,3.63275909423828,-11.804439544677699,4.15797281265259,6.026263236999509,0.742603302001953,-10.9953126907349,-28.021699905395497,-16.056713104248,-26.866947174072298,-37.962795257568395,-26.6697158813477,-25.57470703125,-30.872983932495107,-29.0411643981934,-37.744880676269496,-20.273000717163104,-21.356496810913104,-15.1307945251465,-27.9461860656738,-33.1363105773926,-12.2154998779297,-23.3829193115234,-18.5868358612061,-11.1410427093506,-4.36691093444824,5.68318176269531,0.260074615478516,-7.333740234375,-9.34565734863281,-9.42560195922852,-1.68914413452148,-2.9847450256347696,7.40989685058594,1.99414825439453,-7.31124496459961,6.09447479248047,9.24325561523438,-10.6417999267578,-13.0303382873535
244.0,sub-0126,ses-01,run-06,cognitive,TPJ,277,cueH_stimL,-35.3271064758301,-14.005674362182601,-3.45233917236328,-13.164939880371099,-36.137535095214794,-22.278259277343803,-19.473295211792,-30.706239700317397,-32.1789054870605,-24.315433502197298,-22.496944427490202,-35.164505004882805,-25.8263149261475,-29.370056152343803,-28.961194992065398,-30.522144317627,-35.264434814453104,-23.629196166992198,-30.8606472015381,-45.8766860961914,-28.824626922607397,-20.164737701415998,-11.9930515289307,-28.309494018554698,-37.713920593261705,-24.0279102325439,-25.9825458526611,-23.7391471862793,-15.232723236084,-21.214553833007802,-15.748664855957001,-8.22968864440918,-12.252147674560499,-6.81352996826172,-4.3338737487793,-3.72769165039062,-1.8604965209960904,-10.842450141906701,-17.898365020752,-11.8819255828857,-28.061424255371104,-14.739194869995101
245.0,sub-0126,ses-01,run-06,cognitive,TPJ,277,cueL_stimL,-17.473731994628903,10.261791229248,3.54068756103516,-6.96152496337891,-4.68083190917969,-7.0397629737854,-12.240614891052198,-9.20048236846924,-10.0543937683105,-16.8374290466309,-25.8490200042725,-26.3316802978516,-12.9124603271484,-24.9807319641113,-21.5728816986084,-26.1019020080566,-21.4641151428223,-39.8542518615723,-24.489389419555696,-11.2620410919189,-25.867773056030305,-18.735034942627,-21.2168579101562,-19.6462707519531,-23.469663619995107,-16.6696395874023,-13.7166967391968,-2.3790035247802703,-23.0428791046143,-29.750463485717802,-29.4134864807129,-17.857374191284197,-23.8965244293213,-3.5008316040039102,-12.228477478027301,-0.281406402587891,-1.59248161315918,2.0415287017822297,10.3392791748047,-3.3521499633789102,6.0270080566406214,-4.13298034667969
246.0,sub-0126,ses-01,run-06,cognitive,TPJ,277,rating,-13.5089988708496,-13.0020532608032,-18.826694488525398,-7.29369354248047,-9.515443801879881,-14.8406286239624,-16.497606277465803,-19.1048603057861,-24.8850936889648,-21.814733505249,-20.0973110198975,-21.0656566619873,-19.5509567260742,-20.6865501403809,-23.169128417968803,-14.574432373046902,-17.6864624023438,-18.631435394287106,-20.7818374633789,-17.7798461914062,-17.2825908660889,-8.909238815307619,-12.0650243759155,-7.9526653289794895,-9.86910343170166,-7.41382598876953,-2.36723709106445,3.63560676574707,1.46920394897461,0.7872524261474609,1.07101154327393,-2.2505989074707,2.1790566444397,-1.10367298126221,-1.3145570755004898,0.6113262176513671,-8.54240417480469,-4.67320251464844,-6.81025505065918,-4.5987277030944815,-0.849266290664673,-5.24842834472656
247.0,sub-0126,ses-01,run-06,cognitive,TPJ,277,cue,-0.219232559204102,-4.15507507324219,-8.54119873046875,-18.328800201415998,-9.2197265625,-2.7884063720703103,4.91770935058594,-3.7057991027832,-5.564983367919919,-6.02100944519043,-8.78034782409668,-5.79776573181152,-1.0764198303222698,8.31279563903809,0.705249786376953,-3.5712661743164102,-8.19795989990234,-11.5863838195801,-11.2606887817383,-10.7577667236328,-11.0834808349609,-20.0411529541016,-11.9884033203125,-13.023704528808599,-3.4096221923828103,-12.443973541259801,-7.522808074951169,-13.0239343643188,-16.0879211425781,-16.2163677215576,-18.275455474853498,-19.7115879058838,-27.000234603881804,-25.375286102294893,-27.1705627441406,-11.8353433609009,-10.9679489135742,-8.87020111083984,-14.318990707397498,-7.3701457977294895,-11.8409881591797,-14.302509307861301
248.0,sub-0126,ses-01,run-06,cognitive,TPJ,278,cueH_stimH,-12.1760101318359,-7.44802093505859,-3.07036018371582,-6.14233207702637,-0.19515419006347695,-6.91960906982422,-6.63364315032959,-15.714061737060499,-5.89896583557129,-15.0974731445312,-20.272914886474602,-12.1353054046631,-16.2597541809082,-27.839866638183604,-27.845468521118196,-21.9947242736816,-30.0663948059082,-9.70321655273438,-25.4753761291504,-19.5939712524414,-19.9023056030273,-21.9696159362793,-18.9335403442383,-20.0351848602295,-8.65926551818848,-9.260175704956053,-9.84864521026611,-8.35444450378418,2.08282089233398,7.41335487365723,-1.07859420776367,3.8866081237793,-1.80455207824707,4.74444198608398,2.95780181884766,2.34038543701172,2.8097076416015603,-6.68906402587891,-6.03730869293213,0.184276461601257,4.31538391113281,3.4500503540039102
249.0,sub-0126,ses-01,run-06,cognitive,TPJ,278,cueL_stimH,-20.458217620849602,-10.209739685058599,-11.5006008148193,-18.242036819458,-29.7233562469482,-23.702453613281197,-9.62247180938721,-17.4819679260254,-13.5500078201294,-24.5235061645508,-30.8307781219482,-34.8386001586914,-38.2741203308105,-41.7487182617188,-40.2784652709961,-27.153491973877,-34.7870292663574,-39.6482582092285,-37.431556701660206,-32.937595367431605,-26.1247749328613,-13.119127273559599,-14.071910858154302,-12.2233982086182,-20.3266429901123,-13.041001319885302,-7.94807243347168,-6.04165267944336,-5.48587989807129,-9.98156356811523,-8.24265670776367,-1.80985450744629,-10.1125373840332,3.23492431640625,-3.7465362548828094,-1.62641906738281,-2.0856170654296897,-8.93910598754883,-1.65720748901367,-7.50084114074707,-8.34897422790527,-3.32622146606445
250.0,sub-0126,ses-01,run-06,cognitive,TPJ,278,cueH_stimM,-9.65472412109375,-10.961559295654302,-20.3212203979492,-15.877071380615199,-10.909628868103,-15.7977457046509,-6.59423637390137,-10.814838409423801,-3.32978248596191,3.76919555664062,6.57197761535645,4.227394104003911,-4.0253000259399405,-5.7648229598999,-7.22932910919189,-10.523620605468803,-12.1691083908081,-21.2660217285156,-22.8280334472656,-29.5317687988281,-28.8619689941406,-18.4037170410156,-25.5736389160156,-13.755889892578098,-21.1206493377686,-19.113327026367198,-23.111202239990202,-17.735731124877898,-16.8153781890869,-11.9155693054199,-15.180671691894501,-12.8483562469482,-7.45362281799316,1.6156311035156203,-9.70507335662842,-2.8073902130127,10.966104507446301,1.98013687133789,9.02228927612305,14.0870513916016,13.0111846923828,9.14225387573242
251.0,sub-0126,ses-01,run-06,cognitive,TPJ,278,cueL_stimM,-5.35717487335205,-5.22317218780518,-8.4151439666748,4.9441442489624015,0.26112556457519503,-5.8025178909301784,-6.49985599517822,-13.888530731201199,-18.5521278381348,-26.178888320922894,-21.9074687957764,-30.2494812011719,-27.719545364379893,-25.5062561035156,-21.618873596191396,-25.8914451599121,-24.6360511779785,-22.1170272827148,-27.3716735839844,-22.2613220214844,-22.4581127166748,-19.511276245117198,-24.298702239990202,-21.7971305847168,-21.6131076812744,-13.3476276397705,-8.901262283325199,-16.1258449554443,-7.61051940917969,-11.332010269165002,-9.0908317565918,-9.12343788146973,-5.148765563964839,-4.33745574951172,-5.04477310180664,-12.1941070556641,-9.43426513671875,-7.8744068145752,3.1849136352539102,-1.00357437133789,-4.11015319824219,-10.095008850097699
252.0,sub-0126,ses-01,run-06,cognitive,TPJ,278,cueH_stimL,-11.837635040283198,-19.4394779205322,-12.3362398147583,-8.897603034973141,-6.119556427001951,-18.7905216217041,-20.626766204834002,-23.0789451599121,-15.9578189849854,-10.926868438720698,-17.5123996734619,-22.0476951599121,-21.416324615478498,-17.2705993652344,-18.080389022827106,-9.37717247009277,-16.0145950317383,-8.99770736694336,-25.761451721191396,-25.814430236816396,-22.1259498596191,-14.0043258666992,-10.3113861083984,-8.70509147644043,-20.361642837524396,-12.638040542602502,-17.6472244262695,-5.86617851257324,-4.35474586486816,-5.141571044921879,1.13019943237305,-7.85988807678223,8.24493789672852,3.85007858276367,4.93345260620117,10.0635528564453,8.85503387451172,0.418777465820312,-6.214656829833982,-11.366671562194801,-12.3143062591553,-20.1529502868652
253.0,sub-0126,ses-01,run-06,cognitive,TPJ,278,cueL_stimL,-7.53191375732422,6.040058135986331,4.40303421020508,0.0538711547851562,-18.3071880340576,-16.340919494628903,-7.88868618011475,4.30262279510498,3.81285095214844,0.575571954250336,-6.71909999847412,-19.1255054473877,-19.6772422790527,-21.2230834960938,-19.594192504882802,-17.5645637512207,-21.588981628418,-15.531618118286099,-22.5821189880371,-11.6454267501831,-2.09075260162354,-10.9611663818359,-5.75789546966553,-5.57521057128906,-14.0282859802246,-13.5831470489502,-10.7331428527832,-8.74405479431152,-5.72816467285156,-14.4868965148926,-8.440319061279299,-6.039373397827151,-8.391956329345701,0.7508087158203121,-4.4565544128418,-0.8520431518554691,-5.78762245178223,-3.37507820129395,4.81785583496094,-4.113197326660161,9.56137084960938,-2.06127166748047
254.0,sub-0126,ses-01,run-06,cognitive,TPJ,278,rating,-3.1611776351928698,-2.39037084579468,-3.35507297515869,-2.65937519073486,-2.06202340126038,-7.96124362945557,-10.4634761810303,-12.0615673065186,-13.756634712219201,-12.7603321075439,-15.0477905273438,-13.199693679809599,-18.3248977661133,-18.953170776367198,-18.6196823120117,-18.5787963867188,-15.578041076660199,-16.1977882385254,-14.072425842285199,-10.640897750854501,-5.91568660736084,-7.5635871887207005,-7.93493938446045,-8.70759010314941,-6.785480499267581,-4.42119598388672,-2.730544090271,1.60799598693848,-1.49247980117798,2.59138679504395,-3.806730270385741,-2.61009979248047,0.882398128509521,0.7714915275573729,-0.484227180480957,-3.12589263916016,-0.929821014404297,-2.33183574676514,-1.3721342086792,-3.20674419403076,-1.50106406211853,-4.50841999053955
255.0,sub-0126,ses-01,run-06,cognitive,TPJ,278,cue,5.09809112548828,1.74215316772461,0.3907470703125,-3.1016082763671897,-0.511638641357422,1.05367279052734,-1.63177680969238,-0.641231536865234,-2.9475650787353502,-1.71213912963867,-3.85750007629395,3.56574726104736,5.00770854949951,5.0899543762207005,3.90511703491211,2.93091583251953,0.464946746826172,-0.166110992431641,5.42186737060547,0.9506301879882808,2.20811462402344,-2.8618621826171897,-3.24720001220703,0.171974182128906,-0.0450019836425781,-0.451065063476562,-4.98821258544922,-4.1714563369751,-9.58983325958252,-4.13386535644531,-5.5315990447998,-6.8610668182373,-6.50331974029541,-7.09327697753906,-7.30647134780884,-4.61668968200684,-3.01490211486816,-7.05062675476074,-1.77486610412598,-4.74352693557739,-1.55322861671448,-8.35951328277588
256.0,sub-0126,ses-01,run-06,cognitive,TPJ,279,cueH_stimH,-23.5085372924805,7.55766677856445,-15.3232002258301,12.0091772079468,-22.254226684570302,-15.9274654388428,-9.51397705078125,-41.4340019226074,-9.112982749938961,-25.1150283813477,-0.0471715927124023,-22.390905380249,-13.2813196182251,-29.285228729248,-10.6130867004395,-18.0859470367432,-16.507144927978498,-16.6942768096924,-33.6536254882812,-39.87627410888671,-43.2651290893555,-31.0209846496582,-8.97405529022217,-37.5697631835938,-10.5840644836426,-24.667226791381804,-27.1283073425293,-28.9023838043213,-22.9439544677734,-18.177291870117198,-13.7429351806641,-30.960567474365202,-15.8701686859131,-19.7370719909668,-6.67914581298828,-6.78569793701172,1.88436889648438,-18.807071685790998,-10.002746582031197,-6.459729194641111,-0.298386096954346,-7.056964874267581
257.0,sub-0126,ses-01,run-06,cognitive,TPJ,279,cueL_stimH,-19.4001312255859,-6.88290786743164,-16.289117813110398,-17.7649898529053,-13.2560873031616,-29.5340003967285,-12.0948648452759,-22.4706172943115,-28.450027465820302,-18.5062980651855,-33.8847465515137,-30.6922454833984,-28.6391906738281,-24.815387725830107,-35.7394676208496,-9.830770492553713,-28.3057518005371,-35.2096710205078,-33.9132614135742,-31.144483566284197,-23.9116516113281,-16.6961040496826,-11.0974922180176,-13.2391185760498,-11.292818069458,-20.0587158203125,-13.2452487945557,-17.118558883667,-13.748777389526401,-27.740188598632802,-32.1923675537109,1.22858428955078,-12.4801712036133,16.3413238525391,10.0010833740234,14.5164642333984,-2.2909088134765603,-0.313133239746094,3.88166427612305,19.260051727294897,13.8076877593994,18.1689758300781
258.0,sub-0126,ses-01,run-06,cognitive,TPJ,279,cueH_stimM,2.2637944221496604,-5.7723903656005895,6.751436233520511,-8.10373497009277,3.9008617401123,-11.790699005127001,-4.07650184631348,-5.170105934143071,-4.91963005065918,1.87981605529785,-5.609389781951902,-2.22081089019775,-20.191822052002,-17.9244003295898,-19.0066223144531,-8.36160850524902,-16.0155429840088,-19.5436897277832,-16.4914436340332,-35.5272064208984,-18.7663459777832,-24.1329231262207,-30.928575515747102,-29.087144851684602,-28.8814888000488,-28.5904903411865,-31.698823928832997,-26.966819763183604,-14.710950851440401,-22.035892486572298,-15.886791229247999,-12.0361976623535,-23.7706279754639,-19.7229099273682,-23.4766273498535,-17.0076503753662,-4.46599864959717,-3.2340373992919904,-2.3331527709960898,-7.93882751464844,6.86009216308594,8.83820724487305
259.0,sub-0126,ses-01,run-06,cognitive,TPJ,279,cueL_stimM,-5.96374320983887,8.64071083068848,-11.4619884490967,-1.6976623535156203,-13.583205223083501,4.2371683120727495,-4.40578746795654,-9.523613929748539,-22.4139556884766,-17.5216979980469,-27.971570968627898,-18.824298858642603,-15.9579753875732,-19.392864227294897,-5.07213592529297,-29.1376876831055,-24.5995254516602,-13.71741771698,-25.0117683410645,-25.1406745910645,-22.2130317687988,-35.978675842285206,-38.116424560546896,-25.9582138061523,-30.834119796752898,-21.7541103363037,-13.1670455932617,-40.8980712890625,-26.4193820953369,-34.501007080078104,-36.343112945556605,-32.2879409790039,-15.7305240631104,-19.242504119873,-15.5154876708984,-17.1871490478516,-5.958415985107419,-7.38541221618652,-13.459190368652301,-2.5097770690918,-3.02420043945312,-21.987892150878896
260.0,sub-0126,ses-01,run-06,cognitive,TPJ,279,cueH_stimL,-35.386566162109396,-26.795618057251,-22.9732856750488,-23.134801864624,-20.2260665893555,-19.7971458435059,-14.9429597854614,-30.014045715332,-23.132736206054698,-25.5002632141113,-2.82905960083008,-34.6110000610352,-22.604745864868196,-27.572938919067397,-24.436937332153306,-19.094562530517603,-18.0097618103027,-22.2564010620117,-39.4463233947754,-28.1815490722656,-39.915435791015604,-35.7130889892578,-37.0355453491211,-32.8908309936523,-42.9398345947266,-42.6130409240723,-44.0520133972168,-38.094211578369105,-22.031156539917003,-29.8863315582275,-23.4326572418213,-26.292682647705107,-14.818031311035199,-9.43202972412109,6.519916534423831,14.5013427734375,16.094058990478498,-6.9210720062255895,-3.58469104766846,-7.82448863983154,-10.365449905395499,-10.812136650085401
261.0,sub-0126,ses-01,run-06,cognitive,TPJ,279,cueL_stimL,-22.7360916137695,-8.660739898681639,-28.0976181030273,-5.8883171081543,-16.266798019409197,-14.139034271240199,0.802977561950684,-2.78255558013916,-0.170657157897949,-16.7373924255371,-10.5623340606689,-17.647983551025398,-1.93197393417358,-13.542760848999,-20.2939548492432,-29.1975784301758,-14.1409358978271,-28.2181701660156,-30.239404678344695,-25.556091308593803,-25.4364547729492,-16.6267166137695,-31.2884578704834,-22.2269439697266,-17.228534698486303,-4.61984157562256,-1.9517240524292,-16.6544437408447,-20.5089702606201,-28.6344909667969,-22.538818359375,-17.2044067382812,-14.6701202392578,-14.5817546844482,-28.1617813110352,-25.8849086761475,-18.2655048370361,-13.9516429901123,-7.83660888671875,-8.69739532470703,12.422271728515598,-4.55249786376953
262.0,sub-0126,ses-01,run-06,cognitive,TPJ,279,rating,-5.79998683929443,-5.77484273910522,-4.42529964447021,-6.443865776062009,-6.60028839111328,-15.142393112182601,-15.505042076110804,-18.1307258605957,-14.1308069229126,-7.39859962463379,4.22422409057617,7.01809310913086,-2.17694473266602,0.440456390380859,-6.73787689208984,-11.290313720703098,-18.0766754150391,-27.5002784729004,-28.5112247467041,-35.0395889282227,-30.963092803955107,-32.4663925170898,-28.3661289215088,-23.612976074218803,-12.8809566497803,-11.2353677749634,-3.90651226043701,-4.69209051132202,-6.970097541809079,-5.29580879211426,-3.6295576095581095,-9.51449966430664,-7.795151233673098,-12.304551124572802,-11.5761394500732,-11.810528755188,-9.2482213973999,-5.385553359985349,-5.89394092559814,-6.75637483596802,-1.58232235908508,-5.755352973937991
263.0,sub-0126,ses-01,run-06,cognitive,TPJ,279,cue,-2.6412506103515603,-2.16037368774414,-6.03831481933594,-7.0486755371093786,-0.397972106933594,1.33071899414062,5.748163223266599,6.47772216796875,3.09686660766602,3.75528144836426,0.258890151977539,3.95884895324707,1.15154266357422,-1.6887512207031203,-7.257780075073239,-12.4901542663574,-11.1290855407715,-9.16705703735352,2.53693389892578,-0.12811279296875,8.41407775878906,1.65313720703125,9.32230377197266,10.4441452026367,20.4284172058105,7.517940521240232,5.63047790527344,-2.41729068756104,-17.531805038452102,-6.264337539672849,-18.7633781433105,-11.1971426010132,-24.7166900634766,-11.009804725647,-20.3068771362305,-13.0930509567261,-12.911449432372999,-11.2294635772705,4.85647773742676,1.32978343963623,2.3471074104309104,-0.844883918762207
264.0,sub-0126,ses-01,run-06,cognitive,TPJ,280,cueH_stimH,-16.6029052734375,-0.61383056640625,-0.324899673461914,7.12546873092651,-0.27176475524902305,-3.51666355133057,-20.1908359527588,-16.2612228393555,-3.23891973495483,-3.4142332077026403,7.440130233764651,7.94856119155884,3.2784180641174303,-15.731076240539599,-7.17264652252197,-7.79123401641846,-3.22109031677246,6.89084243774414,-5.71108055114746,-9.81673431396484,-15.620809555053699,-2.1825761795043896,-5.73313426971436,-6.41948127746582,0.9125385284423828,-12.969398498535199,-9.80245399475098,-17.1694087982178,-3.90119552612305,-1.02130126953125,3.46671676635742,-5.33769989013672,-10.170051574707001,-8.91439819335938,-8.97399139404297,4.382568359375,2.1273956298828103,-5.6428108215332005,-15.2041454315186,-10.4255828857422,-2.1997404098510698,-5.53236389160156
265.0,sub-0126,ses-01,run-06,cognitive,TPJ,280,cueL_stimH,-17.2637672424316,-13.4189929962158,-10.173659324646,-19.406759262085,-23.4004096984863,-22.305730819702106,-19.7307434082031,-14.228423118591301,-4.62935161590576,-13.231336593627901,-6.22539520263672,-19.928514480590803,-18.1979484558105,-20.3986206054688,-10.2863636016846,0.38108634948730497,-15.1152763366699,-8.38368797302246,-15.8672094345093,-15.8125648498535,-8.70185279846191,1.06714820861816,-3.67698287963867,-6.70815086364746,-7.01188087463379,-6.38354778289795,-9.76927185058594,3.25893020629883,1.35731506347656,-5.642017364501951,-11.2882499694824,-1.6342716217041,-3.28776168823242,11.3027877807617,15.5992584228516,7.84977722167969,9.007080078125,5.88234710693359,3.45236587524414,-1.6924133300781203,1.7266941070556598,2.02969074249268
266.0,sub-0126,ses-01,run-06,cognitive,TPJ,280,cueH_stimM,-3.5013985633850098,5.0413942337036115,-1.2910876274108898,-2.84890079498291,3.00516319274902,-12.2797412872314,-3.78468990325928,1.4426851272583,15.474133491516099,16.794010162353498,18.1755428314209,17.0750408172607,0.168349266052246,-1.03630256652832,2.59743404388428,7.228082656860349,3.7932519912719695,0.25004768371582003,1.91545295715332,-10.0923442840576,-15.297422409057601,-9.872861862182619,-10.6211528778076,-7.50799369812012,-12.092063903808599,-21.425090789794897,-22.603540420532198,-19.869304656982397,-19.223773956298803,-11.720561981201199,-6.05848503112793,-9.06347274780273,-5.9251537322998,2.7017936706543,-3.74026775360107,-5.6029372215271,1.6429734230041495,2.51985359191895,8.01033401489258,7.92051696777344,-1.62582778930664,9.23910903930664
267.0,sub-0126,ses-01,run-06,cognitive,TPJ,280,cueL_stimM,-1.7434015274047898,-4.857818603515621,-10.8270654678345,-6.576097965240481,-8.77587890625,-2.15750408172607,1.79106140136719,5.22360610961914,-10.143582344055199,-2.55317878723145,-12.497407913208,-3.84790706634521,-8.99972057342529,1.4020280838012702,-8.55086708068848,3.12680625915527,-4.29081535339355,-8.81771278381348,-1.85127067565918,-7.73553276062012,-6.31441497802734,-6.85025978088379,-17.162561416626,-18.893352508544897,-15.2998847961426,-9.44559288024902,-5.4475193023681605,-23.893653869628896,-23.039329528808604,-18.6304149627686,-17.1643180847168,-10.203332901001,-3.49957466125488,-1.8239631652832,-1.74421691894531,-11.023406982421902,-10.3582000732422,-10.074331283569302,-0.621170043945312,1.103515625,-6.57997131347656,-11.043323516845698
268.0,sub-0126,ses-01,run-06,cognitive,TPJ,280,cueH_stimL,-22.269451141357397,-16.6141777038574,-16.2198886871338,-6.76406097412109,-1.59118914604187,-11.7482490539551,-13.700897216796902,-20.075115203857397,-2.7828083038330096,-10.3141012191772,4.41513538360596,-9.94410705566406,-6.94451141357422,-1.48415756225586,-4.04848289489746,1.9587173461914096,8.52370262145996,17.579486846923803,-8.2653865814209,-12.5115623474121,-14.8733234405518,-12.6943864822388,-23.788831710815398,-21.8049201965332,-26.656818389892607,-31.349407196044893,-25.3610343933105,-17.590265274047898,-9.929670333862301,-4.87459182739258,-8.02616310119629,-10.7468700408936,-10.5026206970215,-4.96102523803711,5.72240447998047,1.89569091796875,10.3741569519043,9.53212356567383,6.92824935913086,-8.12708950042725,-10.6061515808105,-4.74760341644287
269.0,sub-0126,ses-01,run-06,cognitive,TPJ,280,cueL_stimL,-12.8233642578125,0.200725555419922,3.55235290527344,0.492218017578125,-15.1830730438232,-3.5359969139099103,-4.36787414550781,6.72403192520142,1.9478473663330096,-0.6900876760482789,6.10994148254395,2.4546871185302703,2.00497531890869,-1.12882947921753,-3.9836277961731,-9.485127449035641,-7.53205871582031,-6.6561598777771,-4.48687553405762,-2.58370590209961,-0.553418159484863,-2.71910095214844,0.918095588684082,-8.04793739318848,-5.9998874664306605,-7.99770355224609,1.2504978179931598,-4.52210426330566,-4.746337890625,-9.42793083190918,-4.99220275878906,-10.6598644256592,-9.696962356567381,-0.730815887451172,-3.52419662475586,-5.086877822875981,-2.9637336730957,-7.294933319091799,-0.535789489746094,5.45759582519531,5.58720397949219,-3.18375396728516
270.0,sub-0126,ses-01,run-06,cognitive,TPJ,280,rating,-3.8823010921478303,-5.8288102149963406,-5.255616188049321,-3.0769639015197794,-3.1657733917236297,-7.406804084777829,-10.152282714843803,-13.374317169189501,-15.7574281692505,-14.4521064758301,-12.2437572479248,-10.5163516998291,-12.476707458496099,-14.265869140625,-21.675354003906197,-18.4682006835938,-17.1774978637695,-19.3954238891602,-18.5440521240234,-20.203426361084002,-15.755375862121598,-14.2370767593384,-13.476634979247999,-15.7552576065063,-12.9866628646851,-9.83138751983643,-8.73576259613037,-7.57465314865112,-5.43313217163086,-5.41906213760376,-5.55935192108154,-7.04121398925781,-5.88000154495239,-7.68993616104126,-4.35866451263428,-5.58581638336182,-1.3328123092651398,-3.07360363006592,-0.44495773315429693,-4.27783727645874,-2.2821729183197,-4.5991039276123
271.0,sub-0126,ses-01,run-06,cognitive,TPJ,280,cue,4.03231620788574,-0.379362106323242,4.1837158203125,2.36266326904297,1.04679107666016,2.17816543579102,7.19172668457031,6.7195148468017605,4.761266708374019,4.51579856872559,1.5064411163330098,5.06540966033936,5.21253204345703,9.611307144165039,5.6871509552002,4.09445571899414,3.64816284179688,5.229286193847661,6.8913879394531214,9.75099182128906,11.5411529541016,5.18287658691406,5.86021423339844,0.7939834594726559,2.57989883422852,1.39131164550781,-1.81220054626465,-7.88895320892334,-11.7596960067749,-9.5194206237793,-11.8547878265381,-9.07858276367188,-11.1220178604126,-5.8061828613281214,-8.009411811828612,-3.98101043701172,-2.06917762756348,-4.07991218566895,-2.31013011932373,-3.3272681236267103,-3.27306604385376,-6.7776188850402805
272.0,sub-0126,ses-01,run-06,cognitive,TPJ,281,cueH_stimH,0.478805541992188,-10.494159698486301,-10.3918342590332,17.371374130249,21.7934131622314,10.866778373718299,-10.8943128585815,-23.1184902191162,-4.59680938720703,11.582585334777804,9.55630111694336,14.286648750305199,9.59243011474609,-6.34842777252197,-4.9827036857605,-3.09166145324707,32.1186370849609,31.173999786377,29.1032028198242,-15.0056400299072,-2.65749454498291,-16.062667846679698,-5.35323143005371,5.3091926574707005,39.0733413696289,12.8777198791504,-11.679605484008801,-25.341646194457997,-7.1768970489502,2.66942405700684,21.5243301391602,-3.79916000366211,1.16277503967285,-5.781917572021482,-9.33588409423828,3.0290985107421897,11.7451324462891,0.746341705322266,-9.3565616607666,-14.2894697189331,-22.458229064941396,-3.92166519165039
273.0,sub-0126,ses-01,run-06,cognitive,TPJ,281,cueL_stimH,-12.6847267150879,-6.49909782409668,11.2266483306885,2.03317880630493,-21.8397026062012,-15.6317939758301,-7.54060459136963,-6.210983753204348,-9.6610164642334,0.950922966003418,-2.6699552536010698,-1.95926070213318,-11.808982849121099,-1.09433603286743,7.5797834396362305,8.65217590332031,-4.01680278778076,1.35484981536865,-19.3416976928711,-9.994325637817381,2.91334438323975,6.13263130187988,8.720949172973631,23.2458114624023,-7.60698699951172,-4.71289443969727,-8.31681823730469,8.12541007995605,19.9590377807617,1.20652008056641,-12.4642772674561,-12.2990474700928,-5.21767044067383,18.733154296875,5.9479064941406214,-2.2345733642578103,2.92357635498047,-13.288337707519501,6.1330680847168,-2.6869907379150404,-4.569786071777339,-6.06004428863525
274.0,sub-0126,ses-01,run-06,cognitive,TPJ,281,cueH_stimM,0.598158836364746,-9.79355430603027,-3.140788078308109,1.74810743331909,-0.887852668762207,-1.08493280410767,-9.9841947555542,-12.0718479156494,-6.71563482284546,-15.4659261703491,13.503110885620101,15.712808609008801,-2.7382869720459,-13.5895547866821,-16.944313049316403,-10.6906490325928,-3.49760150909424,15.770702362060499,4.16634750366211,1.48629379272461,-24.8599128723145,-4.69559097290039,-12.9542579650879,-0.20242691040039104,-9.86212730407715,-5.34359931945801,-21.4593601226807,-9.864358901977539,1.87743949890137,9.98232269287109,3.41100120544434,2.0472602844238303,-11.223884582519501,0.842594146728516,-20.098186492919897,-5.4458341598510716,-1.14794683456421,10.132118225097699,6.647708892822268,5.021209716796879,-4.07858657836914,16.1367111206055
275.0,sub-0126,ses-01,run-06,cognitive,TPJ,281,cueL_stimM,3.67127656936646,12.8069133758545,14.468971252441401,10.823321342468299,2.54966259002686,13.40394115448,-5.82250022888184,-8.606288909912111,-18.386020660400398,-6.4574918746948216,-13.4523181915283,0.985651969909668,-2.5628910064697297,12.549633026122999,13.7294502258301,28.5114936828613,-7.00357627868652,7.84871387481689,-4.85327529907227,4.71746444702148,14.400016784667999,-7.0885334014892605,-4.53168678283691,9.596456527709961,5.53619194030762,0.312931060791016,-4.2348518371582005,-20.5553798675537,3.1398105621337904,2.78723907470703,-4.9283332824707005,-20.5276794433594,-7.52073669433594,-0.557926177978516,-0.487033843994141,10.1807098388672,-13.0534820556641,-16.231788635253903,-13.4040107727051,9.33888626098633,11.8141479492188,1.4874038696289098
276.0,sub-0126,ses-01,run-06,cognitive,TPJ,281,cueH_stimL,-16.3502178192139,-33.4072952270508,-12.0323705673218,1.09880423545837,7.928434371948239,35.010009765625,-15.3948554992676,3.72043013572693,-7.67886924743652,21.276653289794897,28.5356636047363,16.7070846557617,11.3275394439697,5.36134624481201,-11.5876550674438,2.44740867614746,12.738959312439,22.029655456543,16.271110534668,-20.7235221862793,-4.1312255859375,9.904680252075199,15.8426933288574,14.865987777710002,-0.370088577270508,4.327354431152339,-10.1438617706299,2.5685005187988303,19.1113872528076,20.553043365478498,13.3420753479004,13.7830963134766,-3.6708946228027295,4.16015243530273,19.3603363037109,14.261627197265598,20.775260925293,9.41513061523438,-5.25702238082886,5.06661033630371,17.4174289703369,-3.37999725341797
277.0,sub-0126,ses-01,run-06,cognitive,TPJ,281,cueL_stimL,3.4246063232421897,6.07131576538086,-2.74365997314453,-0.557231903076172,-8.48207664489746,-20.2578430175781,-18.704730987548803,11.2197103500366,6.28908443450928,17.2388935089111,4.50004577636719,12.0327501296997,-8.51925086975098,10.8357553482056,15.3977136611938,-0.662559509277344,5.830682754516599,-4.31181335449219,0.815599918365479,-9.05125999450684,12.806270599365199,13.941199302673304,5.53740787506104,4.0508918762207005,0.0880928039550781,-12.2084426879883,11.054420471191401,13.7153778076172,17.6240158081055,9.28772354125977,-11.750919342041,0.41539192199707,-17.3752059936523,7.44404602050781,12.68212890625,2.26415252685547,-10.9723434448242,-1.0593223571777302,19.057991027832,16.1220016479492,-2.938232421875,9.59166717529297
278.0,sub-0126,ses-01,run-06,cognitive,TPJ,281,rating,-3.4601230621337904,-6.36524152755737,1.37765216827393,-10.072054862976099,-0.0285398960113525,-0.647298097610474,-1.06153094768524,-7.11228370666504,-11.615518569946301,-7.637823104858401,-2.15055465698242,0.698314666748047,-7.54153823852539,-17.3465614318848,-12.980873107910199,-19.5439758300781,-10.715476989746099,-12.2571067810059,-14.897239685058599,-9.27067565917969,-8.6457462310791,-5.4775695800781214,1.55593204498291,2.34125757217407,-0.318161964416504,-0.6876602172851559,-0.7626924514770509,-0.864293098449707,4.66264057159424,4.51809406280518,1.39998054504395,-2.4236869812011697,-2.68779754638672,-6.1755647659301784,0.968387603759766,0.635421752929688,0.379178047180176,-4.08926677703857,1.82574367523193,-5.77221250534058,3.5009782314300497,0.44426345825195296
279.0,sub-0126,ses-01,run-06,cognitive,TPJ,281,cue,12.096559524536099,8.33655166625977,14.840503692627001,1.34894561767578,9.62138366699219,16.6251525878906,19.890811920165998,13.010265350341802,9.50711631774902,6.62684631347656,-4.99211883544922,1.1063404083252,-6.509033203125,6.273431777954099,10.063117980957001,6.18145751953125,-3.2424430847168,1.37217712402344,13.541404724121099,15.509910583496099,17.9640197753906,10.6917419433594,10.439720153808599,2.83810806274414,7.390399932861331,6.00619125366211,5.84135627746582,-0.0491199493408203,-5.8916950225830105,-12.5741577148438,-5.40869331359863,1.9570827484130904,-12.177085876464801,-10.391289710998501,-6.7234220504760716,-2.24789619445801,-6.906744003295901,4.45892333984375,8.14161491394043,10.7019205093384,2.49913167953491,10.1173400878906
280.0,sub-0126,ses-01,run-06,cognitive,TPJ,282,cueH_stimH,-36.5910186767578,-14.5989112854004,-9.77495002746582,-25.5194778442383,-0.0443553924560547,-2.17640399932861,-16.1137390136719,-33.9035835266113,-2.05722951889038,-15.733776092529302,8.04588794708252,-27.6433429718018,-10.4168968200684,-53.39159774780271,-33.1503028869629,-18.8077754974365,-23.5649242401123,7.8494873046875,-8.14438629150391,-32.0914154052734,-26.273811340332,-25.8563117980957,-4.39614295959473,10.2333641052246,6.08531379699707,-16.5307922363281,-23.9947624206543,-14.2285671234131,-0.158683776855469,-5.75473594665527,10.098167419433599,2.7989387512207,-23.011903762817397,-4.00561904907227,1.48736953735352,26.9944114685059,23.8752288818359,-2.9423866271972696,0.935688018798828,-5.19759178161621,27.685594558715806,9.13409042358398
281.0,sub-0126,ses-01,run-06,cognitive,TPJ,282,cueL_stimH,-12.437274932861301,12.864891052246099,1.03274202346802,2.0112042427063,-27.152681350707997,-36.6681480407715,-23.2655944824219,-26.084152221679698,-18.223802566528303,-3.82597923278809,-17.4015216827393,-29.7798728942871,-50.480255126953104,-14.332139968872099,-17.127965927124,-1.5916461944580098,-21.0308208465576,-33.5504837036133,-27.6132659912109,-24.2452507019043,1.56256008148193,7.216083526611331,5.7851448059082005,1.7236843109130902,-4.37051010131836,-9.7039680480957,-1.64760398864746,14.9349689483643,-2.07983779907227,2.61889266967773,-3.1744098663330096,14.2416477203369,7.831787109375,20.4785995483398,19.667160034179695,3.01577758789062,7.72441864013672,11.463905334472699,5.40556335449219,-12.959703445434599,-17.621755599975604,-13.797079086303699
282.0,sub-0126,ses-01,run-06,cognitive,TPJ,282,cueH_stimM,-22.4657821655273,-5.44916486740112,-17.9889640808105,-10.0664196014404,17.632194519043,-19.7158088684082,-25.482688903808604,-20.8426399230957,11.756717681884801,-13.112736701965304,-10.624307632446301,4.75804615020752,-21.33837890625,-24.2906875610352,-26.5688095092773,-27.7482128143311,-15.9944562911987,-15.6470623016357,-1.39204978942871,-17.4493999481201,-13.123861312866199,-12.986410140991199,-7.79891014099121,-23.359678268432607,-3.31222152709961,-22.639404296875,-23.7431697845459,-26.9791469573975,-15.928794860839801,-1.988037109375,-6.3628864288330105,-8.53143882751465,4.94640159606934,-3.0247840881347696,-10.555946350097699,5.025903701782231,2.67655372619629,-11.351676940917999,2.70621109008789,16.1513519287109,-1.64781951904297,-0.71038818359375
283.0,sub-0126,ses-01,run-06,cognitive,TPJ,282,cueL_stimM,10.8645124435425,1.3848991394043002,-16.9053173065186,9.43063259124756,4.96583366394043,8.69751739501953,0.5395541191101071,-10.580711364746099,-35.9571189880371,-35.474723815918004,-31.8349170684814,-34.509250640869105,-20.150823593139602,-11.3354320526123,-3.826760292053221,-21.0846786499023,-8.033750534057619,-11.0980920791626,-20.4969158172607,-11.4400539398193,-27.275175094604503,-1.83260917663574,-19.055606842040998,-16.739917755127,-19.8759994506836,-5.213794708251951,6.90730857849121,-13.836212158203098,-3.90804481506348,-23.6822242736816,-13.478250503539998,-17.752517700195302,3.7001552581787096,3.3896484375,14.612434387207001,-17.1923675537109,-7.822513580322268,-1.9056282043457,8.48167037963867,21.8150062561035,5.87348937988281,5.4815673828125
284.0,sub-0126,ses-01,run-06,cognitive,TPJ,282,cueH_stimL,-40.306892395019496,-31.5361022949219,2.50167942047119,23.7729301452637,6.0596022605896,-26.707027435302702,-19.1163539886475,-22.604555130004893,-18.5037841796875,-19.1342182159424,-5.0615949630737305,-13.156235694885302,-27.8528175354004,-43.6840019226074,-33.1698684692383,-10.3746185302734,-4.49556255340576,12.99609375,-20.44677734375,-17.555763244628903,-31.968376159668,-0.341119766235352,-21.988098144531197,-1.6957283020019498,-17.135276794433597,-24.6799583435059,-34.112640380859396,-16.479619979858402,-0.679941177368164,15.573240280151401,4.34799385070801,-24.5781307220459,-18.1062240600586,-7.28667449951172,-3.25252914428711,23.372390747070302,22.5444412231445,6.84014701843262,14.0304756164551,9.63101673126221,14.417598724365199,18.0086708068848
285.0,sub-0126,ses-01,run-06,cognitive,TPJ,282,cueL_stimL,1.77696228027344,14.561897277832001,-9.70813751220703,-13.450420379638699,-8.340404510498049,-23.867261886596694,-10.8544273376465,2.9179468154907204,14.971056938171401,-8.41344261169434,-4.22079944610596,-15.3048868179321,-22.684284210205107,-16.112770080566403,-39.728889465331996,-23.6438522338867,-4.06892395019531,-13.4988498687744,-20.372014999389602,-30.862318038940398,-9.45614051818848,-9.82997989654541,-10.5253639221191,-6.73423099517822,-16.969680786132802,-5.176939964294429,-2.10596084594727,0.778560638427734,20.0816440582275,-32.2621040344238,-4.162549972534181,-8.55110740661621,9.04330253601074,29.449041366577106,3.68818283081055,11.012731552124,5.34980010986328,-8.78927803039551,5.22306442260742,0.9218826293945308,22.197448730468803,-5.73412322998047
286.0,sub-0126,ses-01,run-06,cognitive,TPJ,282,rating,-6.173526763916018,-17.204027175903303,-8.862135887146,-8.89891338348389,-4.13649082183838,-10.811562538147,-12.6904401779175,-21.602981567382802,-27.644939422607397,-26.745660781860398,-23.5844383239746,-16.192132949829098,-24.5129280090332,-21.023517608642603,-28.6860275268555,-31.855529785156197,-15.340476989746099,-24.9329643249512,-16.028772354126,-18.827730178833,-11.842150688171401,-13.6003475189209,-7.44092321395874,-6.5282096862793,-3.94921779632568,-3.95582485198975,-5.55302619934082,1.09327507019043,-1.95543575286865,11.9632654190063,-2.25453329086304,-5.19744873046875,-1.63999032974243,-12.0245008468628,-2.83045482635498,-6.9865417480468786,3.85833835601807,-2.02120399475098,0.770045280456543,-12.8434734344482,-1.2953593730926498,-3.765439033508299
287.0,sub-0126,ses-01,run-06,cognitive,TPJ,282,cue,7.71443748474121,-1.36248016357422,-1.64345169067383,-9.14824676513672,1.46168518066406,4.7923583984375,4.96654510498047,7.611873626708982,-3.28260231018066,6.87841033935547,-11.3382816314697,0.55606746673584,-1.79515743255615,3.98945045471191,11.969432830810499,1.62390899658203,-3.00065994262695,-1.54078674316406,5.68659210205078,2.79428100585938,11.7418212890625,-0.743560791015625,1.4459228515625,-4.810020446777339,1.28700637817383,8.354736328125,-2.8484897613525404,-6.3433504104614284,-13.380521774292,-4.537755966186519,-15.4613656997681,-8.59827709197998,-8.267383575439451,0.4087610244750979,-20.0736083984375,-8.83378601074219,-10.747310638427699,-13.21826171875,6.27743339538574,7.6532502174377415,0.7281527519226071,-9.73862075805664
288.0,sub-0126,ses-03,run-01,cognitive,TPJ,277,cueH_stimH,17.2284355163574,15.544867515564,7.1667175292968786,12.0738277435303,7.0573425292968786,4.47361946105957,4.96334648132324,6.35393953323364,20.4658889770508,10.783190727233901,15.0139837265015,20.502895355224602,14.9372243881226,5.44727230072021,9.38530158996582,13.5084638595581,2.57662844657898,7.78141689300537,7.9412527084350595,-2.8272681236267103,1.5339527130127,15.308424949646001,19.870534896850604,19.5797481536865,28.547338485717802,23.2089519500732,6.22471570968628,17.0359745025635,18.441574096679695,14.823047637939501,18.2315521240234,14.880855560302699,11.040663719177198,0.0474214553833008,8.86293983459473,9.67301273345947,5.246429443359379,11.580680847167999,1.77988815307617,-8.68975830078125,-9.417649269104,-11.913449287414599
289.0,sub-0126,ses-03,run-01,cognitive,TPJ,277,cueL_stimH,-6.300580024719241,-10.808861732482901,4.42286109924316,11.091618537902804,10.1536293029785,12.5043439865112,15.7046499252319,29.3593940734863,10.316967010498,2.60082149505615,8.03019332885742,-7.9080104827880895,2.03693532943726,12.7272634506226,-8.63860702514648,5.02948474884033,-6.22647476196289,20.013095855712894,9.907835006713867,9.9429988861084,14.7585601806641,4.039343357086181,7.98686027526855,7.7044343948364284,-0.509387969970703,21.065593719482397,10.6448192596436,15.4824857711792,8.5225658416748,23.372461318969695,8.21044158935547,10.8538360595703,11.426475524902301,10.7929229736328,19.7970352172852,21.7717266082764,6.01648807525635,-3.62186050415039,9.34928894042969,9.01373672485352,2.6809539794921897,1.08677291870117
290.0,sub-0126,ses-03,run-01,cognitive,TPJ,277,cueH_stimM,20.151292800903303,5.3711881637573216,20.254259109497106,20.3773155212402,10.168458938598599,7.36209487915039,20.8454914093018,23.2203731536865,13.2555370330811,3.0337073802948,-3.21407651901245,3.917964220047,-0.584572434425354,15.028528213501,0.159689426422119,9.63241577148438,5.37911081314087,2.67269563674927,-5.71335077285767,23.751718521118196,26.163461685180696,29.0783348083496,17.640869140625,15.252439498901401,19.516859054565398,20.3252639770508,27.1094627380371,23.468387603759798,14.595237731933599,25.618709564209,14.9692735671997,25.7260208129883,15.9214515686035,24.7654857635498,27.665746688842802,22.3921279907227,18.6379127502441,25.485885620117198,5.0405158996582005,-2.2723274230957,3.65138339996338,9.41822624206543
291.0,sub-0126,ses-03,run-01,cognitive,TPJ,277,cueL_stimM,-17.7287883758545,-17.5925445556641,-8.554172515869139,6.5288810729980495,0.349090576171875,18.188138961792,-23.3439865112305,-9.60773086547852,-5.60074901580811,7.68972873687744,8.93765640258789,4.4965734481811515,3.79955101013184,-4.38586330413818,-1.43302845954895,-0.513172149658203,7.38824605941772,-1.6141318082809402,19.4054679870605,17.0392932891846,3.72264862060547,17.6544132232666,1.54534411430359,14.7016887664795,11.497434616088901,39.575042724609396,17.1942119598389,13.513912200927699,13.307727813720698,-6.92597150802612,-2.58230113983154,-0.34977626800537104,-4.675705909729,-4.0760793685913095,-3.33809661865234,-10.125675201416,-3.9347858428955096,-2.84711074829102,2.8477554321289102,0.8334674835205079,8.5395975112915,10.8837356567383
292.0,sub-0126,ses-03,run-01,cognitive,TPJ,277,cueH_stimL,3.0781161785125697,2.71123504638672,11.9870185852051,16.0105247497559,16.3599529266357,29.0875034332275,12.5201473236084,5.36081647872925,9.90552234649658,13.822808265686,15.0933523178101,10.8676052093506,12.570178031921401,13.161696434021001,2.05913019180298,-7.0391960144043,1.79448843002319,14.2713108062744,22.6233615875244,18.2063083648682,0.425144672393799,12.936261177063,27.411560058593803,2.93205046653748,19.019727706909197,13.7244186401367,14.6729373931885,14.0809164047241,11.8358058929443,5.447466850280759,23.9263896942139,27.734207153320302,22.6385841369629,19.3766269683838,4.1610832214355495,25.1368789672852,10.0249271392822,12.235603332519501,5.41738033294678,14.4464197158813,2.86007785797119,8.59540176391602
293.0,sub-0126,ses-03,run-01,cognitive,TPJ,277,cueL_stimL,-10.341869354248,-12.379967689514196,-10.0395812988281,-0.19648361206054696,11.4240627288818,14.2182092666626,9.55728244781494,7.75064659118652,3.99254250526428,-2.6761722564697297,3.05555629730225,-13.8616333007812,6.1337394714355495,9.46242904663086,1.12523341178894,7.83153295516968,9.8439359664917,5.77152252197266,8.23050689697266,4.81020164489746,13.6648550033569,21.6708602905273,5.6601858139038095,17.3929443359375,-5.18624782562256,-3.74705410003662,24.5784206390381,5.641572952270511,20.3438758850098,5.81247806549072,-0.188753128051758,8.129306793212889,-11.3878116607666,14.6442718505859,4.32602310180664,17.4878234863281,3.0523052215576203,-0.0148887634277344,1.6772766113281203,0.9996337890625,8.821699142456051,4.596649169921879
294.0,sub-0126,ses-03,run-01,cognitive,TPJ,277,rating,8.10829734802246,7.55946159362793,12.144567489624,14.6360721588135,18.2018432617188,15.3489599227905,10.155744552612301,11.7442808151245,11.3197927474976,2.77649879455566,7.97850799560547,7.466121673583982,4.26395797729492,8.066806793212889,7.89158630371094,4.95790481567383,1.0628833770752,7.0807056427002,9.51075553894043,14.5789432525635,16.4537200927734,15.065574645996099,19.488538742065398,15.1548528671265,8.88765335083008,12.674768447876,14.1928615570068,8.20514297485352,6.54712581634521,7.63242053985596,1.86539363861084,3.48841094970703,5.981712818145749,12.149909973144501,14.797244071960401,7.40960597991943,6.4902663230896,6.39225959777832,-0.19499492645263694,2.6536233425140403,-0.337669372558594,5.8775739669799805
295.0,sub-0126,ses-03,run-01,cognitive,TPJ,277,cue,7.00108337402344,3.82980346679688,-0.679962158203125,4.73521614074707,0.979272842407227,1.38182508945465,-1.56915473937988,-8.0733642578125,-10.995445251464801,-21.587511062622102,-17.5459899902344,-10.514299392700199,-5.733097076416018,-10.5371894836426,1.1697349548339802,-2.0536251068115203,3.01102066040039,2.48655700683594,5.59196472167969,5.98386383056641,2.10764312744141,-0.934112548828125,3.13926696777344,1.64577960968018,-4.301641464233399,-7.56882476806641,-3.3173599243164102,-9.12742614746094,-7.42221450805664,-2.20330142974854,-9.22927379608154,-1.9908185005188,-3.6782577037811297,-5.8829669952392605,-12.049218177795401,-10.259052276611301,-6.41872692108154,-7.2301230430603,-4.3029637336731,-8.19530868530273,-8.5742359161377,-10.1808443069458
296.0,sub-0126,ses-03,run-01,cognitive,TPJ,278,cueH_stimH,-1.32051610946655,-5.26772689819336,2.61775970458984,5.34180450439453,1.302414894104,4.09531784057617,7.0619215965271,22.8475227355957,17.1642284393311,12.8266162872314,12.394757270813,7.973016738891599,3.07407975196838,2.57819795608521,1.53768467903137,7.6695871353149405,13.7670955657959,14.696753501892099,10.781537055969201,13.9934959411621,12.2802724838257,11.858192443847699,18.973323822021502,11.312163352966301,15.766658782959,21.8943386077881,21.3528442382812,19.1856479644775,14.076251029968299,21.324787139892603,1.44761276245117,12.035274505615199,-6.88646411895752,9.876951217651367,10.771280288696301,10.4058036804199,5.5286140441894505,5.17022037506104,10.6408195495605,-10.6233882904053,-10.885739326477099,2.46086525917053
297.0,sub-0126,ses-03,run-01,cognitive,TPJ,278,cueL_stimH,0.6083669662475589,-0.936402320861816,10.2305765151978,2.93052673339844,14.7489471435547,2.4600191116333,21.5704460144043,15.758313179016099,10.248149871826199,11.7861652374268,14.066305160522498,-0.175856113433838,-2.5321044921875,7.20943307876587,-10.3427791595459,-10.317899703979501,-12.6498517990112,6.0624723434448216,-8.533322334289549,-3.4516966342926003,0.20284748077392606,1.21648025512695,-5.34590530395508,-2.68132829666138,-2.95589065551758,-4.00180435180664,7.5943269729614284,3.46967315673828,-0.803028106689453,4.30089569091797,2.7008342742919904,6.28989410400391,6.85569000244141,5.57241058349609,8.51300048828125,10.0028972625732,-0.628796935081482,-2.26010131835938,-3.7589569091796897,-10.8080291748047,-2.69420623779297,-5.68299865722656
298.0,sub-0126,ses-03,run-01,cognitive,TPJ,278,cueH_stimM,10.0525035858154,3.86845564842224,15.684385299682601,1.38574850559235,11.767993927002001,8.12675285339355,23.0859298706055,9.56265258789062,11.3011207580566,5.57506275177002,-1.80180406570435,6.6255588531494105,0.898232400417328,1.93943309783936,-15.0751733779907,-3.04134368896484,-18.482021331787106,-5.279869079589839,-9.03976058959961,3.0653376579284703,7.54581022262573,-4.0690279006958,9.06258773803711,-2.10381388664246,4.59361886978149,-5.218303203582759,16.07737159729,9.40072727203369,13.467845916747999,13.3054456710815,11.8812770843506,12.924426078796401,14.4014835357666,18.3638191223145,29.614261627197298,16.6317977905273,27.3559169769287,20.173542022705103,13.033634185791,6.10512638092041,4.87154483795166,15.3257322311401
299.0,sub-0126,ses-03,run-01,cognitive,TPJ,278,cueL_stimM,-7.41046333312988,-0.432166576385498,4.26787424087524,3.38948440551758,5.99977207183838,4.11583232879639,17.0611724853516,2.24002838134766,16.531982421875,8.21586418151855,21.414371490478498,9.89000129699707,5.72470855712891,7.8225984573364284,-5.95486974716187,-3.56732511520386,2.7771692276001,10.6947202682495,-0.0936956405639648,13.6917219161987,-0.248511791229248,21.950384140014602,7.35758256912231,21.0401821136475,4.14105701446533,19.609842300415,11.314105987548801,8.43485355377197,8.669004440307619,6.00215291976929,-3.77180624008179,9.88447666168213,3.26370811462402,-2.01852512359619,-6.17545413970947,-2.31933975219727,3.18117904663086,4.72563171386719,9.45426177978516,4.11866760253906,8.70817279815674,6.12831115722656
300.0,sub-0126,ses-03,run-01,cognitive,TPJ,278,cueH_stimL,16.3485431671143,16.7300338745117,22.4378776550293,12.0281438827515,16.7069778442383,30.087951660156197,16.8766803741455,4.024878025054931,-3.37907934188843,-0.37171280384063693,-2.98835825920105,0.492396831512451,-6.145910739898679,-6.34309434890747,-8.99981689453125,-8.9505090713501,-10.4625034332275,-12.9341087341309,5.68844175338745,-2.2558822631835898,4.95675230026245,4.0895881652832005,1.63094520568848,4.32349157333374,19.599416732788104,9.567912101745607,9.346540451049801,12.535845756530799,13.1483964920044,14.360715866088901,19.1354141235352,15.5203847885132,9.494504928588867,13.274820327758801,4.818145751953121,4.64350128173828,5.27686500549316,3.0169448852539102,3.88083267211914,5.440362930297849,10.0810794830322,-1.62125778198242
301.0,sub-0126,ses-03,run-01,cognitive,TPJ,278,cueL_stimL,-12.888522148132301,-16.1608905792236,-3.5937480926513703,-1.05148315429688,4.014076232910161,6.18218183517456,2.8401269912719704,9.02089786529541,8.92100811004639,3.06502866744995,5.54739236831665,0.495840907096863,12.742898941039998,8.44639205932617,5.42463779449463,2.34426736831665,1.5213315486908,9.83492469787598,7.1782865524292,16.484857559204098,13.357673645019501,7.58467197418213,-2.43669366836548,-2.95459413528442,0.310892105102539,2.1440896987915,3.03936719894409,-1.07727527618408,-6.28265571594238,-7.3391695022583,3.94040870666504,5.9734992980957005,1.13985824584961,12.1913528442383,2.19081878662109,1.7871589660644498,-2.2910957336425803,1.94356060028076,13.1812305450439,12.47802734375,13.126504898071301,15.420941352844201
302.0,sub-0126,ses-03,run-01,cognitive,TPJ,278,rating,0.0514636039733887,-0.9463529586791992,1.47292530536652,4.48734140396118,7.2978081703186,6.16512155532837,5.83105325698853,5.53773641586304,8.40768337249756,5.66528129577637,3.78960514068604,-2.76084899902344,-3.5754547119140603,-7.389659881591799,-9.97055053710938,-11.0401763916016,-8.459194183349611,-7.27166032791138,-0.422482490539551,-2.76970291137695,-1.55769348144531,1.22674560546875,-1.56083106994629,-1.4108180999755902,-0.464760065078735,-3.02479147911072,-4.08054780960083,-4.062810897827149,0.6572160720825201,-2.341552734375,-0.6945486068725589,0.194942474365234,6.858221054077151,4.47708988189697,-0.933772087097168,-2.86279797554016,-6.21288204193115,-5.62720251083374,-9.62289428710938,-1.79651093482971,-5.2395658493042,1.6788215637206998
303.0,sub-0126,ses-03,run-01,cognitive,TPJ,278,cue,6.48468017578125,7.07058334350586,7.079280853271482,10.8277835845947,10.5124359130859,10.2817878723145,5.55654525756836,1.26836395263672,1.55722427368164,-1.82176876068115,1.64563524723053,1.69876766204834,2.03422451019287,0.827832221984863,3.4079551696777304,0.456674575805664,5.7068176269531214,8.97467041015625,15.456729888916,15.825187683105499,11.3814849853516,13.7392044067383,12.6754837036133,13.815915107727099,9.30928421020508,6.82662200927734,3.68458938598633,2.08190155029297,-3.33735084533691,-3.0751991271972696,-7.274418830871579,-2.88698816299438,-7.2463665008544895,-9.08653450012207,-8.498777389526369,-14.558264732360804,-8.132297515869139,-16.846170425415,-11.772542953491199,-8.50650787353516,-5.021912574768071,-4.39155292510986
304.0,sub-0126,ses-03,run-01,cognitive,TPJ,279,cueH_stimH,-5.31847381591797,6.3657941818237305,16.3142242431641,9.87698554992676,14.1207818984985,11.802339553833,2.40257740020752,12.852071762084998,16.0891513824463,7.564904689788821,3.9122226238250697,9.91600608825684,4.74394464492798,12.768633842468299,14.4072723388672,21.5056552886963,13.4277877807617,31.3890552520752,18.0691070556641,24.1981925964355,13.0197744369507,31.5828857421875,34.536228179931605,20.5319290161133,19.552911758422894,29.6168365478516,20.5006103515625,26.2454948425293,20.0059089660645,21.0205860137939,19.501285552978498,11.6992664337158,9.62983512878418,-3.6429443359375,-5.17920875549316,9.25072288513184,-1.20395278930664,10.6181201934814,-3.69510459899902,-6.623783111572268,-15.4135160446167,-5.60891485214233
305.0,sub-0126,ses-03,run-01,cognitive,TPJ,279,cueL_stimH,10.7254905700684,-0.0940580368041992,5.40095329284668,8.034365653991701,23.287488937377898,3.87639760971069,32.131149291992195,12.408510208129899,20.26584815979,14.727271080017099,24.9589996337891,22.2144374847412,17.746536254882802,20.0108242034912,9.36383533477783,13.8325843811035,15.430789947509801,31.1720848083496,25.3925590515137,7.97946310043335,-4.33055400848389,17.273662567138697,-2.84812879562378,9.68047332763672,3.25729274749756,15.0407562255859,-6.692456245422361,3.7749691009521498,9.33700942993164,1.6221542358398402,-2.02609252929688,13.777568817138699,-6.24993896484375,7.20157241821289,-9.73783874511719,-6.67497253417969,-7.340326309204099,-9.91061019897461,-16.155052185058597,-9.576416015625,-8.24701690673828,-7.59757041931152
306.0,sub-0126,ses-03,run-01,cognitive,TPJ,279,cueH_stimM,34.189723968505895,12.276905059814501,16.9170169830322,-1.08114290237427,7.28597116470337,-0.623466491699219,13.033571243286099,7.45630025863647,12.0807752609253,10.8624877929688,4.0009026527404785,-2.85199999809265,15.712792396545401,26.931039810180696,19.945491790771502,14.405535697937,14.2159605026245,10.3559608459473,7.391840934753421,20.7961730957031,26.2561187744141,29.8969345092773,19.559772491455103,20.701341629028303,18.7420768737793,18.5993614196777,25.0174827575684,27.117820739746104,32.816207885742195,31.099250793457,25.4434089660645,18.4413948059082,18.7908706665039,23.203332901001,31.731126785278306,28.2910079956055,33.291839599609396,38.5501556396484,25.9352684020996,36.04544067382809,10.2404937744141,24.311206817627
307.0,sub-0126,ses-03,run-01,cognitive,TPJ,279,cueL_stimM,-6.85557079315186,-5.1589183807373,-7.82789945602417,-2.81716537475586,-10.8191976547241,-10.8274803161621,-7.08039951324463,-7.25011777877808,-12.102934837341301,-2.61996388435364,11.695188522338901,12.3175039291382,13.073307991027804,12.577859878539998,7.31924104690552,14.2748966217041,1.4431052207946795,24.0613117218018,20.0086669921875,9.71165657043457,9.22959041595459,20.6365947723389,23.604192733764602,8.15963459014893,21.241802215576197,16.633808135986303,30.434617996215806,19.9357738494873,11.9889869689941,5.253252506256099,4.77266216278076,-7.27488803863525,11.771878242492699,-9.04501438140869,-1.63086223602295,-0.9775409698486328,1.48063850402832,1.2875862121582,2.7281646728515603,-8.85300827026367,0.0164736956357956,-15.277015686035199
308.0,sub-0126,ses-03,run-01,cognitive,TPJ,279,cueH_stimL,-6.41004228591919,-3.69749212265015,5.33690023422241,-4.68945026397705,4.169847488403319,4.368299484252931,13.368927001953098,4.3993191719055185,15.384516716003402,11.8744506835938,8.7478084564209,16.5923900604248,14.7661123275757,22.9117736816406,8.71725273132324,13.9084920883179,10.1780376434326,11.135623931884801,14.6329526901245,22.2271423339844,11.685915946960401,17.3242435455322,5.0863356590271,10.4035778045654,22.1402702331543,20.7139854431152,8.88101673126221,-1.85246419906616,14.506822586059599,-4.48842239379883,11.0193195343018,8.01155281066895,15.080561637878402,22.203100204467802,8.57607078552246,12.6897583007812,9.135396957397461,11.624368667602502,17.8254356384277,17.902296066284197,7.812358856201169,12.8399085998535
309.0,sub-0126,ses-03,run-01,cognitive,TPJ,279,cueL_stimL,-26.927169799804698,-14.859457015991199,-12.8220157623291,2.8460044860839804,2.48718881607056,-9.500875473022461,-4.86001205444336,-11.4342708587646,-9.987616539001461,-3.21096444129944,7.327099323272709,-1.15419936180115,17.126916885376,8.47542667388916,0.875737905502319,6.479929924011231,18.126728057861303,10.175554275512699,16.2147235870361,17.8594608306885,19.459293365478498,4.87847232818604,2.6416015625,-9.71143436431885,24.405977249145497,-7.13730096817017,28.2769775390625,20.2357406616211,19.941852569580103,1.3113374710083,6.82424163818359,6.665338516235349,9.87362098693848,14.8115768432617,5.70696830749512,6.66773796081543,-11.715555191039998,-9.31646347045898,-8.98995780944824,-9.88671875,-6.76132965087891,-19.273723602294897
310.0,sub-0126,ses-03,run-01,cognitive,TPJ,279,rating,1.12934827804565,5.45374250411987,3.5019407272338903,9.92514801025391,12.9923696517944,9.40763568878174,10.884930610656701,11.588903427124,19.8842239379883,25.4519157409668,31.385005950927702,38.692451477050795,39.562080383300795,38.3495101928711,35.5080718994141,23.0870380401611,18.0594043731689,17.921554565429698,10.709211349487301,10.2522220611572,10.4089202880859,9.67988586425781,12.6601028442383,7.30112266540527,6.6599826812744105,4.76433849334717,5.60742425918579,-2.08121252059937,4.18002891540527,-4.46248912811279,1.72347736358643,-1.50870037078857,5.04722118377686,4.69534587860107,9.47464752197266,5.35513114929199,1.40767955780029,1.23767423629761,-0.607041597366333,0.5300421714782709,-2.13220286369324,-0.880166053771973
311.0,sub-0126,ses-03,run-01,cognitive,TPJ,279,cue,-0.602884292602539,10.181739807128901,3.9787578582763694,8.330564498901369,7.2280158996582,12.667038917541499,-0.502632141113281,4.18440818786621,-7.12385749816895,-1.2513303756713898,0.38201928138732894,3.46689319610596,10.142237663269,9.34170913696289,14.0904207229614,11.367840766906701,12.308919906616199,5.22545623779297,2.87153244018555,1.5936660766601598,5.11760711669922,-9.4976692199707,-1.3668146133422898,0.109622001647949,1.78122901916504,2.26470947265625,-2.8572769165039102,1.10719299316406,4.101190567016601,2.30757331848145,4.65188074111938,5.20799160003662,5.61796236038208,8.01882076263428,0.956654012203217,3.52036952972412,11.9158191680908,6.476843357086179,8.70931816101074,-4.02502059936523,1.0754795074462902,-4.52458763122559
312.0,sub-0126,ses-03,run-01,cognitive,TPJ,280,cueH_stimH,-3.87575817108154,-5.52517318725586,2.75969696044922,-3.5424766540527304,-6.05600547790527,2.0505924224853502,1.1766571998596205,15.3811492919922,18.1721229553223,14.7963533401489,24.575744628906197,22.569503784179698,23.002067565918,20.5666484832764,21.1070594787598,25.003719329834,33.262096405029304,33.3025093078613,35.9833946228027,37.7851524353027,21.4361801147461,33.661838531494105,31.5819873809814,23.2099781036377,17.231643676757802,15.6397123336792,18.9923305511475,13.622798919677699,14.870443344116199,11.4350318908691,15.4777021408081,8.64543342590332,2.4235897064209,7.79438781738281,6.748065948486331,-0.621268272399902,-6.707378387451169,4.39430618286133,-1.44732761383057,-10.8657169342041,-20.4404468536377,-7.34116792678833
313.0,sub-0126,ses-03,run-01,cognitive,TPJ,280,cueL_stimH,1.56386184692383,9.14425277709961,12.734710693359402,8.55843830108643,21.715389251709,20.7023315429688,31.35622215271,34.3222999572754,31.2775363922119,28.133102416992198,36.526641845703104,17.1626567840576,29.3690395355225,32.7844619750977,24.3790435791016,15.6346263885498,24.2991943359375,25.600526809692397,18.7815570831299,19.7637901306152,21.3595504760742,25.997789382934602,15.9805021286011,20.1479873657227,17.4191722869873,11.339129447937,21.1760635375977,23.913633346557607,15.3308658599854,16.2523612976074,14.025299072265598,21.6341400146484,15.3717803955078,19.279468536377,16.199386596679698,11.9657878875732,4.32592630386353,-3.1345329284668,-11.286903381347699,-12.4300384521484,-13.2857666015625,-15.4649238586426
314.0,sub-0126,ses-03,run-01,cognitive,TPJ,280,cueH_stimM,24.821105957031197,13.3231287002563,19.5780620574951,14.266975402832001,19.1142406463623,5.9900951385498,15.6118450164795,14.986701965332001,8.45015907287598,12.1300373077393,12.508995056152301,27.8008117675781,32.3389663696289,24.0310459136963,16.0222263336182,11.945596694946301,0.661785125732422,2.8126626014709504,2.4961342811584504,15.7758121490479,6.16837501525879,15.691854476928699,15.689342498779302,9.78826141357422,10.621887207031197,18.080341339111303,24.485652923584,18.7249870300293,27.1965065002441,19.9543762207031,19.751419067382802,23.7384548187256,35.527595520019496,22.9201641082764,28.1443576812744,20.8871459960938,27.2562580108643,26.1517276763916,22.136209487915,15.9539613723755,9.53316116333008,13.9104738235474
315.0,sub-0126,ses-03,run-01,cognitive,TPJ,280,cueL_stimM,-4.01066303253174,-4.3486609458923295,-3.2105307579040496,2.4816436767578103,-10.033971786499,-1.3910417556762702,-5.482929229736331,-7.2867708206176784,4.03266954421997,19.4706649780273,27.663040161132802,25.2989807128906,25.104007720947298,27.5411224365234,14.0050783157349,25.9118156433105,23.0127906799316,30.5889205932617,6.807481288909909,16.2166385650635,9.47529983520508,16.2253551483154,11.2061252593994,26.059144973754893,30.7663593292236,33.270450592041,19.1573104858398,21.9042854309082,20.6399230957031,10.755123138427699,10.549166679382301,24.956130981445302,12.1556386947632,7.974469184875491,12.606915473938,4.44462394714355,12.220375061035199,23.3890762329102,13.021759033203098,8.1598072052002,3.43438005447388,-2.41537094116211
316.0,sub-0126,ses-03,run-01,cognitive,TPJ,280,cueH_stimL,-15.441060066223097,0.0249841213226318,1.7131066322326698,2.0308020114898704,7.597411632537839,15.6723728179932,5.44052076339722,5.61257123947144,11.9320011138916,13.4086465835571,13.3779201507568,20.184217453002894,20.0080795288086,22.1519508361816,12.427998542785597,16.0189514160156,8.45858192443848,4.57328224182129,10.1201610565186,7.51261711120605,-0.103717803955078,13.086690902710002,13.3222808837891,17.2222213745117,18.452564239502,16.306781768798803,16.301692962646502,4.82136297225952,14.5121803283691,10.6512670516968,12.3468494415283,13.874220848083501,7.39924621582031,5.808856964111331,3.02558517456055,2.8729400634765603,3.2478923797607404,7.25334167480469,-0.47475004196167,5.7376184463501,3.6230583190918,2.64574432373047
317.0,sub-0126,ses-03,run-01,cognitive,TPJ,280,cueL_stimL,-26.097728729248,-17.063055038452102,-22.091136932373,-7.9005241394042995,-5.15775394439697,1.1418027877807602,2.59189105033875,7.98409080505371,5.10572671890259,7.57859086990356,5.347896099090581,16.6449871063232,28.7389755249023,19.598190307617198,24.7381477355957,22.421730041503896,18.970195770263697,18.3479309082031,20.970928192138697,25.9255809783936,13.5233097076416,7.53034448623657,3.89320206642151,6.059753894805911,16.846454620361303,19.5759544372559,23.658004760742198,17.6277770996094,12.765892982482901,3.829976081848141,17.6791019439697,9.19364166259766,14.9161472320557,22.9067230224609,10.241823196411099,13.4148273468018,-1.05764961242676,4.4624719619750985,15.181270599365199,6.1544189453125,-1.05046463012695,-4.0086841583252
318.0,sub-0126,ses-03,run-01,cognitive,TPJ,280,rating,-5.864336967468259,-6.4058532714843786,-1.24389457702637,2.63227558135986,5.2320876121521,4.6742048263549805,4.18915843963623,6.60370588302612,4.61403179168701,4.61117362976074,5.22548007965088,4.45239067077637,6.720453262329099,4.51224136352539,1.5576171875,-1.56215286254883,-3.42988777160645,1.3684978485107402,3.96566104888916,3.08494186401367,1.5550231933593797,4.72182083129883,0.676616668701172,-1.1774415969848602,-1.8700236082077,-1.88152289390564,-2.18528962135315,-8.77365970611572,-7.8977956771850595,-10.1721630096436,-9.84357166290283,-7.51626825332642,-2.34701919555664,-1.3904137611389198,-4.461450576782231,-5.78821086883545,-5.790472030639651,-8.6351318359375,-6.15863275527954,-5.32550525665283,-4.78764772415161,-3.2054591178894003
319.0,sub-0126,ses-03,run-01,cognitive,TPJ,280,cue,3.25564575195312,7.10343933105469,8.71195793151855,10.4169883728027,16.4609508514404,14.339140892028801,11.992696762084998,10.4787178039551,8.080539703369139,6.749752044677732,6.0819263458252,9.34931755065918,10.595195770263699,12.7868642807007,15.530458450317399,21.541442871093803,21.9091491699219,20.2813739776611,23.0759658813477,21.9681015014648,15.059059143066401,16.2368507385254,16.835334777832,16.031541824340803,12.250789642334,9.78484344482422,7.651798248291018,4.66722869873047,5.84716987609863,4.08347797393799,3.99097275733948,7.774297714233401,0.646244645118713,4.941285133361821,1.56795382499695,1.63243210315704,5.5501804351806605,0.882177829742432,-0.960861206054688,1.52343821525574,1.2286167144775402,-1.38291871547699
320.0,sub-0126,ses-03,run-01,cognitive,TPJ,281,cueH_stimH,17.3654670715332,-4.472426414489751,1.71068954467773,-0.8313140869140621,15.138935089111301,-1.74753189086914,-2.69777059555054,7.001103401184079,1.71595668792725,23.250320434570302,23.4039306640625,14.487225532531701,1.06629872322083,6.334912300109861,11.1326551437378,31.725160598754893,29.4339218139648,38.8922271728516,14.265732765197802,9.906670570373539,32.946853637695305,27.536457061767607,40.198600769043004,36.39064407348629,17.1268157958984,11.891563415527301,-7.64096927642822,17.829303741455103,3.2258586883544904,20.4809970855713,15.1388874053955,15.196178436279302,-12.3454008102417,-28.330997467041,-24.959173202514602,-3.548752784729,1.9459152221679696,0.157285213470459,5.44081020355225,-5.9934196472168,-33.654598236084,-26.8475532531738
321.0,sub-0126,ses-03,run-01,cognitive,TPJ,281,cueL_stimH,11.7927694320679,22.4399356842041,-11.976156234741199,25.5285491943359,34.769992828369105,6.02160406112671,49.3713493347168,40.73667526245121,21.3528938293457,47.0433197021484,29.1280899047852,21.1227703094482,28.469942092895497,31.879753112793,16.4734745025635,25.2831630706787,23.9939670562744,28.18381690979,12.027777671814,4.788573265075679,-11.4653100967407,27.049922943115202,3.81903076171875,5.23727893829346,7.64681339263916,16.461769104003903,-0.902654647827148,24.251564025878896,-10.015441894531197,3.21857452392578,17.6427249908447,-0.2587890625,-2.62591552734375,8.186618804931639,19.7449569702148,17.1255664825439,26.7657146453857,7.6907844543457,-2.7480239868164102,-5.840576171875,-5.75486755371094,-2.0598602294921897
322.0,sub-0126,ses-03,run-01,cognitive,TPJ,281,cueH_stimM,11.405540466308599,3.85177397727966,7.42850494384766,-7.71892309188843,-9.91850471496582,-10.2577800750732,20.7257480621338,-10.424337387085,12.843852996826199,8.70868873596191,10.524862289428699,-3.69763803482056,22.317983627319304,25.465404510498,7.78345394134521,13.6929664611816,-9.55431365966797,6.447372913360598,-14.450920104980499,20.8116245269775,18.432954788208,25.2360668182373,12.3922719955444,5.2754225730896,9.190267562866213,2.1422367095947297,12.845569610595698,5.49098300933838,24.734842300415,23.5487251281738,2.15182590484619,-7.5611457824707005,2.0150337219238303,9.931074142456053,10.230852127075199,-5.21809387207031,14.348793029785199,15.764791488647498,13.889539718627901,11.9062757492065,-13.317493438720698,20.7257385253906
323.0,sub-0126,ses-03,run-01,cognitive,TPJ,281,cueL_stimM,-9.72522449493408,-33.5535354614258,-1.27218198776245,10.614196777343803,7.92164421081543,0.0480546951293945,5.68300533294678,8.23569583892822,-10.923023223877001,-2.8390045166015603,29.5690746307373,18.4036273956299,31.1433887481689,46.456356048584006,-7.24123334884644,11.116954803466802,9.20693683624268,48.565788269043,45.0763053894043,26.762962341308604,16.915206909179698,3.0107364654541,-10.0156784057617,12.3832178115845,7.89704036712646,20.2928466796875,20.0148620605469,3.39443683624268,-11.10986328125,10.445505142211902,-27.5137825012207,-6.7349576950073216,-8.519224166870119,1.5156927108764602,-4.97035503387451,-4.23007392883301,-0.7724990844726559,-6.548583984375,-11.207088470459,6.111276626586911,3.47900438308716,-20.2604484558105
324.0,sub-0126,ses-03,run-01,cognitive,TPJ,281,cueH_stimL,-9.87810039520264,15.830945968627901,-0.27072510123252896,-8.20875930786133,7.71320533752441,-9.82430362701416,18.3570327758789,-17.8683986663818,8.36532497406006,0.366185873746872,-5.9924840927124,15.562347412109402,25.665847778320302,26.284992218017607,26.437002182006804,17.068340301513697,11.2337474822998,20.9861240386963,35.2264747619629,24.7713356018066,26.6355895996094,9.89719772338867,9.26940822601318,0.493807315826416,23.134479522705107,29.329216003418,-0.413895130157471,-7.52406549453735,9.711263656616213,-17.590875625610398,7.029804229736331,-7.1526517868042,10.660637855529801,1.22664833068848,-4.91120147705078,0.71142578125,-1.89890098571777,20.8427143096924,-18.2893695831299,0.315046787261963,-8.28799629211426,5.880207061767581
325.0,sub-0126,ses-03,run-01,cognitive,TPJ,281,cueL_stimL,-21.927047729492198,-4.97588443756104,-29.8523845672607,-4.27082824707031,-13.165096282959,0.7733120918273929,13.728157043457001,2.91159057617188,-9.2300968170166,-5.56397819519043,3.00817966461182,20.9790897369385,31.861248016357397,27.8195724487305,30.994092941284197,35.3975105285645,16.2348880767822,27.79567527771,26.222265243530305,19.6103553771973,-6.0018815994262695,-14.572328567504899,5.89211654663086,0.999480009078979,5.4878454208374,11.2875986099243,13.5113620758057,15.6283769607544,-14.3679637908936,-5.777774810791018,12.9643211364746,3.6502513885498,7.04199409484863,1.8819503784179696,12.611236572265598,-0.376718521118164,-6.62344932556152,-0.88782787322998,-9.153279304504393,14.1456298828125,-10.768899917602502,14.3767242431641
326.0,sub-0126,ses-03,run-01,cognitive,TPJ,281,rating,0.47682523727417,1.7411291599273702,0.0855356454849243,0.679417729377747,4.1032829284668,2.5406699180603,2.2662959098815896,-0.967604637145996,1.05044364929199,-3.726437568664549,3.2543277740478502,-0.38792800903320296,3.74362182617188,2.8960113525390603,-1.81129455566406,-14.891620635986301,-17.6237812042236,-8.24183082580566,-12.0133800506592,-3.02602195739746,-7.91240692138672,-3.10834503173828,-6.67120552062988,-1.80940246582031,-10.3148927688599,0.8736290931701659,-7.019466400146482,-7.37414026260376,-1.44708824157715,-13.4208974838257,-9.01067638397217,-7.496281623840329,-11.6551065444946,-4.26773118972778,-2.9902791976928698,-2.01510953903198,-6.816327095031741,-8.692934036254881,-17.219017028808597,-10.7822437286377,-12.3598146438599,-4.11079788208008
327.0,sub-0126,ses-03,run-01,cognitive,TPJ,281,cue,-3.1826725006103502,-5.34640121459961,2.0864448547363303,8.05592918395996,1.05495190620422,16.7023506164551,-1.11925506591797,0.451244354248047,-1.14496421813965,0.0522642135620117,-2.7863364219665496,2.2837872505188,1.54254913330078,9.000162124633789,5.8655109405517605,5.09463977813721,9.107072830200199,4.86018753051758,6.31632995605469,8.84726715087891,13.773796081542999,16.1947059631348,7.79158592224121,20.6922206878662,14.3455810546875,19.8083229064941,16.8053703308105,12.9724273681641,-2.4409351348877,-12.8542737960815,-2.94882369041443,3.00362396240234,-3.74435520172119,5.02175760269165,-5.50166130065918,-5.8113312721252415,10.8468503952026,-1.65540027618408,4.31935977935791,-3.5623950958252,-3.35222291946411,-3.0828089714050297
328.0,sub-0126,ses-03,run-01,cognitive,TPJ,282,cueH_stimH,28.042316436767607,-5.3428430557250985,7.74521827697754,11.0268096923828,7.3949861526489284,18.7459487915039,13.8533000946045,9.20027542114258,29.161193847656197,26.3997783660889,26.7486228942871,7.65257453918457,0.974872708320618,21.5848197937012,-9.7071418762207,-5.44294834136963,17.1495742797852,32.2712211608887,-3.42743301391602,24.6747970581055,36.1309776306152,30.862154006957997,44.45719146728521,42.8655204772949,42.7679862976074,21.8826751708984,41.8642921447754,34.4912948608398,19.6742572784424,27.959997177124,11.564100265502901,7.34318733215332,-4.00346374511719,1.89395809173584,-7.6617317199707005,15.7018489837646,13.067279815673801,30.218458175659197,13.772295951843299,-19.277202606201197,-9.16413593292236,-18.2497158050537
329.0,sub-0126,ses-03,run-01,cognitive,TPJ,282,cueL_stimH,8.14763927459717,29.390262603759798,29.2716178894043,10.9977684020996,43.6304740905762,14.2403974533081,40.14470672607421,8.7359676361084,31.326723098754893,13.9961261749268,19.351037979126,14.384403228759801,6.95883083343506,25.2654705047607,16.7465705871582,4.7470817565918,6.95189380645752,15.504357337951696,17.1748466491699,13.708995819091802,14.58851146698,13.6752414703369,-18.2713851928711,9.201292037963867,9.98575973510742,2.00643253326416,15.1511945724487,23.6837100982666,-1.00700759887695,28.616329193115202,4.8192024230957005,-3.08838653564453,6.26841735839844,12.056880950927699,33.785408020019496,43.6107330322266,19.4913234710693,27.9237403869629,7.28235626220703,-9.85213851928711,-17.1231002807617,-4.17009735107422
330.0,sub-0126,ses-03,run-01,cognitive,TPJ,282,cueH_stimM,20.7347946166992,10.784065246582001,21.4732608795166,-13.361041069030799,12.8516750335693,-14.619859695434599,30.7000007629395,15.3992252349854,40.8822631835938,10.958552360534696,23.210128784179698,-4.15681934356689,2.28797435760498,-10.00648021698,-16.0325126647949,7.793511867523191,6.39325094223022,-11.1430015563965,2.755312919616701,27.517930984497102,20.7961921691895,5.922068595886231,26.1208343505859,12.394763946533198,8.40060424804688,5.463393688201902,-3.71533679962158,1.8416690826416,37.473724365234396,22.0102596282959,13.97998046875,11.6715784072876,10.813051223754899,13.2062377929688,29.718004226684602,-6.58989715576172,21.7282772064209,29.378107070922894,28.081842422485398,24.578742980957,20.8884868621826,-2.21342277526855
331.0,sub-0126,ses-03,run-01,cognitive,TPJ,282,cueL_stimM,-1.4054064750671398,0.831221580505371,-16.5665626525879,-8.20433044433594,8.054821968078612,7.00497817993164,-16.425909042358402,-0.17168831825256306,-20.1539516448975,10.598083496093803,10.6951093673706,-1.7327488660812398,13.729480743408198,6.40591669082642,5.51658821105957,18.597335815429695,2.32931661605835,11.6575345993042,10.811653137207001,29.676786422729503,-0.491325378417969,4.48544836044312,5.5577974319458,13.8688268661499,11.9209718704224,25.3578910827637,25.4554653167725,6.16729545593262,4.33465766906738,-15.377552032470698,-13.7974395751953,-6.44544124603271,-4.66682529449463,4.2977819442749,-19.7307662963867,11.925422668457001,-2.39937782287598,5.97774314880371,13.569984436035199,7.396846771240232,7.79769420623779,-7.9414978027343786
332.0,sub-0126,ses-03,run-01,cognitive,TPJ,282,cueH_stimL,-3.90478467941284,2.65133166313171,13.190990447997999,5.913763523101809,20.4135150909424,5.01669979095459,8.62921524047852,4.58641672134399,13.5463171005249,-14.013684272766099,17.6519241333008,14.4615039825439,7.14901351928711,-3.992516040802,-11.7211313247681,6.203179836273191,-12.5313329696655,-3.69494271278381,-5.16662216186523,21.7449226379395,8.63103675842285,22.0644454956055,38.0248870849609,5.23423147201538,19.4948577880859,1.87855577468872,13.878414154052699,8.426450729370119,7.3875560760498,9.18702507019043,24.706880569457997,8.13263607025146,7.24454402923584,20.0624046325684,-3.5251293182373,-8.99689483642578,9.92863655090332,20.803918838501,-18.3027305603027,12.239132881164599,2.86122798919678,6.318302154541018
333.0,sub-0126,ses-03,run-01,cognitive,TPJ,282,cueL_stimL,-11.6036720275879,4.7816476821899405,-29.605657577514602,-14.207820892334,0.0298233032226562,24.0664386749268,11.0210723876953,16.125534057617198,-10.1050453186035,11.4699716567993,26.3805961608887,-8.30259895324707,3.95943331718445,7.2602105140686,6.57712364196777,-6.132144927978518,-0.249085426330566,15.998816490173304,19.3281784057617,25.516731262207,12.815357208252001,6.18259429931641,9.4205961227417,-15.885258674621598,-8.04116821289062,-4.93999481201172,26.2828521728516,0.0808448791503906,8.361560821533201,-1.35570430755615,5.92590522766113,16.8475189208984,-11.492185592651401,25.5527648925781,11.289876937866199,9.102132797241213,4.1180534362793,11.743859291076696,-3.72636985778809,17.0599365234375,-6.78478240966797,21.195888519287106
334.0,sub-0126,ses-03,run-01,cognitive,TPJ,282,rating,-0.373716831207275,-6.2216300964355495,4.94189929962158,6.58436489105225,5.177485942840581,8.37681674957275,1.4059348106384295,0.39170503616333,3.6321573257446302,0.108013153076172,-4.15840435028076,-9.983217239379881,-4.639259338378911,-5.473690032958982,-5.4012145996093786,-10.366111755371099,-8.57997131347656,-6.986891746521,-1.09976005554199,0.827388763427734,-4.586036682128911,2.0692024230957,-3.91114044189453,1.99376964569092,3.56129956245422,7.65952491760254,0.46337890625,-3.3733906745910605,2.39494562149048,-3.3601081371307404,4.51637744903564,-0.12857913970947302,7.9376554489135716,8.024623870849611,4.46518325805664,9.388589859008787,3.5260562896728502,-3.82609415054321,-0.493414878845215,-0.771804332733154,1.13707637786865,2.19580459594727
335.0,sub-0126,ses-03,run-01,cognitive,TPJ,282,cue,-6.12355995178223,-1.9211349487304696,2.17552947998047,12.9226903915405,5.6732473373413095,8.74733829498291,0.417354583740234,-1.36284637451172,-14.413953781127901,-10.2079219818115,-10.2657203674316,-10.1405830383301,-3.6972627639770494,-1.2242259979248,-1.60689353942871,-4.15956211090088,4.48089027404785,4.03072547912598,9.03140258789062,8.08673095703125,9.85714721679688,9.13131332397461,1.59316158294678,13.725562095642099,8.176914215087889,10.547996520996099,6.73683929443359,6.13044738769531,-6.1339626312255895,-8.02288055419922,-8.62662506103516,2.7417459487915,-11.5217895507812,-13.6964445114136,-9.79531764984131,-9.465901374816893,3.12396621704102,-14.295530319213901,-0.976962566375732,-12.1506595611572,-8.182041168212889,-19.6464462280273
336.0,sub-0126,ses-03,run-02,pain,TPJ,277,cueH_stimH,-23.136661529541,-27.447463989257802,-1.93187236785889,-11.8289451599121,-17.860120773315398,2.852858543396,6.26175403594971,6.84703636169434,1.81335163116455,4.27723407745361,-6.10259342193604,-10.466613769531197,1.4988489151001,4.39059638977051,-16.7532062530518,-1.92523670196533,8.116054534912111,8.5136775970459,6.85658740997314,4.023939132690431,-1.46577835083008,20.441791534423803,8.454760551452638,-0.80613899230957,6.39837455749512,20.2903728485107,18.6296672821045,26.858671188354503,25.207059860229503,33.0185928344727,6.8447551727294895,30.893827438354503,36.560340881347706,14.5030879974365,19.879503250122106,26.0026416778564,26.3001766204834,5.470333099365232,20.877977371215803,9.748762130737301,9.31602668762207,6.220652580261231
337.0,sub-0126,ses-03,run-02,pain,TPJ,277,cueL_stimH,5.02203559875488,9.20144653320312,6.3221321105957005,3.5501499176025404,-2.2721176147460898,15.1876573562622,9.6295051574707,1.6294441223144498,-2.52419519424438,6.98149824142456,1.52885675430298,-8.69222259521484,-11.367985725402804,-8.0254430770874,-4.666847229003911,-6.24880218505859,2.1286153793335,-10.873167037963901,-6.17543649673462,-18.751010894775398,-5.51594543457031,-13.3905467987061,-5.15095281600952,-6.39530944824219,0.912222862243652,22.7694606781006,16.8263149261475,10.0367469787598,20.876522064209002,12.1727809906006,17.1526203155518,18.2876377105713,10.898834228515598,9.38523960113525,4.50154113769531,14.6633310317993,3.99660873413086,-9.242021560668947,-5.83929443359375,-4.4089469909668,7.2877082824707005,3.47579956054688
338.0,sub-0126,ses-03,run-02,pain,TPJ,277,cueH_stimM,-29.718240737915,-24.3368129730225,-22.382282257080107,-11.001591682434098,-19.214633941650398,-18.3723068237305,-15.735502243042,-2.4727954864502,-18.9677791595459,-10.464390754699698,-17.379768371582,-16.7377681732178,-26.8805885314941,-17.957416534423803,-15.802300453186,-27.175785064697298,-23.6032009124756,-25.854257583618196,-22.166427612304698,-27.5725364685059,-7.70344734191895,-19.0632934570312,-11.950049400329599,-8.16225624084473,-6.95248222351074,-21.9071388244629,-1.8617992401123,-4.933446884155269,9.87572860717773,4.91620635986328,7.87896633148193,3.86054801940918,-2.70155143737793,5.41790580749512,-11.3490142822266,-0.612678527832031,-18.72314453125,-4.90931701660156,-3.89407730102539,-6.60726356506348,22.069435119628896,15.7117147445679
339.0,sub-0126,ses-03,run-02,pain,TPJ,277,cueL_stimM,4.39264678955078,-3.41337299346924,9.57535552978516,5.745477676391599,15.1072387695312,-20.014513015747106,-14.8567352294922,2.64861798286438,-6.41344451904297,-14.685509681701696,-0.731146335601807,-4.02498817443848,-17.295093536377,-20.2194290161133,-3.0618133544921897,-19.757968902587894,1.8855285644531203,-7.1748218536377,5.7764167785644505,-17.1239128112793,-19.9487247467041,-16.1045742034912,-12.7255754470825,-0.117820739746094,8.60348606109619,13.437397956848097,9.83342266082764,2.74022483825684,-0.666549682617188,7.43804168701172,-4.61491203308105,5.5717945098877,1.57021522521973,-3.4043006896972696,-11.299854278564501,8.04681301116943,-15.0225086212158,-4.275892257690431,-6.47125434875488,-5.90095520019531,-0.7166824340820309,-3.03851318359375
340.0,sub-0126,ses-03,run-02,pain,TPJ,277,cueH_stimL,14.9556007385254,4.005897521972661,0.7254352569580079,-9.462503433227539,-0.423318862915039,8.52998161315918,-9.47107982635498,31.3262920379639,26.412796020507802,-4.02917432785034,7.37193298339844,-9.23330020904541,-17.5706100463867,-16.0632820129395,16.8671760559082,7.72121524810791,-12.496589660644501,-14.9128589630127,-2.80042457580566,-2.82700729370117,-13.580547332763699,7.7973918914794895,-4.314781188964839,10.271852493286099,13.1513996124268,9.2915096282959,11.200740814209,7.6799011230468786,23.110641479492198,2.3460235595703103,17.771240234375,1.14999008178711,1.66154289245605,-0.6103515625,5.9415168762207005,-3.12285232543945,-18.0011138916016,-12.7402076721191,-9.86347198486328,-8.49022674560547,-5.16027450561523,6.23262214660645
341.0,sub-0126,ses-03,run-02,pain,TPJ,277,cueL_stimL,1.79217720031738,-16.6595878601074,-10.7192916870117,-8.05743789672852,-8.837526321411131,-7.199172496795652,-9.99712181091309,-20.4713821411133,-18.7972354888916,-10.013848304748501,-1.44548797607422,-4.50679206848145,-7.67473936080933,-32.6967735290527,-25.6251754760742,-20.280080795288104,-29.200950622558604,-31.649755477905305,-24.9248123168945,-18.820957183837894,-23.4529876708984,-14.8543348312378,-17.635124206543,0.5572872161865229,2.4158687591552703,11.556770324707001,-1.72711563110352,-8.73513984680176,-2.19892978668213,-2.86418342590332,-2.3283071517944305,10.9060153961182,17.5982666015625,-8.98193359375,-16.0721092224121,-24.2756843566895,-20.8790512084961,-10.3999710083008,-15.0762329101562,-4.4124879837036115,-13.378403663635302,-0.778345346450806
342.0,sub-0126,ses-03,run-02,pain,TPJ,277,rating,-0.822437286376953,0.5726613998413089,5.369562149047849,4.36736440658569,9.70435047149658,7.7328405380249,3.71318244934082,7.58190250396729,6.4694929122924805,15.8975658416748,13.971363067627001,7.0588684082031214,9.48905944824219,8.95532608032227,13.9452514648438,11.2989501953125,17.3302783966064,6.70068550109863,0.24580717086792,-1.50799131393433,2.3830738067627,3.08743190765381,-1.6135438680648797,-3.33541393280029,2.2064018249511697,-0.71943998336792,1.46043586730957,2.80831241607666,1.75604724884033,-2.4155426025390603,-0.866449356079102,-8.37985038757324,-0.253658294677734,-3.41754865646362,-4.11665630340576,2.57666778564453,-2.14351224899292,-3.464175224304201,-6.41906642913818,2.7991480827331503,1.97743225097656,-4.37542772293091
343.0,sub-0126,ses-03,run-02,pain,TPJ,277,cue,-0.698841094970703,-2.8311100006103502,2.2710151672363303,4.26414489746094,5.697101593017581,-0.408859252929688,-6.037103652954099,-5.1898021697998,-6.4502887725830105,-8.06876373291016,-6.27762794494629,-3.37372589111328,-3.62631320953369,-5.547131538391111,-24.448734283447298,-14.196651458740199,-15.900096893310499,-14.061134338378901,-9.5360107421875,-20.8060913085938,-16.7230758666992,-16.7040863037109,-4.78704452514648,2.48748397827148,5.23584365844727,-0.0275650024414062,3.9517822265625,0.6649188995361329,3.2941493988037096,-1.3073110580444298,6.656963348388669,4.86004829406738,3.4492588043212904,-4.51412105560303,1.01286125183105,-2.73708724975586,0.33802318572998,8.16794395446777,6.89442443847656,2.69828367233276,9.24688148498535,5.90395259857178
344.0,sub-0126,ses-03,run-02,pain,TPJ,278,cueH_stimH,-20.1000022888184,-13.934058189392099,-9.23943328857422,-5.91739559173584,-10.378453254699698,-9.62437629699707,-8.12929439544678,-1.69069480895996,6.36183643341064,-0.69510555267334,1.74813556671143,3.56151628494263,3.10927629470825,-6.13857078552246,2.01919174194336,1.03793334960938,0.390545845031738,-8.42802906036377,1.72139263153076,-3.6215877532959,1.33976364135742,8.31219959259033,12.0569820404053,4.58403968811035,17.5890865325928,11.70787525177,20.786113739013697,21.7463188171387,30.8017387390137,28.6225395202637,31.7121391296387,29.5622367858887,28.2150688171387,28.7226676940918,22.157657623291,20.888219833374,16.297908782959002,19.833448410034197,19.3172931671143,6.29830169677734,3.2441120147705096,15.3825464248657
345.0,sub-0126,ses-03,run-02,pain,TPJ,278,cueL_stimH,12.887340545654302,-6.61274719238281,1.6678581237793002,-3.07033729553223,-1.35448455810547,10.1363182067871,-3.8873848915100098,6.4409294128418,-0.8893229961395259,5.1461305618286115,-0.542788028717041,-4.05042886734009,2.3866772651672403,-2.11391043663025,11.6977434158325,7.85218143463135,9.81195545196533,-1.07601070404053,6.05179500579834,-8.86366653442383,-2.577805519104,-11.891162872314501,-10.0860443115234,-1.3932933807373,6.38315773010254,10.341641426086401,12.0165538787842,9.0407600402832,15.5016937255859,19.351520538330103,15.4967555999756,5.883342742919919,8.85421752929688,7.30486392974854,17.6034545898438,5.67954349517822,-5.56039333343506,-1.10544967651367,-14.710506439209,-5.310752868652339,17.8174781799316,-1.57762145996094
346.0,sub-0126,ses-03,run-02,pain,TPJ,278,cueH_stimM,0.774492740631104,6.52378273010254,1.04981958866119,-3.56496810913086,-7.432562351226809,-8.41583824157715,-6.237421989440921,5.71738529205322,1.58957242965698,-10.338004112243699,-2.16975688934326,-1.00813102722168,-13.127965927124,-10.5165958404541,-13.0827894210815,-13.431112289428699,-16.0463695526123,-22.4907608032227,-20.3826599121094,-20.5297222137451,-14.440338134765598,-18.983486175537106,-9.56778621673584,-14.957134246826199,-16.487895965576197,-15.5228891372681,-6.22918701171875,-12.695255279541,2.9534912109375,0.465505599975586,10.8557395935059,10.4956693649292,11.3335838317871,21.689386367797894,4.506813049316411,-8.337734222412111,-4.251434326171879,0.965866088867188,-1.53421401977539,1.8337230682373,11.343507766723599,17.1998023986816
347.0,sub-0126,ses-03,run-02,pain,TPJ,278,cueL_stimM,-0.973764419555664,-1.43689155578613,14.430061340332001,1.60441207885742,9.77778244018555,4.007703781127931,-4.7428317070007315,-14.6757278442383,-17.6268196105957,-5.14803218841553,-9.92098426818848,-12.7500152587891,-23.105716705322298,-28.0916748046875,-27.669546127319304,-12.032054901122999,-13.418133735656701,-1.29304885864258,-6.4402556419372585,-11.748678207397498,-8.38815879821777,-8.288331985473631,-15.271355628967301,0.65003776550293,11.554327964782699,10.120305061340302,3.54343032836914,-4.202125549316411,-13.008922576904302,-2.54841423034668,-13.3826751708984,-1.68389129638672,-4.53619766235352,-5.559326171875,-17.8148288726807,-12.312356948852502,-7.2830228805542,-2.52334976196289,-10.4163246154785,-9.79897308349609,-9.51070785522461,-4.316497802734379
348.0,sub-0126,ses-03,run-02,pain,TPJ,278,cueH_stimL,24.3098335266113,5.93220949172974,10.088041305542001,2.2446308135986297,-4.66675186157227,11.581422805786099,7.65005874633789,15.1217947006226,19.728271484375,13.967080116272,-1.0295372009277302,-11.3265647888184,-1.6653327941894498,-0.9696445465087892,8.99679660797119,-2.41678333282471,-2.39885711669922,-11.6217365264893,-6.831194877624509,-0.8679122924804691,0.695072174072266,-0.0268478393554688,-6.1685504913330105,8.444761276245119,9.75822448730469,5.218603134155269,13.6766796112061,14.676727294921902,7.55761051177979,9.82147312164307,-0.454977989196777,-12.9721364974976,3.63551712036133,-7.635799407958982,4.886756896972661,2.1126708984375,-5.351287841796879,7.190853118896482,-11.366565704345698,-2.91869163513184,4.662439346313481,16.2595062255859
349.0,sub-0126,ses-03,run-02,pain,TPJ,278,cueL_stimL,5.85303497314453,-2.66333699226379,-16.5108013153076,-8.59769630432129,3.49736785888672,-1.43367528915405,-4.5624728202819815,-9.82596111297607,-21.687314987182607,4.67597007751465,1.98773765563965,0.807830810546875,4.72068786621094,-10.406476020813,-8.34925746917725,-17.5945072174072,-21.594789505004893,-13.614487648010302,-6.32342720031738,0.651229858398438,-3.4680061340332,5.28274059295654,-6.63095474243164,4.86521339416504,-8.40651226043701,3.22763633728027,-2.76594734191895,-0.438018798828125,-13.812623977661099,-6.35455226898193,-0.0453100204467773,-4.37152481079102,-2.59230136871338,-3.08063507080078,-14.223906517028801,-12.5480127334595,-7.49399566650391,0.32490348815918,-13.814222335815401,-10.1588506698608,-12.037488937377901,-16.597053527832
350.0,sub-0126,ses-03,run-02,pain,TPJ,278,rating,3.6398525238037096,5.460931777954099,8.475404739379881,13.5820827484131,15.733019828796401,15.8903713226318,15.939311981201199,17.9282512664795,19.8367977142334,20.8082542419434,13.0299835205078,12.2758617401123,13.1545257568359,10.2821998596191,11.4163970947266,12.554046630859402,15.4124488830566,9.73435306549072,10.461856842041,9.71477508544922,10.9551458358765,5.459546566009519,7.974516868591309,-0.14628294110298198,2.91110324859619,6.19705867767334,5.70718050003052,3.75295066833496,2.32107448577881,2.39706802368164,4.43612813949585,1.31010389328003,3.16611099243164,4.24652481079102,6.552545547485349,5.8273229598999,-0.34940910339355497,-3.99842596054077,-5.16670703887939,-0.16722774505615198,-0.190943717956543,4.19476652145386
351.0,sub-0126,ses-03,run-02,pain,TPJ,278,cue,1.53224754333496,-4.88804817199707,0.113739013671875,0.437343597412109,-0.7384185791015621,-2.7764492034912096,-7.770816802978518,-7.22161102294922,-13.7922840118408,-7.9101390838623,-5.6780891418457005,-9.16581344604492,-10.6175127029419,-14.363366127014196,-14.0884037017822,-15.270771026611301,-18.289739608764602,-14.522003173828098,-14.118614196777301,-17.223503112793,-17.0663909912109,-23.9226608276367,-23.42529296875,-16.3619384765625,-15.189679145813,-10.4186553955078,-7.03462314605713,-4.35580348968506,-9.82611846923828,-7.902300834655759,-2.69396018981934,-2.77447414398193,-2.43271541595459,-10.2812643051147,-9.87814712524414,-9.72941589355469,-5.02960729598999,-5.2781043052673295,2.37347292900085,-1.99549698829651,-1.04723167419434,-3.628231048583981
352.0,sub-0126,ses-03,run-02,pain,TPJ,279,cueH_stimH,9.59603500366211,-1.92868423461914,14.543821334838901,-1.29340648651123,-9.80422210693359,-16.4734172821045,-15.3502559661865,-11.143800735473599,-15.1568546295166,-10.135458946228,-12.9353637695312,13.6270179748535,3.71673536300659,-9.40463638305664,4.24701881408691,9.72842216491699,1.7108654975891102,-16.708379745483402,-10.9602632522583,-20.4989547729492,-14.6053104400635,-5.760258674621579,8.5805139541626,8.13579559326172,2.26457023620605,25.771732330322298,17.9511413574219,11.897064208984402,33.165557861328104,21.9237976074219,19.5736999511719,21.2367858886719,43.5716552734375,19.828683853149396,46.528324127197294,36.971641540527294,35.6165008544922,23.8695125579834,17.197244644165,13.034427642822301,24.622999191284197,16.2326545715332
353.0,sub-0126,ses-03,run-02,pain,TPJ,279,cueL_stimH,-4.252342224121089,-9.72176361083984,6.45925140380859,0.228328704833984,14.4199066162109,7.26627111434937,3.50638151168823,-15.017190933227502,-5.38335084915161,-2.6927466392517103,-18.4654312133789,-6.9895944595336905,-5.9483957290649405,-6.37818384170532,-4.83508777618408,-10.916937828064,-2.3606843948364302,-34.3032455444336,-13.9110279083252,-12.0465888977051,-17.939651489257802,-15.6325693130493,-4.76076602935791,-0.425355911254883,10.954571723938,8.393345832824709,9.02941513061523,12.7253265380859,14.9114570617676,8.86954116821289,3.9248161315918,11.4650535583496,30.9142379760742,27.772590637207,22.2796230316162,30.7791938781738,7.51261901855469,12.9668025970459,12.443042755127001,4.823036193847661,22.3441848754883,-3.8758087158203103
354.0,sub-0126,ses-03,run-02,pain,TPJ,279,cueH_stimM,-18.8554401397705,-21.0904922485352,-23.857610702514602,-16.9278297424316,-14.9031810760498,-22.961593627929698,-0.219671964645386,6.44443416595459,-8.36326503753662,-9.783002853393553,-16.9284172058105,-16.7576026916504,-17.7786140441895,-15.850876808166499,-15.2803955078125,-29.6968040466309,-18.567947387695305,-19.6562461853027,-15.378316879272498,-7.47558403015137,-23.4601135253906,-13.6051530838013,-9.02571392059326,-23.9429550170898,-12.4155426025391,-8.2902889251709,-0.294261932373047,-1.3499927520752,13.0048503875732,5.67715930938721,2.55577945709229,15.0227756500244,17.751394271850604,30.1678581237793,-2.6584930419921897,10.6930274963379,8.77519226074219,9.63528442382812,0.380859375,6.98360633850098,18.1998138427734,29.820299148559602
355.0,sub-0126,ses-03,run-02,pain,TPJ,279,cueL_stimM,-1.89754009246826,2.63134765625,16.8073425292969,-0.683223724365234,-0.11352729797363302,-17.6938190460205,-25.1479988098145,-18.824504852294897,-12.9832096099854,-3.15129280090332,6.83163976669312,-12.368175506591802,4.81570148468018,-23.0041160583496,-2.13374519348145,-24.5131568908691,-15.5900020599365,-29.8670215606689,-15.5663776397705,-15.742053985595698,-22.4579219818115,-18.765544891357397,-14.530086517334,-2.74114894866943,3.34300136566162,10.365511894226099,6.7150354385376,-1.5264053344726598,-4.06920433044434,5.08875465393066,-10.9668312072754,7.42973709106445,0.33299064636230497,6.09518241882324,-17.7211532592773,-1.5054998397827102,-18.4827194213867,-12.4649753570557,1.22369384765625,-8.23612976074219,-15.7521324157715,-7.87806701660156
356.0,sub-0126,ses-03,run-02,pain,TPJ,279,cueH_stimL,2.1938490867614697,7.02802181243896,7.61424255371094,1.38935565948486,-7.6863260269165,3.69444847106934,-20.9167594909668,-10.0552062988281,-6.68295764923096,-5.0737156867981,7.49303436279297,14.3376016616821,6.86944580078125,-0.944332122802734,17.8585205078125,9.087114334106447,3.7989540100097696,-5.74137687683105,15.736879348754899,-0.2977542877197269,3.7703628540039102,9.03671264648438,7.8263645172119105,18.821552276611303,2.3256664276123,6.943218231201169,16.6059741973877,21.9703903198242,33.9022254943848,23.6530361175537,40.2493438720703,29.2136077880859,26.120849609375,7.60380935668945,31.349040985107397,3.60593795776367,4.76991271972656,6.20765686035156,-6.58146858215332,3.51544952392578,22.0793647766113,30.1861209869385
357.0,sub-0126,ses-03,run-02,pain,TPJ,279,cueL_stimL,-1.42212390899658,-25.5237636566162,-18.7532806396484,-20.8792991638184,-10.5473384857178,-5.094232082366942,-8.84160041809082,-13.3877630233765,-19.3930168151855,-13.413698196411099,-7.943719863891599,-13.561948776245101,-19.1869430541992,-23.773164749145497,-5.19842147827148,-24.5140571594238,-15.824242591857901,-11.2407064437866,-9.843748092651367,-26.5898780822754,-18.972122192382802,-22.3018913269043,-21.0391750335693,-13.329282760620101,-8.08699607849121,-6.670795440673831,-3.3286190032959,-0.7576370239257809,-2.45787906646729,1.53462600708008,-11.092784881591802,-1.93516731262207,1.0204648971557602,-0.13446617126464802,-3.5453109741210898,-0.124238014221191,8.25985717773438,4.175115585327149,3.45582389831543,-2.36495876312256,-17.9383659362793,-25.3302726745605
358.0,sub-0126,ses-03,run-02,pain,TPJ,279,rating,2.73984050750732,-0.234792709350586,1.82659244537354,2.722861766815189,3.5036940574646,-1.15116691589355,3.86785531044006,13.640077590942399,26.571466445922894,39.619346618652294,41.1796379089355,43.7857055664062,44.2920150756836,43.80240631103521,35.6011962890625,29.114128112793,24.4596309661865,18.352207183837894,9.08275604248047,6.24407291412354,8.31693744659424,9.28111267089844,0.912605583667755,6.82337427139282,0.250845372676849,4.7380952835083,2.95937252044678,-2.6690411567688,-2.01111602783203,-1.14456939697266,-0.311988353729248,-1.06788158416748,5.65453147888184,5.516126155853269,2.44237375259399,6.702129364013669,-0.0764155387878418,-6.48436498641968,-4.166847229003911,-2.35437917709351,2.4129009246826203,-8.74938297271729
359.0,sub-0126,ses-03,run-02,pain,TPJ,279,cue,-2.2171802520752,-6.73484230041504,-11.322084426879899,-9.86978530883789,-17.561866760253903,-6.63622856140137,-9.95999145507812,-4.35802268981934,-0.3700199127197271,8.56728553771973,9.91234588623047,10.6590270996094,6.374897003173831,1.1206874847412098,-7.37184715270996,-9.123369216918947,-3.61318588256836,-8.629604339599611,-9.36454010009766,-15.699577331542999,-15.307350158691401,-24.3255920410156,-16.293775558471697,-13.3312435150146,-3.5324478149414102,-9.39364814758301,0.7854948043823241,-1.7957706451416,-3.56270027160645,-0.65379524230957,-1.76075458526611,3.5522480010986297,1.8476591110229497,6.145094871521,5.13413429260254,7.89602088928223,11.153505325317399,2.0954704284668,-0.303263783454895,-7.12728023529053,-9.42914199829102,-8.222446441650389
360.0,sub-0126,ses-03,run-02,pain,TPJ,280,cueH_stimH,1.11043739318848,-2.6282739639282204,0.396671295166016,2.9237871170043905,-8.159763336181639,-1.59066224098206,-13.207453727722196,-6.88773059844971,-15.3318653106689,-1.90257930755615,7.344722747802732,6.834582328796389,0.342434883117676,8.04493522644043,8.956987380981449,13.297307014465304,-0.413470506668091,-2.63478660583496,-7.05376434326172,-7.25218391418457,-3.77732944488525,7.64982032775879,10.888370513916,9.88558578491211,28.3412914276123,17.4531555175781,20.472526550293,24.593864440918,29.326286315918,28.833122253418,15.4149112701416,28.626091003418,33.386344909668004,30.7101974487305,26.530818939209,28.283899307251,20.3623428344727,19.9194622039795,19.5187606811523,18.337966918945305,14.4760255813599,23.8390960693359
361.0,sub-0126,ses-03,run-02,pain,TPJ,280,cueL_stimH,2.4478130340576203,-0.861133575439453,0.8600692749023441,-4.720911026000981,3.1635513305664102,3.03784942626953,3.5705013275146498,-0.9189453125,-6.8644084930419895,-1.2293643951416,-5.0263090133667,-3.141517162323,0.0202856063842773,-1.43935823440552,-6.82657432556152,3.3059740066528303,4.27331638336182,2.63622283935547,-5.33609390258789,-8.762425422668459,-2.78586387634277,-6.830914497375491,2.4705958366394,9.50627899169922,12.069215774536099,14.1506958007812,7.74420166015625,13.6345767974854,16.842603683471697,13.8550357818604,22.272768020629893,8.59506797790527,8.68491363525391,7.36814403533936,12.6284446716309,9.74879455566406,5.37570095062256,-9.09962272644043,-4.4765625,-0.52971076965332,12.336578369140598,5.27520751953125
362.0,sub-0126,ses-03,run-02,pain,TPJ,280,cueH_stimM,3.734921455383299,-6.284747123718259,-14.7379684448242,-2.32448959350586,-21.0903434753418,-16.572086334228498,-3.4162459373474103,1.75750732421875,-5.9942507743835405,-9.47168922424316,-3.4027490615844704,-5.487622261047361,-14.736270904541,-4.1969690322876,-0.475273132324219,-9.56202602386475,-11.726663589477502,-8.40601921081543,-13.237003326416,-6.4429435729980495,-0.949916839599609,-5.86292171478271,-4.0230073928833,-9.2786865234375,-6.48963737487793,-10.032076835632301,-0.987581253051758,-3.1496982574462904,3.5446720123291,-2.6177520751953103,11.296877861022901,17.6543350219727,21.532922744751,20.4379577636719,13.5202980041504,0.336086273193359,17.4397659301758,3.80442047119141,5.957820892333982,14.791988372802699,8.01835060119629,20.7427139282227
363.0,sub-0126,ses-03,run-02,pain,TPJ,280,cueL_stimM,7.2125129699707005,11.780226707458501,9.42717742919922,5.33122253417969,-3.02041053771973,4.7379636764526385,-11.9247283935547,-12.443949699401903,-19.409610748290998,-16.203548431396502,-7.08628606796265,-14.7725219726562,-7.51532745361328,-11.6168661117554,-9.911237716674801,-16.175472259521502,-13.7061767578125,-18.1261920928955,-9.24164199829102,-13.017059326171902,-12.990683555603,-11.7368907928467,-9.56607818603516,-1.58835220336914,11.263482093811,2.42411231994629,9.07294082641602,-5.70597839355469,-3.06691932678223,-2.12214088439941,-2.35964012145996,-2.30374336242676,-2.22928810119629,-7.057132720947268,-4.82136535644531,-7.872553825378421,-12.601153373718299,0.0334129333496094,-12.3860197067261,-9.34859848022461,-13.695804595947301,-5.69841766357422
364.0,sub-0126,ses-03,run-02,pain,TPJ,280,cueH_stimL,8.165920257568361,2.3752870559692405,-10.3965435028076,-4.0361065864563,-2.17730808258057,-5.7637357711792,-9.73728942871094,4.01108741760254,-0.656782150268555,0.2778639793396,2.27032089233398,6.13820886611938,1.7462863922119098,4.52122974395752,9.29833984375,3.7318873405456494,-0.266721725463867,-2.2077693939209,1.38891792297363,-6.44593048095703,-3.66590118408203,1.65807342529297,-6.5094718933105495,4.95220375061035,8.785463333129881,7.43445777893066,25.5838603973389,19.4371109008789,22.0949516296387,29.9162254333496,19.274860382080103,10.4388113021851,10.325918197631802,7.4122314453125,-0.64592170715332,-2.47897720336914,2.2440338134765603,7.61269760131836,-5.510564804077151,4.48373794555664,9.09482383728027,14.3889799118042
365.0,sub-0126,ses-03,run-02,pain,TPJ,280,cueL_stimL,15.0882253646851,-3.76423716545105,-6.80763959884644,-8.219874382019041,7.14746332168579,-3.29841279983521,-6.638606071472171,-6.28599214553833,-8.30839538574219,4.8932390213012695,9.943929672241213,3.69889426231384,-0.0462722778320312,-2.05223917961121,0.284049034118652,-1.6075668334960902,-2.61153221130371,10.403076171875,-3.17542171478271,-3.8561372756958,-7.33852481842041,-9.12122917175293,-0.134622573852539,-4.09414291381836,-2.00539398193359,8.50257301330566,4.91148948669434,-1.25852298736572,-1.63259315490723,-5.6770296096801784,4.02375793457031,6.4670295715332005,1.86598300933838,2.8460369110107404,-4.935401916503911,6.4964923858642605,5.25323486328125,17.720514297485398,-3.52132034301758,-4.70291996002197,-15.621234893798801,-13.533041000366199
366.0,sub-0126,ses-03,run-02,pain,TPJ,280,rating,3.1830654144287096,4.37830352783203,1.81682729721069,5.21923589706421,3.02615690231323,3.96844911575317,7.509911060333249,14.015638351440401,21.631301879882802,20.1006298065186,16.628738403320302,20.2599849700928,22.3159255981445,19.8335914611816,19.1937408447266,16.055805206298803,14.6407928466797,10.1414318084717,8.000978469848631,5.64360237121582,7.24827003479004,4.00389814376831,6.052173614501951,-2.47329330444336,-0.718878746032715,2.47237515449524,-3.0208940505981405,-5.51990175247192,-7.27743053436279,-4.17307090759277,-7.5872311592102095,-3.31873917579651,0.4551029205322271,1.8656153678894,-1.02431631088257,-0.827502250671387,-1.11641788482666,-4.17318439483643,-5.390081882476809,-6.7817873954772905,-7.06920719146729,-7.427477359771731
367.0,sub-0126,ses-03,run-02,pain,TPJ,280,cue,-3.21123313903809,-5.35067558288574,-6.43537712097168,-6.19642639160156,-8.75885772705078,-10.4582405090332,-12.547794342041,-7.769298553466799,-1.3148231506347698,9.85513305664062,11.911130905151401,5.101539611816411,1.8547430038452104,-0.574811935424805,-4.074964523315431,-2.01249504089355,-5.25598907470703,-5.611255645751951,-12.574577331542999,-16.7443923950195,-14.688880920410199,-20.027286529540998,-19.087205886840803,-16.361457824707,-11.2164459228516,-9.20339965820312,-8.3785457611084,-7.42885589599609,-6.6768283843994105,-0.971268653869629,5.96097183227539,10.202543258667001,4.1649694442749,2.2271761894226096,3.2742881774902304,0.858545303344727,-3.2502808570861803,-3.00068855285645,0.3579097986221311,-4.40802001953125,-7.907146453857419,-8.28679370880127
368.0,sub-0126,ses-03,run-02,pain,TPJ,281,cueH_stimH,-1.06552886962891,-10.3063716888428,-11.1609373092651,-1.20063972473145,-13.0728931427002,3.42332649230957,1.08522176742554,8.52032947540283,17.7889709472656,9.61426067352295,17.7605895996094,32.330856323242195,-5.09242963790894,-0.7432460784912109,-8.675037384033201,11.920570373535199,25.8155879974365,0.5140628814697271,20.8813743591309,13.2506999969482,20.8508834838867,17.9478874206543,17.1727409362793,26.644399642944304,20.6671543121338,18.211618423461896,48.5443992614746,37.0937156677246,30.2044410705566,27.4947242736816,27.1582984924316,46.4172019958496,29.7232398986816,46.878570556640604,48.826301574707,30.108112335205107,30.3621978759766,14.087076187133801,24.2223052978516,16.9727363586426,21.415328979492198,24.523828506469695
369.0,sub-0126,ses-03,run-02,pain,TPJ,281,cueL_stimH,6.24988555908203,-3.2860221862793,-3.3333282470703103,-0.262016296386719,11.266273498535199,13.0853843688965,3.22472524642944,8.7703161239624,-9.32867908477783,-8.17902565002441,-11.0652332305908,-21.244838714599602,-23.831886291503896,-5.7995271682739284,-20.63818359375,4.52275276184082,-11.8888645172119,-7.47194385528564,-15.727779388427699,9.96955299377441,-10.439131736755401,-0.989723205566406,-1.12601089477539,-17.2562294006348,6.73098373413086,-10.5537633895874,-6.45717430114746,-1.81385040283203,7.40746879577637,1.9522476196289096,10.2823791503906,4.75926971435547,23.422912597656197,9.3296365737915,15.396122932434098,10.497297286987301,7.68580055236816,-7.466732025146482,-11.676988601684599,-15.482948303222699,19.6746597290039,1.25041198730469
370.0,sub-0126,ses-03,run-02,pain,TPJ,281,cueH_stimM,-12.476948738098097,-17.2738456726074,-20.6699485778809,-1.6809241771698,-18.2863826751709,-26.535213470459,-21.476869583129893,-3.1524248123168905,-8.28786182403564,-9.39787483215332,-2.9967269897460898,-14.78724193573,-3.4289493560791,5.02025985717773,-11.5164785385132,-22.5797424316406,-14.0154323577881,-25.710159301757802,-24.7731552124023,-36.570281982421896,-34.137664794921896,-21.471012115478498,-3.67802238464355,-7.88580131530762,-21.544134140014602,1.53456115722656,7.78714179992676,19.6108379364014,14.7902507781982,15.353241920471199,24.7893333435059,6.480023384094241,-8.67938804626465,3.8921012878418,12.604381561279302,0.19290542602539104,18.266189575195305,21.796676635742198,11.547290802002001,23.5803756713867,28.778589248657198,32.864982604980504
371.0,sub-0126,ses-03,run-02,pain,TPJ,281,cueL_stimM,-1.68307781219482,7.33695793151855,26.2588272094727,7.12037467956543,18.2128849029541,-13.988538742065401,-31.7747611999512,-12.7500324249268,-3.4111204147338903,1.36577606201172,6.62367248535156,9.44140148162842,-19.380054473877,-53.96672058105471,-29.689109802246104,-20.1754989624023,-26.6702613830566,-2.60452651977539,-1.75697660446167,-26.5698165893555,-26.005994796752898,-21.841556549072298,-2.3456201553344704,10.039978027343803,19.7871913909912,26.1618804931641,0.504772186279297,6.86852073669434,-4.55627822875977,-8.54560089111328,-3.9739437103271498,-8.46981620788574,-0.628910064697266,-0.556430816650391,-5.5209035873413095,-10.307593345642099,-24.577468872070302,-13.2936458587646,10.6795768737793,-36.0505867004395,-7.80056381225586,1.71870422363281
372.0,sub-0126,ses-03,run-02,pain,TPJ,281,cueH_stimL,24.5493507385254,8.71516895294189,17.445997238159197,-4.5896081924438485,-6.21030426025391,11.696815490722699,29.8576850891113,28.531452178955107,16.5184707641602,21.7577075958252,9.95998001098633,28.0733909606934,4.051099777221681,22.0820713043213,39.4581451416016,26.0541458129883,27.1038646697998,3.60739517211914,13.259510040283198,14.7474203109741,31.7283668518066,31.5718727111816,36.972572326660206,24.176399230957,31.485027313232397,37.918617248535206,40.0732536315918,46.898509979248,50.9691314697266,38.1312370300293,52.4432220458984,27.8591709136963,34.812263488769496,23.4940891265869,28.2798690795898,28.771167755127,42.459564208984396,28.840816497802702,12.752941131591802,12.9129962921143,17.921672821044897,45.788875579834006
373.0,sub-0126,ses-03,run-02,pain,TPJ,281,cueL_stimL,-11.173561096191401,-22.8821182250977,-31.121150970459,-45.6636352539062,-22.087764739990202,-35.9607391357422,-9.086493492126461,-14.9365520477295,-19.61696434021,-32.6889114379883,-9.44846153259277,-9.04201602935791,-8.19005870819092,-12.689796447753901,-29.0276908874512,-52.6553344726562,-37.5436782836914,-33.955856323242195,-45.93461608886721,-29.742139816284197,-33.4926528930664,-46.6292037963867,-33.8584785461426,-37.9298133850098,-32.995040893554695,-37.980064392089794,-12.7059745788574,-7.6045436859130895,-8.84737300872803,-28.9542503356934,-18.727367401123,2.4538803100585898,3.8530149459838894,-6.15869331359863,-17.842510223388697,-21.9302463531494,-17.4793548583984,-8.43437385559082,-30.5003395080566,3.26345443725586,-12.555168151855499,-24.678524017334
374.0,sub-0126,ses-03,run-02,pain,TPJ,281,rating,-1.49465847015381,0.5189504623413089,-1.84637451171875,-1.87054824829102,0.135865211486816,-3.7288370132446302,0.30041697621345503,-0.8934150934219359,5.64864444732666,18.787429809570305,12.2023277282715,11.2537670135498,7.585205078125,5.89830017089844,0.341827392578125,1.09033966064453,5.81950378417969,5.42381477355957,-2.06100225448608,-0.961963534355164,-0.508221626281738,4.66954612731934,1.56446611881256,-3.7887368202209504,1.068035364151,0.7236328125,3.0314640998840297,0.841930389404297,3.98938941955566,-1.4466266632080098,-1.00904989242554,-0.158397912979126,0.0969715118408203,4.46760368347168,3.5164363384246804,0.091033935546875,-2.8800206184387203,-7.180785655975339,-1.18131828308105,-2.27065849304199,7.9651985168457,2.16080665588379
375.0,sub-0126,ses-03,run-02,pain,TPJ,281,cue,-7.91361427307129,0.143815994262695,-5.60740661621094,-4.52810287475586,-3.4546012878418,-1.1965980529785198,-9.48151397705078,-15.5632839202881,-9.90361976623535,5.625362396240232,4.80650520324707,0.152088165283203,0.269950866699219,-6.44695377349854,-4.06850814819336,-12.4379444122314,-7.659786224365232,-6.62522125244141,-8.46672821044922,-16.5613098144531,-13.8354949951172,-19.772659301757802,-3.62349700927734,-4.13429260253906,6.7948303222656214,7.17043685913086,2.2297306060791,2.12668037414551,-7.4635925292968786,0.5619754791259771,-4.6621584892272905,12.396870613098097,7.7684211730957,-2.16513442993164,-18.613843917846697,-15.812170982360804,-5.818115711212161,1.52381801605225,-2.6666464805603,-2.74422526359558,-9.31126976013184,-1.57144498825073
376.0,sub-0126,ses-03,run-02,pain,TPJ,282,cueH_stimH,-1.14018630981445,0.184379577636719,-1.10290336608887,0.0939197540283203,-24.86354637146,-12.749696731567399,-11.201092720031701,-6.4716520309448216,6.2415075302124,-16.354564666748,2.36606884002686,5.07138586044312,-12.608989715576199,-17.274724960327102,-2.37234497070312,25.503110885620107,-7.30890083312988,10.415360450744599,8.79088020324707,-2.51991844177246,-7.62247753143311,12.1361684799194,7.0483283996582005,21.392681121826197,27.641733169555696,6.64539337158203,23.1577682495117,17.3442916870117,14.4590396881104,18.9395065307617,29.4756393432617,30.3374557495117,34.9351119995117,26.183240890502898,14.5417213439941,9.77310371398926,20.886251449585,11.633594512939501,41.4908447265625,11.9762058258057,11.921644210815401,23.9509677886963
377.0,sub-0126,ses-03,run-02,pain,TPJ,282,cueL_stimH,22.6556777954102,16.8786315917969,-10.6087112426758,-3.7310123443603502,7.8193054199218786,-0.93025016784668,7.94320011138916,10.0915498733521,2.06529402732849,10.595722198486301,-0.28809165954589805,2.15499591827393,-3.88898515701294,19.419828414917,-4.76516246795654,24.0619201660156,6.49037647247314,-19.9318923950195,2.38740634918213,-8.06164455413818,-15.1529903411865,-18.8666000366211,6.18748664855957,-2.8650131225585898,9.898112297058107,-18.3527946472168,-0.207107543945312,2.39126586914062,13.5784549713135,5.86613464355469,17.5160751342773,13.3047924041748,13.999996185302699,0.7035799026489261,13.4355878829956,-1.51031684875488,22.9892883300781,-8.544155120849611,-7.27299690246582,16.096500396728498,19.1136093139648,2.91726684570312
378.0,sub-0126,ses-03,run-02,pain,TPJ,282,cueH_stimM,7.441412448883059,-35.4193077087402,-27.397920608520497,-10.290621757507301,-18.6332168579102,-32.1041450500488,-2.35136604309082,-0.329768180847168,14.0467166900635,9.91210079193115,-10.3444366455078,18.6333923339844,7.81791019439697,-20.204021453857397,-3.662697792053221,-11.22314453125,-6.91030120849609,-18.212963104248,-12.3985843658447,-15.494110107421902,-24.080265045166,5.5056438446044895,2.53760814666748,7.41389656066895,-2.0926704406738303,-1.1190586090087902,-5.62372589111328,-0.847558975219727,-9.34835815429688,-9.06575107574463,6.413005828857419,13.175540924072301,21.8963108062744,2.9447250366210898,1.2898159027099598,-7.206584930419919,10.4221954345703,-8.89511108398438,-0.43268966674804704,25.8838577270508,17.3548927307129,21.5780334472656
379.0,sub-0126,ses-03,run-02,pain,TPJ,282,cueL_stimM,-7.07936143875122,29.6003303527832,32.327590942382805,5.67817687988281,0.555946350097656,-7.86651802062988,-0.0906295776367188,-18.6060485839844,2.9695377349853502,-19.807582855224602,25.178020477294893,-15.293098449707001,5.16605854034424,-24.6466751098633,1.52121257781982,-30.115205764770497,0.588325500488281,-23.541648864746104,11.4992036819458,-13.6587915420532,3.57546997070312,10.439311981201199,14.842209815978999,0.103153228759766,38.18167114257809,21.911560058593803,13.800281524658198,2.9467315673828103,-8.326343536376951,21.158136367797894,5.86075210571289,9.10637664794922,-21.0001449584961,-11.718597412109402,-15.4378213882446,4.39541244506836,-13.439666748046902,28.4248752593994,-3.68595123291016,-12.044656753539998,-11.384258270263699,9.26222229003906
380.0,sub-0126,ses-03,run-02,pain,TPJ,282,cueH_stimL,-2.9809513092041,1.09826898574829,-25.9919490814209,-8.45474147796631,-25.304796218872102,-11.1960802078247,-5.473620414733889,-2.91692304611206,-14.494312286377001,20.668743133544897,-15.4192152023315,-4.19057083129883,-6.134722709655759,10.0730476379395,32.0689315795898,15.105480194091802,1.8805980682373,-4.07744598388672,9.729715347290039,-14.7333564758301,10.550836563110401,12.1191959381104,9.5019645690918,2.40079116821289,11.964658737182601,11.9816646575928,16.9060974121094,4.26684188842773,9.95827960968018,42.3541984558105,22.754209518432607,4.67114448547363,15.9579200744629,1.55030632019043,1.68750381469727,7.4456901550292995,-2.3296356201171897,-4.486061096191411,9.5218391418457,-3.10371589660645,0.494306564331055,16.3894863128662
381.0,sub-0126,ses-03,run-02,pain,TPJ,282,cueL_stimL,30.4928283691406,-8.54726123809814,-7.7200608253479,-8.83315277099609,13.9183521270752,10.2632436752319,-19.766254425048803,2.50821304321289,0.878767967224121,-4.29030704498291,4.05316925048828,28.805419921875,9.901360511779787,-18.184679031372106,10.753053665161099,-9.75635719299316,2.09526252746582,10.177419662475598,-4.27068710327148,-0.6950302124023441,-0.20750427246093806,-21.2285995483398,-5.23027038574219,10.0905342102051,-2.54611587524414,16.2737789154053,-3.76846313476562,6.924800872802732,12.9245958328247,-2.37105369567871,9.70867538452148,-1.4931468963623,9.24560451507568,12.182674407959,-7.86579322814941,1.7757625579834,-1.12137603759766,16.995540618896502,31.192090988159197,19.535079956054695,-9.7722053527832,9.12108039855957
382.0,sub-0126,ses-03,run-02,pain,TPJ,282,rating,-5.911297798156741,-4.27216339111328,-6.09987640380859,-5.25998306274414,2.8963794708252,-1.7165365219116202,0.3130990266799929,-3.3900284767150897,-0.416338443756104,1.79854846000671,-9.3543815612793,4.69752311706543,5.30790710449219,2.45721435546875,3.33468627929688,12.544292449951199,2.91034698486328,5.89822006225586,1.6249070167541495,-1.9564408063888503,6.67641353607178,4.97625970840454,1.75065684318542,-1.58700037002563,-5.1566433906555185,3.9951157569885294,-0.321279525756836,-0.8463211059570309,-10.5920152664185,-7.747501373291018,-12.4680528640747,-2.66132664680481,2.3084163665771498,4.00895404815674,1.6460468769073502,5.3873567581176784,-3.07998275756836,-10.285588264465302,-2.1559295654296897,-2.62535858154297,-9.87631893157959,-4.9849362373352095
383.0,sub-0126,ses-03,run-02,pain,TPJ,282,cue,-13.6600666046143,-11.2891082763672,-12.4300289154053,-11.327518463134801,-2.80368423461914,-15.010414123535199,-23.0442428588867,-15.1081027984619,-12.247669219970698,-10.4516181945801,-0.6217632293701171,-8.87845611572266,-17.7368106842041,-10.244481086731,-3.76040649414062,-5.09014511108398,-8.90530776977539,-5.4680480957031214,-2.8908233642578103,-16.8484497070312,-18.7573471069336,-25.030441284179698,-14.818721771240199,-11.480010986328098,-5.744930267333982,-4.38256072998047,-8.64890480041504,-7.02499294281006,-17.5530586242676,-3.58979606628418,11.035397529602099,1.41708946228027,5.75233268737793,0.617804288864136,10.1482524871826,3.2803916931152304,15.1032094955444,-6.2671833038330105,-11.6843957901001,2.45930671691895,-10.0601024627686,-12.602970123291
384.0,sub-0126,ses-03,run-03,vicarious,TPJ,277,cueH_stimH,-7.22781236353937,-2.67823628576473,12.187696461587501,6.46255894368641,-11.8607273535268,-12.7572707169773,-6.59151792086406,-17.0297587370985,-14.5529558110866,-14.4115815228005,5.48456308837696,-9.4278063246655,-4.2773634343778095,12.152582109448,5.67734338944757,7.11817271800956,2.1762397109152403,11.9883840120119,2.5954205760769,-17.6281130799215,-8.14443102816527,-9.78901898696635,-17.9989277065835,6.53065911309576,-10.112705110196499,-22.4727134763352,-4.30558195646797,-7.122411613197252,-2.00834886656396,1.23298913731956,-12.314939840245302,-3.5392163690256804,-20.665250274714502,5.96035331137127,-2.5683350568643104,-8.80953441558918,1.85256452965018,0.328590162638363,1.8249417614735,-5.20930821379767,10.6595319794311,2.70529684229514
385.0,sub-0126,ses-03,run-03,vicarious,TPJ,277,cueL_stimH,-10.4158496420059,-12.6505038179758,3.5258512513741804,-22.5296356280135,5.998766033244902,6.28152608042771,2.5642386469620297,15.9160685420982,-9.849200903855381,-6.43679863351285,2.92580372956414,7.8794119413329184,8.69450030341634,-11.383427113657,-0.4994645108368351,-2.2523534682428,2.35807586403575,-8.62175914800248,-3.63926406171452,-4.32835685630153,-9.560140556057839,-3.1345207968406896,2.12650653964836,2.04480928222196,-0.0054244663958016295,1.7720921387907698,4.9006959577270495,-8.13525022158971,-4.11731554301461,-3.5915490165775603,2.16576907103432,-2.98672645900855,-4.16800349500934,-4.3815296616101005,-3.96013271125412,0.517158588714626,23.6332010277415,4.1820545090977,7.9966107830601105,-15.8931336034131,-4.25431475500008,-18.6309581034402
386.0,sub-0126,ses-03,run-03,vicarious,TPJ,277,cueH_stimM,8.37682470341993,2.6442553141782703,0.31689268061638204,7.78892653912767,7.96710206896917,-0.9044916155865192,14.1548186080314,5.58505559405224,6.00999795169675,12.323989761175099,9.188503268058339,7.39242939832504,9.83485100951711,-3.94134280395332,-11.335837963807002,-10.7434629857127,-8.036562522333309,-28.2612806841038,-12.178637970931597,18.265425854659,-1.4276150590891998,9.05533930490723,-0.315064946413534,-4.43455799399757,-2.15351334881394,4.53871066538258,9.62809356355268,1.91502954789825,9.170207986462641,12.8952689729941,4.74751349867001,10.1441902476962,16.2752604136673,7.000205391388849,-2.87831658884106,-13.5563327330645,-13.514434994403901,-0.522158860329199,-2.53937861604958,0.400004921404584,-14.2239558779558,3.4861972805147303
387.0,sub-0126,ses-03,run-03,vicarious,TPJ,277,cueL_stimM,8.0599089854338,-13.130355718625,9.07876334051041,14.160065555644099,-4.97440800889672,11.2921841309548,-9.28408198915877,6.39382037025557,7.14071651708018,1.18332556770266,-2.4061696474754,-10.809579887249699,2.3374798124447405,-7.14442973750888,-19.4548353750734,-0.041206551694339,-1.6577314147073998,1.16613104506364,3.015629326879289,3.2072019684548096,-0.345231450656325,-3.8480304349801098,-3.6294042290283706,-14.439189141643501,-3.77290230320791,-0.9184723441900658,-11.615681405664802,-7.73703863899341,-16.2657146630494,-7.99438589293322,10.0962210725836,-9.58226843609121,-2.71899656374979,-3.81595121582753,-0.534449014309354,6.49862310516409,0.3922068630075821,-2.63388112217336,-13.8561965765732,-3.725823459023,-5.1423636052557695,-4.64134760485129
388.0,sub-0126,ses-03,run-03,vicarious,TPJ,277,cueH_stimL,7.71757345048278,2.25802491261454,4.98209227763304,9.526002413836393,0.275359767431334,16.3578366007468,27.811699927343998,7.2831980445971904,20.270145007400803,8.889012968990961,24.8992223321003,10.018141079630901,5.465850568982612,-7.74861729348142,1.32087698325451,-6.91104599744604,-5.81514059070418,-14.628521153610599,-15.3901080055391,-21.660251876094108,-12.857794552669999,-15.692315243143,-8.77902898464464,-5.480034865087202,-7.17797257998599,3.3395410127215803,-4.435669642678451,-1.6900960608409,-12.244642695122499,-1.23999817775441,-5.52940189833804,15.0812775979525,-6.66084785465554,20.6623496620928,6.10811048900124,6.72246636638303,-11.0213427365799,-5.919674538441041,1.10341829155727,-19.619243175868,-4.80229521174341,-12.2124111597
389.0,sub-0126,ses-03,run-03,vicarious,TPJ,277,cueL_stimL,-7.347963426740309,-4.33149162659636,-5.4324283677868,-0.6684189946150559,4.06856023270549,-0.943277982319067,-1.58589472184205,-2.9713343397882794,16.3836091540481,4.29226198241092,-5.461804712934869,11.6897387709075,0.987615173599662,-3.97275773962507,-30.3662669999298,-6.30516170367473,-5.6824692059919295,0.372962495798808,-5.724554229843509,6.04883193899933,11.3572596913852,-6.353929510854419,1.76218273256004,-13.0357929865391,-6.629355392075911,6.63589502728942,-6.04127660681967,-9.1848181703305,-6.55201167689302,-9.41204762921509,15.959760943385401,-0.11214226965194,5.94019021044997,4.55301543448027,10.715202129836099,-7.741223335410769,-0.979663365753154,8.154181074124299,-18.2571157749634,21.4542937497798,-1.5465985796059298,8.42948407458179
390.0,sub-0126,ses-03,run-03,vicarious,TPJ,277,rating,0.456932853057915,2.38992787003436,-0.00534641332143959,-0.386426645104358,-6.020082229385671,-4.32566875744574,-6.338933619530669,-6.68399665742412,-4.54910649510718,-3.68998747648872,-7.16550725319672,-0.160491925869655,1.34062046945925,2.23738927431347,1.52957734837125,0.959061543075446,-5.54594624502471,-2.82115025524023,-8.291162603772,-2.11433993758685,-2.6297402102428302,0.4438086012857601,-1.2325175714561298,-0.39529123949344,-3.38933430225934,-2.48081794742252,-6.59938207923688,-0.726098565543696,-4.3447882614998905,1.42712798623674,1.24080000302363,-0.913882847615756,1.61220683557418,4.4402052125008495,1.2138405220251498,4.39617531143959,-4.00992134043418,-3.54755373831711,-1.64334773201577,-0.799329827731631,1.9815149884101104,-0.807968485961148
391.0,sub-0126,ses-03,run-03,vicarious,TPJ,277,cue,-9.73740907149269,-2.67691918972996,-0.0968318983104766,3.57207335248921,6.764663925246098,4.1299488923020204,4.66053218964592,3.0837479670660297,6.114154745520519,3.04973297774176,7.22349587874856,10.977362424189,7.783711325679799,8.097928585444091,9.849910637365472,6.628325070863018,0.243166025280587,-7.11098146670474,-3.44369598401851,-10.6829279586335,1.4077584410103,-2.85931655250747,0.298044696535257,6.15440296260079,1.2355007338360802,5.25018185126299,3.87877508472228,5.980941605781631,-0.807991705438347,2.2357512664876302,3.67358772144559,-1.16684918491712,-0.490841511160941,6.14874807689096,1.10328324841032,-0.659256051512813,-5.52331454177286,4.41914428814777,-6.51921743440399,-13.647363814598,-5.900508287420009,-0.8414001072359109
392.0,sub-0126,ses-03,run-03,vicarious,TPJ,278,cueH_stimH,-0.6152789707915699,-3.07612481131564,-8.3049914510295,-12.608766628535399,-12.7878330427245,-12.480141470555001,-16.5602502382925,-17.8046295633868,-11.910992559672401,-9.85073647852467,-7.36787837423971,-9.52195275069155,-1.18107808129978,-1.96337535460337,-1.71925200002187,9.368512272827589,5.229292531864191,21.4031459970928,8.92718581273797,-5.229305070850098,-2.48684626822902,-10.4092115562313,-11.2552009574986,-14.1638143431726,-19.295718613810198,-15.1658180399419,-22.6344284521259,-4.34541926010382,-8.045277414958269,-8.29784230613207,-13.2392917515492,-12.568409229442501,-13.025709267293301,-4.8844437942798,-0.16180908122874602,-2.75012923498767,0.0884191676405957,3.6187084414808304,14.474062537056598,-2.5799829325325496,-4.69576895794867,2.14015280878506
393.0,sub-0126,ses-03,run-03,vicarious,TPJ,278,cueL_stimH,-10.2764390190606,-0.205679929085782,-6.81140523245209,-9.89552141476143,-7.87282307539725,-2.99661606436152,-6.85024486811364,1.22000764937384,14.542438593429804,-5.00990953988852,-0.20312262550864604,0.801913284927715,7.322714260534919,1.16391145612361,0.4227716924537,7.0853613599189496,14.729478307987002,9.50802178563108,7.60875674526829,-4.15051080641753,1.2090081158123998,-0.925655572551888,-3.1845782193336203,-3.96053512620686,-4.2131164433371096,-9.706681478761633,0.7370935818514041,-10.390006422744198,-6.43003979798223,-5.70604188065817,-7.65476109392451,-12.2385826235509,-8.3138333898471,-4.422136981861031,-3.26385491667884,-14.8207387926331,-3.5924963349827794,-2.03134855535827,1.55205202860546,-6.220349795403268,-9.47115728380124,0.5907321477768299
394.0,sub-0126,ses-03,run-03,vicarious,TPJ,278,cueH_stimM,1.37114357371839,4.62373711460529,-3.1837391347329,-0.7400518473962049,1.00582027002,10.2733675146931,4.1286809260426,1.98241830042154,10.8008478646208,8.04336379833037,0.20172449842882,3.98355251305697,-0.675123456380578,0.7232654499407271,-4.42283963943489,0.260140669553824,-13.827512353710699,-7.63052997638033,-7.71952080907928,-1.62550324699431,3.2514859221536296,0.94307993732016,-5.130699789496191,2.5996069480567403,16.1064033282457,16.152307151838,2.91156191028087,2.10473809685925,-0.807349242666657,-0.7982459618311,-6.6916123522423385,2.16820601474064,0.23837723613638695,1.11042510350893,-3.60163360444144,-3.47219680364105,1.19145132431469,2.5240420339244505,3.02201484950373,0.6513922681853079,3.47370890128824,-4.51381762638452
395.0,sub-0126,ses-03,run-03,vicarious,TPJ,278,cueL_stimM,4.719091512025769,-7.39903915035895,-1.44765771742907,3.96750176271338,-2.9936685749367404,-2.4989901261881298,-5.02754683604938,6.93337545607005,6.39708370108416,-0.613014001761677,-0.65675367979164,3.86983220259264,-1.8960549170440304,2.7253629435956204,6.2973457765217615,9.148699932528501,0.7599629775064101,5.58706276049698,12.2773606246595,10.2970168258831,9.25613490260471,3.81900696853739,0.8862530742203829,-4.651471073306982,1.21407537748596,-6.32601992782933,-9.94872526270003,-6.21808697573559,-3.67605869712362,-2.04195992836211,-7.09406286355876,0.5607301065110729,2.6536052007074304,-1.2417464601098702,0.43859851962608,3.90318282667236,-6.8032653994484615,-1.82619601752934,2.3794132794445098,10.0390032306701,1.66133198206842,1.12661054137561
396.0,sub-0126,ses-03,run-03,vicarious,TPJ,278,cueH_stimL,-15.308956776241699,-8.83378122475105,-8.61048588042586,-1.5047129509203705,-2.2755218560164,-2.42577847517643,-1.28412383145542,-1.89075007591684,7.1579114258962,-2.74343664831226,16.8964267155182,13.586387098935196,17.1265106283324,9.02710929241793,3.61906568307785,1.3525874494520602,-0.5476293136337329,-3.57027722357767,-12.2372854694243,-14.4032710464851,-4.93627405263803,-7.588351641303719,-15.3525750098341,-4.73190588366543,-20.2261369052725,-3.8305948485514,-16.5235043690501,5.03419918227966,-1.52597430388186,-8.42543343796098,-0.4288810141258089,3.28156932419518,5.379762061632428,-4.3653725315835805,-5.75844444391902,2.27243624588887,-7.24693630970922,-5.40118104250953,-12.7690794598767,-11.774155927703,-5.20301070280805,0.797610989304161
397.0,sub-0126,ses-03,run-03,vicarious,TPJ,278,cueL_stimL,-12.5704479900662,-11.3580137542289,-4.88330452115753,-3.62451344721883,3.3098759415136896,0.108153102930912,-0.7194696882052891,-1.5020555648547,9.254185801053241,-2.14310746966913,3.75065951036698,8.03777996421627,9.551752348772288,-5.07270521663149,-2.59722693014247,-4.42755804205133,-1.41079275949791,-4.30890262971505,-4.5138338753176,-3.93943896921071,-2.98838423611813,-13.417114649540999,-7.48814685028537,0.183292404458992,3.3848447218538302,-4.99919666140635,4.32381331911815,-1.42700032564272,7.52196476897784,-5.226117739561579,5.49408408069979,-2.7154696105195097,7.63353903730762,-0.774961231161555,-0.8548119397516809,1.54726374730089,0.0794177198152042,5.5300595643757,4.75704017548241,13.921679745857404,-6.75452333413669,5.24628109957476
398.0,sub-0126,ses-03,run-03,vicarious,TPJ,278,rating,-5.5345336513013805,-6.58586894138906,-4.32659317013483,-3.99707748764633,-6.170286723217009,-7.62225674517942,-4.493537533561651,-5.31972651819525,-3.2603803581539,-3.1385362630189504,-5.35268060249524,-5.75805331409875,-7.37036789791928,-7.29274036966183,-8.12900110838561,-9.904095727313981,-11.373805750486099,-8.71899654673295,-11.6272541785691,-9.62947079039414,-9.1317920807641,-5.91736894819414,-9.628529503290947,-6.34703161052405,-8.1205431060366,-9.72974456381247,-4.37497301706995,-5.475487793743151,-2.46103219683321,-0.751353534045885,1.9071753925825,-1.90564229881756,-1.77163390116937,0.00890432901029564,-0.21609504035628,4.95041712402315,2.37108348409981,0.16075428066892902,1.02573468430238,-1.88100414478697,-1.7217145157488998,-3.7065930340206097
399.0,sub-0126,ses-03,run-03,vicarious,TPJ,278,cue,1.35721149578671,-1.6854458378209498,-0.348970374258618,-1.02302477335614,2.2722149059843098,6.464531305062599,6.001155523296322,3.44196840673846,7.9571108335868095,6.43728796757,5.98902238490193,7.562311636843481,8.96802801992185,2.99549398141438,4.69854810694403,1.48387530429028,1.55379130501809,-3.68042038894306,-0.524670501690117,4.230989003252391,4.82711762973418,2.23586069001053,6.62367226589139,4.83575039677624,0.7249253092889171,2.46003754947133,6.971965884287339,7.0040067016318,5.48052042679902,6.4515333366737,9.81297828683553,6.212777139348249,-1.92933455493099,7.82522671265131,-1.99144173139902,0.5858487223174871,-2.67494939863796,0.479262430616916,1.42449955689134,-4.226573424275419,-5.07934157241945,-2.13052091026096
400.0,sub-0126,ses-03,run-03,vicarious,TPJ,279,cueH_stimH,6.41400685309102,16.5543754357882,-5.114029373232151,19.1064321079288,-6.612978371639402,14.081177032065401,26.6908619334477,21.643591642782106,24.788129575681506,25.392385107600496,15.420653207764099,22.987713718998798,7.36612106116621,16.3965995935427,16.8828149194963,26.219996230618897,15.186590581705,13.000778841282802,6.698556014187268,-24.401582600844307,-6.97536208304253,-31.4923853689298,-2.41570264552769,-15.6191563167285,-1.2167382500943502,-4.16302260016999,5.6615161709599695,8.19593522373884,5.64877796362682,-5.2417839978775005,-14.6089911780453,2.48387776418277,-3.09572687527977,-8.161162762757769,-9.94426776139913,-4.41158693286527,-7.1753951489933385,-7.24464266608142,-5.171295386806071,-20.0309520776181,-23.0947473225769,-26.769713435679694
401.0,sub-0126,ses-03,run-03,vicarious,TPJ,279,cueL_stimH,-1.94812725395622,-8.85473203950524,-26.058051423766305,-9.647402844146802,-14.6246789613551,3.3911535818579703,1.3228967625424,13.6817397674159,15.568272811114,13.8483835258721,20.6294473669906,4.06934552626357,7.42833493354394,-8.08916676708793,-1.3347907798306202,-18.0116293162541,-13.7654696265544,-21.570103292445893,-31.602005273594603,-37.1221159465363,-37.794009501041,-17.8769307319897,-40.8241292380515,-14.7278202255834,-20.468681903879894,-5.08186537654018,-11.8847600050335,-14.9252677229176,-4.8360954167524,-24.415771999498,-36.2562965950962,-15.663602202193198,-24.1312599333271,-26.6308663018267,-29.933448655847503,-35.6150219290015,-19.4053166930598,-12.514309444226198,-20.9499318762471,19.8463411119217,5.95217254383466,10.2772151039304
402.0,sub-0126,ses-03,run-03,vicarious,TPJ,279,cueH_stimM,7.507674192088982,1.46689561500653,-0.621489277768143,0.595454953382624,-11.9944368715272,0.587433881143718,5.56749134559785,7.57430218542284,16.1361457928196,6.074033520637679,22.4760101841043,23.1842654684907,15.706784978832701,7.19724706399094,11.8724352161691,20.0438549002577,-6.3928589214593,14.1740085570606,-2.22212350932381,-7.32356248580655,-13.499556007225099,-20.455627548143198,-37.1911478022621,-26.093560611431798,-6.5232608966893695,-19.5799568035771,-0.62492305193639,-17.4526288949865,1.95485606121908,-17.3578746206355,5.2700355266562315,11.110722850752197,5.8404538813137,8.14398350913223,-5.1033876452870315,-9.9889644418185,-11.094614898438001,14.0341874571034,2.48468668857942,4.9756402132583615,16.7878355117943,24.9638261234225
403.0,sub-0126,ses-03,run-03,vicarious,TPJ,279,cueL_stimM,8.79471521918478,-8.34280210815083,-14.792053453271198,-20.691870254428803,-29.6996869553281,-20.569963976422894,-15.2840961239992,3.5908966499122403,1.4713663999726998,-1.30164739085208,-1.22989117540253,9.873167019870019,-5.013603167528321,2.55907961866432,7.491965021394769,16.2537176302702,8.84918619155915,18.856957670474202,8.0355531484305,0.457866026931793,-1.7150642214288998,8.69231739410671,-3.8080952351923103,5.9810039946752,5.6434775661071095,4.7100781335283,0.503812835769168,-19.4320960926157,10.786528819295098,-0.105087049942568,4.1872787180270885,-13.1290489352754,-1.22207798351763,-20.741208213836806,-15.8628275468831,10.849334706682999,-20.191629898071803,-0.929010406941212,-23.4580215428517,-9.515286314183081,-21.453584791525,-9.89790846306548
404.0,sub-0126,ses-03,run-03,vicarious,TPJ,279,cueH_stimL,-9.475656431165909,7.982149466843669,3.4142207476344,4.4307922346588615,1.49879138340172,4.2742414225180685,19.4839497381953,13.2984268401931,29.855909658572106,9.378443816981036,33.9777178616076,27.5441665423948,48.0947609278244,41.07388563397621,45.102093651584504,43.73371674283261,43.9820928550649,29.4138314598298,21.6356038628797,-0.35846313072239705,-8.266913010228269,-15.833000189668,-11.7776995532734,-0.8617587739735391,-5.76843949702824,11.1259514320261,3.2163798087151303,14.9416340948756,-8.80404286022452,-6.688520214562,-19.274628642830397,-14.375803895532,-12.505734771049,-22.264436787565998,-2.04470759800401,0.458922645802375,1.60827888128397,-12.2478953810199,-0.5634556895166322,-13.116697282191696,-13.022083033882303,-17.4544405788554
405.0,sub-0126,ses-03,run-03,vicarious,TPJ,279,cueL_stimL,-29.0555498722404,-14.838452258423299,-29.312258599637108,-24.578878043361396,-15.4854927535026,-38.7647813445315,-4.05605585600488,-23.0502650072637,4.94626260055738,1.3336457688960202,13.1423389937673,8.06322265017284,6.70251845731041,-4.57117369022702,-1.81656541845268,-10.9730952336116,-15.3216573146714,-13.8558934131725,-9.32084696740581,-3.72040110346502,-14.5316134724811,-17.7354297015272,-16.4352326995633,-10.6384819879058,-16.636555743285,-3.675063013736701,-16.0808005486429,-17.1013293618397,-17.8186170899657,-27.0695491073634,-4.63674369321918,-35.2198629342688,-13.6354202228235,-24.2233446798803,-17.955302181893302,-13.557314469224696,-13.582807196134699,7.040497886690731,-2.84654068792214,13.403432527388802,7.281562992464808,15.5945493165607
406.0,sub-0126,ses-03,run-03,vicarious,TPJ,279,rating,-1.61410245615298,-1.05048361014421,0.0941778802432518,-3.26629230362481,-5.50423662233514,-3.71011320501054,0.950267992670156,-0.468512371647336,3.76588184838117,12.4912880527167,18.0855198397928,19.9971136596702,20.297434701691,19.736081844500106,11.5654061039663,6.33729753611897,1.03795064045626,1.1803596865149,-4.52898043940288,1.79703290167695,1.30092590396719,5.77551918642566,6.60847074720508,11.2517165597331,6.55857138834484,6.017227841116941,7.54271719865316,5.05155999585373,2.58827103436601,4.46281607727888,3.52941529799169,-0.421948703750654,3.4477829697148503,0.3850763883942071,5.07365382675274,2.3158424396816604,0.0672968858590028,0.476792956088971,-0.730815886206477,-5.66068367618245,-2.4452902871922704,-3.88565053213943
407.0,sub-0126,ses-03,run-03,vicarious,TPJ,279,cue,-1.6952048241323605,-6.315744977663258,-2.3888349698340403,-8.08892796571038,-6.670072932414429,-4.726430610497929,-2.2932135730846204,-3.36191780258313,-5.8868514388869,-5.64447604910602,1.30791500958226,2.7181949014004902,-3.31123220842892,0.0982470354216076,1.88049435360886,0.0518102880097224,-7.50450270781724,-11.404223539746301,-8.513645258735071,-2.99381367420768,-4.79581311486612,-12.2832374366076,-1.63431717831593,-4.4958289349677,-5.38344421557488,-3.27850893942257,-11.5007342691607,-12.847289812909501,-17.8085219580464,-15.0527271936446,-15.8515841947226,-15.3332254340247,-20.376079189711106,-5.20034119554555,-22.801642760747104,-13.5902456408074,-22.0274495577613,-14.2244797569581,-21.282234859594702,-8.08151207762597,-15.756933531866801,-1.3878609318510902
408.0,sub-0126,ses-03,run-03,vicarious,TPJ,280,cueH_stimH,6.395434960541401,-3.24965198224194,-11.840731239713,-15.2726436113882,-15.161604162593699,-4.61198975985993,-11.773873120354304,-3.58194280228261,3.39127958687581,-1.8905440671867,-2.6893268705337103,2.7587554873168,5.135823171026191,12.442962427646696,17.6819320223973,23.307617260198498,19.101430733852197,35.5898581435878,21.3693005401718,16.1309903370517,8.60181049938879,6.4622539618507,-3.29233730100956,-7.92421911217833,-13.581335705719097,-12.0428053954841,-14.480595368040301,-6.44842811465447,-9.06004696776649,-12.518741530347302,-15.127230151572599,-13.588683502558,-18.840498708975197,-8.988153896750669,-14.7356938094183,-5.48343186142708,-2.50272879332813,3.04612108064686,-8.00393830355114,2.53521481566736,-7.15606828736565,-4.839320455921071
409.0,sub-0126,ses-03,run-03,vicarious,TPJ,280,cueL_stimH,-19.0577188730836,-24.2186656184934,-20.5751597453535,-14.685585321017196,-13.223405873662,-9.14725585414825,-6.24802549282132,-8.116589758639059,1.8315185618667096,-4.22624500583425,11.8152348577598,10.2220191146831,14.8800988138467,10.0896724412786,24.426411485339305,20.779430643070107,28.3701066313981,27.186637936224198,27.4865603584446,1.06201537973031,-7.99535810445922,-12.2470432212133,-15.9986490496436,-17.5589661426778,-12.210270622403801,-8.637682280537879,-17.0847743648414,-17.8529103584179,-7.240534151059982,-11.7256027265085,-20.407384959533,-31.2709705186869,-20.728676725009198,-21.7697924172119,-12.06423167562,-24.7236375899546,-9.86735455390547,-9.14626920147367,5.73945662750685,3.97971800489236,-8.60757094666589,-1.42837563669122
410.0,sub-0126,ses-03,run-03,vicarious,TPJ,280,cueH_stimM,3.08489905774744,5.22553256710138,-3.52571662869021,-0.6920673993259511,4.5148824293880185,-2.76488085175578,-12.9898997269554,-2.8633707104292405,3.32813595258137,-0.683146849585966,13.6662767012237,14.3382862410096,27.337629478463306,21.2213799715797,25.5389606818324,30.6531943467244,16.5880957719347,16.693769298143,14.7173380096105,2.25701725467651,-6.4967895341154005,-14.1155404745491,-11.6149268846891,-3.84610996314984,3.4163202999349904,10.8936927759533,6.678109230930341,9.07661165090291,-5.21963333811621,-8.683928306641821,1.13083528628757,-5.4397973990957,3.8189764167056297,10.09240890094,-5.3894991754405,-6.66377137955166,0.5620176629961079,9.97939301412251,-4.20556390924687,-2.5846884650113,2.2371677313375,-2.46060689719891
411.0,sub-0126,ses-03,run-03,vicarious,TPJ,280,cueL_stimM,-3.21754503543791,-1.16104975608398,-12.8045479292235,-9.528629536049813,-13.6093862183565,-13.523137603159098,-13.291406432045903,-5.14475732710768,-0.689498019807528,0.4186967207407341,4.12869612306621,10.087616737116901,17.5249201923331,25.352474877065397,27.0254986557545,33.5007433469773,27.1749867148451,35.4022072191038,30.6246288429466,31.7097982515089,25.2335147025415,22.1413714427102,25.9457277542025,7.71255163582838,6.9543973940313695,4.1107974411773,-1.09734386577804,-2.14407253240479,-5.26950758573058,-11.645050162829401,-2.9502593227126903,-6.77343054977515,-3.07407550751617,-9.585179580650447,-3.7493598217745,4.43148758716449,-6.881116399373572,-3.29771596770005,2.91329230298306,-4.897759434794,-8.29070133007196,-5.16912853362603
412.0,sub-0126,ses-03,run-03,vicarious,TPJ,280,cueH_stimL,-18.4764229938392,-4.43720200434082,-15.5745698827555,-19.0320179319862,-11.7275264558164,-9.77835782599743,-3.24078558130397,4.36797198447343,12.6951011785518,13.5929254837181,19.3342515149846,20.9988317294872,28.3705761312405,28.8330440637418,43.5486418323317,41.289593097265,43.4009418528967,35.5670031940445,24.976366616108894,25.034061664858108,15.2165779695469,3.10013063393494,-7.895055032281599,-10.7617974475997,-15.4206280915794,-4.4984375782007415,0.0334692064368185,4.10723015509345,-8.423762185415761,-9.582542031866788,-4.594102551238491,-14.385436101603696,-12.181897925742302,-19.492849012458606,-12.2466647186135,-14.0064708396123,-10.112700138083,-12.7488640806076,-12.5247099498843,-13.143981126589,-4.69310626643737,-2.4059122318695096
413.0,sub-0126,ses-03,run-03,vicarious,TPJ,280,cueL_stimL,-22.191529722782306,-17.5801389049806,-12.041289543428302,-11.0037227352176,-4.79814004382362,-8.89119521557401,-3.12499294998046,-1.3017398456578402,5.88894009372218,11.153783022586401,12.549296139500502,13.601539217919,15.1366638399149,14.568692642024901,11.843976968794598,9.49215272918993,12.6611295271565,16.7666967725498,5.803661138590732,-2.97326867157656,-8.496558686195518,-1.98266654090759,5.90682748403208,1.72584959600516,-3.68868532408008,-0.744593508449703,-2.36045229742779,-5.85229677595916,-4.7413837183482,-8.0362912168729,1.3016099545154398,-11.461724477750401,-1.45245027197968,-5.69307174120303,-7.15569040694996,1.3861241748043898,3.36086443200548,5.488197286191419,14.239199642581301,5.32673431328036,2.30954211231683,1.05489829739234
414.0,sub-0126,ses-03,run-03,vicarious,TPJ,280,rating,-2.63241389629063,-2.51447631570444,-3.92508619896142,-3.58477817291498,-5.908522052056428,-4.52186237704932,-2.02739393408571,-3.10502410118815,4.24223676979806,2.99540264863083,2.07747117680553,3.11324663198869,1.31798188942225,-0.944718136055512,-4.27220120851376,-5.00934235501659,-4.57053294038088,-5.30367054638524,-5.96134429525154,-4.40126836491143,-4.81772252398472,-2.0957168562946102,2.02333445319923,2.72713403001928,0.346092917059638,-1.15796082753455,1.45751302103053,3.39550829638817,-0.303634548310503,1.4439157279430903,3.2318225766029705,0.886440247480569,0.452924319730084,-0.8515858376025891,-2.4827516117894,-2.18205972195713,1.22471917045605,-1.70137205036078,-4.0524797926468805,-7.242394265013242,1.1017173255131798,-1.1044936866065
415.0,sub-0126,ses-03,run-03,vicarious,TPJ,280,cue,-2.44373929347141,-4.74105518474945,-3.90833518615048,-4.73152027272955,-3.06106741005795,1.50496630395008,1.12450260501372,0.6638362426270891,5.006549504924901,5.23221961069896,7.43823496922196,5.88950063098667,5.90308074678908,1.35599666332939,1.13545893704402,-0.4468528148466861,-3.3006797971003,-0.491334886379812,-2.64291763145245,0.20966465066838,4.728508808603,5.17987347654405,1.67725418917627,1.96733234216078,1.16272012778124,1.31686237166203,0.8439724693777729,-0.244658123229063,2.6254393527418904,-3.4485930550840096,0.6299271330830051,0.5150617467464601,-1.70960155279235,-0.8780128793945099,-1.81588760615751,-2.61402129080005,-2.7257051957324,-2.71603987646036,-0.940591275214858,1.16924076791518,5.11197240804028,1.7084526274343002
416.0,sub-0126,ses-03,run-03,vicarious,TPJ,281,cueH_stimH,-7.684286050129138,3.398651085695,-2.79780533390752,17.0892065093665,-1.26551671477093,7.58995834872123,-8.372215512430019,-2.6191294900718,-5.95837491647174,5.20051240464538,-11.150132251003699,6.159382670603559,-35.440534142333796,-14.110405674457901,-35.678634530507495,-15.8234567033694,-21.4335893611728,3.96218414435862,-28.7035548690352,-11.824590982218199,-30.122824636529003,-10.2277380921637,-22.137517903539802,-16.1880910812969,1.54967977364384,12.145868968120196,-7.344557942740709,-23.276223335170602,6.09253003793942,-5.43464068383585,-14.0950948682967,-5.22089810897381,-19.635134383553893,0.70332378717481,-10.3969442031675,-2.4299709320220098,-21.337770171169602,-13.789244352026598,-7.679157008754308,2.1127399339066897,-13.0357000790316,-17.3598504591677
417.0,sub-0126,ses-03,run-03,vicarious,TPJ,281,cueL_stimH,18.7545492498641,-3.3813101156558103,-21.025127666110198,-5.719507761104111,-13.4806265596911,-3.92136651634749,5.978149037764388,-0.889297476869109,20.2054102315257,18.0349859218155,1.93894302324649,-4.82224048784133,-24.637806606608702,-32.1878106768909,-23.303994733420602,-13.837032580678,-13.3324717384938,-11.1154616890471,-3.45622056342846,-17.7665820805559,-4.854984651035959,-6.96607226610469,6.31488857256793,-11.3327949223878,-3.41471741558801,13.1485847840449,2.8940959564301902,8.14964662889401,-8.36201817551943,-13.637939912336302,5.15636064041888,-4.59333051870462,-4.417544063740911,-1.6121148999340302,-3.7955552792364,-15.1744466365551,0.678595029390653,-19.3672164314028,-7.64868828691309,13.124127410787,0.6543543730128261,-17.952260021876
418.0,sub-0126,ses-03,run-03,vicarious,TPJ,281,cueH_stimM,8.1806878427567,6.15307888009066,-9.67292734961724,3.339888179657,12.984472877899499,14.563719023437299,0.847665951303612,6.8701899050425315,5.16545409431322,-9.790799860789528,-3.20790630777214,-18.023476587415495,-4.49210063746912,-3.46807879933466,-3.5894062339856405,-6.25160088039629,-23.8967315546695,-15.2738381177071,-17.642586272657898,17.6356222387725,-4.47394369404311,-8.83244376112998,-22.657063040648108,-2.6387024929427,1.94207687264945,-8.74028062716646,16.7200744112411,9.35230543596925,19.5559806132384,1.1369265059828,6.47617783670658,12.869554481980698,20.588515661403,28.8941529808186,-3.74286893383891,-8.72854039170974,-6.629308928375679,4.28902979180586,6.3579987904759,6.96434578157471,8.933798155136289,2.9838600955772
419.0,sub-0126,ses-03,run-03,vicarious,TPJ,281,cueL_stimM,-16.035523159195,-16.1449447382334,-24.982304639450607,-13.3150079496417,-8.00714168332055,-7.730212656446849,-12.8250924527703,1.5394555078129,15.9793275844272,-5.88763031438886,-22.7532026500174,-22.8468739728027,-18.1611976167885,-21.8683313939746,-6.184092122668941,1.7991732215214198,-1.09198504977688,13.1450230297645,2.64162372042993,15.7638944221883,13.9872131564176,10.5335310904106,14.9805141451491,5.808307316363409,-0.186045159563189,10.268485009792599,20.5925002048882,11.4298727352281,17.9313286803146,18.5471220892635,0.619306122403167,-10.836973756241903,10.251111213752099,-20.274050909178,-11.131312989181001,-6.33570129055388,1.61513226185559,-5.91691976589571,0.786442159493761,10.735459229520401,-1.20330919704286,19.434336099553
420.0,sub-0126,ses-03,run-03,vicarious,TPJ,281,cueH_stimL,-21.3042806454053,-13.706760626268101,-16.076778948420802,-8.14016386961027,5.95897645983693,10.581730257257,4.31089117368884,-8.14803399570676,-8.43522848536182,-18.256532101686602,-3.087472492938661,14.7209920893748,-6.378232816615388,-3.9492580624454,4.91164700166132,12.996493754481197,4.2443957637588285,16.1998100176779,10.360538783271,11.715814203888801,-19.982690155932694,-21.6314855930374,-9.710337110985641,-10.1240944475344,-17.8112395629948,6.39002423184387,-1.85166448762188,-1.06615725634885,-14.9877279333581,-1.88151285025049,-23.6746374190674,10.4196760506332,2.44507976442176,-9.93894584633624,-1.6210572448174,-0.393300923749408,-8.44841904216953,-8.1742030469439,5.774309388499839,5.69087509658532,-24.3939004125492,-5.77370231176205
421.0,sub-0126,ses-03,run-03,vicarious,TPJ,281,cueL_stimL,-19.286949815062002,-13.0641265407291,-24.745328855857807,-6.77619498996456,-22.0294209583313,4.03344510045249,4.4873303675502,-7.16040536197562,10.1000938303001,-16.1451481485503,-7.10630613944852,-10.5188591092875,-14.5077723317486,1.25251562809573,-3.92607722981052,-12.101805187506699,-39.584594645108794,-13.0171515180697,-16.5043828913759,-10.9706588306584,-14.157743196319,-2.21342829818166,-29.049982423482298,8.60612675856212,11.582451676958303,-3.49080075108929,4.94490684652722,-2.4573507960854903,-5.255441782852571,-3.24929254014084,-4.923079247399,-23.429997638627896,6.37052651399383,0.9165775305324928,1.80761343697655,5.54248796621125,9.7108151034989,-3.58753158403304,-13.350886586957,4.12019290760434,-2.27804739703811,-5.10060392212955
422.0,sub-0126,ses-03,run-03,vicarious,TPJ,281,rating,2.06320544842471,-1.3198727828408898,-8.74326073109627,-5.66484138987234,-2.7892877917228103,-4.78940492976252,-3.3498823565925,-6.77279895780382,-7.498048547609531,-8.752451539869549,-2.9705097407081698,1.5785364561193,1.25533589575989,2.1999504982169102,0.959078250153453,0.482067267752498,1.18002266066421,1.27029017915132,8.5138610568217,8.01827589704121,12.0461467644237,8.36318498750317,17.1658168037051,16.9638580977319,11.238176046654804,8.28969906686531,5.40857769591632,9.54911448700942,6.5253655001959405,0.536749617202279,5.87875877925096,1.5310712355958798,9.52327217538152,6.7968022937692,10.496364353454302,10.1487462669915,3.52471981125691,4.57507417369159,9.02590319435612,-1.9123465488542,-1.5016740712326797,-7.7608209820139695
423.0,sub-0126,ses-03,run-03,vicarious,TPJ,281,cue,-8.308647080463789,-1.90781586933567,-7.18701721964875,-9.42469792196974,-3.3011116900066604,2.80172340605848,-3.62166350214427,1.01700949915171,1.81822596834445,1.81747340562455,-8.82181605545461,-5.43279746971282,-7.01979803866683,-9.40258309607861,0.96653848460241,3.11376079322824,3.5157779497076804,-5.5257306082417585,-8.97553098798042,-3.21814922767401,-5.68601410154075,-10.4216311412341,-0.3821872633203859,-4.46171080386592,-12.5064998557975,-12.6757134649034,-10.599808247598599,-9.74526516884006,-13.599317191807199,-2.51908434264535,0.110723398537754,-4.40452180276911,-6.398845137179941,-12.477573689815,-9.94198750104094,-11.7792830056043,-2.9748210345918,3.18135011020438,-3.86919485349276,-4.46130104558915,2.33495788634885,-0.5942939854642889
424.0,sub-0126,ses-03,run-03,vicarious,TPJ,282,cueH_stimH,-1.14136855971687,0.506875109881427,-21.6611703285228,-17.1726759834613,-11.607759380280001,3.79997719362041,-15.503252363612,-7.36105834387499,-16.255975207203697,-0.38970321564224897,-23.398437845256602,-11.4607462789369,0.446686819239484,-1.7899335518515802,-10.3412988490989,9.748053421660007,2.61141536866367,8.95796615740871,-8.14175514647804,-3.13313064360988,-26.1278417340345,-20.0746604321287,-38.3721843562745,-9.291009766491038,1.94894812618977,-16.1194247634451,-5.705558126837231,-10.4763525541413,-3.4204975799986803,-17.2050367410116,-28.2831999953894,-13.9279385901094,-26.494031107076697,-17.266761972308302,-14.5142229751764,-16.146857243008,-7.53470090871029,5.66556896264485,-21.041945164958197,-18.0661536508003,-15.8297684737754,-10.349224084068698
425.0,sub-0126,ses-03,run-03,vicarious,TPJ,282,cueL_stimH,16.1979042678235,15.914829726505301,-15.532099441417301,-20.8519463909673,2.60069848024083,2.02828476626075,-6.838914333688519,3.01383309151585,6.73111093790126,31.682078026124,6.281294532079049,1.2415970714532,-12.7811521218719,-37.8117668182547,-23.580258197421,-20.7672755938782,-14.492114372120499,-16.3194428488848,-14.062550012832,-2.39363432804051,-21.7837185573445,-3.0796639409937696,-32.4054608002495,-22.3644016995559,-9.833477816332671,-11.412048263328,-11.301102752430001,-18.0243411759868,-25.317019085134397,-11.970880142021699,-22.2808853424058,-30.891375527164502,-21.749865848684607,-17.9718616519845,-22.0290546005049,-51.864464777900295,-16.1147672083606,-6.1858516758859015,-37.993327753531105,-30.9345891028833,-3.74087203857397,-25.046553823752397
426.0,sub-0126,ses-03,run-03,vicarious,TPJ,282,cueH_stimM,6.52117685511378,4.1743395066585895,-14.109507220295,-3.25361969771924,-8.2559081533797,-12.136084859073401,-11.324329614298199,-14.4405475813681,12.409644687146402,-5.5748751270640815,-24.238389340454606,-6.30572936085428,7.23617648965936,-23.2342451576354,3.64924593140131,-0.479776463910845,-21.165864169332107,-14.8993300019808,-7.30306803780262,-7.62053252351709,-21.2454045165304,13.832830255231599,-16.8854664056649,-18.6182775315141,6.31004237880726,-14.9730427534521,-3.67067873481832,9.265872471346867,-4.0542007351319915,-29.8475452726035,-19.4926207301822,-3.95234013569155,0.52259389611001,7.89016019921391,-12.7806552333219,-20.0376687309722,-0.0672011320524919,-0.5958625225162,-2.87298458147838,11.3066206458172,13.6055734186635,-2.62859477123428
427.0,sub-0126,ses-03,run-03,vicarious,TPJ,282,cueL_stimM,-17.598441305108498,-25.2035934026183,-1.6731992374868798,-11.153956268919,-12.4553746693701,-21.414060191025698,5.1371434750502,-4.05966943424409,-13.9695092616488,1.41503738603901,-1.43305392524692,-1.69915234199406,-22.9040331581506,-10.0490237337591,-0.0352491205897268,31.7109886522748,-11.7061416919953,10.6530066317724,13.931634227155001,3.06251655302161,3.5173061959425898,19.2158495214743,12.894328749382696,-2.58829427875204,-0.4592445074623211,19.522973458275498,9.872091632674447,5.692361524935429,18.740588060210897,0.323328306772619,17.2334683724033,-12.6432759697188,-6.716637002308719,-27.569555618723196,-8.32384644517465,4.93266307081796,-12.910293113661401,1.99010617476338,-26.198220842614198,-7.245787580250639,-38.3742748418875,6.95201053125131
428.0,sub-0126,ses-03,run-03,vicarious,TPJ,282,cueH_stimL,-21.2819507023492,-13.058122160625201,-15.7408624761818,-9.826605414583499,-13.0816572141493,-4.3904686329067495,-2.5931690597524,15.1314454157883,20.53152686033,-27.022016205795303,9.08619937144301,-20.9884837159754,-9.77184878651351,-13.015410998919101,15.665331880838599,12.6401617791282,27.8492180239464,0.299901490663743,8.80189139758659,-10.0702466593717,0.513181900815904,-25.531321606738896,-16.7857093278274,-14.869340642274999,-11.613784714628403,-8.751193258164308,-27.1560178548543,-5.60710414215937,-28.0659495561059,-16.6772079739539,-17.5894529078417,-9.47879002063523,-23.4490339038906,1.7529442155354598,-19.8084686527652,-17.930513535139394,-15.426610732106099,-2.57867269894022,-0.997629111568653,-9.90929402649466,1.28587061021168,-24.7360223895105
429.0,sub-0126,ses-03,run-03,vicarious,TPJ,282,cueL_stimL,-33.6105555503453,-13.7021965370288,-30.096547793359605,-7.135301142134299,-11.9856010755526,3.79239930962851,-3.52548724906866,-12.6926814366592,7.76325887340173,-18.6683642814882,-15.812984168285801,-6.7265765601497804,-4.602744094466071,-1.70598582121074,11.8026802123821,-11.514921275039,-0.679769370664341,-10.3433445967291,-6.91016826233795,-17.3362109852044,-10.9562875915692,-18.2638520478189,-14.9985192077976,-10.3113858532798,-14.0996291460358,-11.107433864558498,-0.5862626461374211,-14.786909166061001,-13.5428156950705,-20.945106021346298,-11.5190617713298,-27.9057549800913,-9.45172446674208,-17.0220351627589,5.67569490413924,-13.691234998833801,16.9336736503895,-2.5399924204617403,9.09384630925582,0.7375792119862579,-2.25645121002763,-1.1881350039784
430.0,sub-0126,ses-03,run-03,vicarious,TPJ,282,rating,3.98232365660658,9.24260949101509,3.8706321913405697,9.00432171624473,-0.6840769619368051,-1.81795060566436,-1.55857522533597,1.56748398350825,-1.5868594709047,-2.5213716475468195,-0.414082455510624,-7.41372340824271,-4.03007965857051,-16.097291009302598,-9.38726723911827,-11.2518941719276,-7.31059411830534,-0.603129800210283,3.58272213740505,2.5920531970628704,0.153996150346819,6.18354144460801,8.42832317321877,13.4276641718851,6.750138022560541,8.155789733882429,5.93118229500022,6.2480665908158,2.94798478171978,5.8938060750695005,7.127756432867369,-2.05385461916695,5.8103733732063,0.7973405798745591,4.8703561000359015,7.65825411241768,3.75313850070132,-2.30087888688063,3.42551587020186,-4.60280615177571,-6.2171427491502,-5.8616947904417405
431.0,sub-0126,ses-03,run-03,vicarious,TPJ,282,cue,-6.408384937024031,0.424641576575428,-5.598157109289781,-11.113492530914499,-5.529536037236639,-4.62996554227776,-10.612925619921,-17.262911085962998,-20.241704767911997,-23.9261907417565,-12.673027459886502,-16.7997137331328,-19.7070492509785,-12.125058606343998,-18.440963985953697,-14.821841428900699,-14.0019055675365,-8.81649824212298,-11.6202122443012,-1.86323654365076,-2.73026018342949,1.032646115761,2.51785382746564,0.6613308444992261,-5.66691497436771,-4.61618957601965,-1.03957918013939,-3.6937387267941295,-8.50191998828145,-0.780424259240165,2.19597303260072,-5.8067361656872585,-8.22908629905045,2.1597735258793898,-16.8422649635616,-10.151775206090198,-10.1904367424132,3.3031158359842205,-2.82782306433504,3.9347166638782696,3.33874708161337,4.90985410670835
432.0,sub-0126,ses-03,run-04,vicarious,TPJ,277,cueH_stimH,9.766965861872867,9.377270122642981,13.360716782621601,11.815957156242199,2.76788618723696,24.085207901682402,20.4983187485967,11.768204420271099,12.5549840004301,0.531996501784071,8.133393002469981,1.86000805246842,5.7271775567813705,2.5070903288019104,-6.6275605935545086,-7.95754785391243,-2.56429908524112,-14.046874143279801,-21.1629215861203,-8.13238777442865,-7.4294506922336305,-3.79304817811456,-19.4666360928772,-0.153662381017337,-8.539172526544549,14.4015600953213,6.63960341667287,-10.7247196297897,-17.3135439494015,-19.9873920951636,0.735758566146615,12.5475428344731,0.6221312447204821,5.44382213441024,0.425585462997051,-19.2521029298645,-9.436403367353881,-16.032206858352,4.8903250755856105,-1.6123777381372195,-4.46828969234149,-19.9249754003359
433.0,sub-0126,ses-03,run-04,vicarious,TPJ,277,cueL_stimH,8.02467222726359,7.96164622826473,-3.38180463543254,29.1556236561194,17.0148725085641,21.857343865851497,13.0203798700233,6.03489391807526,2.23556984332781,3.6109778795365095,13.4547013555955,4.37102337780063,14.3217050944685,-10.572589319072199,-17.880540657245,9.000203780697811,-13.159044712632001,0.0892917007375815,-2.53819087972255,-3.44863928485932,-5.158560464155821,-9.31955753321589,-7.7590010411901,-19.8422448886422,-12.3624124735324,-22.064281208803898,-17.3755206819192,-17.7226187038304,-8.56986064395474,-0.43973773733543503,-5.28312463814749,1.54300155812792,-2.01087155907552,-16.701032379684,-11.155453837841899,3.5862525805552,20.3687128995077,18.1586112472497,7.377698976108941,16.6416782894196,29.6082511870327,30.0939784723595
434.0,sub-0126,ses-03,run-04,vicarious,TPJ,277,cueH_stimM,17.566452207623197,13.3167057118055,24.7273237591323,28.9223746027339,29.9683351877352,11.0116763742426,15.0204580067467,11.927701795359,2.83193748127219,1.9448476488846105,5.90446508865608,-11.403589183834699,-13.0335519700985,-23.3997016195637,-13.7926209960021,-3.96479979387786,-10.6695633076593,0.9086646791904248,-0.0785851553546753,-8.488587890014209,3.57090541876312,-0.319135816109885,-4.9084381527188485,-4.36536665951959,6.728857157859888,-0.853998593851337,3.22844751898452,3.02584119305179,4.94339668775029,-10.0688328006691,-4.594209304461558,-15.5249114151452,6.244268396455929,11.933792058148,-14.2497774001932,12.4757351848578,3.48341575380697,-7.5240296650349405,3.66497055047019,22.6344490201049,-1.7451351764517502,-8.27683028176924
435.0,sub-0126,ses-03,run-04,vicarious,TPJ,277,cueL_stimM,15.1964205990444,23.141599866643,4.5830422739008,12.0861260344217,20.9392116943232,21.015978436690602,19.823381885247606,8.78331284809358,17.5043702799305,17.7094996113666,8.32964156384747,-1.16947053200553,-1.62633660862247,13.606459862825696,4.8690810206730895,9.96185039562961,26.0638396208857,16.754581932476498,11.057224353475402,21.9586931191674,-0.132824818483442,-4.6097202591363,2.61772227252236,19.025380054907,7.106608060265371,1.9620044454735,5.38710077532616,14.3969362621418,1.47202870328379,-0.8703238619704409,2.08052934551847,-13.9071834720386,0.29817407716763,-5.2355428684699605,9.44742578362389,13.9759614354689,1.43404043529182,1.99156833240865,-10.1223576177971,6.8833059725576105,16.1534485318239,9.7652734148102
436.0,sub-0126,ses-03,run-04,vicarious,TPJ,277,cueH_stimL,4.16010166931368,9.62857946037918,1.61888382395914,6.012975376687959,11.838475863385598,-13.689608193752804,7.635396991102611,3.5285328265233,-14.519620356998999,-4.46598698566229,13.303350426056001,6.8576957867574215,-12.9067165466676,10.567834675902699,-3.233928730198,-28.965192235546894,-16.5896431625314,-22.5974774664442,-17.892060662056398,-2.20702471378088,-19.3472980000968,-8.15286246915006,-3.21033879321061,-7.52819038372908,6.54408478269445,5.2938167845824005,4.38590773363288,25.8342330231377,30.3910326888136,23.624960298790498,26.575491493376397,45.52703998174721,44.1266819005266,42.945163307936,49.5385759434178,14.927445321785,2.10613091106782,3.79056678067852,-16.2399321612993,-5.85321374845782,-2.21590894195239,0.247868421813877
437.0,sub-0126,ses-03,run-04,vicarious,TPJ,277,cueL_stimL,18.0081862408052,13.1909812101973,16.1814657039446,17.337094743858,17.8681616179277,25.5776050165941,26.2162832552664,15.3664464605669,14.3985859594272,16.6012568689744,13.590971920777099,14.9411791526936,26.453464785928503,11.231628507795902,9.91914410267942,18.744779867545397,12.434544057871099,14.3342856162034,7.1603970289818895,8.52212731965745,18.742107602298105,-5.5503038447304,-1.57854662061034,18.4253290797345,1.55781665300914,16.1296410571426,18.533999189190897,16.8188050752762,20.5363834118652,3.14383684567637,18.9418796356813,4.3026705480435,18.9595798053851,8.22612423353625,3.84245525989743,-6.0806673739755,-13.5464535339384,-3.01413812028431,3.09212828554519,0.6646246920121041,15.1330684401382,-1.97673896265496
438.0,sub-0126,ses-03,run-04,vicarious,TPJ,277,rating,1.14051805885873,0.775465366169939,1.25212211152877,-7.91426608168212,-4.95659876660628,-6.590565400542459,-3.6765443994511,-5.606518040192388,-11.6844632450292,-3.46823561942214,-11.052517526466902,-6.77390316077796,-1.1860832355076298,-8.52675048036056,-2.82038730608008,-11.4413360653341,-10.5217794243311,-12.1723163994366,-6.51125035875729,-6.78904671168528,-11.534392796123099,-8.6262114486614,-7.1542425287293385,-1.29857900797129,-3.00904294528053,0.15016184315855702,2.0626714946171,0.6159923474994581,-5.95803672120154,-8.883889256135358,-9.91539697304684,-6.10194029989555,-3.08567305686867,-1.88849196923454,6.98548514364887,6.0044356779697,5.1917047663477005,7.43848918766796,0.662727466092739,4.16168144861672,5.14220472632775,0.161721026659322
439.0,sub-0126,ses-03,run-04,vicarious,TPJ,277,cue,7.2826080214440285,1.00174673500516,1.02061882674326,4.35129797133464,-7.00296301035775,-3.66935799498706,-4.0143785761758,-0.167329331660962,0.13706840401380302,5.01914867952509,-0.092593592042995,-6.34598942734146,-3.23065979860026,-3.905776985265221,5.0451869236835805,4.93720249651172,6.585564226937491,4.3891359002312,-0.495043747364249,5.1897780079624685,10.177893081703001,1.93035399232778,4.07447364700902,2.8375228931968905,3.86734797170737,6.017794854536719,13.1137965527643,7.06642295983383,8.7120928157365,11.309625791215696,5.8925040235497,-0.14926532373821,3.8324674500541698,4.34372027667134,0.397423017477007,7.1079784923602105,15.7445972450909,-0.741348550395447,-0.264109049759491,1.38343011436158,-3.78215495292856,5.83574558659604
440.0,sub-0126,ses-03,run-04,vicarious,TPJ,278,cueH_stimH,7.53023582542544,1.8786723158386105,-1.9429391535481,-1.4569224444488702,-3.80782127491748,3.5693213449500494,2.165520795083,7.0612267007382,5.22256924039776,5.75571956468948,1.7537294655572502,11.5528694295755,24.7436487262253,23.6987022179277,19.843778852364398,8.943263654477413,2.79849453386789,2.29209759416783,-0.193659823097581,7.21049341134753,-18.6389311398589,-16.8492734857194,-10.2344326047589,1.74067897158869,-6.41202784019288,0.36769253390041,0.616305505624229,-21.1238206717392,-17.571875560258,-27.1232973930615,-22.367798453369197,-14.0340039521839,-26.0357888824044,-24.8181976853306,-26.6322671157698,-29.187838160230108,-28.979160042414197,-12.7799218533465,-13.287341787159901,-16.7704380346264,-16.2300855397055,-19.7379801776489
441.0,sub-0126,ses-03,run-04,vicarious,TPJ,278,cueL_stimH,23.113791453054,16.8733873794437,6.34173941782465,17.4896850635884,12.049958497718196,17.100643481390602,15.9080317162249,7.78675833002769,5.298752210534071,12.9019532028461,24.959091215450602,36.0677430886836,40.099837812504894,15.472871968122499,6.4167502332023885,16.4530742791947,16.1295167409835,7.78569250413863,0.107450717202509,-2.1591966385595103,-0.480748478807086,-15.9278082252559,-18.3597434477635,-23.203377347515,-21.4651571197248,-20.1234611122784,-27.266266476912197,-16.4043541984475,-24.552982917874196,-21.4084164830087,-25.1030288185654,-26.1346181823491,-24.219023499826694,-28.0655709062257,-14.1961011978511,-10.720849114602801,-6.53764365634651,-3.98392895148616,-6.1241637905081,4.79805837956125,-10.965917079590099,-16.9131047512677
442.0,sub-0126,ses-03,run-04,vicarious,TPJ,278,cueH_stimM,18.9566474411394,14.88454477522,20.4569470424336,19.6065124529579,24.855377924583998,14.8858073206051,3.64344460692336,21.293066889174106,13.112712374837301,15.3473860229004,11.568906341914198,4.88377896473545,-6.18737924218688,-4.11441433551264,-1.83041611177326,-1.1628847544158898,2.12174567442056,1.33133530883411,0.000180793504370946,-9.94072667146734,5.10265416100324,-11.9967267314582,-8.12176726778527,-7.99169112632512,3.211720491694169,-17.229010024081198,-6.0858125681280315,1.50863475089818,-10.615383325878199,-5.689310698980041,-10.3467241820237,-0.7731710489407091,4.8960079119563895,-6.22761211468207,4.83426960089714,0.672270979609827,-2.33493425835998,6.26157030380355,10.568353140748,-1.7929396124281498,-7.617212371198901,-2.0677966794673504
443.0,sub-0126,ses-03,run-04,vicarious,TPJ,278,cueL_stimM,10.682102253942801,2.33660449333095,-5.21284197959631,6.4833046865019,-13.8179709536185,-5.87649313346441,-8.45296385726799,-3.5731818081482296,-5.528971443389809,-2.16957484347599,1.78845454439173,1.84229138830851,10.206198893570802,12.0719071526292,13.0082852147665,7.827020086917338,21.0645969881107,2.6633428328703,11.123225420183301,0.176073693583483,-3.99166878258367,-7.871322438246349,-10.961373189584,-4.5675644313104415,-11.9878494688206,-14.648135626616002,-2.17222718532427,7.12288921286057,19.9109795543312,15.0803635434615,2.76915722223442,-1.65968994145082,-6.7865165308717215,-3.799494332939701,5.6181587245118605,5.858001856175162,-4.8291461999147005,0.015608201173598997,-3.4840007723904707,-4.81692217059733,-6.8173805993755305,0.202613450257743
444.0,sub-0126,ses-03,run-04,vicarious,TPJ,278,cueH_stimL,6.37763149681647,10.259824656323099,-1.9948804505583,13.4665061328514,8.75048035360073,-4.18119531321639,26.594681827096,21.973084463476702,25.3686404552063,22.925818467901397,32.563764478028,25.2976317320926,20.8789488587677,18.8650955628797,5.87106543868912,4.681640517753951,8.34460465125367,1.20992990078307,7.508010139160088,10.494042282832698,5.85340164510131,13.6233956940744,3.4874952495819502,-1.34689048191598,0.8915707347907679,-13.3033982662044,-5.401320503378591,-4.51292997816761,-3.76841338957422,10.1635419751048,17.5607318865183,19.5341418121411,24.4567665294425,21.3468502303708,23.9905022586309,13.7217947881619,7.56953239601889,2.79958530053023,1.12867641824148,0.8448599706031958,0.476359992564483,-1.9791236555961895
445.0,sub-0126,ses-03,run-04,vicarious,TPJ,278,cueL_stimL,4.655710640174429,18.7327015629472,7.48142721281209,19.475039927390302,-1.06663210217408,6.310327605888292,7.80742257508244,9.026561424981509,18.644036909739803,23.262824774510303,29.6481409725628,17.900380129872104,40.5584574392089,23.243156551686607,26.598605080655,25.968147192184606,21.8645155653287,15.241566427840299,8.12930608414019,15.177124323749402,6.4359067017832805,6.56108873856379,13.7855744252512,19.3800135406635,15.750146042446199,26.5563810087774,19.9550037956035,-0.228510830115738,11.9827442968169,3.1998733147591603,9.0729583089809,4.937961816175871,-8.30059055282082,2.08077349187599,-4.4486178862681385,-2.4022539471554705,-11.786388539358699,0.405427425879225,-7.37985408333855,10.4343065260006,8.27645588949129,3.7800856567266
446.0,sub-0126,ses-03,run-04,vicarious,TPJ,278,rating,6.98361384508819,2.48925790195342,6.627402227943209,6.65600666062878,0.744004766988013,-0.125888768154283,-0.534966121315691,0.755979296331763,-4.6388994595371695,-3.93357429181237,-9.93848811291464,-9.517887382940721,-8.47123181485896,-13.059079342225498,-12.0383454100685,-17.0739460911466,-21.0079982735658,-17.5859965489742,-18.895508045172697,-13.894562698871301,-12.6309371228848,-12.691808314667801,-11.3641821360023,-13.1642919267154,-13.2175227875176,-9.370705509952401,-10.3212908658666,-9.89467639432685,-12.5385711208559,-13.6527103640906,-10.5881541219294,-10.033416225074301,-10.1037774355416,-10.1629036283918,-6.45159204795792,-7.74076536569983,-6.03615090233548,-8.7179536156561,-11.5798983621135,-8.7028620565791,-9.17721358963619,-9.754369702855929
447.0,sub-0126,ses-03,run-04,vicarious,TPJ,278,cue,-2.03488665652944,0.0632482385542588,-3.68276580052808,1.56617412035925,-6.39486298416392,-1.2441209010347198,-6.70645922073406,-5.7528568783373615,-4.988796989132848,-9.06447931567591,-5.94545286212366,-8.68651213280221,-7.69064257877183,-6.63378818299895,0.3874615271297511,-2.24853981903919,0.597746070325504,1.63975718594342,1.20322905863327,7.316837067494039,8.83925612528115,7.160477305668219,8.903200357661769,12.3603796683221,9.893636267663213,5.37398639123813,13.583358705170696,9.00601500816256,8.97843756029856,6.50634396014422,-1.41715108609038,0.8428493719820699,-1.17678531916821,-1.78646790756376,-10.638701911243,-8.312745013246701,-2.38578257713739,-12.414012835527696,0.0837957511214071,-1.97133085553668,-0.0036275047485050398,2.7647222097317896
448.0,sub-0126,ses-03,run-04,vicarious,TPJ,279,cueH_stimH,2.81315689101094,-2.5857248702008,-8.10072252258861,2.47539242695646,8.63230348222705,8.84181642859128,15.132797313745801,27.0314457932793,18.7945666157023,27.7309597724978,16.7854170636661,15.200335445911,26.379602677481,14.1567319690307,38.6401142375192,7.724993746260541,10.452058561033901,-2.2165435460466902,-19.401740950898198,-14.915573378489098,-24.6425695953941,-26.6891785379191,-32.7110142397259,-23.0528630212683,-5.65789204817985,7.43434293449747,-6.08658494704494,8.66891445435655,-9.406700196092553,-19.285346036571397,-4.57444410275011,-2.17144926953716,-19.4931530160482,-2.34418086869152,-28.8165169615969,-32.3012906468469,-34.5354867401617,-32.5215117106517,-31.9600162389155,-23.153613005116,-32.081027244552196,-25.8070195618127
449.0,sub-0126,ses-03,run-04,vicarious,TPJ,279,cueL_stimH,17.138441292193,20.1415234229224,4.560887955896178,7.40783736283468,16.804054732986,25.672272133916106,21.284617464001396,24.313461308085397,21.2985766440348,29.651477673459702,19.3473785231232,34.7571840960957,25.599010588439803,13.1605043374195,-7.90919952862908,-7.714422255103519,-15.686550181358399,-19.2357486308468,-6.5123301275224685,-14.3077860884848,0.389889042869051,-15.3790832265267,-6.21461270073441,-17.328284586915697,-12.4044871910437,-3.90088120797715,-17.5300131612642,-29.8360491098771,-26.368926179726,-23.250181106782797,-28.635736261105798,-30.967635663060797,-24.1407577764286,-29.8261906371672,-17.2446849087287,-22.654748389012894,-19.3697922864209,-15.9503957466767,-16.194545485254,-0.3836463292372659,-10.689021988948,7.77333821942695
450.0,sub-0126,ses-03,run-04,vicarious,TPJ,279,cueH_stimM,24.1680964903057,22.442242434567298,28.792515814099893,22.521466257576105,23.1720869496097,3.75321847114943,17.0353178189284,26.5362560986111,6.98061318761054,19.828579340890396,3.15779978376224,18.4309441495766,12.576673685998001,9.83457752470628,6.2489327207325,2.74247496100819,19.6718491452504,7.08341358231413,10.2054920219095,-8.84887123871558,-6.557237787823159,-14.661635832532498,-34.9795017327707,-15.7535952059536,-32.5605564060708,-38.6400411773104,-29.608237159924396,-17.3215671340976,-24.609317976880003,-24.088555653927003,-10.422953852318699,-6.13955232393937,-3.46393312092023,8.96265681614878,7.582398429244961,18.8341389378602,18.5642719771805,10.914861376625801,-4.063508092025169,-15.2402075959333,-1.41590099323399,-1.01374772342001
451.0,sub-0126,ses-03,run-04,vicarious,TPJ,279,cueL_stimM,7.35113610121441,-1.3662916999011898,11.819449450764804,-10.5853921894603,0.260475835995575,7.03444619309872,-6.942681743848128,6.63891779334686,9.07208202974427,26.4522282366177,13.5880361848094,18.4919562228486,31.6787591634321,14.622858580016901,29.310781500437002,12.629121675920501,38.245683371317796,11.6593883818771,9.87018632795928,-2.36316930743591,-14.263996119406901,-14.2683642708846,-25.7205567701351,3.1963532467171096,-28.400001260493497,-16.717275770773,-17.2304439935234,-11.1752915494683,3.69321141524546,-3.83449072254356,12.4802096508016,-9.30902340062284,5.387627007899599,-0.14802730277455098,-8.11578199566026,0.532343172226199,-12.3575781387463,-20.977149546705,-19.7891503528464,-22.880113978196203,-0.34988729291536896,7.664113630648121
452.0,sub-0126,ses-03,run-04,vicarious,TPJ,279,cueH_stimL,24.7429242939222,31.050174334836502,12.682766704000402,22.3254877984451,16.7356221383777,2.0219163502440103,24.089304183119893,9.968468444485769,23.0232213509204,11.9074309597697,33.0885637378304,27.3818158602704,29.5167500672817,35.1460248988348,15.5543002797366,29.1083494120206,-1.56308140345578,-3.6055822881178496,-15.4610533827394,-12.6205111423695,-7.37303579731717,3.70356450921344,-3.3529621981936604,-2.68427103293779,4.84547546732014,-4.728209866144541,2.45373391755628,-0.338910924475194,6.91310312955531,18.785843254088398,20.5187028298568,12.4305115110042,18.4898297581707,18.169112038820398,23.1062911156627,16.6900982495294,20.530690813171606,25.6968827034636,34.6824783334334,43.6231477164329,18.4948592765631,35.3637216725427
453.0,sub-0126,ses-03,run-04,vicarious,TPJ,279,cueL_stimL,-2.35710833996895,1.5051467290355602,0.638462713498072,9.292171077163554,-2.13131386744843,1.6331804479126,-4.08163395356776,4.9771375784291605,11.3828837421319,16.8912130642744,17.003972782118,9.352642973975213,43.569552634896795,19.0453331507975,30.8365020433458,26.497865439532198,18.7452847895438,11.2024549455884,-0.5620240508966989,5.32935629953338,-22.0241291466247,-5.686539032828339,-18.430360277952303,-3.01686500403432,-16.327445990748302,0.929447503299532,0.0871922198629314,-2.25625706916,6.28910903812864,-12.6888849000974,3.0175722553186297,-13.625016691465197,2.9945880599395096,-16.0678036895327,-25.8997673983001,-5.61708360186129,-28.034030280517,-8.622496272459559,-46.7191994911555,-25.3335607036952,-34.2432296097628,-24.490006588524604
454.0,sub-0126,ses-03,run-04,vicarious,TPJ,279,rating,11.5683138732988,8.06191910107324,12.642256686384199,11.7717365539147,1.2714194409316202,6.9924285494607314,1.33401532488821,9.18072006875366,4.74782041275186,13.425625614387698,8.814254483762,13.986765437983198,18.749667069375104,8.57402195537032,11.669533024425599,4.6612913488215,-0.345534325670783,-4.57569503944057,-2.68801326464943,-3.8769372280202097,-7.3284623452063,-13.3180425345264,-11.690458609948498,-14.4683937502879,-8.86176474228989,-12.245244928050498,-8.70842527719284,-6.819185128898799,-7.648757692408989,-10.955722410858,-9.759968090623287,-9.48232168065775,-12.489217789139197,-13.704826624669304,-8.67237618469525,-7.312092880418169,-2.84016020603942,-3.31550715416439,-2.26881929524433,2.4225038306239903,2.07798849769279,-2.6877975582277696
455.0,sub-0126,ses-03,run-04,vicarious,TPJ,279,cue,6.04583424690522,9.28341863955686,10.6632113877901,16.261921296556803,-2.70200739673074,3.0527346194994505,-8.10492638883809,-8.26970811862975,-13.2328285807094,-15.875748382952398,-7.245160452827308,-8.53183100516023,-14.8851194605213,-12.3748807615865,-6.7298421772667885,-0.0700245191150626,0.468674238996988,3.21882561475163,1.5951733995620598,-2.13145090511864,0.943833154128015,-5.6801541586202084,0.118533318857601,-3.5402739887384804,-4.06436450921715,-5.86303479592386,0.4667157853878161,2.2157388764286403,-1.45899840292989,3.72727051775195,-1.58221261414391,-0.613620437577173,-3.26834098429627,4.6295844279224,-5.49432870725032,-3.7103562082553,4.46788772761459,1.1114873694562502,10.9756498985883,0.4911702278533711,8.80313342790929,0.8032351464468409
456.0,sub-0126,ses-03,run-04,vicarious,TPJ,280,cueH_stimH,5.6671952662945,-2.1562420460716103,1.1902258288794798,0.107600530238955,-4.64495660489361,11.4527133869847,-6.91391582562061,7.99760000534546,-1.35898621667852,5.01139318447144,4.46467669501139,15.241742873813,17.137993163949698,21.931384049414802,21.7453246054048,21.260365330222303,8.632703186531769,22.3157274659318,14.875429889017902,9.86217350577291,-2.3494242803969603,-14.103321924160301,-16.0129821855087,-10.0562892974244,-13.216578742256598,-5.11406280155596,-0.26322836477406897,-3.1582385198760896,-4.04205948897421,-19.8500578846487,-7.483894780557259,-0.730591923344353,-8.59507383175443,-6.39144791637867,-23.279363675869497,-33.4014405209376,-25.655332712294893,-22.2697783100346,-19.858209521882998,-12.977702223747801,-21.019130994580802,-18.9580366009045
457.0,sub-0126,ses-03,run-04,vicarious,TPJ,280,cueL_stimH,4.93868979580988,7.008394799202651,3.37156288976469,10.5138436682096,17.871609102403394,17.8607723068496,13.4009336021665,15.224929604379001,26.0966802401194,29.3968655982102,45.1879955613328,47.992192195157784,68.3101731751932,43.292853143297215,38.306175338524106,48.9870403489655,36.9754496769763,27.2077653743962,19.4442816123163,10.858279886038801,7.1606014168643295,-7.11467447752658,-14.6222607798564,-13.0778172789219,-22.252863219292607,-23.04035436372411,-30.3503958439354,-24.284873713596,-29.5718820616637,-25.598253591373602,-30.387871307592807,-28.242142157638998,-33.6319502257756,-19.1690358876862,-15.932558947276402,-13.830128765393601,-3.56974435820001,-12.024613051966801,-10.160619177032801,-7.47225110426209,-11.5268082974595,-12.5072379072279
458.0,sub-0126,ses-03,run-04,vicarious,TPJ,280,cueH_stimM,18.601565306774603,19.7561100094908,17.851249648996898,22.178026213758105,18.555477025107802,10.9025915126878,13.7658480910068,20.188505752635894,12.2921196242344,23.9913477555887,21.0074558429709,10.7235889825137,15.4634833723895,7.96957902898902,11.324412977191804,14.7440891218013,26.287387279934503,20.629554440887606,24.749239057361397,13.5371003680553,20.278677744636106,3.89654341738656,-5.80034482643528,-8.31285095479181,-5.99616405966344,-12.411029570587196,-14.829438015238399,-5.3957186150711705,-10.192118598325198,-8.47973088886287,-5.74397128553069,1.14683525618575,6.0803581054484805,1.15777810911887,10.9505239916832,2.69671496237246,-2.5803609233425,-0.6660777019907739,10.2276152497196,7.063140644178199,5.184927013801589,-5.10560015958544
459.0,sub-0126,ses-03,run-04,vicarious,TPJ,280,cueL_stimM,4.93568411200929,-1.1562027434186202,0.199019854462226,-3.56240798476802,-13.031510511031499,-4.39934888914185,-9.6730197988134,-1.00267968575635,-1.04811242751492,-2.08453113233983,14.4716521838273,13.2032462621034,18.8929506304881,20.292823061633,24.407131390055103,26.9841918726446,35.283745663607704,31.8949604830735,25.127271756765598,16.472721283794506,11.3130747067298,-5.00112036072417,-9.848132050677947,-7.993961686577389,-25.3224306862853,-10.183479547159301,-12.708064318617101,0.5089415951984559,10.0089602389285,9.83711475892962,2.4418213619665803,-2.06994596031186,2.04092034186398,-2.08827788433716,-2.3485989692628,-5.697945895668732,-16.0297575347662,-18.9269807209378,-9.08074871100097,-1.46736054919985,-3.86847849549533,2.66615131081993
460.0,sub-0126,ses-03,run-04,vicarious,TPJ,280,cueH_stimL,20.5931183295768,14.4377773782706,7.79680434468034,12.692321237580199,10.241651824253301,14.301365498821196,31.6742048891371,16.9177472626269,20.0060431159047,29.3148280000176,29.446811599806495,29.223362601951198,37.5063250831304,37.4462204550695,31.559369813607894,38.4464695906903,30.958800839436197,15.526186876813,18.3108890335191,24.5200704791178,3.90708985698062,7.9492971305364,-3.35606401989609,-5.07974676445335,-6.8422691251258,-9.596038530665881,-7.82839012032338,1.03431526341628,-10.4829942562094,6.51422133599314,13.3400941587904,13.055573744137304,19.458194401752802,16.8790428463884,9.70932095815494,8.227147593530999,6.6801957659874285,17.3414468429365,14.7301359339896,17.2161243707949,11.3676466527473,8.31389961767637
461.0,sub-0126,ses-03,run-04,vicarious,TPJ,280,cueL_stimL,4.65928399812659,10.7682588800618,2.98003928415488,7.225145597569409,6.5052566478423,12.638504225685502,6.0206905339353005,11.3379564780335,19.1215675123635,20.7640210757738,22.550565168644198,26.106145336255,37.6592402127609,31.264998554865603,31.419334266933497,39.1748376061086,28.5907372339689,26.280952250397807,15.1301704088663,7.29472025640416,-3.5679116335136403,1.16576523658982,-1.09590877837792,-2.97213697478208,2.1773679379464097,10.3298979193636,14.1221956985268,5.51324071259423,17.982226243221298,9.08502385008747,7.00157770081326,-0.33655815778021,4.984529182698309,-2.21718773287862,-8.77481167544984,-17.4974607286476,-19.2874675656674,-6.57835462254707,-11.7879388927334,3.54587585046566,1.84287403656925,0.7576611476569559
462.0,sub-0126,ses-03,run-04,vicarious,TPJ,280,rating,9.19780187212738,5.2380765256628,7.720569764923838,7.31199625518134,5.59880627573187,3.36767701263847,2.05055256003978,3.38358956961127,2.8956287148369104,4.41859746654399,-3.5986843983111,-0.978581920479176,0.323138182810219,-0.5299094604187721,0.208493748237913,-6.2005076965502,-5.98128285123856,-7.56736736938547,-9.99163848782993,-7.326905328169509,-7.718946502638331,-9.449709572154651,-10.1946036199999,-12.5444589254404,-13.4536510617923,-11.107046620857801,-11.392600529475,-9.475491894398141,-12.662941076921001,-11.9907071938718,-11.278978833656199,-8.77163543092139,-10.5688843702236,-7.791210240401939,-4.00381161745592,-6.00892679841691,-4.638401371767442,-3.80501596797392,-6.57494348729573,-2.55717629936308,-2.65450249052101,-2.19727955922677
463.0,sub-0126,ses-03,run-04,vicarious,TPJ,280,cue,5.74846100261691,3.812243697073431,0.915962009859211,5.6452600457965705,-0.559552986775337,-0.718218266618633,-3.1826292489741896,-3.1399037888216,-1.52821423489786,-3.8896485333626,-5.848742717340831,-0.136241585169074,-0.558150576117562,-2.62202092415691,3.94695709718058,-1.22375267242124,-0.9359679616197472,-3.06222386117329,-3.853616021611241,-2.46866250504635,-1.34868522494811,-4.32558839443134,-0.8133716248157579,-3.73498564128302,-4.4800799691534285,-4.14480126106253,-0.566413466055288,-1.31722272512094,1.7663604582834098,1.86629865117922,1.4753316585744398,0.6111353977677,0.457411614801055,2.5728686305622204,-4.14435897384105,-1.0470447199277,1.05028849831717,-2.94960396490624,2.70727831396486,-1.17053497911315,1.4005722755248302,3.1730995276323
464.0,sub-0126,ses-03,run-04,vicarious,TPJ,281,cueH_stimH,25.2751918591188,9.69144833818994,0.144472579547752,14.682439812856698,-16.4530613849697,2.66775488204827,14.4438341177128,2.14956210964895,7.25704753276757,11.5191741657829,-5.2711541144177,4.54029146219783,17.7186791660697,7.37054217938167,-3.3239672973303103,-8.1953763919814,-17.663722042769198,-44.4271306408669,-23.6713807090983,0.4782713811066261,-28.488880716129998,-16.6341046023466,-6.128364980635589,-20.0335986792185,-30.4303210166818,4.4090707189096,-5.0519267996513495,-0.7810490392541991,-4.90383407202922,-15.203865257491401,-31.0988728042839,-1.4707914878098702,-11.536430229951801,-6.214545863200259,-17.1490311131855,-31.9849462199707,-31.989995072529503,-20.514429513135894,-8.30537649959484,-15.713851211313,-2.57138425275227,-16.121454613905403
465.0,sub-0126,ses-03,run-04,vicarious,TPJ,281,cueL_stimH,-17.6767226689716,-11.709796029697001,-1.56656637654684,-8.661876437443741,-9.82110276424556,16.2885104686796,5.48318228264742,-10.2807398169444,5.6866960328616605,6.11284083709821,1.5530852746081498,5.328328193578789,26.991862473925,-4.37048409597458,-11.3297134791693,-25.2939916829781,-11.1513021634809,-15.2372786258177,8.72327673138069,-6.30568489816087,-15.5106550987998,0.577202713744298,-22.4942257525933,-6.40063340952093,-2.47001639341144,-13.6316822090098,0.13407082021203998,-29.630312169114198,-28.1254237631118,-14.7398856655121,-14.975956660617499,-15.504917310930901,-25.018279800700306,-9.69293886075671,-21.808880418382802,12.3257711977741,-5.7958434869229984,-15.1261647269529,-5.2564453872668615,4.82796469245071,-8.57553148226928,-4.74991291826746
466.0,sub-0126,ses-03,run-04,vicarious,TPJ,281,cueH_stimM,1.10159009401304,5.09759063532214,11.053315205488401,18.1267722444872,12.1797855191625,-4.80880207304772,5.99570695289724,-2.30541762973303,1.8471964442555704,3.56504350875747,-1.88508952075936,-5.28223037447632,-27.766142307131,-27.2569354493507,-18.9079614424797,-15.158057104796601,-19.2484620505688,15.8766333232975,-11.3699966834999,-17.2691631956037,-9.29009889173178,-8.38321299712682,-32.0626989215127,-36.3559757190991,-37.203284025200794,-42.7147250670696,-30.1022209422793,-10.075333235278,-13.3129117200731,-15.912203335595699,3.2563855280338503,-9.906342917662881,-0.8882715557784058,-6.13464905848134,4.290752321004,4.4207715201142,-29.254134699626498,-9.25762776460341,-2.21521629057317,-2.15881842342558,21.2466818968955,12.7092990626744
467.0,sub-0126,ses-03,run-04,vicarious,TPJ,281,cueL_stimM,5.46336772295643,-11.999519780469301,-7.3454160489179,0.6952612007842021,-10.1389601042093,14.3791520726581,-1.4277134431676102,19.469053392163502,3.6685309320589305,-5.03433957221449,10.8679377714327,-8.96867037914455,-7.404847639545469,-25.869492188419198,5.88035339558087,-11.850518159999199,-1.40536625958083,-19.9563228449266,3.80572398362135,-23.643127750995003,-36.2609804414128,-34.6572777946666,-30.226987471066998,10.2473003256961,-7.305999271981361,-9.31279343767931,-23.094579710471105,-9.512580362761222,1.11132856774236,-2.7619756642536,-11.8255627190763,-3.94521515509796,-13.683715712919199,-4.9441440538624,11.890421418199198,16.078595789201,2.25589520419717,0.27279417322127103,-32.1049367646524,-13.3666288294523,-0.666960004643643,9.35090563258073
468.0,sub-0126,ses-03,run-04,vicarious,TPJ,281,cueH_stimL,-4.55722056480659,-5.62830099557248,-10.488943492380699,-6.3691423118755806,8.58135907922907,0.777149226011,16.4475657100898,24.823499423425,-2.30316069363539,5.751604888162558,-2.44061809438878,-3.2229104786258,-34.953565825334,4.50853969518298,-8.185853847669389,-12.1285387725401,-19.6995197727674,-8.12757332300187,-6.31251789337567,-22.696557714071893,-8.58804481830432,-10.2344179230399,-10.2919417508646,-14.0613793790704,0.758287836353356,-11.906114893176401,2.3348103849987303,6.38337733548711,6.52387457082973,3.99561398101294,16.9244605983704,23.7843101121496,8.967666499548132,27.704594391495,7.67899771682114,22.8303189530837,2.17758431737578,13.791278575094301,0.460753923091673,5.430953419858072,22.8574409228352,15.233014096363899
469.0,sub-0126,ses-03,run-04,vicarious,TPJ,281,cueL_stimL,7.07234665774827,-1.4319528296861002,7.5825385110413,-6.09522826892097,-8.44158778350473,-15.5421373892455,-15.6831663248171,9.06342822780107,8.65621141515139,18.276015736381602,4.66248245529383,16.7804628085111,4.42373653049298,1.88562310686838,3.18294027021156,-3.721863033021561,-15.2100913731761,-18.9345979540488,-18.507472961517,-7.74768260497034,-12.1036399965581,-5.0321908520905,5.03954035677989,12.9128914448311,-12.915244302505801,-3.93505391380008,11.7053436691171,-4.78114561246231,-8.546692412166799,-27.420529036831798,-2.2911048348943,-6.78979776933608,5.68989955202425,-4.44934571388858,-34.325867434459504,-20.451706560207697,-37.6202995735036,-15.482101533155598,-43.501515376446115,-21.064333538438,-15.0319601741919,-14.3726019253968
470.0,sub-0126,ses-03,run-04,vicarious,TPJ,281,rating,8.26483571542682,9.53690448728679,10.341607563063901,12.9783562462403,3.23528995750473,3.36558765986528,-2.87726885530375,1.36288005925062,0.8416443731574409,-2.19729507082008,-7.39660352486969,-7.48332413798823,-7.336629978399321,-7.84642641628243,-2.7514313855518298,-19.743484958542897,-16.9673319128392,-17.989837673687394,-20.065659720984602,-11.016125242603099,-3.4872051672898703,-5.21837333166951,-5.635406859538961,-4.87539637963359,-6.52424864310221,2.797969991981529,-1.28678516329141,1.4329206822653002,-0.7361756736721949,7.46469505047168,-8.65704775358769,-0.24357113368216,2.36601144685744,-2.64306570932446,-5.27118426394741,-4.1871444244170295,0.982760357507337,-2.7305275937681603,-8.237138697785861,2.82090703104513,0.3721659849381821,-0.590072582602197
471.0,sub-0126,ses-03,run-04,vicarious,TPJ,281,cue,6.13107013483426,11.2390694737323,11.5790644590911,11.168942983078,0.15800174870309305,5.205902164811089,-7.22203813293618,-5.69014893087087,-1.27879028207748,-10.889782382802599,-3.3656194639571297,-7.91503611425043,-11.657460224031999,-7.44520193700541,-6.491464943556808,-5.46088123465937,-3.06903925962125,2.06782670499566,-12.572616540606,-4.073751468026529,-0.8747615128767021,6.1499912708712,9.81854578443941,14.299426097316802,7.95532678991135,-1.2742569444038,0.63363521458739,-2.36476537572323,-1.17482870424889,-0.269861480628449,3.1842344023010405,-7.0927249795217895,2.1255711378808897,-3.42438541672669,4.95381057309484,4.6162459157362505,5.840183358767789,8.53754472975186,13.489094882046,-2.21253708709632,6.202499041215381,1.48550821612414
472.0,sub-0126,ses-03,run-04,vicarious,TPJ,282,cueH_stimH,4.8589386928826,22.352322963635697,-3.72399174530374,7.409138300590349,6.3533631904885,-9.49354262399235,-12.399579546848305,5.89739333047699,-1.46827889987425,-2.7305760134264,-33.2099894619611,-6.50629486648015,1.46376671414617,-6.77580621332103,3.05832416093054,-17.4045736350103,-12.601601795548303,-29.2582265090773,-33.706181361442106,-12.2688726194284,-27.6249636223722,-9.952266782537661,-7.69475333735859,-16.546641926119097,-11.035893504219901,1.15365709401213,6.4281170783194606,24.3958936225535,3.8031742331332303,-9.48387696781731,19.7555534432659,11.5184072373456,10.330175433949302,15.082924897793903,-4.61221238708671,-11.4137223973143,-6.20237634770233,-8.08692284286434,-4.71177562163106,-8.45086428595954,15.651766654920197,-5.00167220238131
473.0,sub-0126,ses-03,run-04,vicarious,TPJ,282,cueL_stimH,-11.4083451730707,-20.8130216710821,-13.5894159281522,5.31978743593855,0.153096311329772,-1.87506459994824,11.1059244500512,-7.44881454736967,-4.03591138578043,7.815582402052178,23.524656567231197,40.4491211315916,24.5332600639893,23.40390887827811,-19.8792639838654,-8.665901302083679,-29.2448483006021,-18.637142437752498,-1.8324941212018304,4.535561221970429,-19.109350008300602,5.07961212196329,4.46710946778504,-6.876281194359269,-11.9371845052459,-13.7233800457536,-18.3599669401134,-17.5558204890557,-27.667383101936803,-26.9487846587738,-25.8255620655942,-7.185793990934299,-3.71112162888974,-13.9200287486991,-10.4555783973261,-6.7907625380161,21.719935910648694,4.24453011608115,-4.683207441988059,2.26231339518198,-16.096685293591,-9.17791685308468
474.0,sub-0126,ses-03,run-04,vicarious,TPJ,282,cueH_stimM,9.11494568912292,24.5952964646192,24.2827158814354,5.758725348041768,14.424674736362,-18.054600290082,5.56429708508963,-6.08101516430376,-5.29004929177966,-3.5698169952341003,16.0371820353752,-3.49255592256876,-5.94854488355567,-1.39324703447809,1.99326166422495,-16.6658338308001,-0.0941831363306389,3.00940844536655,1.17189718359813,-18.2025620282728,1.0940437382681,-34.1464814047501,-22.1445605740915,-12.2561400435375,-31.809393329326802,-34.0696889082114,-18.0023650110065,-18.9487352337953,8.626850604060321,-12.9086311235665,-13.6809970525794,22.755090768218498,-1.5697340057785298,19.224427742977397,-11.7991053913913,5.19743209109295,1.98830619158906,-18.2253302841029,12.7842240007109,6.3343458433896895,0.456876702984479,10.768269377151801
475.0,sub-0126,ses-03,run-04,vicarious,TPJ,282,cueL_stimM,22.6184274403889,-3.85219358589636,12.7375509394015,-5.14226713084615,-6.10925349026339,-6.799052953490701,-5.5228282730491784,1.5911705959100402,6.70165631244638,0.112348441176195,6.294521402031782,25.689685432775804,27.8109128201976,0.8707662113542679,5.935084191880139,-2.72216567462418,11.6974464249509,-4.23120221349316,8.83338979416045,-12.0466877988922,-4.2637005654796205,-18.8934773285155,-50.340528830824496,-15.160309365646,-26.363753115893,3.5397679795728902,-4.71386111776068,12.463633973681299,6.73683608958345,5.9667437670431696,16.9837390590113,5.029647814269191,-1.7271753988994198,0.268494606480971,-14.6975396899597,9.16732469349057,-5.65035944448116,4.84510235243613,-13.7763369951496,-3.17128415444872,-5.46795349857438,-4.69654519667642
476.0,sub-0126,ses-03,run-04,vicarious,TPJ,282,cueH_stimL,5.56743373581687,-0.413863630484761,-5.05958457968637,-2.8846106042918302,-5.34239416356518,18.329396593965,23.3030975658134,-2.87748926745986,25.5527537937424,15.1048890312216,-5.85114298665869,-5.85053986147356,-3.58418737599669,-2.90009139040894,-4.25890591698765,-18.215213006689698,-5.7635847314351,-26.2921468589152,-19.9380272543893,-2.96369126516599,-5.01014202950738,-3.6219422060943502,10.639182870988598,12.015973100123697,9.727142706901539,-9.91743424808234,0.651068496523934,15.405137397325802,17.064695072534803,10.5221327082699,6.37642371984177,22.472723903237,13.254172312799804,1.995186745179,14.6086887505021,16.4146600160538,27.958965146026,21.4069477470868,11.7074543979615,27.8648552630587,6.870196968845731,10.258169956964199
477.0,sub-0126,ses-03,run-04,vicarious,TPJ,282,cueL_stimL,3.0209405288756,5.70490607206621,8.29786391126953,-0.5934761804118199,-4.21837770538353,-20.0442049176586,4.9408806346427,-3.44132709239384,20.138227350532,22.2405235455101,10.5951407674,19.685193463569398,27.6607144131495,15.959108200440099,23.4873422375127,8.806126192469929,10.769362312844999,33.9545918438297,1.5872480731123102,0.239153249760518,-4.35284418418347,0.574292949981552,6.10806282945673,6.10749918696092,12.141114975663301,13.147241905232804,10.0416055224146,19.206816304922302,0.8878320599944342,-0.0736751709693984,18.883213132914,-10.986067860279901,12.1684831124106,18.685296075068607,-13.885293083626099,-28.264876106340104,-21.1841723308317,0.531281673989724,-25.1147494433394,-15.513032840728801,-4.81652885144796,-5.59681766191196
478.0,sub-0126,ses-03,run-04,vicarious,TPJ,282,rating,9.485338217672759,6.95146032800778,16.5305942850433,11.812246236587901,3.05546623092883,3.99680167735721,-0.581681853864527,-0.684184847599067,-2.72346958513867,-9.36660773220651,-20.3676503547428,-24.1406071214289,-16.7385261205973,-24.012165173658104,-17.4668097576756,-17.4275255058486,-17.7645705762238,-16.5727504886001,-13.6370867254739,-5.02936828314938,-12.703879667962301,-7.57622635705858,-14.3612044212914,-16.4405859872824,-8.88843340966845,-7.46372999717303,-3.1023047321225,-2.34415098493054,0.9966761688882328,-4.0024981575573,-3.49240949503735,-10.0227374183691,-6.078723858012509,-3.2049423806573905,-0.12229346289971603,1.14586291210198,-3.15176306408265,-0.571681319849113,-2.01905008060325,-2.7741735901426297,-5.80372330820184,-0.8082210231300122
479.0,sub-0126,ses-03,run-04,vicarious,TPJ,282,cue,6.49655236091376,13.8279644087256,7.5520925649972,13.247395542642801,4.810674131204911,-2.52556181298351,-10.4034568908404,-3.37047767436423,-1.4414083329018998,-5.71105500884139,2.9869333272386003,1.27901787511708,-9.308135227820367,-12.939655509209,-8.41131394897372,2.62114819652433,5.71708849861966,5.999928608310679,10.9710279964308,7.60305262617941,9.42205599653204,8.16170537730696,12.0324028351968,4.32804107760426,14.1775786996668,3.94975648389723,8.553273101784201,16.6465331397789,5.70243153325506,9.20158248332112,4.29855223259358,7.79312758863579,2.01854635823047,2.09939282270852,-0.24752227577702896,6.6795652622693,17.949893661090698,2.51699588965985,21.031530161939894,3.0133206376243,10.6327160214601,4.6175020837508605
480.0,sub-0126,ses-03,run-05,pain,TPJ,277,cueH_stimH,11.695938104544,15.2975164134654,15.674761796294101,5.0160919463098095,13.3746389656744,6.504354457772091,12.314012249307599,19.5908185890401,4.530441431037491,9.88825516337774,31.0140203543536,14.391217191234501,11.757575084589801,25.090960997922306,32.3714060844621,-1.95069382420922,12.6518043206345,16.6340605598988,8.979585194876199,18.4287373469805,-3.81264938017102,3.40603485811787,-3.0417561467627903,13.7882645444372,10.2128689451361,20.2390743893156,26.615939798749494,20.3748344087073,26.5103434910415,23.2924849828382,46.9851628859591,29.846662679865602,25.1931194362367,36.4827191843558,13.9846101329888,17.2109689591872,28.081046737512803,17.4934712799021,10.7786884406051,13.0341510342102,-1.20707344301738,13.0291147200053
481.0,sub-0126,ses-03,run-05,pain,TPJ,277,cueL_stimH,7.1904875373191,-2.7731523695145204,-10.101596577033801,-11.896447023087802,1.92392298006118,9.43757636977476,19.9863519866059,10.474430762381099,1.13585183036336,2.13141967660148,-2.4800412829696,17.2287537273968,-1.86292751097439,6.90419930746658,5.89114916272902,1.11094247792779,3.98367115863696,0.566587346675437,6.38366151312214,21.2422644533237,-2.9126233897975,8.94592190126808,-0.208023147138412,10.7672980408238,15.898082982681,3.7399458138686095,-0.285567693289785,18.991724679944802,26.748109560627107,32.308774549919704,23.2110469936654,33.8345011688508,21.320038360014895,22.439764162624,16.733097641703402,4.73789052287741,12.0985049794657,21.571603919307197,12.266027379367001,14.2307301520939,2.84645253001938,-7.539200269587821
482.0,sub-0126,ses-03,run-05,pain,TPJ,277,cueH_stimM,8.37756485781821,3.9565341626265096,19.3479248958515,17.619359468573197,3.30292203037167,-2.88511155344374,-4.025261643814391,1.69871468154379,-1.5277961659371295,-5.9265211033363405,10.193290506649099,1.54513271989655,-4.1413717499919,9.116603187233473,-3.79139503137205,0.423129892590867,17.4644895301752,5.6051246786444295,-2.09432963695312,11.964378832797804,-1.14815248339347,32.292567849111,10.666466505686001,9.46448286920725,12.634416529985304,16.0045352509765,10.3369108158021,9.827702125705759,12.8640532931722,23.0255060778614,16.118852588094498,12.868502277235804,11.5089885091306,-1.4429536665235,-4.90011636809612,4.05630992165906,15.8566735918101,6.15641604011783,5.379501907555982,-9.59062240085475,3.57906684966069,-11.5537522849107
483.0,sub-0126,ses-03,run-05,pain,TPJ,277,cueL_stimM,13.7800157776734,1.55284656466851,-9.47641317048157,0.780336936436711,-3.47494600720667,8.04558846743928,10.4033224590606,20.214292706181894,8.25128229416411,8.66510173860645,9.35879224868489,5.23951705119103,3.68913889326908,15.8449807564709,-13.6289374463056,-7.1783248549288405,-7.568505095783792,-6.0570655833550715,-29.2676849068577,15.264233680288699,16.6817999897494,2.6965059607692403,-6.225504690970559,-6.71965479027918,9.53992473269428,-3.63585131685392,-2.1036117687831,-8.01415309570152,6.7823887989000085,-6.034094207651662,8.64177040587977,6.581757484563428,23.922965333239304,11.5214201504969,3.8774125113324702,-12.411960585592404,-12.587778742604304,-4.535104805677429,-7.30767317219738,-3.58230828825483,-1.6013772978794598,-3.86535083519709
484.0,sub-0126,ses-03,run-05,pain,TPJ,277,cueH_stimL,-11.047849194820099,-10.753355795227199,-0.8246537132167641,-15.4736146654744,-32.3812665062815,-9.026242485992052,-11.9528066176757,-18.064321186052002,-7.19914164011027,-15.107010884296999,-2.16023306928295,-6.433521250474532,-17.9973435027155,-8.78738863442374,-14.1208972558584,-16.5210723667501,-7.640416849590792,-3.85869194009052,-8.48914980995304,3.63582243937465,-2.33030062288916,-4.79002203482651,-8.618857105021991,-13.390381296119301,1.10184220134881,-11.522840348240399,-0.2555659721044169,1.53683947493372,8.963836012902949,3.84656267265908,-0.44256313067919,-8.72387022771159,-5.9235640115459,0.394879042533113,-7.8861248144909295,-8.97824317360883,4.98749593252099,23.957719037072398,8.27174845919027,9.08002385002904,9.180669108158213,-0.464421789024499
485.0,sub-0126,ses-03,run-05,pain,TPJ,277,cueL_stimL,-0.5319493700412821,-18.1795036765062,-3.20173263725946,-4.85737965062949,-11.281571671011,4.30207594628733,2.444102803317,-0.125763482228468,8.842224992196149,-3.81879418952598,6.33167552219738,4.26217689837769,-4.905513396576451,2.75152087367878,-5.2619914291749605,7.176214568640701,-2.03766750105924,8.91265477839975,-6.55338411446223,14.105167351636698,4.06874081478148,9.50357010835762,12.858252988443502,8.40770854142117,2.8167831695908703,2.09332806160366,10.4703562890984,5.283652375322321,14.588677521252599,9.90735746768541,5.5113993211097805,5.92021828122753,3.3888039949813904,2.56334516709808,8.116336656634969,-3.0350692437385804,3.15217294876484,-4.46980981698417,7.99899337666595,-7.15772722775002,12.1646182300046,13.402015123360801
486.0,sub-0126,ses-03,run-05,pain,TPJ,277,rating,-3.23748568667795,4.23459095765645,4.22307196758684,3.89226844483574,5.39123045701885,8.4765313522945,14.5382712754341,9.52084463149761,10.860239341986599,8.440473815806989,9.35160872303707,12.4869974043592,9.93180673550345,8.33525634882673,4.52966085515349,10.4986910300424,16.4416445870768,17.0331671477587,13.566845264770201,19.8412479202414,13.4206746822673,8.395898786623059,11.9253441182658,8.860276539246419,4.90606313610795,14.2951856655322,10.239800746301801,3.3992317231330604,4.74351663641142,9.07667944647546,9.83408188738983,6.85081984324894,7.21103706830826,-0.0368180165019294,-3.15706833131295,1.04654668785319,3.5821701597768096,2.09304411746601,1.4837950070901498,3.19315779463361,1.9389355007201103,-5.58638366608011
487.0,sub-0126,ses-03,run-05,pain,TPJ,277,cue,5.68204192690611,4.432277827118232,-3.3829687779636,-6.351203191991,-3.1483546906465696,-5.2399099914562015,0.402278618419164,-3.44245449360023,-4.92866897060716,-5.44355801714284,-7.474938052058039,0.888096680956501,0.0550300000018211,-2.92461182048766,-5.38739132772611,-5.11222221666164,-9.131640702363473,-1.5035753668277,-8.97438904594156,-3.51780547641707,-12.8374812715382,-1.59250734539679,-11.419091305522,-12.2160846574031,-3.8826242525705297,-2.77273457741782,-5.61402681895358,-7.28448487721558,-2.5625482750834903,-11.1474260202423,-6.6461630614547405,4.11481845851205,6.76993283115098,-0.874069114003298,-0.5283734375862109,2.00068697624448,3.16870597849803,-2.30249282667361,11.6786445936617,1.85925429251351,0.4634587564959299,-6.404897765966751
488.0,sub-0126,ses-03,run-05,pain,TPJ,278,cueH_stimH,13.0270213454549,10.4702712644658,6.73051398964468,7.754856187960758,12.4437698425403,5.51228676680287,6.864129637308179,9.54971164953738,8.67403797076547,5.73840732108278,4.6530167240935,18.070275442733802,6.67094181310771,18.5582640229898,11.1130578135164,9.66360435331953,0.152246162768893,4.434644144628692,-8.43691201334114,-2.91984746781576,-9.100754445428938,3.73098740704487,-2.6205433511387004,8.51048522503655,7.54171656818982,12.9888059099947,9.228427786139381,11.0149136833716,10.1860028495555,20.310976645967106,24.9216176726789,18.9593306567887,24.200678812577802,13.578431048173401,2.9164945408244503,12.7412805921205,22.357395473018197,11.832251366395301,16.8373197666604,16.562128517931498,-2.63656865916685,1.5046127977706
489.0,sub-0126,ses-03,run-05,pain,TPJ,278,cueL_stimH,12.3870351649045,13.3812411514392,16.508386245613302,0.5367447907243,8.52502070015226,-0.7913822577985351,4.045164348558529,4.75455550556362,6.14960954288489,2.64204335084344,10.8763949791731,5.21381717135804,-2.91610201345136,14.780809068497401,-0.120980683854363,3.42996497952481,-8.47914134183099,2.87372026354286,0.289117167940761,10.0612997424871,7.65302809610903,19.876254142136602,16.016006637328697,5.3457778623613486,0.11369188064042,2.45101553180415,16.8127024408683,5.18865933804568,24.5890036746624,26.578121462224306,23.2186224118262,19.3149528251442,15.2097671333211,20.8660430414563,22.255482611301197,11.750213513236,9.72188505874982,9.527241528702213,3.630584321318661,0.850842557320462,-1.4912333531253,0.936001544094083
490.0,sub-0126,ses-03,run-05,pain,TPJ,278,cueH_stimM,23.0888303689034,15.5445954686593,14.9008420476824,11.049881468324099,9.55725205834743,3.18011039710984,2.19936061055926,2.09248567294016,-8.82880788461203,6.4312125328902106,0.55911483498299,7.55596059498906,1.00781822301383,3.4185201704721804,-5.803361808272508,8.80298400046716,2.01510458736002,-0.12256823214166195,1.86834967062675,3.60251878501795,-0.7626161199226651,5.00636695620201,6.65672233170458,4.42852075215624,12.4556888873265,9.834732829085723,0.0617086315481519,-3.94847331969748,13.807055667165999,2.8361890499554803,2.05797845228454,8.30567845897398,12.9640753346761,7.553387215788652,1.41469418919183,9.125479919506619,12.9286834324615,-2.78242737503452,-0.3969310556731501,-5.580672786100299,10.0492393094471,-0.0944316517944515
491.0,sub-0126,ses-03,run-05,pain,TPJ,278,cueL_stimM,-2.8399195180632297,1.90908063019079,-3.33142672527354,-3.37125071723553,1.46732080108739,3.30098153139435,19.218480223905,16.133410855983,10.558761307107801,9.61838347355778,1.6788674261870802,11.143701291091899,-9.470617563080241,-8.05755858465978,-12.9168257142226,-2.97013998441471,-13.180014535586,4.07985486092241,-8.881836764682339,-5.9910311255650806,-0.0681093775077422,1.2017272748958998,5.647821353871191,-2.9782598668604203,-1.2522799555417,-4.422107878239942,-5.17705230727548,10.7322384660757,7.992595782336888,2.9346976504106896,4.96960832467205,4.53967583798202,20.5983339290425,10.474511734361698,8.31034955997478,-10.826290050987597,-5.636033946186418,-3.11386309411209,7.45002526103997,-1.52820322477155,4.18809762307313,-7.2407183977326595
492.0,sub-0126,ses-03,run-05,pain,TPJ,278,cueH_stimL,-2.26530184585251,-9.09608609098166,-11.1375242487738,-5.236354054078951,-2.61623044303026,-13.579386109276,-7.82848215340915,-5.05734763940618,-3.3729211022483505,-6.779747039034129,0.34352602579373404,-6.255141721107348,-4.62651683724461,-10.845219723099804,-0.268842721906502,-13.027892179200801,-5.8907612156138205,-8.61275563852935,-0.491462386117881,8.848458188567289,10.6558949662785,-0.23145690546689895,4.07493355592279,-3.13845442173079,7.95540302578345,8.09541142413006,11.9810339615257,17.1509036580797,24.648018477702397,16.3952945547263,14.5792638385873,13.224677922423401,15.096341358651099,9.002307412866688,12.4588422789624,4.89576612969896,6.57991738972049,14.3382972103448,13.2406076473227,8.23374611996717,3.37424203738174,13.138629863436101
493.0,sub-0126,ses-03,run-05,pain,TPJ,278,cueL_stimL,-14.1679515584477,-17.8333287260309,-12.6408662649877,-23.400381890922297,-7.05653227229051,-0.9378868253239392,1.01319620410589,9.500518022722199,-3.58058343828532,2.26024752680017,5.9222758239497,0.778672192657312,0.591522078259215,-2.473870450902,-4.25636195104886,-7.39447094806538,-2.05482315274573,3.65302666539874,6.94106290963714,-8.56611755328997,2.16473715240899,4.09959539560263,13.634101154379596,5.09042755702882,8.34423739877618,4.28086077145102,-4.79088896469007,3.21086486724873,4.03271586367151,5.09228281052673,2.03169637875374,1.2879523346626,2.23257955994759,0.23196018400132296,1.50067512733328,2.14239867400948,2.41625264516158,11.929110227797501,-5.089520448614589,9.23890899378618,11.342977898722301,1.9113955277386296
494.0,sub-0126,ses-03,run-05,pain,TPJ,278,rating,-1.35552797328671,1.93666230915776,3.28161920479128,3.91214439551278,9.19842830262516,6.586168989725668,3.24549466705338,6.308672823682669,6.05590527787657,7.55460094671235,5.18981565626113,9.051193194272633,4.86153483392712,4.34266836694204,5.09848063698974,7.540390719815838,13.2977682121743,8.42166956847805,13.5489605673989,9.34372203838474,5.80792914030843,1.22730432285045,3.7232052609632498,4.57057829252993,5.41695721535215,7.77616215529302,3.51942719422202,3.49061164637183,0.586163515085254,3.95633120989108,4.14831196101156,3.21231564622679,1.8174313406654,0.772401834593917,3.0499307637698703,-1.48622040607456,-1.37263684302358,-4.3178603601985,-5.1109062801145315,-7.71247967872303,-7.65626744698119,-6.67966871616922
495.0,sub-0126,ses-03,run-05,pain,TPJ,278,cue,1.71572299767126,-0.623488418307208,-6.60600514700053,-6.1875187995872905,-1.15952479217764,-0.0352486729176711,2.8342706025246205,0.151320920646683,-0.813619647218733,1.9827841153645,-0.33946452935399,1.91070304344235,2.28164230494128,4.46986749277664,2.58901863745125,1.40776469628253,-1.09202799879456,-1.3692713853272802,-1.4422492577291202,-6.67890702312904,-4.8649858244387,-7.541826823833469,-0.8056732764823019,-2.28249070441512,0.60146590805077,-2.8515663919052594,-3.7206496848089294,-8.12024332259447,-3.8148889700343,-5.01236795286658,-2.0185346696641298,-4.04208740358569,-0.992018707710422,-1.26472094865787,-2.69676534066885,3.9253760438492,-1.7670160793245602,0.990062860028735,-0.9480246315384632,-0.0524264040498545,-3.10332479096098,-3.13625571297275
496.0,sub-0126,ses-03,run-05,pain,TPJ,279,cueH_stimH,-5.50014251217257,-10.1586018680157,15.9061974762852,-14.231375192612695,7.92038222590235,-8.305355991222731,19.854996220601002,-7.4158321020365285,1.5372081143938798,-0.7641160508557511,1.1343898563283998,5.21829561006435,-3.33816577013962,7.64600514856878,-9.102697362608419,-2.2118516909930697,-19.170927009011105,-6.179768698295,-25.677936434467203,-14.9225949684005,-27.3104797343154,-6.2321918910073695,-9.85590152454485,-2.94340296044806,-9.886879214629518,2.55412491861179,-14.537492634283499,3.6105402096018,6.5275096661007,21.683336154690103,8.96791650325247,20.0326477244512,5.63940171318326,34.153474034781496,4.891621548197361,17.093723058073,2.81273730068928,16.697934396701502,14.4546193475507,15.311026204659901,2.4385395676447903,15.273251621104698
497.0,sub-0126,ses-03,run-05,pain,TPJ,279,cueL_stimH,-21.038287510224894,0.407369416918818,-4.04318042513597,14.978195350750502,3.96285675572144,3.4086287781842204,8.93636486584409,-9.83020141435291,9.60872247255473,-1.15297642646279,-0.727929606688822,4.38219773023167,-17.9530998060827,9.94225970570557,-18.979471506868602,-3.45675435196258,-9.23078363903003,10.0383659143521,-22.4939481640379,6.10755409066432,-10.256722765240099,5.18652001087844,-5.35499859900301,7.31316388639068,-11.605452047281801,0.0692539277102604,12.190126369178698,8.26614932458781,13.621439436435098,5.83600054312845,12.6860474663291,2.21290644582088,36.489646729562395,21.3392801972305,42.9082816479832,28.7583210159745,35.5742814959309,20.073291802407105,27.295794769927202,6.722886296719401,7.29987171964196,8.27271927467445
498.0,sub-0126,ses-03,run-05,pain,TPJ,279,cueH_stimM,6.86863671706777,-11.6606458582967,-0.6904846159539101,-29.494049879339105,-3.3249513525595296,-13.365698453296002,-0.833667498483285,16.138289654795,-1.87131835744298,6.3046249216289185,4.778615521154019,11.555772185980999,6.41802030529796,5.48968579566149,-12.860667960695801,5.305548477691049,-19.5273275195969,-5.0252247659087095,-17.9116770308047,0.8653659581158879,-10.8686983397593,9.5953225899909,-14.0864929827772,-5.183957476064701,-13.4322920847565,-8.826776865027231,-8.36890670502076,-2.36553617606306,7.8296483992966,-11.750821416668696,4.76445534845984,0.470407962005432,12.1877307739851,2.3731469989470098,-3.9905593053927007,7.18127223046925,7.20720410477057,-4.1575391672746,10.6966286102972,-13.918015212497401,-6.21411359124441,-16.5975876959658
499.0,sub-0126,ses-03,run-05,pain,TPJ,279,cueL_stimM,-9.34890087991568,7.83503461237553,-17.2816547477573,-15.804534157086898,-2.34751125172186,-20.836178662487495,10.7888542799035,-13.674584175325403,18.260768487341,0.420287853846255,19.9817939114604,20.6125674992393,-4.63369970718862,9.826835473918539,-3.71685241159292,1.4927599707597,-10.86446334529,16.6981920545154,1.34583843920966,23.9846864777395,-8.33368123620533,4.7676766413953215,-17.078064573765598,5.47080887839113,5.46787652966726,25.616448519334607,-12.454112324080699,8.60271831379756,-2.78881137927903,16.8642016730702,0.169648727763057,17.523226337172698,17.0405259418982,12.6717424421735,22.719396192000108,4.886139697490241,6.64014061984246,6.09890651311899,9.87008328311052,6.29001445647192,27.992187085963998,9.993311015121721
500.0,sub-0126,ses-03,run-05,pain,TPJ,279,cueH_stimL,-16.7614272316693,17.0658506163345,2.26467701999622,9.192253415645313,-15.381987350778902,0.981683272722261,-22.9664417496524,-16.9921903118976,-24.643319464188,-4.642357367549041,5.9322095837528215,-13.518766990792198,-6.37946159495521,-17.9428936260873,-10.5367687549069,-37.8811536537965,-6.1010537414114,-20.479972759988502,-5.56488101956686,4.56664635376741,5.046118708086441,-6.66193946526312,2.92682249307818,-12.0291190127856,14.0074228324542,-10.611768877322,5.80015523015918,2.5504237763067903,15.044976146289699,3.89531868672848,10.825105376759401,-1.6758453552278798,12.606088120649199,2.28468778865348,8.779246852875769,6.0741358794709885,4.02776722095572,15.3461142668342,20.8636176254238,14.1312243768294,1.36760797681071,30.6485503895876
501.0,sub-0126,ses-03,run-05,pain,TPJ,279,cueL_stimL,-21.627928260742998,-12.771016685539,-15.626858755954599,-22.775605322571202,-8.10928120344866,-19.479537554934,-4.73674952381472,0.8961772262009481,-0.0380903078467441,4.03932093596606,-0.591344838131541,11.211170462522599,-7.27070985923789,2.80084400634543,13.586597160838,2.5401808474748,11.3106241975403,21.9213388537809,2.02096088464921,11.463154067272699,8.40082450253708,23.539975681762094,12.3076628992509,8.79629188585909,20.4971223130148,1.33817902057889,5.6892373009529615,6.019903573927588,12.791258702270902,25.495588447888107,17.1564898143085,19.809860761207602,14.333282276135302,14.681470433217001,15.030275346364698,1.62448739708464,30.702616994305394,17.9499537969902,4.68117408038655,9.47867979273851,27.5823067782332,20.0572814785708
502.0,sub-0126,ses-03,run-05,pain,TPJ,279,rating,3.38465056169076,10.5547304081502,3.4087148348755,7.041189939427661,5.10690112295201,6.77535892087484,5.69727541563486,7.640514470190741,13.214476825581999,21.334358938699697,25.591875931053906,32.7508156411724,27.0809438208573,27.5262115358148,16.2125633020645,15.823722665064599,14.7899722793946,-1.30742668917911,4.7066630465445,-4.6456843090599405,4.32441412542126,-3.13991485924367,5.03777290345512,-0.940318022711212,5.23452746022432,4.18345595649625,2.91382521071032,0.509412754798972,-0.8120340409632281,-1.98802068198241,-0.32689741605307,-4.96059943983926,-4.79132252165569,-3.25711678649539,-1.10351032449025,-6.670771650217318,-3.3724678577824903,-6.49705810379633,-4.57335491364594,-2.696102662284221,-5.546290332370042,-3.37427111910155
503.0,sub-0126,ses-03,run-05,pain,TPJ,279,cue,-2.88198496732772,4.65320866364926,-5.9226398491352,-2.45985651757354,2.199158690931529,-4.4954889940403495,-0.257428232015638,0.269376647320129,0.758230047595543,6.82112980392044,-0.368914904396284,10.5893085092509,7.5637481598257015,7.878742681972509,6.649617551589321,6.16163885389604,8.7855000783148,6.47066209810265,5.88431724422757,4.528003587183731,6.64706631828217,0.7472342372565709,9.07780063636113,9.50023027321467,2.0385811530812,2.62680683967312,-1.72950194300812,7.69435781614566,0.678326032620284,0.353163009528405,-1.1514345930533,4.62746845759479,1.5342992707263798,-5.84753010737564,-4.75841805183343,5.83178170549163,-5.0441439275157895,-8.908765779963131,-6.13998016649735,-10.906115344536,-5.002387594427558,-3.40762427656492
504.0,sub-0126,ses-03,run-05,pain,TPJ,280,cueH_stimH,-9.52287932691209,0.584611844516065,1.68426680460624,5.424827723143599,11.230835953272901,0.431839140858154,10.6523974876815,6.29213887361408,8.174402337408191,5.36710722649057,3.02579862479678,0.489769572652953,0.0416323713381193,-1.23296230809973,-5.454002325767269,-9.03600114231715,-8.13240513631879,-6.4880226351514105,-17.8784911457941,-14.089305011259501,-12.676168472314401,-2.99569171766794,-7.87973991671645,-12.141964560820599,-16.8936513181849,-5.06680799809127,0.8228021600545891,-1.4444837035722802,7.19900707782676,12.387768306761501,19.0426233467795,19.2069451103304,12.1157736731134,7.32200784394421,-2.2800315348916405,7.95071733922872,10.784354990585499,9.8095272616952,0.287489948054358,7.98723357625475,1.12917253987325,4.26098974742965
505.0,sub-0126,ses-03,run-05,pain,TPJ,280,cueL_stimH,-2.94475856323292,-7.07644714501448,-4.90896421306016,-13.7500085657225,2.26006989819634,4.65116928047347,0.450935835942439,-5.365703943870071,-4.80379965717269,0.14641388784029802,-3.4105216297793994,-1.80938107053483,-3.97105312543182,2.81730507649626,-4.601360442843,-2.19316431839946,0.60804738832563,11.051736835215197,6.31483215397826,7.01115664134813,14.6648204063826,18.2387410693701,12.914849904686902,12.6919160202268,0.866178220146299,5.4981171702792695,17.2007431160185,13.0564226637524,17.8357597335969,17.1390377974822,13.2277044716866,19.220250101085107,16.3717418819784,26.213834947193604,24.4451531943752,19.586233244701607,19.373748405137,18.3974284345743,11.837843662253599,8.427566218737509,2.8160685801098104,1.98512139670422
506.0,sub-0126,ses-03,run-05,pain,TPJ,280,cueH_stimM,16.7555074712593,16.4390743150841,-2.94318965893682,-7.13084154594275,-2.2135039588935,-10.9535705227528,-4.321276310974589,3.71015391436374,-4.46979221271296,-3.2654394294843705,-9.127517271341011,-5.764263564376558,-5.16061259864304,-3.23862088175742,-15.074236591495,7.10995494920228,-7.05109381374125,-3.89349526983954,-8.444777114547371,-4.96781524649367,-5.807909462091321,-0.931924184355896,-3.54105781523161,2.84598040975634,-7.792941911158482,-6.06057748109264,-2.48744117334114,-12.745059872381699,3.863433019205,5.1487855919762415,1.76777058627411,12.974510279512902,1.25755085876649,4.77976099708497,1.44477602200169,5.2349524017078615,3.31561667022402,-3.35967214476567,-7.66003382867304,-13.1978090396186,-7.46794433728745,-10.904622728243801
507.0,sub-0126,ses-03,run-05,pain,TPJ,280,cueL_stimM,-4.0703753743749305,-13.667133433982196,-16.9023607392516,-18.8484760495799,-11.047347827839902,4.15679748365083,1.97144586786918,8.59245841361434,0.960386047991665,7.0835035535491215,3.03671185161332,-0.27911593033653803,5.833457571360119,-12.4022758690545,-17.8396238364818,-12.3339365813657,-13.0638208122736,-6.43705202092938,-8.83846464500724,-1.70433190005145,-6.162579098991362,-5.26361799312275,1.6978467665045902,-6.31118697757853,-0.6712961306470699,-9.60414656034314,-3.4872009585740096,-2.96927408618487,-1.78947507206552,-8.86101092110163,-9.483342935936161,4.9821672716774295,11.914620875336599,13.5230812038467,8.26051138612359,-2.2696099198529702,0.433814463598058,-4.57176803235646,-1.3678867906706798,-4.94521341928218,9.15090497389735,-11.0779006575394
508.0,sub-0126,ses-03,run-05,pain,TPJ,280,cueH_stimL,15.817346286704801,1.94402992872101,5.0025374043706,-0.119642340497494,-1.40552960494286,-4.74289675487012,-3.51349259632397,-4.9390795729512185,-1.96867254839631,-6.847564214515638,-6.26482960212367,-3.531040702785229,3.66877426554322,0.236134442069828,2.85021009892461,-7.59950531549107,-12.9833080072235,-9.91577780248549,-11.556138293067301,12.6149437777985,6.48638005818971,-5.8572671152262314,-2.7330608755697696,-3.0233208716052,1.15597391197322,6.47444976257946,10.9344956737852,11.9009300708918,9.52851943409962,22.750112297096898,9.37597014284045,14.030170608176801,12.448240251345,8.43226749173614,3.41718065870815,11.5558394660738,7.320007204693401,4.537971677644941,12.9964085358326,19.863087187174198,8.340380434708,6.929508819835041
509.0,sub-0126,ses-03,run-05,pain,TPJ,280,cueL_stimL,-13.9576025230035,-21.7012313923042,-17.218477115042802,-16.8272307479793,-17.4769261780199,-14.6267818288401,-9.66917202324327,-13.0686016111429,-20.131552820259106,-9.12483945889237,-8.13358885811543,-10.0905166126305,-13.4007076839803,-9.099262222112749,-8.404794128405241,-13.8421902145812,-12.5810310870896,-4.48757131735984,-6.53050430302659,-0.20223313085164304,7.61733858550082,-0.0734332651100917,0.0366591558160572,6.469532172652731,13.288564345911801,11.5085126555722,-3.92510560831152,4.043496138302141,-3.73658571400963,4.21040109642424,3.78839298216701,3.913222275195471,-1.10233794142259,1.82539899262826,6.44535753986151,-6.8914617652043,5.02859597948227,11.7479359742677,-0.810018012652892,-4.45720053661327,6.3042273078025115,4.24742904985901
510.0,sub-0126,ses-03,run-05,pain,TPJ,280,rating,3.1354858891338395,2.54142855067933,2.57331979728261,3.35310235856951,5.37599206246265,6.40625403472669,7.91133070933866,8.37114144291986,9.64937128246928,12.0621933925226,11.2529951239644,13.693437611347699,11.2011126611027,10.2997490277115,10.5342038850135,10.798258009686997,8.49806512139189,6.83452137534837,7.332137583453081,5.974069581192349,6.248263198775411,3.02837912882085,3.6213159765832,4.359351310448339,2.6225444246172995,2.43629177886717,-0.6451715874233029,-0.6400535118088421,-0.0455096037055038,0.24030025374335695,-1.03338638868853,-0.584680964571527,-3.8971715431195895,-4.431569269833751,-3.0977840432806403,-6.098479516335338,-4.57347122808085,-6.00877717344453,-6.29762105941126,-6.474577951548481,-8.443549943812059,-8.41928018454026
511.0,sub-0126,ses-03,run-05,pain,TPJ,280,cue,0.903817618925984,4.78437468564184,-0.493806351810854,0.0204928950247023,0.139162050371738,3.1377718816366804,3.1035704957131203,0.453833619415079,4.35223919015054,6.725186882498718,6.87222259670213,11.313834742807698,8.48250471696338,8.825985559015301,6.73931509029195,6.59465876027357,2.7982868380201,4.58353667413125,4.98141117315095,2.3837276340661,1.08868547879095,2.19967476699726,5.932784107545482,8.72507713567217,2.79088761370192,0.028310330370676,-1.6548285251625,-9.276470179755618,-7.65931244863786,-7.29701348231007,0.5446725810160039,-0.870790437858201,-6.911145828573001,-4.9959611858090405,-3.87233247924411,0.24889101760060395,2.83595858237586,4.26874286572564,4.12949827426962,-3.31852643485641,-5.02538801794651,-0.5091126900247639
512.0,sub-0126,ses-03,run-05,pain,TPJ,281,cueH_stimH,10.7712261518256,25.611406958308606,12.423969862827699,-12.0558189598385,10.6530277416258,-3.11725688446356,-0.881356195445143,11.561098517236399,16.2845410722842,8.81009336077639,12.473785226843601,4.8110314741965405,-17.1572048779225,-3.20649573118927,3.7631489722229694,-7.662884680547639,1.69641028211295,-9.37984431927989,4.72634869766816,-16.4355901497164,-8.96248978495819,6.34688123238221,-4.85515656595797,-18.388570943009,1.09220078901891,7.55832924433476,7.39355373782656,5.94410190130943,15.7546712632812,10.2009296426915,22.3532574806249,15.175641102964699,11.6626105635986,27.302818808830104,4.8139804488548,-7.17281764393074,16.7679151891784,17.8538672842125,11.2763170209988,5.49095906454507,-11.2292255464384,12.770295067180099
513.0,sub-0126,ses-03,run-05,pain,TPJ,281,cueL_stimH,4.02775527166072,-3.7853187572281897,-17.411251536669802,-9.721708495751669,-13.7345054424699,1.82716489620688,20.4657452165258,-8.10696622113465,-38.54220353978409,-9.05732979823963,-15.803440526236999,-14.2823500629948,-15.6884801993795,-2.75894592853242,-22.311345540233997,-15.828392004147,-23.9411835274797,-9.45104606052827,-14.571726006107301,-2.7493129937198697,-6.26460139885764,12.150660045294002,2.18229536301264,1.71272149378252,-23.668138169653893,-8.583610324013309,-6.190938126056629,-7.905461354711031,13.9637137136657,23.927708719742498,23.855817330167998,0.8194273338630891,21.0591363692156,27.4678892357713,40.1105159647135,20.8134657153709,7.5567187192276,3.36863234677994,26.392092193520398,7.508422832498231,29.014258639887,18.7359733561254
514.0,sub-0126,ses-03,run-05,pain,TPJ,281,cueH_stimM,15.3530136200479,19.2835051241255,8.09762122584903,-4.559705739499111,-0.518331263578851,-6.5437441797804805,2.76248101870498,14.418217863468799,7.68729113852659,-5.94237305772459,7.63687748936123,8.39800870689619,20.3095374578115,-19.628341073833802,-21.1876139004787,-12.247401082205,-6.612024551207781,-11.5070512388695,-12.600831966979301,-7.03505052933688,-1.89388812251438,1.57975665494037,-30.9128770611684,-10.904696701532199,-12.5074548151948,-1.85770635331814,-12.8290724676796,-3.37213234941638,-3.9103114248231297,-4.0856057358864994,16.6792844080607,18.853203078494197,11.7500352320918,1.2401409253301798,4.47340909656496,13.593976687633901,5.81719376702844,-5.2655636947722,-0.704591998580391,-8.45709262367105,-8.43347919924971,-4.59468960323341
515.0,sub-0126,ses-03,run-05,pain,TPJ,281,cueL_stimM,-15.0495402553388,-1.90691056060836,10.1363663886316,-5.03124677348055,-12.7347626985549,-26.5925161667591,-8.766279071433669,-9.46552136550735,-3.0191884770258497,3.2709188950395096,21.222191410815498,-3.68229083396702,5.23395183486057,0.0486131843264404,-5.231593165303071,-5.43991250978232,-23.0936294672842,-17.144834580724698,-14.8054239413381,-5.861493500423468,7.5689731488788095,-9.2348036713783,-11.6144406223157,-9.77308526487551,-15.5586410261835,-6.887010682315822,-4.06056517502087,-6.52642029404488,20.4811453744753,17.1490976894677,20.923475657281106,41.103197098492295,4.76093656485784,17.6763951738888,2.27694113991755,7.170721174857018,-6.3503601714063205,-1.16203283020022,4.22095674523169,-11.9702178294847,16.5405540036983,6.794943508469482
516.0,sub-0126,ses-03,run-05,pain,TPJ,281,cueH_stimL,5.76579600963395,7.335457646256192,21.1326598271938,4.12023325442091,-3.59705945433247,3.27376055719283,-5.425190397945889,21.9081611220681,8.80089316979842,9.414174887507,17.1343696305275,2.94038963420973,-16.3981000332962,-15.338370152997902,-7.06837704622836,-6.7642601388651515,-7.633546156637928,-14.9460397948085,-17.7695249502709,10.993481239932999,13.3224870485534,16.6259865962073,11.3594647724427,15.1095233378039,14.8796998801691,-3.13368138012653,-0.0752939491751086,10.7939065937676,2.56091261269978,26.9958265235355,30.119920927269806,3.2689053480740498,14.0931579467215,27.7305883940594,15.1803950352401,17.2788120709339,29.526076086198806,36.477292023555,16.6690260218747,29.792401418755997,33.5754208198519,25.930053143365196
517.0,sub-0126,ses-03,run-05,pain,TPJ,281,cueL_stimL,-15.2825465660625,-5.89435706730235,-32.688698785959,-38.504833111626,-2.88031573921229,-28.477222422442605,-10.223733490858999,-4.53261266850124,8.57473001975888,-11.4229130391824,-9.963834998764787,20.3656046204353,3.78153037259192,-4.1097357690507295,-31.5453794142392,-19.683068826831697,-33.3932784634941,-6.82150808592673,-4.532810106502112,-3.3688941982212204,4.346753572895,20.0604215151408,0.36411839518874495,-5.46321446594684,-4.77768121618673,-11.673968563909199,8.34360503180873,8.8890536947129,-5.557141940325768,-2.31948088258049,-4.505932765435401,12.2578298919434,17.3814582370624,15.2557596076511,21.1004508554178,-9.723813804508383,-9.32088501220273,13.892933665207,-6.09436045223486,2.69504017549666,7.55390762620423,8.569524194900959
518.0,sub-0126,ses-03,run-05,pain,TPJ,281,rating,-3.0905992020271804,0.9591252893356692,0.371313821269539,3.14148389946845,-2.0896427972677603,-5.450522581176911,-6.59099131482052,-2.39216871411776,0.619767548337236,7.45139649035002,-1.06870949147113,-5.050294766721571,-10.758675663551,-10.268345742695802,-6.66172760986413,-2.64809592768292,-1.1261943281654,0.221161941886958,-5.82316379067354,-3.91229065852495,-0.35824588274237296,-2.32911324810779,3.88477600602854,-7.779432044440429,-1.69891040124305,4.10083354374954,-4.16640124426606,-9.07336506444586,-3.7590019626423503,-4.41198509600714,-6.44913479236794,-1.10648077539975,-4.7878775901469,-1.6869048238550202,-6.31267187525936,-2.58919754265275,-7.517307122558559,0.6340721489708511,3.16813504473208,0.8727189930938392,2.23229211810482,-4.9552686265627015
519.0,sub-0126,ses-03,run-05,pain,TPJ,281,cue,10.452142033126401,6.398987436664691,-2.49247275772513,0.657095988776135,-2.9326483684030498,1.75592645396945,6.4431032252396205,2.10300423857748,1.88909301700914,8.7986710739549,10.2921819928472,9.43940132381882,8.472891281838269,11.928007421712199,12.059096812804501,9.18818313356706,5.8360046188758,5.93917163654642,8.995802503352751,9.101253976757553,9.650337683997519,2.16524841225145,10.4029796170971,7.249132869454559,6.83356243744449,14.3636429163726,1.01228433427694,5.6645400255175,1.16869777288359,-0.3826841237969171,2.86529405898792,13.551382531914301,4.2257358807591805,13.169676031019199,-0.507046775596489,1.49927249505675,8.16157454130107,5.52671414693269,9.317243815053411,4.13615902452338,2.3890472326127004,-2.65592225166508
520.0,sub-0126,ses-03,run-05,pain,TPJ,282,cueH_stimH,-2.48769206213297,3.55521305129428,9.04208600012777,-2.9056086611328102,-2.61787688497348,-4.7250991446683495,-11.9721917864344,10.884037347932,5.06477817694921,8.56263884466977,18.3135835552762,-5.578142134522951,-4.37770592425213,6.40744285150268,-6.999648550942039,-2.72724745184973,-12.3796642308946,-17.845032817687198,-9.071795677113462,-10.8534072592151,4.641614626750309,-1.30236514132195,-7.53667100914088,11.9282622905214,-10.1203849124984,8.996182801244,18.942752536390397,-4.796921549847951,19.9189059595174,18.5762578590227,13.9665880970618,45.7337732426201,22.993338184594307,36.94008894405149,-6.19186778071754,15.225930049611001,-3.38062442875286,10.842290894484101,11.312901764279498,-5.914559070907692,-8.70050954923533,6.4031349376571205
521.0,sub-0126,ses-03,run-05,pain,TPJ,282,cueL_stimH,8.904964278931349,-13.4320907115094,-22.2023457550426,-15.445241814916502,-14.553808039733601,2.10946856819112,-12.412678470990803,-11.9006978406588,-18.4916286380871,-10.872705455706901,2.98136469201723,-5.10992787894317,22.006164756294304,0.8376118425949971,17.8565639731836,8.89255566294345,14.2256380667682,-4.34029167911719,-6.419119717935259,15.05943547058,2.06752072419957,15.188288637561,2.2585987660268,7.64870557996181,1.27100793223322,12.5309037396715,12.347384097272,9.29408958249989,26.112006594488395,44.509005904019396,35.726908230632894,17.4564139690468,22.8552423430625,10.196235742565197,45.2802261018859,26.1744886468439,8.41884763831604,-4.46244598955371,2.6741352991890697,-20.7341611351737,-4.13000686735142,2.07295688473342
522.0,sub-0126,ses-03,run-05,pain,TPJ,282,cueH_stimM,10.6509152292605,26.4074593536442,-0.333448771482455,16.733974120989494,2.85551760985987,-14.302145075393698,0.977896407539721,16.5624224228009,9.902244787934901,11.683886039715299,-9.798102177724381,-7.97104306519148,-10.4331340482074,-31.148376637596197,-1.07886855449046,13.7354094908342,-1.52923764351167,-8.67305247880592,-12.255536102523301,0.6391070725759921,-15.4843905526736,-8.866340218665231,-23.4718259240199,1.5808167073599395,-7.66509034925729,5.6213531271356105,-25.1641937299432,19.6010428357166,18.507341143435895,16.467275173006,19.9705439549387,7.77171038724804,-4.64599899856471,0.090170999614763,8.14085032764044,23.180257699795,17.9028281537806,-4.7751118568731785,0.777940321331293,-20.0639458850259,-0.789091892521697,-15.646947671647
523.0,sub-0126,ses-03,run-05,pain,TPJ,282,cueL_stimM,10.5281608664255,18.9336016066963,-0.496725385515198,-23.4659485757294,-28.540898297220203,-9.322655616901859,-6.30716097708388,-2.75276068435413,-2.6468469920795,-12.108333615009403,15.7181674551263,-4.60333911486242,17.3921035697793,23.4313237249397,26.450368680111694,16.346387647423903,-8.73522330055341,-17.4904111092061,8.45497066882535,-2.1722746703882803,1.6137093806841698,-6.1628508317954,-7.29849520144345,-15.6830644690435,-1.61800181322378,-17.0302444823601,-10.8733537041671,-0.896118736039558,15.624631833083699,19.3204775216334,0.998437631330447,15.4476037299046,-15.0930639402912,16.4596653441995,-10.260772238421,-1.5053718479452398,5.30882985582,3.37062338245951,-13.6097633169844,10.437360173293301,-5.78414437275352,-3.86825111533005
524.0,sub-0126,ses-03,run-05,pain,TPJ,282,cueH_stimL,23.497969348137,10.3887189789569,-9.526268490249409,4.13939861595822,-13.237542316126499,28.9226545489876,11.9830465129759,8.170869716874451,6.1082450881992685,-5.501893474632982,28.8670191085277,0.8590477972333209,18.705727134242,19.243823150382106,23.035771084053607,-19.5478310469573,-7.529114634426321,-1.31966054967425,-20.5003217085438,26.6576941412427,1.85000872975264,39.1111635188629,15.809503036362901,12.165037305027099,7.43409748544975,9.91006048795979,3.2572552739812304,10.966463371305,13.9796970193921,22.8010771796694,17.133455504725802,11.261198433720901,9.86963496395993,6.4047665720733615,16.1371876753322,-3.1751797750314394,32.242979439994,15.6834228555423,9.022068470485259,24.6718836104748,32.6493340503697,14.361722766967599
525.0,sub-0126,ses-03,run-05,pain,TPJ,282,cueL_stimL,-21.8283580224913,0.0640031389247264,-18.311572574285602,-31.2751480647016,-4.477830941176499,-33.5722858561654,6.49226192873294,-0.8460745714824208,-1.61519086042436,-24.5826153524373,14.4409362068383,10.2217248832035,-13.663242473639901,-2.0136512967893,6.81893847426036,14.876451221961801,3.01877368559252,9.844133985189119,-15.2028021982476,29.5257699231081,15.645898774367199,25.0503509023318,-1.32231589322631,5.75532002835465,1.81762287722282,-14.911257286921801,-15.1460517401879,-1.456073016254,-9.31608081656449,18.3552180493582,11.8641648716326,10.0147269183871,-14.160720660546598,-9.59700393195858,23.39972881801,-12.5305991024505,-11.2822004845961,11.5658895375174,-0.536229347455036,10.273303536233,-1.00678529097272,-0.0419599653920444
526.0,sub-0126,ses-03,run-05,pain,TPJ,282,rating,-4.28711403371281,2.19066957106862,4.2234215722582205,0.0254335611279508,6.139234636886768,2.78948797000226,2.049218913163,0.638018971619438,9.38893724953761,6.142276142403129,12.529560434051199,0.927293196506589,-2.46190294544581,6.10499740382687,2.58488801286088,11.4297579062826,1.78875277094046,5.6569123641747705,-1.5091208430101395,-3.35866991434043,1.23266222569278,-5.81776950633291,-0.8660068330141559,-5.05203656112516,8.40188893999359,2.37204414363407,0.4223947470302921,-3.13837533089894,0.581552672670448,-3.2993610580905,-5.68563427851652,-4.15049188930531,-11.948882296829801,-6.99773903439947,-5.6996208470869805,-7.47433160674973,-5.09554356096697,1.45545641636559,4.49723219681673,-0.5908230853185289,-0.22721164270182606,-11.713561199407899
527.0,sub-0126,ses-03,run-05,pain,TPJ,282,cue,-0.541397496622828,4.5259862018884105,-3.39310051192723,-0.816919035449864,-3.68624764025863,2.71136355018569,0.37808329969899296,-1.30970243956824,2.2399045967931004,-6.395460837533232,2.71105279180309,6.28842011594115,-2.48790480914853,-3.17856537238504,-1.12488381540021,-9.96677805952771,0.301987384576066,-11.7011213989395,-4.98204341505644,-8.70293560399863,-3.15138936321419,-9.952989823841632,-6.2695647936523615,2.30087487020946,-1.98080970633428,11.6099749759009,1.71523412173329,1.34315925427149,-8.24046888618449,-4.850933586889919,-13.0632629625703,-0.934171850571214,-9.99026568365936,-2.2700711187892897,-6.99541719750367,-8.30077637048068,5.93576390951324,-2.14407633798225,7.95153495330823,-6.8270103906361,5.57733473820161,-13.2127060361425
528.0,sub-0126,ses-03,run-06,cognitive,TPJ,277,cueH_stimH,5.25003433227539,-2.09757804870605,0.922469675540924,-2.5863056182861297,-4.80184268951416,7.572815418243411,7.20855712890625,1.15239977836609,2.13690710067749,13.1286945343018,-2.75906038284302,-13.3239574432373,-4.058818340301509,-26.709688186645497,-14.5254163742065,-10.974621772766099,16.4888668060303,12.9054012298584,-12.052722930908198,-6.51987266540527,-1.44793701171875,-19.3661117553711,-29.4847793579102,-2.9655933380127,-14.1122169494629,-9.655378341674801,-10.834144592285199,-21.9758567810059,-20.1026630401611,-12.247293472289998,-0.3482033312320711,2.2141265869140603,-0.31052970886230497,4.041725158691411,1.52266502380371,9.65458297729492,11.986541748046902,3.56926727294922,-1.94815683364868,0.416936874389648,20.7759284973145,-7.426842212676999
529.0,sub-0126,ses-03,run-06,cognitive,TPJ,277,cueL_stimH,5.70068168640137,2.4303808212280296,3.98980760574341,-9.29701519012451,5.809930801391599,15.2030763626099,4.25404644012451,-0.930749595165253,6.074938297271731,-4.49170637130737,-3.02049922943115,-6.53987312316895,-10.8295278549194,-11.665751457214403,3.48044109344482,-5.770923137664791,-16.286300659179698,-36.6962089538574,-7.2426586151123,-0.15387058258056602,8.91379165649414,-2.4651107788085898,-7.075824737548831,-5.35146141052246,-7.2514314651489284,-6.5941047668457005,-14.6130361557007,-15.411388397216802,-14.977577209472699,-5.54610443115234,-10.5581483840942,0.989365100860596,-6.63942718505859,-5.23695373535156,-7.03369045257568,9.34531021118164,4.72439289093018,15.109360694885302,-9.42973613739014,-8.57521533966064,-17.2777442932129,-7.872196197509768
530.0,sub-0126,ses-03,run-06,cognitive,TPJ,277,cueH_stimM,-15.0984687805176,-4.15664291381836,-13.567353248596199,2.10822725296021,-11.1093664169312,-33.3712120056152,-18.491834640502894,-11.2162742614746,-9.51791667938232,-8.98930835723877,-17.3428821563721,-30.6369953155518,-39.4607391357422,-28.6344184875488,-40.0482788085938,-31.7226638793945,-36.5394744873047,-22.7837181091309,-31.9541206359863,-26.5184707641602,-12.885780334472699,-14.127721786499,-11.8419704437256,-6.29306507110596,-9.37562084197998,10.065213203430199,-7.25220441818237,-10.431490898132301,19.1534519195557,-14.912234306335401,-5.0291748046875,-11.2609348297119,-24.6523704528809,-21.744651794433604,-4.37057113647461,1.19726896286011,-4.1029372215271005,-19.1919345855713,4.899476051330571,-3.64798450469971,-29.560230255127,-20.0903701782227
531.0,sub-0126,ses-03,run-06,cognitive,TPJ,277,cueL_stimM,24.4568653106689,14.161417007446301,14.5335121154785,6.628535270690921,16.0966415405273,6.47253704071045,7.287280082702639,16.2038059234619,-3.65485811233521,-0.41871261596679693,-13.177593231201199,-5.761346817016599,-21.622179031372102,-22.612451553344695,3.98413038253784,-9.09690952301025,0.969272613525391,-11.2194766998291,10.847636222839403,20.0182800292969,0.608595848083496,4.15329313278198,9.6135721206665,-24.3293972015381,4.48437023162842,-1.66970300674438,4.02703380584717,1.95216369628906,4.00602340698242,-10.873565673828098,-7.485797882080081,-33.4560203552246,-28.2587013244629,-6.0964241027832005,-6.88491344451904,-7.1155509948730495,0.115554809570312,-26.149024963378896,-39.324047088623,-44.232852935790994,-26.263328552246104,-7.91496276855469
532.0,sub-0126,ses-03,run-06,cognitive,TPJ,277,cueH_stimL,6.1247062683105495,9.137998580932619,-2.21752262115479,13.7365407943726,7.8045959472656214,-2.0952527523040803,12.808450698852502,6.55900764465332,-22.659814834594695,-2.31256508827209,-11.6925582885742,27.068172454834,19.0559520721436,-12.2037038803101,-17.7590065002441,-29.1073188781738,-19.606458663940398,-7.04263877868652,10.7821846008301,-6.59937286376953,-3.2986850738525404,-8.62103843688965,-19.104457855224602,-1.74453020095825,2.0450234413147,17.9303970336914,2.5007729530334504,-19.9961051940918,-14.833021163940401,-6.21027374267578,-10.5094718933105,-6.44964265823364,-7.2889900207519505,2.66073369979858,-15.319366455078098,-9.7672004699707,3.2833838462829603,12.5012979507446,-6.092876434326169,-11.476951599121099,-7.9291076660156214,-3.8026409149169904
533.0,sub-0126,ses-03,run-06,cognitive,TPJ,277,cueL_stimL,-1.18038249015808,5.35473346710205,3.52580642700195,-9.93708229064941,-2.24202680587769,14.141481399536099,15.7284812927246,4.49369478225708,-3.0328354835510294,-4.3846640586853,-12.3615036010742,4.72566223144531,5.780096054077151,-6.071747303009031,-11.065465927124,-22.354097366332997,-13.224327087402301,-16.2835655212402,-13.847643852233901,10.7392663955688,6.30935001373291,16.1574802398682,-12.407840728759801,-11.9471092224121,-20.479892730712894,-13.5246295928955,5.9602165222168,-4.62580871582031,0.114009857177734,7.033512115478518,4.70868301391602,-6.02556610107422,-1.4270935058593797,4.9008731842041,-16.9995803833008,12.224971771240199,-15.193115234375,-16.2527198791504,-15.777984619140598,-16.8542327880859,-0.207202911376953,-8.53349876403809
534.0,sub-0126,ses-03,run-06,cognitive,TPJ,277,rating,0.85188102722168,3.8305721282959,3.0173492431640603,5.40995216369629,5.24440383911133,4.141686916351319,6.39762783050537,4.24959659576416,-0.680786848068237,2.54405689239502,0.633499145507812,6.2477531433105495,8.5700511932373,3.57565307617188,1.4979572296142598,-8.36751174926758,-13.036134719848599,-11.1778297424316,-3.28786277770996,-9.3325080871582,-9.229376792907713,-6.415966987609861,-10.9539852142334,-11.411355972289998,-12.2879638671875,-9.258100509643553,-13.150502204895,-11.7018775939941,-6.7359733581543,-11.2816667556763,-11.260835647583,-13.4495391845703,-13.1775674819946,-14.277117729187,-11.4248485565186,-3.6021842956543,-3.28043937683105,-7.81204795837402,-7.71911811828613,-11.698953628539998,-6.5474548339843786,-5.02391481399536
535.0,sub-0126,ses-03,run-06,cognitive,TPJ,277,cue,-8.195493698120119,-6.41310882568359,6.071698188781741,2.49925422668457,2.49689483642578,-10.530128479003901,-7.81048583984375,-10.3540954589844,-4.93800735473633,-9.8179817199707,-10.755256652832001,-4.64122200012207,-4.92751407623291,-3.54311418533325,5.55135345458984,-5.420231819152829,-6.876775741577151,-13.557857513427699,-3.4869384765625,1.80450439453125,7.20475006103516,3.45542526245117,5.4495334625244105,0.93789005279541,5.07311820983887,-0.232011318206787,6.53769969940186,3.2693085670471205,2.16515302658081,9.00850868225098,1.68841314315796,7.460619926452639,4.778968811035161,-0.605569362640381,16.3495998382568,19.4983596801758,13.692711830139196,9.52902793884277,2.34082698822021,9.33544540405273,10.456693649292001,13.6690835952759
536.0,sub-0126,ses-03,run-06,cognitive,TPJ,278,cueH_stimH,0.112590789794922,6.140385627746579,7.19368743896484,8.98698711395264,10.4008483886719,1.14395868778229,7.36312294006348,-6.2727355957031214,-10.0094156265259,-8.92433929443359,-11.6587133407593,-9.3144645690918,-17.8514633178711,-9.62114334106445,-12.066168785095199,-8.181042671203612,2.35074996948242,-0.966528475284576,-3.0947151184082,-10.9403343200684,-18.676643371582,-23.1729850769043,-6.7060852050781214,-4.175653457641601,-4.855260848999019,0.8871531486511229,-9.08685302734375,-6.068711757659909,5.66465663909912,-5.46939754486084,8.9611177444458,8.51165008544922,7.37800025939941,8.4482421875,1.8135814666748,12.1906299591064,10.1166305541992,7.0389919281005895,2.68033027648926,5.01190185546875,-0.282361030578613,-4.32417964935303
537.0,sub-0126,ses-03,run-06,cognitive,TPJ,278,cueL_stimH,-7.371402740478518,-7.38348579406738,-7.21897029876709,-6.32518863677979,5.78469038009644,5.60799121856689,7.94711971282959,1.35865890979767,1.32067358493805,3.78443145751953,-10.0218458175659,-8.42083168029785,-10.4098711013794,-10.1329126358032,0.680346488952637,-10.806433677673304,-2.4161217212677,-9.55415725708008,-2.24326634407043,8.21665954589844,-3.75483798980713,-5.004478454589839,-8.059324264526369,-2.13109588623047,-7.721065521240232,-0.552589416503906,-7.34593200683594,-4.13697052001953,-9.76067161560059,-6.45722198486328,-2.77581119537354,16.6220798492432,9.0418701171875,14.960994720459,7.468509674072268,12.5884571075439,17.1723022460938,7.926955699920652,14.6984605789185,3.5300331115722696,-5.727970123291018,1.18422412872314
538.0,sub-0126,ses-03,run-06,cognitive,TPJ,278,cueH_stimM,10.4462032318115,-0.931163311004639,-1.10581207275391,-0.316709637641907,-5.53397989273071,-15.177896499633801,2.5512228012085,-6.67340183258057,9.62822723388672,1.74915874004364,-21.313579559326197,-23.5598335266113,-21.1937866210938,-27.366956710815398,-14.7535858154297,-22.2120151519775,-18.4021682739258,-24.759075164794893,-6.980299949646,-11.305450439453098,-3.63564968109131,3.75235176086426,-0.518051147460938,10.928966522216802,17.1121673583984,2.5439019203186004,-9.67723083496094,-6.568426609039309,20.1030540466309,1.69255065917969,6.7020263671875,-14.7533054351807,-5.9573059082031214,-13.149418830871598,-9.06939601898193,13.565204620361301,-6.44018888473511,6.8473176956176784,12.327995300292999,14.641484260559098,-20.1646099090576,-8.16023254394531
539.0,sub-0126,ses-03,run-06,cognitive,TPJ,278,cueL_stimM,13.123941421508801,11.259752273559599,7.7698884010314915,11.827597618103,9.260151863098141,6.40202188491821,4.49141073226929,2.54590511322021,5.53012561798096,-2.78581047058105,1.61456727981567,9.80038452148438,0.0812869071960449,-14.283299446106,5.3014798164367685,19.2868614196777,27.223604202270497,10.8500118255615,11.978740692138699,38.2001457214355,24.2463264465332,35.7444000244141,0.25231575965881303,-22.5990524291992,5.78931093215942,-6.52004337310791,-1.06933403015137,8.10329627990723,8.15992736816406,15.696861267089801,1.04230880737305,11.461906433105499,1.56085586547852,9.355913162231447,11.20299243927,16.4970397949219,15.9287586212158,-11.0680618286133,-15.9708499908447,-12.5286121368408,-0.791107177734375,5.97505807876587
540.0,sub-0126,ses-03,run-06,cognitive,TPJ,278,cueH_stimL,1.32679080963135,5.10805749893188,19.4189338684082,1.1200578212738,17.8925895690918,11.898928642272901,10.1167917251587,4.835633277893071,-3.38786625862122,8.63936233520508,-2.66906261444092,1.64041090011597,-4.843206882476808,-1.49637508392334,-5.988914966583249,-16.5532341003418,-13.5886497497559,-20.719373703002894,-5.879319190979,-8.62515258789062,-8.59180641174316,5.55549621582031,2.27375411987305,19.200119018554695,21.0202808380127,22.257188796997102,20.4253158569336,11.624019622802699,13.1637325286865,12.3898468017578,1.6016120910644498,18.5166873931885,14.8198528289795,23.009449005127,10.708683013916,1.58296680450439,13.992088317871099,12.865466117858901,11.095965385437,3.70712280273438,-6.97331047058105,12.1578102111816
541.0,sub-0126,ses-03,run-06,cognitive,TPJ,278,cueL_stimL,-5.16153621673584,-1.65752983093262,-19.1342926025391,-7.27730464935303,9.98403072357178,-0.63848090171814,2.66354560852051,-8.270298004150389,-8.3496618270874,-15.350311279296902,-14.6022529602051,-9.1553840637207,0.9662685394287108,-11.4197511672974,-14.421185493469201,-20.7123184204102,-12.7811126708984,-13.252477645874,-7.52402830123901,5.7668561935424805,-1.26604819297791,2.21180105209351,3.12662220001221,10.714851379394501,10.109445571899402,5.291406631469731,16.2403869628906,16.0623397827148,11.488616943359402,1.72368621826172,-9.35027122497559,-12.2597198486328,-2.9660758972168,12.264286041259801,8.82114410400391,16.3728981018066,10.916727066039998,6.3596477508544895,-3.29230117797852,8.94746685028076,11.4224071502686,9.38305282592773
542.0,sub-0126,ses-03,run-06,cognitive,TPJ,278,rating,2.82890701293945,5.41434478759766,8.14280700683594,13.667055130004899,7.37369537353516,11.263553619384801,8.369021415710451,9.96168327331543,8.362229347229,13.1527643203735,7.24163055419922,4.81109046936035,3.42569160461426,2.7376251220703103,-0.3598384857177729,-5.05215644836426,-5.96909523010254,-0.512430191040039,3.38095188140869,2.0734844207763703,5.0311803817749015,2.01657199859619,-0.837298393249512,4.92440509796143,-0.643972396850586,1.58983159065247,-1.8799307346344,-0.7969651222229001,3.0996918678283705,2.94529724121094,4.29563236236572,-0.20309066772460896,-1.86829996109009,-3.4419732093811,-3.32845449447632,2.0240306854248,-2.58559989929199,3.73817443847656,2.63347959518433,1.69128656387329,0.720739364624023,2.22650575637817
543.0,sub-0126,ses-03,run-06,cognitive,TPJ,278,cue,-1.5755100250244098,-8.98127174377441,6.19466495513916,1.04634571075439,4.456828594207759,-3.27566432952881,-1.17673873901367,-0.617256164550781,-0.552585601806641,0.9754714965820308,-1.8535079956054696,1.49570941925049,0.7807941436767579,5.92696285247803,-1.07994103431702,1.57609510421753,-0.00995731353759766,2.7217559814453103,0.275886535644531,8.715908050537111,14.693695068359402,6.743343353271482,7.6061725616455105,4.4325265884399405,6.1674528121948216,1.7630290985107402,6.204345226287839,5.22998714447021,1.95841503143311,9.88912582397461,-4.36018514633179,5.34870862960815,6.43023538589478,8.39707183837891,6.50061702728271,5.81278467178345,3.67393589019775,3.8351216316223113,2.70246767997742,13.573228836059599,10.0662708282471,15.0516719818115
544.0,sub-0126,ses-03,run-06,cognitive,TPJ,279,cueH_stimH,-1.88387489318848,-0.21465396881103505,3.0868935585022004,7.85585069656372,-1.34483075141907,-1.96787846088409,-11.1703271865845,-20.7531719207764,-7.33984279632568,6.731805324554441,-7.05233192443848,3.77909588813782,2.37082862854004,0.603776931762695,-15.155065536499,-2.38965082168579,16.4855556488037,-1.31127786636353,0.6860370635986329,-0.811689376831055,-11.7197265625,-8.57809448242188,-3.54776000976562,2.7407684326171897,-10.5859031677246,6.4822282791137695,-0.428138732910156,-13.7011432647705,-9.70253658294678,-8.15192127227783,-9.96369552612305,-1.06509780883789,-3.4079742431640603,3.48755645751953,0.6774520874023441,18.383716583252,5.33002185821533,-13.064826965332001,-22.7687129974365,-29.0887756347656,-26.009057998657198,-24.9108581542969
545.0,sub-0126,ses-03,run-06,cognitive,TPJ,279,cueL_stimH,-3.59672617912292,-5.749671459198001,-3.74326038360596,-5.51652526855469,1.72049701213837,-4.4360179901123,5.691949367523191,9.13036727905273,7.64459371566772,15.3139591217041,-0.0553326606750488,21.6216125488281,4.8247156143188485,-6.4895734786987305,16.5490684509277,11.2631568908691,12.331409454345698,-6.76760101318359,0.38443660736084,-5.71601676940918,-11.327675819397,-6.15203857421875,-28.2879638671875,-8.556516647338869,-17.3682727813721,-19.4672889709473,-29.179258346557607,-24.063440322876,10.596602439880401,-12.012046813964801,-11.1654224395752,5.93515872955322,-1.4175033569335902,9.56124305725098,-0.47044849395752,3.3931770324707,-8.81017208099365,-10.0686893463135,3.10902643203735,-18.3088207244873,-16.3937454223633,-0.560802459716797
546.0,sub-0126,ses-03,run-06,cognitive,TPJ,279,cueH_stimM,-3.775634765625,-2.41665267944336,-20.5289611816406,-12.2694406509399,-14.6719436645508,-11.264993667602502,-6.968475818634031,-9.80978679656982,2.5468430519104,18.095111846923803,9.42405796051025,9.89659214019775,2.00128364562988,-5.10526847839355,-8.81907749176025,-1.10272884368896,-8.27034950256348,-10.829568862915002,-5.8491516113281214,-4.81249237060547,-19.943027496337894,9.57742977142334,-10.9740333557129,-5.295812606811519,-6.97764778137207,-13.5996675491333,-8.18482303619385,-21.0422668457031,29.106891632080107,6.71535062789917,24.583251953125,-14.2800846099854,16.6763610839844,7.65348720550537,17.072162628173803,32.8794136047363,13.482572555542,16.8543491363525,3.65597820281982,8.0233211517334,-26.7186717987061,-20.2004699707031
547.0,sub-0126,ses-03,run-06,cognitive,TPJ,279,cueL_stimM,-3.5118808746337904,-6.2753701210022,-13.5381813049316,6.27713346481323,-13.645633697509801,-0.784863471984863,-17.1098003387451,-2.9750156402587904,18.1055183410645,-1.20264029502869,12.249042510986301,10.776317596435499,5.69973373413086,12.9142732620239,15.3866024017334,11.586927413940401,21.2064323425293,10.9253101348877,25.7518196105957,29.8218994140625,-0.35194015502929704,35.783699035644496,15.206449508667,-10.7422571182251,14.076900482177699,11.7840156555176,19.8704147338867,40.80613327026371,31.8608322143555,-2.87995147705078,9.55660820007324,-9.61372375488281,-5.412109375,-1.59481430053711,-6.85648536682129,-12.076395034789998,-6.32234287261963,-21.8496932983398,-24.4622364044189,-34.425407409668004,-30.414680480957,-18.839895248413104
548.0,sub-0126,ses-03,run-06,cognitive,TPJ,279,cueH_stimL,-6.5523567199707005,-0.3777499198913569,-8.55782127380371,-6.600934028625491,4.20882987976074,5.06665086746216,-3.1966872215271,-13.4062175750732,0.388684570789337,-1.7140815258026103,4.27959489822388,7.777245998382571,12.9126319885254,4.00356340408325,-11.975728988647498,-2.91482901573181,-9.79555606842041,-5.26662540435791,13.113035202026401,-10.153434753417999,0.0339870452880859,3.62169551849365,2.28174209594727,8.42934131622314,11.391040802002001,9.43372535705566,-5.76819372177124,-22.4055957794189,-10.6764984130859,-22.8236770629883,-12.5778388977051,-0.761975288391113,-17.9631385803223,-5.85431575775146,-21.0366191864014,-17.244310379028303,-3.45525288581848,-8.55283164978027,-11.9404039382935,-24.0163421630859,-20.792705535888697,-8.48361015319824
549.0,sub-0126,ses-03,run-06,cognitive,TPJ,279,cueL_stimL,-2.97394108772278,8.505885124206541,-7.8358736038208,12.8954315185547,0.149795055389404,7.49402189254761,19.1178932189941,-3.31155872344971,13.8844470977783,-7.38599300384521,0.872649192810059,11.989105224609402,13.272910118103,-19.8216876983643,-8.37101173400879,-34.7744979858398,-23.7739772796631,-21.833326339721694,-24.7053718566895,-9.36343097686768,-19.2040863037109,-5.5864953994751,-9.53926944732666,-3.75124406814575,-3.4082050323486297,-24.093936920166,2.38932037353516,-19.6668319702148,-14.5165042877197,-11.3091335296631,-4.5467643737793,-13.230918884277301,-2.6375560760498,-2.5254020690918,5.895555973052981,8.84329414367676,-15.118062973022498,-29.408174514770497,-19.8955764770508,-20.0800457000732,-17.4891681671143,-7.3380222320556605
550.0,sub-0126,ses-03,run-06,cognitive,TPJ,279,rating,-1.00130081176758,-4.94611358642578,-1.66123962402344,2.53182792663574,-1.42214393615723,0.296618938446045,-2.0949506759643604,0.117895364761353,8.48106956481934,13.951603889465304,20.927143096923803,27.5970020294189,32.215343475341804,35.305549621581996,17.6865520477295,12.6771793365479,5.8575725555419895,4.482873916625981,1.6802339553833,-2.0804615020752,6.95459175109863,0.6155996322631839,-2.38376331329346,-1.61567449569702,-9.06929111480713,-2.91211199760437,-3.6338517665863,-6.79306602478027,-2.3361382484436004,-2.8288173675537096,-1.78463661670685,-2.39214611053467,-2.48640012741089,-0.5541571378707889,-2.6815357208252,-2.43093490600586,-4.82216453552246,-2.0147733688354497,-1.85411262512207,-7.94254636764526,-0.906024932861328,3.11912655830383
551.0,sub-0126,ses-03,run-06,cognitive,TPJ,279,cue,1.40913581848145,-7.22383117675781,11.0303058624268,1.3144626617431598,4.28540992736816,2.4315376281738303,1.49086380004883,0.9063644409179692,8.01559448242188,3.54094696044922,-0.7643833160400391,10.5125675201416,8.51437187194824,4.54879379272461,5.89997959136963,2.6116738319397004,-3.80161952972412,-10.9149017333984,-14.600616455078098,-14.4263458251953,-14.2815093994141,-12.8407325744629,-11.9902238845825,-11.736780166626,-8.84443187713623,-9.254861831665039,-1.04690933227539,8.248349189758299,2.6272363662719704,0.579291343688965,-8.05373573303223,0.711310386657715,-3.3887171745300297,-2.7262420654296897,3.61827611923218,2.93264675140381,-0.150652408599854,-3.59280180931091,-3.61960864067078,2.2387673854827903,2.22799682617188,6.44943714141846
552.0,sub-0126,ses-03,run-06,cognitive,TPJ,280,cueH_stimH,-9.76005268096924,-9.69373798370361,3.2590692043304403,2.02504539489746,1.29118096828461,1.06623184680939,0.480839729309082,-15.1716785430908,5.17830562591553,13.9794120788574,0.802181243896484,9.0675106048584,4.22800588607788,7.3482928276062,8.77361679077148,21.674388885498,28.3276386260986,14.3335647583008,16.0289192199707,9.860837936401367,-4.3411865234375,-10.1217842102051,4.29393005371094,9.762147903442381,3.45638465881348,1.34124898910522,-0.477381706237793,-13.2708215713501,8.00132369995117,-1.15133571624756,3.9581470489502,9.33689498901367,-3.90079307556152,-3.09795379638672,-3.92262077331543,8.71274662017822,7.7258939743042,4.18951034545898,-1.27633237838745,-14.9568357467651,-16.7057094573975,-19.448371887207
553.0,sub-0126,ses-03,run-06,cognitive,TPJ,280,cueL_stimH,-3.37638306617737,-7.02634477615356,-22.685537338256804,-10.488884925842301,7.9029216766357395,7.00054407119751,12.537138938903801,19.7233810424805,19.9424152374268,29.4856872558594,22.800052642822298,22.525110244751,31.460060119628896,28.701580047607397,23.595558166503896,13.152208328247099,16.632991790771502,4.35764980316162,7.74784755706787,0.8285188674926759,-11.032325744628901,-6.84553527832031,-16.2220573425293,-9.89409065246582,-9.19815540313721,-7.355120658874509,-7.0693449974060085,-8.85472297668457,-6.89373779296875,-10.754913330078098,-7.21143245697021,0.831673622131348,-5.62037658691406,-4.57034111022949,-7.68984079360962,-0.135516881942749,4.36310625076294,-0.6225666999816889,0.797290325164795,-7.89522409439087,-8.8568115234375,-9.03989219665527
554.0,sub-0126,ses-03,run-06,cognitive,TPJ,280,cueH_stimM,23.498050689697298,19.6593799591064,5.59068202972412,12.509916305542,3.2593572139740004,3.22363638877869,7.26922845840454,10.2618865966797,26.6126384735107,25.341016769409197,19.482585906982397,10.4497900009155,17.500545501709002,25.3427543640137,27.5366554260254,24.762794494628896,13.0656585693359,14.481138229370101,16.6307067871094,0.859466552734375,0.4982080459594729,1.38698673248291,-4.27939224243164,1.07770967483521,7.31642055511475,-9.77253723144531,-3.3267974853515603,6.446678638458249,26.585472106933604,8.07830810546875,14.8851318359375,-3.2460308074951203,-7.14699554443359,5.64043521881104,22.615053176879893,38.034584045410206,13.4546775817871,-2.55881214141846,7.833978652954099,3.87621593475342,-13.512718200683599,-6.84288024902344
555.0,sub-0126,ses-03,run-06,cognitive,TPJ,280,cueL_stimM,-9.52829170227051,-9.2159423828125,4.0596427917480495,6.54073333740234,-1.88781666755676,-9.00636577606201,2.43081521987915,3.2705669403076203,7.9564471244812,13.135362625122099,18.8486366271973,30.6361465454102,31.2777214050293,23.1488723754883,21.2974033355713,21.0074195861816,16.220073699951197,10.396259307861301,8.657106399536131,19.2496376037598,15.6781606674194,21.100894927978498,4.36645603179932,-21.828323364257802,5.93939876556396,-10.1304512023926,3.28913450241089,-1.5870056152343797,1.86463356018066,5.91699981689453,-5.7545471191406214,-7.09471893310547,-3.31999969482422,-6.627032279968259,-11.926988601684599,-2.0426197052002,-5.724609375,-19.354812622070305,-16.6914138793945,-20.515781402587894,-14.719585418701199,-12.0741138458252
556.0,sub-0126,ses-03,run-06,cognitive,TPJ,280,cueH_stimL,-6.141254425048831,6.32782077789307,9.25071334838867,9.08738899230957,11.2029705047607,17.5006885528564,14.3935060501099,20.1470584869385,14.195701599121099,19.6273517608643,10.8138847351074,21.5370025634766,10.690446853637699,15.757772445678699,3.0351262092590297,9.36312103271484,5.7892365455627415,1.77740669250488,7.35966396331787,7.00493621826172,-7.647624969482419,5.09979820251465,23.375080108642607,24.9868679046631,16.934232711792,14.534068107605,-1.06961822509766,-8.45870399475098,-7.45235872268677,-9.90412139892578,6.2900276184082005,-0.919884204864502,1.27444362640381,4.4229836463928205,-2.83590221405029,1.1864296197891202,-1.0941262245178198,-5.91046905517578,-2.5860166549682595,-9.83267211914062,-13.476551055908198,-0.0836772918701172
557.0,sub-0126,ses-03,run-06,cognitive,TPJ,280,cueL_stimL,9.74410438537598,16.740867614746097,-9.05110168457031,3.6434383392334,7.73779392242432,12.9277868270874,19.4608535766602,6.00197982788086,22.3841667175293,14.5493679046631,23.1156063079834,21.3475017547607,22.3961753845215,15.1492671966553,7.7525949478149405,-2.4305171966552703,4.37438678741455,7.83395862579346,14.0784969329834,24.3545570373535,14.656410217285199,13.698436737060499,16.544452667236303,20.0607948303223,26.1030349731445,23.1272506713867,37.7510757446289,28.3839645385742,24.3405647277832,16.2594871520996,10.4601306915283,13.9122924804688,15.015156745910597,13.098162651062,6.84288883209229,12.1109199523926,7.44105005264282,7.1743659973144505,2.59232330322266,18.6396713256836,10.281242370605499,8.46505737304688
558.0,sub-0126,ses-03,run-06,cognitive,TPJ,280,rating,5.5880413055419895,5.333770751953121,7.8654479980468786,12.5021171569824,9.57600212097168,7.97455596923828,9.98234558105469,12.556312561035199,14.1545324325562,21.6701927185059,15.324664115905799,20.5733947753906,20.6957759857178,19.0319137573242,16.292669296264602,11.7867431640625,6.72685432434082,10.2256956100464,11.856162071228,11.678898811340304,15.349728584289599,10.626222610473599,12.1985025405884,12.539722442627001,9.49013805389404,8.71358489990234,3.50225043296814,5.56997346878052,5.98294830322266,10.1626930236816,10.776743888855,7.441715240478518,9.426836013793947,2.93384313583374,8.10568523406982,10.4180288314819,4.90243434906006,5.42850685119629,4.552453994750981,3.0241737365722696,7.72424411773682,9.764894485473633
559.0,sub-0126,ses-03,run-06,cognitive,TPJ,280,cue,-1.48231506347656,-6.95314788818359,4.17706060409546,0.12454032897949198,0.71935760974884,-1.47650909423828,-1.89627456665039,-1.90882110595703,-5.00577926635742,-2.37747955322266,0.51902961730957,3.23912715911865,1.5800256729126,1.56187534332275,-4.3001217842102095,-2.75979042053223,-5.2354211807250985,-9.05096054077148,-6.8951110839843786,-5.544780731201169,-0.496109008789062,0.056915283203125,-6.819689750671389,-10.319814682006802,-8.77894401550293,-10.881649017334,-5.40324211120605,-6.69693660736084,-7.883727550506589,-6.98015022277832,-11.0952320098877,-6.5042018890380895,-6.24896144866943,-0.3324167728424069,-5.33012390136719,-5.93318367004395,-10.0129079818726,-5.88768005371094,2.60065746307373,0.43209671974182107,4.27636003494263,6.74605369567871
560.0,sub-0126,ses-03,run-06,cognitive,TPJ,281,cueH_stimH,-2.945556640625,3.81875228881836,6.6070890426635716,7.369737148284909,3.0460782051086404,-3.83876180648804,-13.3751401901245,-17.4297218322754,-9.60679817199707,19.047784805297894,-5.00855016708374,16.871318817138697,3.43293905258179,10.3588371276855,0.577191352844238,0.631818056106567,22.451057434082,25.2581214904785,13.0456295013428,12.745792388916,-6.93025970458984,-3.15610122680664,8.51678466796875,7.66069030761719,11.3803806304932,6.99898862838745,-3.99724197387695,-6.18686676025391,-3.1415805816650404,-2.12099361419678,-1.81518769264221,0.9174728393554692,-9.51060104370117,-17.2716369628906,-29.032339096069304,-8.02147483825684,-3.61241960525513,-1.9501953125,-20.0211620330811,-15.201373100280799,-39.9376449584961,-28.960474014282198
561.0,sub-0126,ses-03,run-06,cognitive,TPJ,281,cueL_stimH,5.37292385101318,-6.95226240158081,-11.992818832397498,4.76083898544312,3.3734116554260294,10.508676528930698,17.8459796905518,-1.50329005718231,2.2178189754486097,25.681438446044893,-0.21027445793151894,9.801371574401859,17.8555603027344,11.5894031524658,12.8664970397949,29.606994628906197,1.54691648483276,0.955787897109985,-22.4443683624268,-24.621173858642607,-2.2434091567993195,-20.9517517089844,1.5294914245605502,-7.54614067077637,-6.5583801269531214,-14.1614770889282,0.557040214538574,-6.41678237915039,-17.3474750518799,-11.288459777832001,-6.0460720062255895,4.52355623245239,-6.6752014160156214,-7.64595651626587,-28.3632888793945,-7.20246982574463,-24.7299690246582,3.31264114379883,-2.25286984443665,-13.214488983154302,-8.63645172119141,-25.3034172058105
562.0,sub-0126,ses-03,run-06,cognitive,TPJ,281,cueH_stimM,12.648792266845698,16.1647853851318,-2.44928932189941,10.5524940490723,-3.9914352893829306,4.33003377914429,22.663072586059602,21.095085144043,9.9567232131958,17.052902221679698,15.0609874725342,6.74502325057983,9.54968547821045,7.349788665771482,7.383050918579099,5.29878377914429,25.1495418548584,2.54526138305664,-2.27249813079834,18.0377922058105,3.81600379943848,10.2690649032593,5.416010856628421,13.269558906555199,3.1224851608276403,-2.84601974487305,0.8857624530792241,-14.4418506622314,29.519695281982397,10.938918113708501,2.4090576171875,16.860406875610398,8.85911750793457,7.55409336090088,1.4978351593017598,-7.01918172836304,6.6101779937744105,13.431073188781701,-4.44826316833496,-13.092902183532699,-54.95776748657229,-23.3262634277344
563.0,sub-0126,ses-03,run-06,cognitive,TPJ,281,cueL_stimM,-4.73382759094238,0.700639247894287,-0.0374784469604492,15.2955646514893,-2.12812614440918,-4.90864706039429,-17.077196121215803,17.7316303253174,20.8895206451416,16.3325271606445,17.982595443725604,7.03517723083496,26.019239425659197,1.33314943313599,24.4331588745117,29.4701251983643,34.0114784240723,19.7087154388428,31.563133239746104,32.1808013916016,-19.0617694854736,6.9077425003051784,21.048282623290998,-29.6568336486816,28.975055694580107,23.7428092956543,16.3967437744141,53.5086250305176,47.8257064819336,7.7469482421875,14.784803390502901,19.342494964599602,18.2575759887695,9.75558280944824,12.9889249801636,17.3119850158691,-4.68839454650879,16.118549346923803,-30.583471298217802,-23.444932937622102,-26.268404006957997,-10.518308639526401
564.0,sub-0126,ses-03,run-06,cognitive,TPJ,281,cueH_stimL,-4.20645713806152,3.51640844345093,-25.589050292968803,-10.2476959228516,-15.060450553894,-9.97009563446045,-2.14680767059326,-8.84907150268555,-9.61355400085449,-7.1082258224487305,-12.3223400115967,-12.195060729980499,10.5594940185547,-2.45266532897949,-2.75895404815674,-1.3043088912963898,-1.1634213924408,-8.93977069854736,10.0669746398926,-11.637977600097699,-7.28302001953125,-15.165464401245101,0.611883640289307,-0.8434123992919921,-0.00909924507141113,1.97691369056702,-20.931037902832,-18.4940910339355,-0.6896648406982421,-18.4788665771484,-11.2512969970703,-16.2794570922852,3.31644821166992,-1.91219830513,-23.4500541687012,3.3076069355011,-3.0367798805236803,-5.29327201843262,-23.2063331604004,-29.576530456543,-27.7034912109375,-17.052555084228498
565.0,sub-0126,ses-03,run-06,cognitive,TPJ,281,cueL_stimL,5.1997780799865705,17.0799522399902,0.84985089302063,-8.39087581634521,3.76408767700195,15.110602378845199,-1.69831800460815,-7.39720916748047,-18.4402256011963,0.24361181259155296,1.56655502319336,23.745525360107397,32.538387298584,12.0761985778809,2.4504785537719704,-7.0571804046630895,-4.50415802001953,-10.2710580825806,-10.072124481201199,8.80788898468018,15.1392641067505,18.039981842040998,0.0716400146484375,14.69642162323,6.1925554275512695,11.3284225463867,15.5067138671875,25.2587509155273,7.575201034545901,11.784280776977502,-8.75203704833984,-8.59402465820312,8.032459259033201,22.557186126709,10.737586975097699,20.5155639648438,8.2377872467041,-6.979346752166751,-4.527931213378911,4.21727752685547,11.659120559692399,7.1355686187744105
566.0,sub-0126,ses-03,run-06,cognitive,TPJ,281,rating,-0.0163898468017578,-1.87790298461914,-2.27178955078125,-3.73671340942383,-0.6872482299804691,-6.346660614013669,0.0688610076904297,7.261478424072268,-4.946264266967769,8.08254909515381,3.4658727645874,2.76441383361816,4.40796279907227,10.1931304931641,5.972774505615232,2.13888168334961,-0.567586898803711,8.68386745452881,6.9666414260864284,1.2772312164306598,12.7262706756592,2.5913877487182595,10.944228172302198,7.99243068695068,7.89490509033203,6.59157371520996,4.028673171997069,3.45957660675049,3.14208006858826,3.10795783996582,5.0108499526977495,-1.21645545959473,3.77032852172852,2.143306016922,-0.761006355285645,-4.37449264526367,2.60843563079834,6.7021989822387695,-1.3228883743286102,-3.89989519119263,0.81892204284668,0.761012077331543
567.0,sub-0126,ses-03,run-06,cognitive,TPJ,281,cue,-6.739812850952151,-10.950190544128402,9.92602252960205,0.655519962310791,8.199305534362791,2.31232643127441,-3.02567672729492,-1.24986267089844,-7.714252471923831,0.7026824951171879,-8.28313827514648,-8.66242218017578,-6.945318222045901,-8.83724975585938,-7.89260482788086,-8.34804153442383,-3.65717697143555,-9.02152633666992,-11.189079284667999,-15.468132019042999,-4.80209732055664,-8.196743011474611,-20.438144683837894,-11.343299865722699,-8.02988529205322,-15.677227020263699,-3.7067551612854,-13.9092044830322,-10.6413049697876,-15.6581611633301,-18.776788711547894,-8.30680274963379,-15.0372047424316,-3.68165564537048,7.511273384094241,3.63824653625488,-5.78399658203125,-21.824434280395497,-12.376951217651401,-2.1845495700836204,-5.6247420310974094,3.0078935623168905
568.0,sub-0126,ses-03,run-06,cognitive,TPJ,282,cueH_stimH,11.246368408203098,-8.15189743041992,9.960142135620119,13.735276222228999,11.4562768936157,14.4697866439819,-5.0805168151855495,-16.7412414550781,-19.892032623290998,-7.07304048538208,1.08200407028198,1.44250750541687,-2.3729443550109903,-7.38003206253052,-21.935325622558604,1.06236243247986,18.5609912872314,3.6724674701690696,33.890533447265604,11.266117095947301,-9.95236206054688,-37.174407958984396,-14.094573974609402,1.89019298553467,-16.7867469787598,14.5858516693115,-16.0390930175781,-4.1539015769958505,-16.6394577026367,-8.142758369445799,2.3721959590911896,-0.42371749877929693,1.71333885192871,0.323989868164062,-17.3348236083984,-12.7402992248535,-13.0893297195435,9.98896789550781,-15.7754001617432,-14.749457359314,-16.2099304199219,-35.2056121826172
569.0,sub-0126,ses-03,run-06,cognitive,TPJ,282,cueL_stimH,-11.0883121490479,11.6128263473511,-19.1854076385498,-24.3619689941406,-11.9813594818115,7.3878507614135716,24.009349822998,0.994422793388367,25.138854980468803,19.8429565429688,-22.460428237915,13.5821800231934,8.33510684967041,3.6891543865203897,14.2541494369507,3.02769303321838,16.549293518066403,1.8881676197052,24.868103027343803,14.5998945236206,4.33248710632324,15.319709777832001,-16.8866271972656,-4.570152282714839,14.462553977966301,-8.62370109558105,-3.48650693893433,-18.988872528076197,14.640717506408699,-14.4517974853516,9.28018188476562,13.9803142547607,18.487434387207,6.3000783920288095,-12.798946380615199,11.6710920333862,13.955547332763699,-7.88380908966064,15.406358718872099,-2.28693723678589,3.21147918701172,-14.157999038696301
570.0,sub-0126,ses-03,run-06,cognitive,TPJ,282,cueH_stimM,24.8747615814209,6.500006198883059,1.10945606231689,-3.67843341827393,-31.500934600830107,-19.5799674987793,9.239931106567381,9.93265438079834,27.7105655670166,11.2571086883545,5.61193084716797,7.55849981307983,3.2875242233276403,-17.8352584838867,7.439227104187009,0.139179229736328,-2.11822509765625,6.03788089752197,5.71359920501709,10.4510536193848,1.11708545684814,12.7842655181885,0.244361877441406,-8.91816234588623,-2.3443636894226096,-13.88512134552,9.88468265533447,-0.575740814208984,32.418365478515604,-3.41362380981445,-10.766357421875,-6.21702575683594,43.8235969543457,22.320739746093803,-14.900402069091802,-12.928995132446301,-25.2924957275391,31.1131153106689,19.117057800293,4.42301559448242,-34.3242340087891,-14.2912750244141
571.0,sub-0126,ses-03,run-06,cognitive,TPJ,282,cueL_stimM,4.740928649902339,-10.2909746170044,4.59109210968018,-23.2360019683838,-14.5060596466064,-12.699856758117699,-4.6240701675415,-16.309982299804698,-8.46804237365723,-6.28774356842041,0.0541543960571289,21.2776775360107,21.9610862731934,16.3595104217529,14.4363403320312,10.2928047180176,24.430444717407198,33.5018501281738,11.826070785522498,0.8516113758087159,14.967060089111301,18.7304286956787,-4.10552883148193,-31.271024703979503,-20.054666519165,21.0903091430664,9.588823318481447,-1.62980079650879,23.8444519042969,6.26643371582031,2.91542625427246,-12.430469512939501,-17.758468627929698,-8.77226066589355,1.97101259231567,-6.476497650146482,9.46467685699463,-11.8463287353516,-39.49951171875,-20.8531551361084,6.58869171142578,2.68747329711914
572.0,sub-0126,ses-03,run-06,cognitive,TPJ,282,cueH_stimL,-2.68304824829102,8.06913566589355,9.35309219360352,-40.75322723388671,13.084660530090304,-6.47663688659668,12.6058616638184,13.628315925598097,20.8177051544189,9.09984016418457,-1.85563945770264,5.81283235549927,-13.930109977722196,-13.324364662170401,-21.0207748413086,-6.13480710983276,-5.607299327850339,-1.32065486907959,15.6329441070557,6.40871429443359,-4.82934951782227,-0.16586732864379902,3.65224885940552,12.731929779052699,-7.767328262329099,2.7144010066986097,4.013746261596681,-12.551849365234402,3.2324481010437,-11.4541168212891,-0.947795867919922,21.4788112640381,1.41824769973755,13.295022964477502,-9.28397083282471,0.0712466239929199,10.764498710632301,-32.4914779663086,11.1954402923584,-14.6974487304688,-17.6572170257568,8.40219020843506
573.0,sub-0126,ses-03,run-06,cognitive,TPJ,282,cueL_stimL,38.5714263916016,32.259368896484396,-12.0707302093506,24.4539413452148,-2.74306058883667,9.87476444244385,12.543800354003901,-1.23492836952209,15.815877914428699,9.00668907165527,14.237691879272498,33.524791717529304,7.97409439086914,8.777419090271,14.0482501983643,-31.562402725219695,-20.4938716888428,-29.5285205841064,-7.3830871582031214,24.089666366577106,7.04080963134766,35.139846801757805,25.462842941284197,36.8461685180664,13.4112720489502,-15.031587600708,15.4113311767578,6.7525634765625,25.2722702026367,-1.37970733642578,-3.9199161529541,5.6935119628906214,0.8757171630859379,-8.79034805297852,13.032470703125,10.9122867584229,-15.3589744567871,-21.375690460205103,-20.759162902832,0.994277954101562,12.943361282348599,21.4004135131836
574.0,sub-0126,ses-03,run-06,cognitive,TPJ,282,rating,6.2992858886718786,1.3908920288085902,5.43212890625,7.80399322509766,1.43806838989258,-3.80731678009033,4.80283975601196,2.72922778129578,3.38050079345703,-2.52435684204102,-3.37135124206543,-0.39014434814453103,2.42540740966797,0.6936798095703121,0.561237335205078,-0.22715187072753895,-2.99030303955078,0.163003921508789,2.52768421173096,1.68780612945557,4.70587348937988,1.1171998977661102,-1.95852375030518,6.1346139907836905,-0.849292516708374,10.991945266723599,-1.25659251213074,2.03521347045898,1.10337352752686,-3.58000755310059,3.03687524795532,1.4494533538818402,7.0569734573364284,6.64111423492432,4.13949537277222,9.66847610473633,1.9088716506958,-0.0924921035766602,-1.27850818634033,-8.89225673675537,-2.36366844177246,2.2539701461792
575.0,sub-0126,ses-03,run-06,cognitive,TPJ,282,cue,-1.4629802703857402,-5.20284080505371,14.9563589096069,9.80879211425781,7.76578712463379,1.93106842041016,9.44753646850586,0.0917282104492188,6.79171371459961,-1.1294059753418,8.93286895751953,0.880077362060547,-9.46001434326172,0.18880367279052696,-2.43443965911865,-3.2964448928832994,-8.58250522613525,-1.14310836791992,-1.3544197082519498,0.281978607177734,6.37903594970703,3.34808731079102,3.65271949768066,-2.16440200805664,7.35172367095947,11.676605224609402,8.35138511657715,18.191104888915998,3.60918951034546,-0.469359874725342,-12.9281358718872,-13.483030319213901,-11.2675018310547,-1.3222694396972698,3.30504107475281,-4.237220287323,9.08153533935547,-1.26659798622131,-11.2335615158081,-16.025859832763697,-1.20860910415649,5.51037693023682
,sub-0126,ses-01,run-01,vicarious,TPJ,277,cueH_stimH,9.58615016937256,-2.14185333251953,0.66746711730957,2.62080574035645,6.0805492401123,-0.651059150695801,5.514541149139401,12.2052536010742,2.5399746894836404,-1.33150160312653,-4.44099569320679,-4.75679111480713,-8.63916397094727,7.40611171722412,4.46016120910645,-1.8812980651855502,3.15553617477417,-4.7326774597167995,-12.5980796813965,-7.42711067199707,0.907947063446045,2.45700979232788,9.027017593383789,8.03725242614746,-1.43442559242249,16.9184703826904,29.8908767700195,17.8706588745117,14.3480129241943,17.9842758178711,19.4643707275391,12.7062826156616,1.30760669708252,9.54154968261719,14.466827392578098,1.77534484863281,14.5181274414062,1.4940085411071797,-4.22049140930176,8.56968593597412,-3.6713271141052206,-2.9614679813384996
,sub-0126,ses-01,run-01,vicarious,TPJ,277,cueL_stimH,-5.558096408843991,-9.86389064788818,-9.86484622955322,-20.330457687377898,1.6075998544693,-8.75660705566406,2.36165881156921,-4.71069478988647,-15.853478431701697,-6.06509971618652,-15.3555574417114,-9.74896717071533,-3.12243223190308,-13.358360290527301,-19.2954368591309,-30.801292419433604,-14.7884607315063,-12.7648515701294,0.8007266521453861,-0.607779502868652,18.8567962646484,9.19591999053955,-0.923526763916016,-0.260694980621338,15.260679244995101,3.9408349990844704,13.425377845764197,-1.32341384887695,7.75783920288086,-10.6383590698242,-8.42873191833496,-12.1456642150879,-3.0988388061523398,-3.40524673461914,-16.8710556030273,-23.7075729370117,-19.0717525482178,-7.5688591003417995,-6.67394256591797,11.296905517578098,10.3094177246094,11.0921783447266
,sub-0126,ses-01,run-01,vicarious,TPJ,277,cueH_stimM,20.6443500518799,23.892221450805696,34.460750579834,6.8931393623352095,24.485120773315398,3.5753393173217796,12.4110851287842,15.876166343689,13.823717117309599,-2.19407248497009,4.12507009506226,-4.8931941986084,-5.64503383636475,7.050244331359861,12.726842880249,15.826890945434599,4.61041975021362,11.2932891845703,-7.08951616287231,6.03180646896362,9.72651100158691,8.40364170074463,12.300774574279801,1.6799845695495599,3.77212190628052,4.127813339233399,13.980673789978,13.1767673492432,23.8656063079834,7.27024364471436,10.3089742660522,-4.71918487548828,14.9796848297119,10.698768615722699,7.10402870178223,2.05746459960938,-9.81083297729492,-2.5521659851074197,-14.8781118392944,1.2433395385742199,-11.6249732971191,-14.425422668457001
,sub-0126,ses-01,run-01,vicarious,TPJ,277,cueL_stimM,18.5738754272461,12.4032497406006,5.8251204490661594,11.1442012786865,5.17708683013916,-1.22115421295166,-0.7733860015869141,-10.4568166732788,-9.24746227264404,-6.26690578460693,6.5496525764465305,-10.5700540542603,-6.246094226837161,-12.022523880004899,-1.58850049972534,8.02054500579834,-7.33126258850098,-9.66732406616211,-1.25966930389404,-9.11319065093994,-0.358224391937256,-0.730305433273315,11.021771430969201,8.313808441162111,4.80316734313965,14.3115243911743,11.515495300292999,18.100830078125,14.2265090942383,9.62187576293945,-1.12497329711914,-0.621318817138672,2.2247123718261697,1.4960222244262702,-6.55548763275146,-8.74124717712402,2.58854103088379,-6.9360256195068395,-19.134311676025398,4.15579605102539,-7.20227384567261,-2.95121383666992
,sub-0126,ses-01,run-01,vicarious,TPJ,277,cueH_stimL,1.00758957862854,-8.4771671295166,-0.34427350759506203,-0.956070423126221,-2.44671893119812,3.5490307807922403,10.162208557128901,11.065563201904302,-8.43602085113525,2.71896481513977,-8.95597171783447,-7.18153619766235,-7.42338037490845,-4.04669809341431,-14.088717460632301,-2.4769039154052703,9.30407238006592,13.693468093872099,15.687364578247099,16.2186145782471,8.51667022705078,12.5559339523315,3.37299537658691,6.67443132400513,3.75539827346802,29.208381652832,5.76047325134277,21.4007472991943,4.2237081527710005,7.87988948822021,10.626441001892099,10.226797103881802,13.1399383544922,15.191436767578098,6.1353473663330105,-0.00138092041015625,0.8514194488525391,-10.7595500946045,-0.0346450805664062,-3.03554010391235,-8.87325382232666,-7.74209976196289
,sub-0126,ses-01,run-01,vicarious,TPJ,277,cueL_stimL,-2.9029140472412096,-6.645831108093259,2.96878623962402,-7.294635772705081,10.4172611236572,6.154370784759519,-12.9254817962646,-11.942986488342301,-6.78996992111206,-12.196137428283699,-8.92023658752441,0.11266660690307599,-11.123898506164599,-12.0463542938232,-18.7054004669189,-11.0628566741943,-9.07194900512695,2.76398611068726,-0.284078240394592,10.016991615295401,0.0467753410339355,9.3411979675293,0.41562652587890603,1.53985190391541,-17.820665359497102,-3.7100868225097696,4.28118276596069,0.788615226745605,-12.969835281372099,-7.19307708740234,-12.8190670013428,-12.688499450683599,-2.40699577331543,-6.54313659667969,1.09627532958984,-9.72055339813232,-4.028272628784181,7.20637321472168,-4.90027332305908,-4.7689208984375,2.80933570861816,-15.1997833251953
,sub-0126,ses-01,run-01,vicarious,TPJ,277,rating,-4.825570106506349,-4.23604106903076,-4.89866828918457,0.891370713710785,-2.30059933662415,-0.0317246913909912,-3.19056224822998,-0.557058811187744,4.2504711151123,-1.9081115722656203,3.24021530151367,3.82953834533691,6.63935852050781,6.62929534912109,15.772544860839801,13.570859909057601,13.4868869781494,8.69204711914062,7.57184600830078,6.14122009277344,7.20512390136719,-0.39911651611328103,5.5675373077392605,2.9895343780517596,7.8242702484130895,6.4553546905517605,5.65353965759277,6.334649562835691,14.1907501220703,11.321530342102099,9.47916507720947,5.896282196044919,3.89493823051453,4.588711261749269,5.11679744720459,6.935612678527829,12.590250015258801,8.14851570129395,4.317510604858399,6.9422917366027805,7.08166599273682,4.919702529907231
,sub-0126,ses-01,run-01,vicarious,TPJ,277,cue,-7.7477092742919895,-11.906126022338901,-8.060596466064451,-8.122082710266112,-12.1796131134033,-8.118686676025389,-1.0346469879150402,-3.51118087768555,-0.129875183105469,-1.30309200286865,-0.32367825508117704,-3.7879698276519798,-3.4776630401611297,-8.81371116638184,-8.480359077453612,-13.1133317947388,-5.90106391906738,-9.87838363647461,-3.75067138671875,-15.1153564453125,-12.99609375,-15.9535179138184,-17.684169769287102,-15.415397644042999,-9.3588752746582,-9.86816024780273,0.576885223388672,-8.40512084960938,-2.2658023834228502,-0.334559917449951,-1.44884145259857,-2.03824234008789,-6.7310466766357395,-7.00588035583496,-3.3370697498321498,-2.2552969455719,-1.1539821624755902,0.38341283798217796,1.1986300945281998,2.29848074913025,3.3125576972961404,3.80994510650635
,sub-0126,ses-01,run-01,vicarious,TPJ,278,cueH_stimH,0.140796184539795,7.09649753570557,-1.3040962219238301,11.133541107177699,3.8901405334472696,10.196901321411099,0.591227054595947,8.376953125,14.1852512359619,18.6883563995361,7.1515803337097195,8.26378440856934,2.58195877075195,10.6604747772217,11.7753009796143,3.94596672058105,13.1216554641724,12.1512451171875,8.30062103271484,7.8941354751586905,0.12081575393676801,3.49053955078125,2.5005125999450697,15.712547302246099,11.5232572555542,7.6494002342224094,1.8671407699584999,8.3340015411377,11.3935890197754,7.77634572982788,9.2459077835083,3.04532432556152,-3.2518262863159197,-7.0743522644042995,-16.6941833496094,-0.759965896606445,0.323879241943359,3.5658359527587904,-9.22245407104492,-8.6437931060791,-10.6125221252441,2.13497519493103
,sub-0126,ses-01,run-01,vicarious,TPJ,278,cueL_stimH,-5.13165998458862,-3.43942928314209,-9.054789543151859,-5.62050533294678,-10.208367347717301,0.412491261959076,-9.81416702270508,-6.89422369003296,-10.5951356887817,-15.4266443252563,2.79651975631714,-1.9164342880249,-8.864686965942381,-2.19397640228271,-1.1551914215087902,1.32087481021881,1.9807670116424598,-4.44321584701538,0.849373817443848,-0.119743585586548,5.93222379684448,7.24929046630859,1.44474506378174,-4.4804949760437,7.2709050178527805,-5.841425895690921,-7.530261039733889,-11.7847394943237,-12.005777359008801,-11.1209812164307,-15.071895599365199,-14.6355438232422,-8.73568725585938,-14.173225402832001,-13.1853790283203,-13.8398885726929,-8.08304595947266,-0.671306610107422,4.42469787597656,7.65066146850586,3.6519393920898398,1.34473037719727
,sub-0126,ses-01,run-01,vicarious,TPJ,278,cueH_stimM,15.457916259765598,7.9538836479187,-3.22377824783325,4.119384765625,-5.2949857711792,7.18121767044067,-12.397481918334998,-5.117989540100099,-3.6423761844634996,2.8810629844665496,9.40977478027344,13.662078857421902,8.19488430023193,-0.10679465532302901,1.33360624313354,5.83348751068115,11.7586660385132,-2.1662611961364697,6.39330196380615,-1.47290182113647,-3.2250990867614706,-6.82814073562622,-2.3245697021484397,-2.95760846138,-2.86644792556763,-16.1107711791992,-9.2939567565918,-2.36665439605713,15.411314010620101,17.4134483337402,18.3577919006348,-1.9860038757324199,7.135075569152829,3.82547569274902,-2.33307266235352,-7.29808044433594,-14.286529541015598,-14.7846336364746,-18.251308441162102,-7.70609045028687,-4.5326070785522505,-6.10206174850464
,sub-0126,ses-01,run-01,vicarious,TPJ,278,cueL_stimM,5.85145139694214,14.3623046875,13.6398582458496,16.681848526001,22.5770435333252,7.7077960968017605,10.5817861557007,8.70227813720703,12.7305212020874,14.195072174072301,5.230441570281981,12.1327362060547,8.207546234130861,4.1340217590332005,13.853578567504899,11.222555160522498,20.929363250732397,8.51509761810303,12.4853057861328,5.35113525390625,2.28689050674438,9.251298904418949,-0.547638416290283,6.76072454452515,-0.968375205993652,1.2379226684570301,1.52823352813721,5.9745779037475595,11.3463382720947,5.890182971954349,3.3069057464599596,-2.69707822799683,-3.00344181060791,-5.27117443084717,-14.7910575866699,-2.05769538879395,-10.080726623535199,-12.399171829223599,-4.870521545410161,-10.1193504333496,-3.48385238647461,-5.6299552917480495
,sub-0126,ses-01,run-01,vicarious,TPJ,278,cueH_stimL,12.809337615966802,6.9895281791687,4.52381038665771,-4.20089054107666,-8.583995819091799,3.7726089954376203,-2.8535573482513397,-1.88767385482788,2.87548017501831,-7.12612104415894,-2.47830009460449,-2.7824969291687,6.41971349716187,6.56036376953125,7.5974016189575195,3.6616349220275897,8.06099224090576,4.423026084899901,6.2689733505249,10.9772329330444,6.8771276473999,7.84529829025269,-3.2524261474609397,-6.180447578430179,-4.53142595291138,6.829907417297361,3.96876859664917,-5.98487949371338,5.72922658920288,-4.99579095840454,-18.352342605590803,-8.89390182495117,-8.289318084716799,-9.92854309082031,-4.19266319274902,-0.0822830200195312,-9.77831268310547,-12.0983448028564,-4.42739391326904,-1.02400755882263,-7.16236972808838,-2.3865852355957
,sub-0126,ses-01,run-01,vicarious,TPJ,278,cueL_stimL,2.49315547943115,10.3587522506714,11.035850524902301,6.05056381225586,4.9240870475769,5.48058938980103,-0.7630053162574771,6.567532539367679,5.2610192298889205,8.46830177307129,12.3457698822021,15.884629249572802,3.8939020633697496,8.441282272338869,9.29386901855469,11.380867004394501,15.989394187927198,6.28561019897461,17.026226043701197,9.25368118286133,6.080349922180179,5.22823572158813,12.614978790283198,4.29673194885254,-5.30569839477539,3.00965023040771,-4.1493239402771005,-3.34970378875732,-14.9457426071167,-18.0092086791992,-12.8764200210571,-17.1871585845947,-13.288562774658198,-10.082336425781198,-7.57878112792969,-19.3505630493164,-5.39884185791016,-13.570351600647,-13.052998542785598,-12.43798828125,-2.9112529754638703,7.31339073181152
,sub-0126,ses-01,run-01,vicarious,TPJ,278,rating,-4.86123943328857,-4.0982384681701705,-3.93522977828979,-1.12773001194,-0.329343974590302,-2.6421756744384797,-1.64883041381836,0.0912060737609863,0.5281782150268549,2.90585041046143,6.2631368637085,6.86488151550293,4.36788749694824,4.25356674194336,4.08391571044922,3.46970748901367,6.55588150024414,3.6299901008605997,2.5517911911010698,-0.150535583496094,-1.72843933105469,-5.01630973815918,-2.51595687866211,-4.09972095489502,-1.7972986698150601,-4.68835639953613,-4.13009262084961,-2.5708463191986097,-0.422384262084961,9.83831310272217,0.263389587402344,0.9998092651367191,-0.8126456737518309,-0.357168674468994,1.2969894409179699,0.7166922092437741,1.41898822784424,-0.38679480552673295,0.0145926475524902,-1.93073010444641,2.45693469047546,1.57170104980469
,sub-0126,ses-01,run-01,vicarious,TPJ,278,cue,-10.2116165161133,-4.3648681640625,-10.4178333282471,-8.29030609130859,-4.4337272644042995,-4.6086568832397505,-0.398345947265625,1.3880195617675801,-0.44298171997070296,-1.3015441894531201,-0.847101449966431,-1.84975910186768,1.53329849243164,-2.9786176681518595,-5.884198188781741,-11.715764045715302,-14.492103576660199,-12.6548023223877,-12.9850540161133,-11.859012603759801,-12.9936676025391,-16.3231792449951,-15.440815925598098,-14.3947439193726,-15.4262371063232,-12.209300994872999,-4.44133758544922,-6.236774444580081,-4.22632026672363,-0.8426527976989749,-1.4250956773757901,-3.7757015228271498,-0.147458910942078,-4.35082006454468,-3.4565193653106703,-0.119432210922241,-7.00848579406738,2.77605652809143,-5.227538108825679,2.77836847305298,1.27082824707031,-3.11661291122437
,sub-0126,ses-01,run-01,vicarious,TPJ,279,cueH_stimH,5.24895715713501,-10.857158660888699,12.1119136810303,-13.2232151031494,-6.71476554870605,-9.30306243896484,-14.386860847473098,-4.54954051971436,-22.1199073791504,7.44215202331543,-12.9406261444092,20.236795425415,2.59174299240112,16.9836444854736,20.5521469116211,14.8126792907715,-0.405200839042664,6.122793674468991,5.68033409118652,-0.9158616065979001,11.344911575317399,-7.18560886383057,16.6752777099609,10.946535110473599,5.90248680114746,10.019079208374,12.1286306381226,2.51558637619019,11.292233467102099,-2.2279601097106903,5.20691204071045,5.20712471008301,0.670670509338379,4.2640523910522505,-7.723064422607419,-0.960471153259277,8.390346527099611,3.0213909149169904,0.364394664764404,1.68055534362793,-12.199399948120101,-5.553340911865231
,sub-0126,ses-01,run-01,vicarious,TPJ,279,cueL_stimH,-14.158583641052198,-13.4466466903687,-20.587848663330103,6.00144100189209,-0.345757842063904,-14.296630859375,-16.176345825195302,-14.433962821960401,-19.534091949462898,-5.33225297927856,-6.72683572769165,-3.11016416549683,8.93692684173584,-16.7478313446045,-0.36160540580749495,-6.093487739562991,4.430026531219481,-5.43531799316406,0.338352918624878,8.185778617858888,-1.68284463882446,-6.09566688537598,-13.731164932251,-25.392555236816396,-17.9896297454834,-4.51751327514648,-17.4675331115723,-3.47566413879395,-11.7703323364258,-4.50525093078613,-19.614181518554698,-11.342769622802699,-10.838752746582001,-19.2721061706543,-21.111385345459002,-24.6287689208984,-12.1453533172607,-11.7916412353516,0.8539047241210941,3.60164260864258,1.420654296875,-8.15456581115723
,sub-0126,ses-01,run-01,vicarious,TPJ,279,cueH_stimM,3.94831228256226,-9.18806838989258,-0.21290862560272197,-11.3816375732422,3.3236293792724596,-16.6842288970947,-7.6250324249267605,5.487567901611331,1.99794292449951,23.444503784179698,19.7071704864502,31.5934524536133,21.803373336792003,19.7828769683838,44.7939796447754,22.99072265625,18.9307861328125,21.222412109375,18.4664306640625,12.6088953018188,-1.25583505630493,-13.133399963378901,-14.261415481567399,-1.27905058860779,0.0216836929321289,-6.0004367828369105,-12.954690933227502,-14.3447914123535,-10.1928606033325,-28.5512046813965,-7.60062503814697,-26.111007690429698,-7.59966278076172,-15.997161865234402,3.31595230102539,10.9613189697266,-18.6619663238525,-0.81617546081543,0.336126327514648,2.08895683288574,-7.59142255783081,-10.7837085723877
,sub-0126,ses-01,run-01,vicarious,TPJ,279,cueL_stimM,-3.48979377746582,5.98037242889404,0.529684782028198,-5.565837860107419,-1.83410167694092,-12.158285140991199,12.100531578064,9.42862510681152,-1.84681987762451,6.162786960601809,22.648063659668,18.793422698974602,19.414627075195302,30.1699733734131,20.912000656127898,30.386610031127898,31.778051376342802,0.907839179039001,24.6651420593262,11.7243137359619,3.8155641555786097,-3.70448684692383,7.42259311676025,-7.69953203201294,5.69742298126221,3.59385561943054,5.52099466323853,4.95196914672852,6.7434720993042,-7.5636625289917,-8.99810409545898,-5.7601199150085405,9.8851957321167,-2.31239223480225,-14.612750053405799,0.555694580078125,-15.3878440856934,-13.5816287994385,-9.98038101196289,-11.404172897338901,-18.100177764892603,-15.1670875549316
,sub-0126,ses-01,run-01,vicarious,TPJ,279,cueH_stimL,24.717870712280302,9.51898956298828,12.6666040420532,-7.7426261901855495,-7.2407512664794895,-26.063720703125,-6.70673942565918,-8.04214572906494,-14.4527921676636,2.55643510818481,14.770672798156701,14.070743560791,32.7932968139648,30.802589416503896,23.7683429718018,35.681831359863295,47.765167236328104,31.727317810058604,24.630374908447298,14.5892343521118,6.9248628616333,-1.5387878417968797,-20.279956817627,-16.2108135223389,-14.003868103027301,-0.860467672348022,-17.5728874206543,-7.3576831817627,-16.8105850219727,-3.07226657867432,-9.33688259124756,9.463319778442381,18.6516227722168,-1.00413131713867,-2.19758415222168,-4.93903350830078,-1.23031425476074,-5.25024795532227,-5.81510925292969,-9.40695858001709,-3.9481182098388703,-6.417301177978519
,sub-0126,ses-01,run-01,vicarious,TPJ,279,cueL_stimL,21.2051086425781,2.28779029846191,6.84218597412109,2.7411212921142596,-15.5805044174194,6.76705455780029,-18.9604530334473,2.06525921821594,-0.424025565385818,11.5816898345947,4.93843078613281,19.279140472412102,1.1654787063598602,11.472555160522498,28.0793266296387,30.1955890655518,26.670297622680696,21.6619663238525,30.356824874877898,0.596651792526245,15.0624732971191,-4.09237003326416,2.27570724487305,8.15848445892334,-5.841949462890621,-3.77090930938721,-14.954395294189501,1.34772109985352,-16.8454437255859,5.4820728302002,-28.231544494628896,-6.33549499511719,-6.778194427490231,-11.185863494872999,-8.38931083679199,-15.366107940673801,-4.69501686096191,-20.1386032104492,-13.3703899383545,-0.9658203125,2.7802352905273398,-7.1153469085693395
,sub-0126,ses-01,run-01,vicarious,TPJ,279,rating,0.219336032867432,1.15428459644318,2.00773525238037,2.6862668991088903,-0.728251934051514,3.16193580627441,2.17618083953857,8.51253604888916,11.7360553741455,16.7080383300781,22.491098403930696,26.015935897827102,34.2675743103027,36.1482391357422,34.749542236328104,27.5801048278809,22.7041358947754,17.0402202606201,9.844133377075199,2.6639347076416002,-5.42456817626953,-7.4853019714355495,-10.191014289856,-12.2899322509766,-10.116584777832001,-10.0111980438232,-9.24488544464111,-5.86182737350464,-4.7715220451355,1.22324538230896,-1.6094388961791999,-3.0102591514587402,-6.89697694778442,-5.360084533691411,-5.591055393218991,-8.04874992370605,-2.6953182220458998,-8.85564804077148,-3.4397125244140603,-7.8868083953857395,-1.8149213790893601,-7.853121757507321
,sub-0126,ses-01,run-01,vicarious,TPJ,279,cue,-2.7899169921875,1.64936828613281,-1.0834922790527302,0.255017280578613,-4.587523460388179,-3.64491415023804,-3.7105998992919904,-9.43429946899414,3.52955436706543,4.31824207305908,11.603130340576199,15.5098705291748,10.013154983520499,11.625,9.04800891876221,10.6887369155884,6.68731880187988,2.72408676147461,-2.7251739501953103,-9.00055694580078,-11.874366760253901,-9.72623062133789,-5.6450309753417995,-8.45839023590088,-7.485651016235349,-2.2939834594726602,-2.65627670288086,3.60960006713867,4.2570104598999,6.735478401184079,8.90054988861084,1.02752208709717,9.4674015045166,6.46516990661621,8.56210327148438,10.3980846405029,11.562783241272,10.2402830123901,5.32312488555908,13.2721471786499,1.7930064201355,7.54163408279419
,sub-0126,ses-01,run-01,vicarious,TPJ,280,cueH_stimH,-7.39642524719238,-9.73277568817139,-5.80080795288086,-2.8827896118164102,-7.78902816772461,-9.78142356872559,-8.090358734130861,-12.7741279602051,1.29060888290405,4.78848552703857,13.783694267272901,5.77425765991211,9.848456382751461,14.5550804138184,20.2071361541748,31.475902557373,22.1282272338867,33.085906982421896,19.30198097229,25.871873855590803,18.4160137176514,13.099964141845698,17.654005050659197,7.7096881866455105,4.18927049636841,-10.7336902618408,-13.7565021514893,-12.8228340148926,3.35818576812744,6.032089710235599,11.2950048446655,7.572308540344241,-4.21377754211426,-3.20223999023438,-2.1090946197509797,3.5446624755859397,8.40656280517578,5.46661233901978,-3.12999725341797,-17.182861328125,-25.4705810546875,-7.80249118804932
,sub-0126,ses-01,run-01,vicarious,TPJ,280,cueL_stimH,-0.279858112335205,-6.73282289505005,-18.862838745117198,-17.283332824707,-18.022739410400398,-17.144474029540998,-7.71335649490356,-15.2226819992065,-15.685797691345199,-11.571833610534698,-7.41383504867554,4.50639152526855,19.269268035888697,23.380750656127898,26.3598308563232,23.441858291626,15.6728353500366,11.8578758239746,23.7506446838379,24.5908355712891,23.5825176239014,14.195909500122099,-1.65578842163086,-14.0559959411621,-9.24055290222168,-11.1187419891357,-0.24052906036376998,-9.27411651611328,-5.2648344039917,-13.0172271728516,-17.1461200714111,-16.5331077575684,-12.093402862548801,-4.91763687133789,-15.6930541992188,-7.268671035766599,-3.6023364067077597,-7.63802337646484,2.19985961914062,11.703514099121099,10.3746337890625,-1.16643142700195
,sub-0126,ses-01,run-01,vicarious,TPJ,280,cueH_stimM,-2.94505715370178,-1.77025008201599,-14.428560256958,-13.532918930053699,-10.14928150177,-18.7126693725586,-8.67335319519043,-10.849098205566401,3.54774141311646,4.70432233810425,18.0488033294678,15.768897056579599,19.7875957489014,27.2007865905762,25.701612472534197,27.4377975463867,25.8435554504395,22.5259304046631,26.275806427002,13.356830596923801,9.61147689819336,1.83172225952148,-4.38354635238647,-6.91626739501953,-5.67752313613892,-15.640719413757301,-20.935138702392603,-4.39587450027466,-3.89165496826172,-2.59308528900146,-1.8508625030517598,-7.058538436889651,-3.5462770462036097,-2.61734199523926,2.4360771179199197,-1.51579284667969,-11.972131729126,-8.14057445526123,-4.976770401000981,-0.23500728607177698,-3.08756828308105,-5.09287548065186
,sub-0126,ses-01,run-01,vicarious,TPJ,280,cueL_stimM,-6.270633697509769,-10.510049819946301,-12.201784133911099,-4.10947799682617,0.0858993530273438,-7.25328063964844,-10.397888183593802,-9.032632827758789,4.99949026107788,23.775259017944304,28.153221130371104,24.1588478088379,26.1772384643555,22.2541942596436,28.7709445953369,33.070068359375,31.7227725982666,29.5365009307861,16.5977172851562,17.931814193725604,11.9756622314453,13.2076768875122,5.53221797943115,9.822469711303711,1.5267415046691901,-4.51110982894897,1.35870981216431,5.82992935180664,-0.217529773712158,1.12182950973511,6.09018325805664,-3.0826025009155296,-0.826380729675293,-5.13549041748047,-9.4793815612793,-8.85355758666992,-1.6862087249755902,-17.643180847168,-11.6628265380859,0.589807033538818,-0.979912400245667,-4.1449470520019505
,sub-0126,ses-01,run-01,vicarious,TPJ,280,cueH_stimL,18.2419471740723,8.936625480651859,5.50626707077026,-4.19231700897217,-6.16581249237061,-11.518666267395,-7.64929103851318,-9.06977653503418,4.61474323272705,-12.67298412323,-3.7355670928955096,7.88464450836182,21.9642314910889,32.7422523498535,29.6817626953125,25.778751373291,25.284343719482397,19.405572891235398,27.5718307495117,25.9226570129395,23.1980495452881,14.1240873336792,5.39404201507568,-13.2682418823242,-14.7002735137939,-8.24826240539551,-4.633379459381099,3.26834201812744,-6.50203084945679,-8.15921211242676,-15.9266624450684,-9.72293186187744,-6.741424560546879,-6.3372516632080105,-10.738706588745101,-14.2515106201172,-15.835346221923801,-14.7461280822754,-13.1807327270508,-5.3641242980957005,-8.75923156738281,-11.366230010986301
,sub-0126,ses-01,run-01,vicarious,TPJ,280,cueL_stimL,7.92134952545166,16.3325119018555,3.1849479675293,0.23741340637207,11.8494071960449,0.18305689096450797,-2.48450374603271,5.09384632110596,10.981351852417,17.594882965087898,14.776111602783198,27.816801071167003,15.6521472930908,28.275882720947298,31.397991180419897,36.556938171386705,40.2011222839355,48.518192291259794,43.3797607421875,28.751667022705103,24.1682949066162,13.793948173522901,13.2666025161743,3.8142340183258097,9.947549819946289,-0.15748596191406197,2.20657348632812,-5.85004329681396,-4.93790054321289,-5.107946395874019,-0.110821723937988,-10.824586868286099,-8.19604873657227,-2.1414337158203103,-11.1674041748047,-12.141066551208501,-8.5597095489502,3.08841228485107,-11.2757177352905,-4.1612548828125,1.7875175476074199,13.0973215103149
,sub-0126,ses-01,run-01,vicarious,TPJ,280,rating,-7.1467580795288095,-3.6356461048126203,-2.17043113708496,0.3817464113235471,2.93854022026062,0.27738869190216103,-1.3470153808593797,0.354407787322998,0.730704307556152,7.2463474273681605,8.001877784729,8.435153961181639,9.06232833862305,8.82680511474609,7.68833160400391,9.03450012207031,8.66034889221191,7.8088893890380895,5.8271017074585,-1.2731742858886699,-8.65802001953125,-14.2201824188232,-13.328331947326697,-12.991823196411099,-10.9534454345703,-8.94863319396973,-13.467158317565902,-13.128299713134801,-11.291627883911099,-6.240483283996579,-6.948308944702151,-8.25481224060059,-11.7575168609619,-13.195040702819801,-11.585646629333501,-5.45437383651733,-4.58989906311035,-6.5265216827392605,-9.33241176605225,-8.11691284179688,-8.07806777954102,-5.26027250289917
,sub-0126,ses-01,run-01,vicarious,TPJ,280,cue,0.652744293212891,-5.56239128112793,-6.196842193603519,-4.4044504165649405,-2.8886251449585,1.92819964885712,4.367479324340819,5.10967826843262,6.390811920166019,8.10191535949707,10.5226430892944,11.9369792938232,14.1064281463623,14.6434640884399,13.0651245117188,9.63967418670654,5.21504783630371,3.9616909027099596,6.064395904541019,4.78865051269531,-0.543914794921875,0.604133605957031,-0.54102897644043,-0.8570454120635991,-1.5716629028320301,5.810489654541019,5.475799560546879,6.3192634582519505,4.93306446075439,4.58111524581909,0.850852131843567,1.46510362625122,6.426541328430179,8.95629405975342,7.67280387878418,13.2761840820312,12.1996212005615,9.361897468566891,15.359992980957001,13.622166633606,12.1868209838867,2.4469966888427703
,sub-0126,ses-01,run-01,vicarious,TPJ,281,cueH_stimH,19.609899520874,-5.0050973892211905,5.51156234741211,-3.4552841186523398,5.51240634918213,-1.9963674545288101,1.13576507568359,-20.5242691040039,-12.4742012023926,16.6821117401123,-5.54676723480225,-8.31876373291016,-14.4063730239868,-18.1167087554932,-13.369625091552699,-4.88878631591797,-7.8436541557312,-10.360030174255401,2.4144463539123504,-25.404359817504897,0.637041091918945,-8.234194755554201,22.8330478668213,26.8088531494141,26.0533065795898,26.266592025756804,21.467971801757802,17.640670776367198,21.981590270996104,18.2082214355469,14.967671394348098,19.2129592895508,4.01229381561279,1.5277128219604499,-19.665060043335,-3.43117618560791,34.3230400085449,27.244064331054698,20.1426029205322,-17.587474822998,-6.48520278930664,-15.619836807251
,sub-0126,ses-01,run-01,vicarious,TPJ,281,cueL_stimH,-1.05576848983765,-9.014955520629881,-4.05639696121216,-12.5643854141235,-10.1103572845459,-12.7734537124634,-11.605350494384801,-12.4035902023315,-15.3600521087646,-10.9868478775024,-2.64320182800293,-9.20194721221924,2.52415895462036,-26.5451850891113,-15.8129892349243,-15.463740348815902,-30.830223083496104,-32.654354095459,-29.108423233032198,-1.30012512207031,17.819837570190398,12.103034973144501,-6.89557075500488,1.1201057434082,-12.662834167480499,1.92509174346924,-14.005653381347699,2.2153596878051802,4.66086196899414,-1.9155216217041,-12.041099548339801,-9.33763885498047,-11.0234909057617,-21.1193809509277,-3.56149291992188,0.768291473388672,-29.7097282409668,6.183868408203121,6.77178955078125,-5.26380920410156,-13.095611572265598,12.669436454772901
,sub-0126,ses-01,run-01,vicarious,TPJ,281,cueH_stimM,-17.7244663238525,-10.465747833252,4.74448442459106,-1.3381311893463101,-3.64297962188721,-3.1386518478393595,2.82242393493652,6.296799659729,-2.14615058898926,-0.421768009662628,12.8136396408081,20.810289382934602,19.9380702972412,9.36064910888672,36.6281089782715,-1.31722736358643,23.4082298278809,21.090229034423803,21.2691917419434,19.204486846923803,27.3315124511719,0.224273204803467,15.484437942504899,8.703038215637209,22.436882019043,2.2317261695861803,2.28547096252441,-5.45536136627197,9.02666473388672,2.48792743682861,18.4236793518066,-2.1375579833984397,-7.936306953430179,-4.30886459350586,31.404333114624,13.0244293212891,-0.71263313293457,-22.7939796447754,10.760683059692399,-15.8137111663818,-1.56947088241577,4.48526477813721
,sub-0126,ses-01,run-01,vicarious,TPJ,281,cueL_stimM,-9.17679500579834,3.4408349990844704,-20.373987197876,11.358726501464801,8.43460369110107,-5.575900077819821,-17.047954559326197,-0.530435562133789,8.82943248748779,-13.9049940109253,13.8045082092285,8.358425140380861,1.29411292076111,-3.9133660793304403,-8.64580917358398,7.8982439041137695,-7.533358573913571,6.92642784118652,15.0004329681396,-7.115750312805179,-6.647864818573001,6.81632852554321,-10.93274974823,-2.9437410831451403,-4.09908676147461,9.20085144042969,14.421149253845199,-1.25191974639893,-3.9313123226165803,-10.3881940841675,-4.37329149246216,9.98759841918945,8.33817481994629,-8.07444381713867,6.5644245147705105,5.35356330871582,7.1473388671875,-28.2315502166748,2.66077423095703,21.9702644348145,-13.8128051757812,-22.1705474853516
,sub-0126,ses-01,run-01,vicarious,TPJ,281,cueH_stimL,21.411907196044897,19.3715209960938,-0.838033020496368,-27.397537231445302,1.0178446769714398,-7.977519989013669,-2.4239056110382102,13.2809276580811,5.630157470703121,6.58131837844849,-1.62957155704498,-2.62210154533386,4.56712484359741,28.7856769561768,9.82622814178467,20.7659473419189,9.51669025421143,-0.483304023742676,2.67758369445801,16.0032005310059,8.34036445617676,7.317151069641111,-5.01326036453247,-27.113113403320302,-31.6526565551758,-8.8646354675293,-12.120786666870101,13.698753356933599,12.351226806640598,10.596821784973098,4.17784881591797,-4.56857776641846,0.25915813446044894,12.498086929321301,-0.156829833984375,5.50823211669922,-14.804536819458,-6.1798095703125,6.27231407165527,1.64007568359375,12.8952026367188,23.2450103759766
,sub-0126,ses-01,run-01,vicarious,TPJ,281,cueL_stimL,18.285572052002,-8.66556930541992,-10.150934219360401,-5.737224578857419,-14.4023685455322,-11.015723228454599,-1.32957923412323,-21.8865966796875,0.986349701881409,-11.866477966308599,12.9424476623535,-5.2079439163208,-1.46942591667175,-7.03691101074219,-8.12139415740967,9.85465621948242,2.7281429767608603,14.9900054931641,17.378511428833,4.68883371353149,2.5971446037292503,3.3403928279876696,-7.24774837493896,5.757877349853519,1.6851501464843797,29.595260620117198,10.736900329589801,8.45101737976074,3.37361431121826,2.5776138305664102,-14.0691499710083,-12.4728050231934,-0.760271072387695,-2.5899200439453103,-0.622354507446289,9.93793296813965,1.77671813964844,-10.8098764419556,-11.641195297241199,-10.577392578125,-28.4828186035156,-15.1611175537109
,sub-0126,ses-01,run-01,vicarious,TPJ,281,rating,-5.00146722793579,-4.343281269073491,0.325252413749695,2.1009330749511697,6.96012783050537,3.02771663665771,2.99456739425659,-1.26473951339722,-2.47122097015381,3.32946109771729,7.09128379821777,10.0584506988525,12.3043670654297,16.6413841247559,10.897674560546902,8.80678749084473,9.15953254699707,8.06533050537109,11.3663749694824,8.1188793182373,1.95863342285156,-0.222419738769531,-0.941577911376953,-3.0269994735717796,-0.646900177001953,1.3893817663192702,1.09367370605469,4.29679870605469,3.10224342346191,7.24561405181885,4.2169685363769505,4.77914047241211,10.0364484786987,-2.55455684661865,0.0693159103393555,-0.5988160371780401,12.338496208190902,5.5471363067627,1.30092692375183,-0.798107624053955,5.09526824951172,-0.13753414154052698
,sub-0126,ses-01,run-01,vicarious,TPJ,281,cue,-2.91150856018066,-7.88479232788086,-3.3351478576660196,-5.4492092132568395,-6.7860403060913095,-11.7647705078125,-4.38620948791504,-4.39482879638672,-7.95903778076172,-1.5133986473083503,-1.57269692420959,4.25325107574463,6.07629108428955,6.9812335968017605,6.720820426940921,8.86160755157471,1.23346138000488,-12.2506256103516,-6.66974639892578,-5.94303131103516,-5.80103302001953,-4.57703399658203,-8.235180854797362,-4.73787117004395,-5.31225967407227,-2.8723258972168,0.518207550048828,1.3554801940918002,2.7441864013671897,5.92847394943237,-0.439121007919312,1.9355978965759297,4.88303089141846,-4.08327007293701,16.8874244689941,4.6993088722229,8.91339683532715,10.9719486236572,-0.197853565216064,6.687091827392581,-3.1072328090667702,9.04277992248535
,sub-0126,ses-01,run-01,vicarious,TPJ,282,cueH_stimH,-13.407726287841802,-1.80467224121094,22.943956375122102,-13.2246036529541,-2.28612518310547,-11.9396705627441,1.2145819664001498,-13.194297790527301,3.32014846801758,9.87554836273193,-0.329946756362915,-0.519888877868652,-32.0618057250977,-9.47052478790283,-27.1361770629883,0.819859504699707,-23.047353744506804,-4.013508319854741,-20.0138092041016,-14.848381042480499,0.30068683624267606,-9.65861988067627,34.351852416992195,20.2155666351318,22.168479919433604,-0.695643424987793,-16.374885559082,-9.32047653198242,12.0998973846436,11.2514200210571,11.4554529190063,38.2960433959961,1.2796516418457,9.80711364746094,-20.7778263092041,5.597119331359861,19.3690147399902,15.4188556671143,3.84638547897339,-24.9117317199707,-20.846666336059602,-25.4302101135254
,sub-0126,ses-01,run-01,vicarious,TPJ,282,cueL_stimH,7.11649751663208,0.972156047821045,-20.1388149261475,-10.0117712020874,-13.1077613830566,-34.392730712890604,-17.3472595214844,-41.232738494873,-28.6640110015869,-10.266912460327099,-19.504938125610398,-29.752151489257802,-5.19099521636963,-4.18549823760986,-13.569610595703098,4.327764511108399,-2.5093376636505096,-15.435307502746598,10.8179454803467,-8.854246139526369,-0.7191677093505859,0.0429868698120117,-14.5362796783447,-19.310718536377,-4.097163677215581,-9.63144111633301,-8.84083461761475,-14.6273717880249,-17.563673019409197,-22.5019340515137,-8.71685791015625,-1.90166854858398,-8.86152648925781,-5.05413436889648,-0.655685424804688,9.14726638793945,-3.0450129508972203,3.68462371826172,6.60906982421875,1.17978286743164,1.9650955200195301,-9.33800506591797
,sub-0126,ses-01,run-01,vicarious,TPJ,282,cueH_stimM,-2.00223398208618,-1.10882723331451,-22.9983444213867,-24.1704788208008,-5.91565036773682,-46.912868499755895,-30.0552635192871,-13.643394470214801,-5.210788249969481,1.8971629142761202,23.3669357299805,5.7234182357788095,20.290472030639602,12.5890064239502,19.340753555297898,-6.0034275054931605,-3.92579102516174,-14.421888351440401,-9.75550651550293,5.91320085525513,-8.17957878112793,-5.740247249603269,9.69119453430176,1.47878575325012,6.09964561462402,-14.766746520996099,-29.3257942199707,-14.3901529312134,4.5515890121460005,1.6580648422241202,2.7375516891479506,-16.4521636962891,-11.706895828247099,3.96834754943848,11.524087905883801,9.940673828125,2.15986061096191,-16.7397441864014,22.7292823791504,-0.36927604675292997,-10.3004608154297,-8.49451351165771
,sub-0126,ses-01,run-01,vicarious,TPJ,282,cueL_stimM,-10.3106842041016,-13.485401153564501,-23.3118171691895,13.2711524963379,6.63666534423828,-11.173091888427699,-15.8271484375,-20.838359832763697,-7.69270658493042,-12.8985691070557,2.23810720443726,0.738990128040314,4.13394451141357,-13.3054714202881,1.8081169128418002,18.212945938110398,17.0738830566406,2.9077920913696302,-18.6247444152832,-5.91844892501831,-9.22317504882812,-9.33726596832275,-13.019035339355499,1.32441639900208,9.99000358581543,-8.961790084838869,-14.8972177505493,-22.889846801757802,-13.624961853027301,5.09622669219971,-5.38029432296753,1.41508197784424,-0.828338623046875,6.764774322509769,8.41538524627686,-10.173357009887699,-18.807147979736303,-17.013107299804698,-9.889404296875,11.7520332336426,-5.0625300407409695,-3.14116287231445
,sub-0126,ses-01,run-01,vicarious,TPJ,282,cueH_stimL,6.047480583190921,13.807848930358901,-7.7762761116027805,-18.306819915771502,10.894161224365199,-10.7945804595947,-6.772717475891111,-26.6543083190918,-7.52797508239746,-24.8992748260498,-21.427698135376,5.5299072265625,22.2306098937988,27.921854019165,38.50584030151371,23.120836257934602,24.4932518005371,-4.62336158752441,12.1179733276367,-6.1201877593994105,10.100643157959,-2.44501447677612,4.93394660949707,-17.9194221496582,-4.08584022521973,-2.59316372871399,8.71152877807617,-2.85016679763794,3.42234897613525,-8.958356857299801,-20.1076583862305,1.9507942199706998,-11.530487060546902,6.897161483764651,5.897649765014651,-4.297630310058589,-13.016902923584,-12.2496948242188,0.5192365646362299,0.30798387527465804,-8.82473373413086,13.5197296142578
,sub-0126,ses-01,run-01,vicarious,TPJ,282,cueL_stimL,13.912334442138699,-13.4933300018311,-6.460784912109379,-23.0705070495605,-3.02498817443848,-21.826129913330103,-3.7718265056610094,-11.671095848083501,0.481469988822937,13.050987243652301,-25.0370140075684,-0.956576585769653,-6.53608512878418,-2.64513444900513,-5.840807914733889,3.1793980598449703,3.9642550945282,12.5529365539551,13.0323028564453,4.56339168548584,5.622807502746579,-16.7955017089844,8.02281093597412,-8.20395851135254,14.787257194519,5.85603141784668,-8.79206657409668,4.40482997894287,-17.3878440856934,-8.06243896484375,-2.7373600006103502,13.6749687194824,7.695367813110349,4.106849670410161,-9.883729934692381,-7.3858814239502,-25.831968307495103,-26.363708496093803,10.3455047607422,-2.433837890625,16.3480110168457,16.2617225646973
,sub-0126,ses-01,run-01,vicarious,TPJ,282,rating,-11.8613195419312,-12.4842119216919,-12.6358957290649,0.988012433052063,2.65355277061462,-3.7819089889526403,-6.50821828842163,-6.824002265930179,-11.1283597946167,-11.4195289611816,-9.22175216674805,-8.09483337402344,-11.2815551757812,-19.480381011962898,-14.5223846435547,-12.131126403808599,-17.5337200164795,-2.5826220512390097,-2.2486591339111297,-3.15387916564941,-9.48458099365234,-8.700428009033201,-10.5641508102417,-8.89552307128906,-6.32818841934204,-8.91154670715332,-14.770286560058599,-18.6231536865234,-13.8561239242554,-8.67506980895996,-1.73488712310791,-11.7127771377563,-11.016860008239698,-12.1695652008057,-10.352764129638699,-7.6613459587097195,-0.915386199951172,-2.5909008979797403,-6.63864994049072,-6.23496150970459,-13.766727447509801,-7.7359824180603
,sub-0126,ses-01,run-01,vicarious,TPJ,282,cue,-2.6401748657226602,-6.31755828857422,-8.53512001037598,2.75156879425049,-6.06644153594971,8.50653648376465,3.63791275024414,5.50577735900879,2.98618221282959,-7.91172122955322,-7.1273717880249,-3.0385725498199503,6.54323291778564,4.86642932891846,6.5129299163818395,11.2795400619507,7.221088409423831,8.33741760253906,13.403076171875,21.356399536132802,17.7415924072266,12.041587829589801,14.6739444732666,3.7857217788696302,0.73121452331543,0.655158996582031,6.26660919189453,12.5047359466553,7.00995635986328,5.4238142967224094,9.60444068908691,6.22334718704224,10.373192787170401,23.0234260559082,21.577661514282198,12.866003990173303,21.487957000732397,14.2542266845703,25.4254150390625,22.2084522247314,22.2863445281982,11.3610010147095
,sub-0126,ses-01,run-02,pain,TPJ,277,cueH_stimH,-6.065181732177731,-5.428340911865231,2.20403671264648,-7.65244340896606,5.0060281753539995,-20.210334777832,-16.658058166503903,-17.1665191650391,-11.285755157470698,4.075462341308589,-7.58496856689453,8.40961360931396,8.80015659332275,-12.427379608154302,-12.2445611953735,1.4625688791275,-4.82736349105835,-5.62709903717041,-13.684832572937,-12.6273097991943,-22.916160583496104,-33.888748168945305,-26.7470703125,-17.655170440673803,-10.3385438919067,-3.13827538490295,-3.5311100482940696,1.98320913314819,11.7635717391968,13.4948015213013,27.1199550628662,15.933713912963901,11.2653646469116,30.939096450805696,10.0446729660034,6.6646523475647,5.822339057922361,14.524974822997999,20.25634765625,23.5921649932861,8.877424240112301,13.1087236404419
,sub-0126,ses-01,run-02,pain,TPJ,277,cueL_stimH,11.631477355957001,13.638893127441401,13.572996139526401,4.28792858123779,15.592906951904302,20.2330474853516,11.618968963622999,23.681007385253896,1.15080666542053,6.41673183441162,-7.4616174697876,-1.2666587829589802,10.9363012313843,-1.1568634510040299,2.75951385498047,-1.96804141998291,-3.8094158172607404,-2.2307536602020295,-0.514761328697205,-9.50786018371582,4.08680248260498,-2.4355921745300297,-9.91114521026611,9.5709810256958,8.782957077026369,-9.69129848480225,4.6382951736450195,-4.853906631469731,-10.464500427246099,27.1480331420898,33.0463180541992,13.1752414703369,31.197513580322298,13.1043119430542,16.4805393218994,18.189350128173803,-3.3956298828125,12.4045829772949,5.63790512084961,12.197906494140598,0.569439172744751,17.873121261596697
,sub-0126,ses-01,run-02,pain,TPJ,277,cueH_stimM,1.44635617733002,2.9032833576202406,-3.00802993774414,5.51093626022339,-3.3782143592834504,-4.69757080078125,19.8313045501709,11.6841773986816,-1.8384726047515902,1.91624188423157,-6.87241172790527,-1.7445964813232402,-7.318524360656741,-11.520936965942399,-18.0607509613037,-3.50237369537354,-3.25600957870483,-10.616231918335,-21.9800910949707,-10.199538230896,1.32780766487122,-2.49494600296021,-10.912561416626,-13.101663589477502,-12.2557020187378,-6.87949371337891,-6.20359039306641,-11.4244022369385,-7.36420440673828,-2.95356416702271,18.984310150146502,-5.538589000701901,17.7299823760986,17.087091445922898,3.54763078689575,7.87194156646729,-8.63694953918457,-5.585706233978269,-5.58998203277588,-10.0360889434814,6.64797306060791,11.243915557861301
,sub-0126,ses-01,run-02,pain,TPJ,277,cueL_stimM,6.243352890014651,-2.6623079776763903,-6.88840293884277,-10.6583757400513,2.0279903411865203,5.990289688110349,-3.54452991485596,-0.49259042739868203,-11.2258310317993,-5.81917524337769,-4.17999505996704,-1.05393433570862,7.78118085861206,-10.6303071975708,-14.0117626190186,-3.8486466407775897,-21.208148956298803,-16.921558380127,-12.6198120117188,-1.8772480487823502,-4.31113862991333,-25.7505779266357,-11.020200729370101,-17.361469268798803,-22.9923477172852,-11.682509422302198,-12.0349025726318,-5.48593997955322,1.1229535341262802,-12.4361820220947,0.823250770568848,-9.72113800048828,9.29670333862305,39.73720169067379,23.5714302062988,4.49463081359863,5.94149255752563,-18.7765808105469,0.47602462768554704,14.5008201599121,14.902473449707001,20.796215057373
,sub-0126,ses-01,run-02,pain,TPJ,277,cueH_stimL,31.9552726745605,39.4275550842285,38.5757827758789,24.393898010253896,4.92754554748535,7.73603057861328,19.4980773925781,24.7464599609375,16.976488113403303,13.6523380279541,21.4271125793457,1.8124870061874399,8.16856288909912,6.5506386756897,16.3578853607178,20.144485473632802,13.362904548645,7.70709657669067,-1.97085094451904,3.9941792488098105,4.47622203826904,3.2726216316223105,-4.65564346313477,3.1823296546936,-7.8285832405090305,13.4089450836182,2.52462530136108,14.6626806259155,21.120990753173803,12.3921403884888,8.26292514801025,8.112668037414549,4.16416549682617,8.3107385635376,2.24734091758728,9.31839752197266,5.596264839172361,-3.5076889991760294,21.8226318359375,10.1950721740723,3.4284040927887003,8.420596122741701
,sub-0126,ses-01,run-02,pain,TPJ,277,cueL_stimL,-29.0954971313477,-15.1697330474854,-20.1972694396973,-10.1034259796143,-21.574769973754897,-12.531165122985803,-8.27065467834473,10.445352554321301,2.08513164520264,-1.40115785598755,9.22272777557373,-5.614191055297849,-8.18272590637207,-14.740150451660199,-12.2983818054199,-17.6466979980469,-11.1385650634766,-16.8736934661865,-20.0082855224609,-20.9194488525391,-15.3368282318115,-17.8864860534668,-12.3186254501343,-24.3451843261719,-31.0378036499023,-30.849971771240202,-15.726625442504899,-31.1188144683838,-4.3937349319458,1.35679364204407,-11.3221950531006,-9.30938816070557,6.70794534683228,14.4574594497681,14.9527320861816,24.244554519653303,4.27879476547241,6.734745025634769,6.4183349609375,7.560736179351809,29.6432266235352,17.5802421569824
,sub-0126,ses-01,run-02,pain,TPJ,277,rating,7.246374607086179,2.3765535354614302,3.7807054519653303,3.2549901008605997,4.041523456573491,1.8660923242568999,0.562729358673096,0.374433040618896,2.9299490451812704,2.80775141716003,-3.02994918823242,-0.45079231262207003,-6.590106010437009,-2.4416499137878396,-4.75151062011719,-6.32892608642578,-7.919464111328121,-12.4071578979492,-6.685968399047849,3.93777942657471,-2.2502436637878396,2.4225246906280495,-7.85365629196167,-7.82258749008179,-6.80715370178223,-11.2278594970703,-9.09094142913818,-9.77072906494141,-9.53111362457275,-10.4210948944092,-1.27405714988708,-4.59447908401489,-2.78986883163452,-4.49870538711548,1.2030124664306598,-1.2686300277709999,-5.09914684295654,-8.51421165466309,-9.77278423309326,-10.9390964508057,-0.9130825996398929,-5.416155815124509
,sub-0126,ses-01,run-02,pain,TPJ,277,cue,4.5147600173950195,3.17539596557617,-0.9889430999755859,-0.590644836425781,2.1207950115203897,0.90135669708252,-7.70572471618652,-7.05906438827515,-8.08638668060303,-6.3636159896850595,-5.88496398925781,-0.927808165550232,-0.999628186225891,-3.01939702033997,-4.50498914718628,-0.7049937248229979,3.2254076004028303,1.02795314788818,3.01967859268188,1.5271492004394498,-5.025439262390139,-7.46335792541504,-8.02275085449219,-7.27635955810547,-8.999311447143551,-5.38407897949219,-4.593342304229741,-7.79414367675781,-5.971850395202639,-1.5318893194198602,-6.55336427688599,3.0621383190155,-6.02095651626587,-9.22875881195068,-8.3549337387085,-10.763923645019501,-6.84958696365356,-9.705972671508789,-9.70804691314697,-9.84446334838867,-2.89089727401733,-12.1372928619385
,sub-0126,ses-01,run-02,pain,TPJ,278,cueH_stimH,9.30170822143555,-2.0605487823486297,2.89459228515625,6.70201969146729,6.813427925109861,1.8162454366683998,1.86733675003052,-0.26265561580658,-8.114940643310549,7.7574028968811,0.0410141535103321,2.73100209236145,-3.5814759731292702,-2.0705361366272,-7.30018615722656,-6.789016246795651,-14.159912109375,-10.3344783782959,-3.43122410774231,-8.72274780273438,-17.582931518554698,-15.8657283782959,-1.6590752601623502,-7.594549655914309,3.76066780090332,20.764118194580103,28.4935512542725,26.6401042938232,41.341552734375,46.9715232849121,47.5673484802246,35.68906784057621,37.8611717224121,40.5175361633301,32.6617813110352,14.078125,11.2407550811768,24.4884719848633,27.709825515747102,12.614840507507301,12.5004787445068,12.0940294265747
,sub-0126,ses-01,run-02,pain,TPJ,278,cueL_stimH,10.1290626525879,3.81272506713867,4.52624750137329,2.88163375854492,2.4461898803710898,15.7306385040283,4.76750755310059,14.4259471893311,3.9628496170043905,1.96772146224976,-15.199520111084,-12.0967559814453,-11.031129837036099,-9.34199905395508,-18.0062980651855,-12.904014587402301,-3.5511164665222203,-13.7322940826416,-13.980884552002001,-18.885517120361303,-12.435018539428699,-5.6046633720397905,-2.35084056854248,3.28506135940552,-8.05699062347412,-8.95919990539551,-3.45537281036377,-6.97456169128418,-3.97452163696289,0.149228632450104,13.6879138946533,1.43470144271851,12.934567451477099,13.6105403900146,2.8840174674987797,11.418514251709,-1.71409606933594,-11.7057304382324,-7.7836418151855495,-2.33600616455078,-0.5210041999816889,-8.66949844360352
,sub-0126,ses-01,run-02,pain,TPJ,278,cueH_stimM,-7.68514537811279,-6.80890703201294,-7.54001235961914,-7.544867038726809,-5.713617324829099,-9.963319778442381,-2.7743687629699703,-4.24546098709106,-3.04742074012756,0.794535636901855,-8.89940357208252,-4.30152416229248,-9.494138717651369,-12.544322967529302,-5.20339488983154,1.5705602169036899,4.2504129409789995,-9.62380409240723,-11.464995384216301,1.2094013690948502,-3.89493203163147,-11.731708526611301,-10.930438995361301,-4.64908266067505,-2.41043496131897,-5.97110414505005,3.01745247840881,-4.06241273880005,8.74575614929199,12.979519844055199,16.5770568847656,3.26482009887695,10.108744621276902,5.0081281661987305,-4.632210731506349,-2.83301591873169,-3.54065370559692,-11.721771240234402,-5.24183654785156,-9.69907283782959,-1.20357608795166,3.23452281951904
,sub-0126,ses-01,run-02,pain,TPJ,278,cueL_stimM,1.9559326171875,-3.57270383834839,0.296770870685577,3.18407535552979,2.99921274185181,0.6841440200805661,12.211912155151401,14.553112983703599,2.9940595626831095,-6.30398082733154,-10.833607673645,-13.035463333129899,-11.4688634872437,-9.78409671783447,-8.80515384674072,-8.33778285980225,-19.886249542236303,-23.831237792968803,-23.221607208252,-4.37484931945801,-7.429193019866941,-8.32401180267334,-9.31672382354736,-2.7470684051513703,-11.733994483947802,-1.6036561727523797,-13.806947708129899,-3.22348403930664,-18.535715103149396,-12.3494701385498,-13.5553159713745,-17.8259296417236,-2.6610698699951203,6.351388454437259,3.9097261428832994,-0.9774174690246579,-1.8717350959777799,-9.73617362976074,-11.5570602416992,-11.838172912597699,0.524833679199219,-4.537254333496089
,sub-0126,ses-01,run-02,pain,TPJ,278,cueH_stimL,3.1974334716796897,12.4787063598633,14.4923877716064,7.56318140029907,-8.15149879455566,-5.704657077789309,-11.795005798339801,-10.944115638732901,6.7630119323730495,2.5318067073822,5.41539430618286,7.873803615570071,1.09180164337158,-4.12203550338745,-5.13839197158813,-6.600878715515139,-5.74003124237061,-8.07000064849854,-18.0329608917236,-17.0078926086426,-15.4219493865967,-6.86632966995239,-16.7250480651855,-4.762567043304441,-8.12918758392334,-4.0157585144042995,-8.95306301116943,10.520404815673801,28.673656463623,20.783763885498,13.2432527542114,2.30770611763,19.346050262451197,5.70345544815063,15.566269874572802,2.7285780906677206,-1.4271214008331299,-4.48878288269043,2.485595703125,0.5969858169555661,5.41714954376221,-5.54119777679443
,sub-0126,ses-01,run-02,pain,TPJ,278,cueL_stimL,-17.5398044586182,-24.351257324218803,-24.079162597656197,-17.1640224456787,-23.599849700927702,-22.6034145355225,-13.288691520690902,-7.76796913146973,-4.467755794525151,-16.280340194702102,-6.875009059906009,-9.42953681945801,-16.3515872955322,-16.799566268920902,-26.3946342468262,-15.444190025329599,-24.289419174194304,-21.8544273376465,-11.2400798797607,-15.4127464294434,-18.9533634185791,-16.3114318847656,-9.35320281982422,-20.68430519104,-24.7978076934814,-29.9965038299561,-33.233615875244105,-25.523536682128896,-21.4214782714844,-25.682508468627898,-17.192741394043,-10.241493225097699,-3.90928530693054,7.105032444000241,-4.98766136169434,6.46787309646606,0.9317669868469242,5.23405075073242,-1.7625732421875,-9.15727615356445,-3.18040180206299,0.434629440307617
,sub-0126,ses-01,run-02,pain,TPJ,278,rating,7.92412662506104,10.3101320266724,14.402724266052198,16.481424331665,18.7111873626709,19.4901008605957,19.6147346496582,17.897874832153303,12.7122745513916,11.928993225097699,10.309149742126499,6.312481880187991,4.1429114341735795,3.3074126243591295,1.1099548339843799,5.30963897705078,3.720383644104,2.89330387115479,2.2651333808898904,5.32113933563232,0.926498889923096,1.98499870300293,1.93822717666626,0.10231411457061801,-3.46392464637756,-5.51404142379761,-3.5760669708252,-5.72676801681519,-3.1506366729736297,-3.41047143936157,-0.733926713466644,-3.37250757217407,-0.675823211669922,-1.1428107023239098,5.06894588470459,5.18914794921875,2.6953072547912598,-1.94413018226624,-2.17273616790771,-0.0509164333343506,1.55938911437988,-3.3661174774169904
,sub-0126,ses-01,run-02,pain,TPJ,278,cue,2.72069597244263,6.17767333984375,0.21418762207031197,-0.48466968536377003,-5.42515087127686,-7.00553226470947,-16.6824741363525,-19.026575088501,-11.5370206832886,-17.6988582611084,-12.8918304443359,-12.032702445983901,-7.123364448547361,-5.24177932739258,-5.83243131637573,-1.82913875579834,-3.02267837524414,-2.14987373352051,-6.1404123306274405,-8.23565196990967,-7.493614673614499,-11.4205856323242,-13.972764968872099,-7.185001373291019,-12.2390308380127,-7.06528759002686,-2.08688116073608,-3.3152494430542006,-3.7730126380920397,-0.9327239990234379,-1.8525817394256598,-0.24190133810043302,0.608477234840393,0.9061015844345089,5.41984367370605,2.8689794540405296,0.7813249826431271,-0.847097635269165,-1.16793942451477,1.27146828174591,1.34609806537628,-0.668244004249573
,sub-0126,ses-01,run-02,pain,TPJ,279,cueH_stimH,-3.6747474670410196,-8.33545970916748,4.4182853698730495,6.05519104003906,0.42208003997802707,-26.737257003784197,-30.3979415893555,-14.0976400375366,-29.0712356567383,-16.6851367950439,-4.91993761062622,6.93349885940552,6.1556396484375,8.88367176055908,-4.028010845184331,-0.824716091156006,-5.460608959198001,8.69841480255127,5.81947374343872,-11.867943763732901,-19.8321266174316,-23.809434890747102,-30.1321907043457,-19.831462860107397,-9.80704212188721,6.83551263809204,36.1361656188965,30.5465621948242,27.734188079834,31.952562332153303,31.122972488403303,19.331617355346697,31.8872509002686,42.9614372253418,20.3964538574219,21.8125648498535,1.61218357086182,26.2148494720459,23.576702117919897,13.204349517822301,7.463754177093509,11.1982765197754
,sub-0126,ses-01,run-02,pain,TPJ,279,cueL_stimH,-3.48634719848633,3.74685287475586,-17.4103679656982,14.9208564758301,19.3595294952393,24.8313045501709,16.6113014221191,26.0773658752441,11.4020414352417,7.047855377197269,1.00385403633118,-0.124823570251465,-2.12120532989502,-8.29165554046631,-8.26833915710449,-9.79980087280273,-3.75357627868652,-8.92137145996094,-19.178762435913104,-20.106998443603498,-36.340030670166,-14.5976219177246,-23.6553554534912,-15.3651638031006,-7.759778499603269,-14.4409399032593,-1.77320396900177,-6.3646936416626,-4.721462726593019,14.9860010147095,23.495910644531197,19.2995853424072,7.877343654632571,22.107431411743196,13.6445093154907,18.503070831298803,1.28317642211914,-2.5672607421875,-6.15073394775391,-0.516448974609375,0.61391806602478,-9.14543151855469
,sub-0126,ses-01,run-02,pain,TPJ,279,cueH_stimM,8.14005088806152,4.1410641670227095,13.659435272216802,18.3645839691162,12.689990997314501,5.46428632736206,-0.17570495605468803,2.21829915046692,-9.21738433837891,-19.5844688415527,-14.0150928497314,-15.1974754333496,-18.1508541107178,-13.6815338134766,-19.775203704834002,-6.33620023727417,-13.4762516021729,-14.907928466796902,-9.63421726226807,-13.3405141830444,-28.972120285034197,-24.5282764434814,-19.7416839599609,-3.25215840339661,-16.151714324951197,0.7281922101974491,0.522381663322449,-12.3409261703491,10.2624950408936,-1.0973693132400502,20.974866867065398,8.731739044189451,29.352981567382802,33.4953231811523,27.754243850707997,24.051471710205103,8.57147693634033,17.931838989257802,14.489422798156701,11.7965145111084,9.829774856567381,14.0075511932373
,sub-0126,ses-01,run-02,pain,TPJ,279,cueL_stimM,4.30533313751221,-14.982398986816401,-4.05195713043213,-3.88857865333557,11.3846893310547,-4.4034109115600595,12.252096176147498,11.362447738647498,8.38164806365967,3.24395704269409,6.87969303131104,5.42500495910645,14.599971771240199,13.3235559463501,14.1923828125,3.2550187110900897,-8.35713577270508,-24.0078239440918,-24.3204689025879,-10.2295446395874,-28.0308856964111,-10.587730407714801,-14.790647506713901,-2.06243991851807,-12.7604761123657,-3.41152477264404,-20.137653350830103,10.0164546966553,1.9005434513091999,2.62731051445007,5.29257392883301,15.7974634170532,19.9945220947266,33.603084564209,12.8697147369385,4.8354592323303205,16.4253311157227,-1.56848526000977,-1.73262023925781,-0.21510314941406197,-3.09884643554688,-1.2502250671386699
,sub-0126,ses-01,run-02,pain,TPJ,279,cueH_stimL,-16.9679107666016,-14.863029479980499,-12.9727239608765,-12.567498207092301,-20.181932449340803,-18.5000495910645,-20.4586486816406,-15.711212158203098,-0.6896919012069699,-14.918214797973599,1.02226078510284,-13.2510986328125,-1.57219111919403,-2.55758714675903,-17.8207950592041,-7.04405736923218,-9.46633052825928,-5.14165878295898,-21.0910797119141,-30.349857330322298,-34.2655830383301,-22.1222972869873,-19.4649639129639,-26.024110794067397,-22.2434921264648,-17.597730636596697,-16.4700965881348,-9.73964023590088,3.9654967784881605,8.912519454956051,0.554608225822449,9.06026744842529,16.0563945770264,28.4727725982666,12.838714599609402,15.984595298767099,-4.723814964294429,-9.98850059509277,-3.2002539634704603,14.689098358154302,5.324952125549321,-7.285064697265621
,sub-0126,ses-01,run-02,pain,TPJ,279,cueL_stimL,-7.968335628509519,-1.81443679332733,-12.4869384765625,-5.37999057769775,-8.737133026123049,12.615825653076199,1.7039995193481399,4.5701785087585405,9.16250133514404,-7.98595905303955,13.126959800720199,9.3583402633667,1.03831171989441,0.8503210544586178,-12.6900482177734,-1.1888132095336899,-13.2553234100342,-0.40895986557006797,-7.589440822601321,-1.18454909324646,2.58021306991577,-4.8529977798461905,-7.78669834136963,-14.3622989654541,-18.8671188354492,-16.0405693054199,-16.7089805603027,-7.50904417037964,-2.9843635559082,1.7776782512664802,-2.4788599014282204,11.968639373779302,10.9979991912842,26.7995414733887,16.2500286102295,32.425018310546896,13.8664197921753,21.2470436096191,-7.1942138671875,-2.6396634578704803,-16.1044540405273,-6.276782035827639
,sub-0126,ses-01,run-02,pain,TPJ,279,rating,8.48305511474609,4.18720197677612,6.609789848327639,8.46003150939941,4.55576229095459,4.0314660072326705,-0.537079095840454,6.71066951751709,9.06380081176758,16.458936691284197,26.7699756622314,31.4734840393066,30.1876564025879,30.7942676544189,27.7378005981445,20.6517028808594,15.278566360473599,7.8672513961792,-0.109706878662109,1.54143953323364,-7.94445466995239,-7.4382839202880895,-11.3200588226318,-12.0547285079956,-7.45137596130371,-11.925556182861301,-7.49692296981812,-6.3191843032836905,-4.94134330749512,-10.5706348419189,-8.97234344482422,-12.245703697204599,-8.26234722137451,-14.3159761428833,-6.2889909744262695,-2.29080677032471,-4.3468542098999,-1.95120847225189,-3.20245814323425,-4.7998967170715305,-3.59000301361084,-5.51627635955811
,sub-0126,ses-01,run-02,pain,TPJ,279,cue,4.445260047912599,9.37279891967773,3.9206752777099596,3.22488832473755,-2.15341401100159,-1.17619395256042,-8.91158676147461,-9.169233322143551,0.58389014005661,1.4896919727325402,15.2207546234131,7.052411079406741,7.3410148620605495,7.38478565216064,2.5456316471099902,8.703685760498049,2.6857705116272004,-1.11992359161377,8.46392440795898,-1.5719022750854499,7.321740627288821,2.42138671875,-2.48233985900879,7.819495677948001,4.68555641174316,4.29706764221191,4.87076854705811,2.12646317481995,-3.5848512649536097,-1.35313200950623,-14.377131462097198,-9.7459831237793,-12.4763402938843,-12.993753433227502,-7.94073247909546,-17.2754726409912,-11.951647758483901,-5.81070518493652,-2.1629014015197803,1.56118226051331,2.1500358581543,5.53794765472412
,sub-0126,ses-01,run-02,pain,TPJ,280,cueH_stimH,-16.7590637207031,-21.1196193695068,-14.2188987731934,-13.6653900146484,-3.6359410285949703,-24.8370342254639,-27.7668266296387,-22.3785781860352,-14.7918376922607,-9.33085632324219,-0.6407352685928339,8.32842350006104,12.7416639328003,-1.6656303405761699,-4.97677135467529,-0.259732186794281,3.7811317443847696,12.2562618255615,14.570125579834,9.45055389404297,-5.83399200439453,-7.93754005432129,-3.5605778694152797,-4.975411415100099,2.60399389266968,12.175580024719201,11.2299356460571,21.9430465698242,27.2575798034668,23.978822708129897,26.3492965698242,24.360652923584,23.701786041259798,32.8460502624512,20.8195915222168,2.55491185188293,-2.07629370689392,12.0063638687134,16.934442520141598,26.4009666442871,4.407706260681151,7.4465470314025906
,sub-0126,ses-01,run-02,pain,TPJ,280,cueL_stimH,21.2058925628662,20.1521015167236,21.4953556060791,20.2368545532227,20.2941055297852,34.6567153930664,27.1245059967041,39.8343505859375,42.782112121581996,39.69272994995121,14.354923248291,1.10287094116211,7.952972412109379,0.0703309774398804,-5.15764904022217,4.647217750549321,3.2367627620697004,4.9024658203125,3.4794259071350098,-2.7028589248657204,-7.94602823257446,7.18578243255615,9.63127326965332,6.5389108657836905,-1.65670490264893,-17.261764526367198,-16.3895378112793,-14.908390045166,-15.324456214904801,-4.01227807998657,15.9465503692627,5.844670295715329,13.450052261352502,21.4674510955811,9.826555252075199,17.0589332580566,12.289421081542999,7.208576202392581,-0.977054595947266,-0.22139358520507801,2.70766687393188,-5.24107551574707
,sub-0126,ses-01,run-02,pain,TPJ,280,cueH_stimM,12.4910554885864,12.167283058166499,-3.01152467727661,2.52445268630981,-5.238078594207759,-7.8525509834289595,5.41179895401001,7.0010700225830105,-4.2146291732788095,-7.31245231628418,-2.83965659141541,-10.8432350158691,-7.28543472290039,-7.01628541946411,-2.85892009735107,-4.25803279876709,-7.074458122253421,-3.4661097526550297,-7.812222480773929,2.3754251003265403,-8.2124195098877,-17.4905071258545,-14.606222152710002,-11.334125518798801,-7.64100885391235,-5.22755575180054,-5.49904012680054,-3.40480327606201,-3.78822469711304,15.0072708129883,17.9668254852295,11.6615171432495,8.53501987457275,12.147697448730499,12.2883081436157,9.85339736938477,12.045370101928699,0.147998213768005,-12.093615531921401,-8.63090038299561,-12.576183319091802,5.283453464508059
,sub-0126,ses-01,run-02,pain,TPJ,280,cueL_stimM,7.65145492553711,15.207462310791,-0.0986519455909729,8.54659748077393,3.33003616333008,1.3558866977691697,12.2356061935425,17.3127059936523,16.7927150726318,1.9582443237304699,-1.18440699577332,2.08263754844666,6.1291399002075195,13.228278160095199,12.0946435928345,9.54284954071045,-0.6277899742126459,-13.8977365493774,-9.22008514404297,-1.87231826782227,3.55960965156555,3.3995330333709703,4.96151924133301,4.37454414367676,-12.031691551208501,-3.9942069053649902,-11.6499710083008,-6.52063131332397,-9.791013717651369,-2.69101238250732,-9.10399627685547,-9.3554630279541,7.36631965637207,43.765869140625,14.476846694946301,17.5613231658936,8.31160163879395,-6.17337894439697,-8.10469245910645,-5.9819221496582005,-1.2482948303222698,-0.45658111572265603
,sub-0126,ses-01,run-02,pain,TPJ,280,cueH_stimL,4.34866714477539,15.3066062927246,18.1655387878418,11.836412429809599,3.17601871490479,-6.61813879013062,-4.2427682876586905,3.75348830223083,18.1670417785645,31.3525657653809,28.764450073242198,29.916944503784197,28.2875804901123,15.8694591522217,15.3981246948242,16.2056560516357,13.8812894821167,6.3102521896362305,-3.21161317825317,4.16071510314941,1.25940132141113,20.013746261596697,16.6527976989746,19.0515537261963,12.2173271179199,6.2189655303955105,-3.1465740203857404,5.61535358428955,18.0621109008789,22.451391220092802,24.539400100707997,25.6227970123291,20.053653717040998,14.411151885986301,20.603099822998,18.3573532104492,9.96130657196045,-8.30252647399902,6.26965141296387,-5.43193817138672,-1.5511115789413499,4.108961105346681
,sub-0126,ses-01,run-02,pain,TPJ,280,cueL_stimL,-9.83462715148926,-10.5753479003906,-18.3730773925781,-14.6558303833008,-18.4675540924072,-2.39469051361084,4.45230913162231,8.33010673522949,12.7565240859985,3.2749981880188,-6.26127529144287,0.350781202316284,-7.0292501449585,-1.76564955711365,-12.2784080505371,-4.9786696434021,-6.402094841003421,-2.4217777252197297,-6.474688529968259,-7.72982311248779,-7.34423732757568,-1.7493724822998,-10.6108236312866,-25.6579284667969,-29.2011566162109,-28.600749969482397,-37.2929840087891,-30.959156036377,-29.3993434906006,-26.5773067474365,-11.9944257736206,0.0765203237533569,11.950565338134801,15.3406810760498,3.16364145278931,5.12994766235352,-4.41432189941406,-5.80390930175781,-7.916259765625,0.6978696584701539,3.5295801162719704,23.3991260528564
,sub-0126,ses-01,run-02,pain,TPJ,280,rating,4.69403600692749,7.34730577468872,12.378632545471199,12.4843997955322,16.6267108917236,15.6619396209717,14.7932300567627,15.475548744201697,10.738241195678699,12.506744384765598,17.499002456665,14.0021324157715,11.9149532318115,11.9639568328857,8.94142150878906,11.9861602783203,8.89523983001709,2.06082248687744,-0.568251132965088,1.0428280830383299,-6.02620983123779,-4.96320390701294,-7.99456262588501,-8.57135963439941,-10.5863542556763,-9.97294807434082,-7.368451118469241,-11.6415271759033,-9.44856643676758,-6.67020702362061,-7.7077741622924805,-6.742557525634769,-9.8008918762207,-11.2758846282959,-6.74710988998413,-7.31757926940918,-5.75804805755615,-9.28925132751465,-7.12707662582397,-8.87427997589111,-5.12870216369629,-3.7949903011322004
,sub-0126,ses-01,run-02,pain,TPJ,280,cue,7.57131099700928,9.40388870239258,4.45400810241699,3.77187633514404,1.24385344982147,-4.61265754699707,-5.18018865585327,-10.9100437164307,-5.31404829025269,-4.29758262634277,2.0233516693115203,5.95969390869141,6.5813899040222195,9.58613014221191,10.5249853134155,12.490815162658699,4.61107444763184,0.40093135833740207,2.3020367622375497,9.00626277923584,7.451040744781491,2.05667972564697,-1.56907081604004,1.0991744995117199,-0.765479803085327,-0.935908317565918,1.39596271514893,-0.696779489517212,-2.55286335945129,-9.02555084228516,-14.995729446411099,-15.585822105407699,-14.477052688598599,-12.983360290527301,-9.16466426849365,-11.8417091369629,-13.3960914611816,-9.07744598388672,-9.500326156616211,-7.94856691360474,0.7886729240417479,3.4567248821258505
,sub-0126,ses-01,run-02,pain,TPJ,281,cueH_stimH,-15.963050842285199,4.67334461212158,6.795040130615231,29.3169593811035,5.903820991516111,-0.12149477005004901,-14.6432628631592,-9.66568374633789,-23.1750183105469,5.6791896820068395,15.965685844421401,25.8105583190918,7.31423282623291,10.71728515625,17.574728012085,-2.7281332015991198,-0.9981345534324649,21.861108779907198,21.9414501190186,27.4970550537109,18.2272720336914,1.90163064002991,4.63208675384521,15.4613094329834,-1.91760051250458,22.093275070190398,17.0589904785156,40.4690742492676,41.2310066223145,49.4026069641113,26.1557102203369,30.7192192077637,16.347936630249,31.371889114379897,17.1551856994629,-5.47737884521484,0.21569798886776,4.59525537490845,35.7514991760254,8.87219142913818,23.160160064697298,19.1823101043701
,sub-0126,ses-01,run-02,pain,TPJ,281,cueL_stimH,12.471961975097699,17.3137550354004,12.8160905838013,16.2527389526367,31.194503784179698,22.74631690979,3.52000999450684,19.684949874877898,29.686212539672898,18.699914932251,3.97901344299316,0.11585378646850598,5.66554594039917,-19.5014724731445,-7.37192296981812,5.602526187896731,18.5534763336182,-15.0959949493408,-7.82169008255005,-20.0828475952148,-24.9455375671387,-10.226572036743198,-1.5656197071075402,-3.92349481582642,3.46727705001831,-0.5442538261413571,13.477820396423303,1.85753059387207,10.5202960968018,18.8701076507568,41.25453567504879,27.124065399169897,44.5345611572266,26.4330883026123,25.466060638427702,5.850528717041019,21.8559036254883,14.268314361572301,18.2112655639648,9.79501342773438,12.728291511535598,12.771996498107901
,sub-0126,ses-01,run-02,pain,TPJ,281,cueH_stimM,20.998971939086896,22.2204990386963,34.376594543456996,28.8154277801514,9.94620418548584,16.0916500091553,7.957940578460691,3.45347428321838,20.8233604431152,9.33065891265869,6.21844387054443,1.13272500038147,5.930547714233401,15.0899047851562,-10.9645462036133,-0.6106600761413571,6.0959773063659695,-1.76331901550293,8.04816436767578,13.524477005004899,4.48776721954346,-7.3530707359314,-0.34171319007873496,-6.1689887046814,11.936143875122099,13.089588165283198,1.87082386016846,6.57809925079346,-1.36319756507874,24.9139232635498,26.8682022094727,27.524473190307603,25.232116699218803,11.3824911117554,30.550495147705103,21.3662223815918,1.75097858905792,12.897944450378402,15.4365234375,1.56452989578247,-16.1545314788818,6.81585025787354
,sub-0126,ses-01,run-02,pain,TPJ,281,cueL_stimM,7.29195594787598,2.33706116676331,-9.7495059967041,21.755939483642603,1.22850894927979,-10.488977432251,7.87914705276489,14.7823495864868,5.22591209411621,9.22230052947998,8.35404872894287,17.6572017669678,11.7023763656616,12.5942649841309,8.58646965026855,23.819278717041,-14.155175209045401,-19.8178634643555,-8.37103652954102,-33.2267723083496,-1.83050537109375,-2.61236190795898,16.5282096862793,0.932624578475952,-9.14526081085205,-5.85837745666504,2.04493594169617,9.2017068862915,20.740642547607397,3.70488238334656,17.108736038208,8.18810081481934,8.096615791320799,23.897777557373,19.973098754882802,18.542526245117198,11.505420684814501,-23.2912254333496,9.17047882080078,9.49688339233398,1.18254089355469,8.84281921386719
,sub-0126,ses-01,run-02,pain,TPJ,281,cueH_stimL,-2.47186279296875,3.21162796020508,20.781665802002,18.9005031585693,-3.03756046295166,-7.5574054718017605,-2.1793241500854497,-6.64056396484375,0.848630547523499,14.7045040130615,17.5620536804199,9.77699661254883,15.080848693847699,24.3354606628418,8.88525485992432,8.19183921813965,22.929729461669897,-0.20758855342864999,-4.83746910095215,-0.004683494567871089,-5.59375095367432,-1.50162577629089,-12.4207925796509,-1.19488525390625,3.3207430839538596,10.624521255493198,-1.6036911010742199,10.3152437210083,24.327817916870103,21.886655807495103,7.50839710235596,48.2415542602539,23.698450088501,17.1126728057861,26.6163063049316,17.096551895141598,1.03643822669983,17.2157344818115,-1.79134631156921,10.8964529037476,27.6660346984863,19.0581150054932
,sub-0126,ses-01,run-02,pain,TPJ,281,cueL_stimL,6.88560485839844,1.5237941741943402,-10.9648342132568,-2.00204062461853,-14.304847717285199,-3.87963080406189,17.060884475708,8.54931640625,0.294376850128174,0.16037082672119102,8.72499942779541,-15.5490055084229,10.4520721435547,-6.22579288482666,-2.2851719856262203,4.68381881713867,15.7024211883545,-4.45924472808838,22.5465526580811,-2.3989415168762203,-1.13281059265137,-13.743507385253901,1.73386204242706,-9.89537620544434,-3.1604034900665297,-12.594618797302198,-10.1107931137085,-29.6532173156738,-20.104295730590803,1.53654682636261,1.3119912147522,33.907012939453104,13.9025115966797,15.716121673584,14.031822204589801,11.9820289611816,17.8209381103516,-4.125144958496089,8.50439453125,-1.26863884925842,0.866235733032227,11.9066247940063
,sub-0126,ses-01,run-02,pain,TPJ,281,rating,4.757904052734379,5.8205866813659695,2.16980886459351,8.70748615264893,9.54188537597656,15.142689704895,7.474055290222171,7.4475994110107395,9.2093448638916,8.85710048675537,14.3428955078125,16.7055740356445,9.39372634887695,14.719907760620101,8.58866882324219,10.016441345214801,12.1334495544434,11.5474510192871,7.372265815734861,10.6501216888428,9.5029239654541,9.698850631713869,6.71051025390625,1.72190690040588,2.07988739013672,5.48783302307129,8.42397499084473,9.34916305541992,-0.10157340764999401,11.004523277282699,1.64258778095245,3.94358491897583,1.46924042701721,4.19838571548462,13.388422966003402,6.31053352355957,9.15712642669678,7.44240665435791,-0.784920454025269,-1.31859540939331,2.3218536376953103,-0.7386519908905029
,sub-0126,ses-01,run-02,pain,TPJ,281,cue,0.7269186973571781,3.39876937866211,0.439132690429688,-7.678637504577639,-4.39764022827148,-12.560187339782699,-5.767681121826169,-5.04988574981689,-1.19028043746948,-9.51217746734619,-2.2295761108398398,0.20216393470764202,0.26930403709411604,-2.63183832168579,-2.30225396156311,-2.6556134223937997,-9.06131839752197,-15.641788482666,2.9540386199951203,5.0218448638916,-3.36357688903809,-9.751261711120609,-11.655376434326199,-12.2873630523682,-6.93229150772095,-5.22341060638428,-8.1243371963501,-1.7425634860992398,3.17996788024902,-9.59207057952881,-16.972347259521502,-19.0190868377686,-19.1226863861084,-20.049884796142603,-11.091789245605499,-18.159309387207,-15.167925834655799,-14.941648483276401,-11.2859048843384,-16.3507614135742,-9.53517818450928,-8.76068115234375
,sub-0126,ses-01,run-02,pain,TPJ,282,cueH_stimH,-5.08638381958008,-17.1436157226562,10.265403747558599,-2.9887676239013703,0.723834991455078,-15.401346206665002,-5.24628448486328,-36.2028656005859,-36.1722297668457,-8.09918689727783,-2.13147711753845,4.93027877807617,35.4936408996582,15.1075496673584,1.20291090011597,-9.67378044128418,-3.44379782676697,16.017257690429698,12.9917755126953,18.180189132690398,-12.1238393783569,2.6877231597900404,-2.58770108222961,-13.1526851654053,12.673229217529302,12.818682670593299,41.4023666381836,7.16284084320068,35.5517425537109,41.0812644958496,25.1880664825439,48.5188102722168,39.7946319580078,28.436096191406197,10.3062705993652,1.98690688610077,-15.7614030838013,14.4660043716431,7.881517887115481,21.575880050659197,-5.66231727600098,18.7810688018799
,sub-0126,ses-01,run-02,pain,TPJ,282,cueL_stimH,28.750341415405302,29.3085536956787,2.2407422065734903,6.40843391418457,21.491828918457,23.168190002441396,29.172409057617198,36.4556541442871,39.2553558349609,36.9667205810547,17.256248474121097,2.6347200870513903,-9.80733680725098,2.6657905578613303,-1.19746160507202,22.7424583435059,2.17005157470703,37.2033195495605,0.35620379447936995,-4.8629660606384295,3.67535185813904,4.91692447662354,7.79156160354614,24.224182128906197,21.0206737518311,-19.4655532836914,-20.0218334197998,-8.071591377258299,-19.047931671142603,9.23036003112793,25.80126953125,7.006720066070559,21.331262588501,16.520940780639602,6.523193359375,19.175001144409197,10.9006080627441,7.57765197753906,-6.8749504089355495,20.145839691162102,14.7216024398804,12.566652297973599
,sub-0126,ses-01,run-02,pain,TPJ,282,cueH_stimM,24.138893127441396,19.5205154418945,25.9527568817139,-3.1806154251098597,3.05323123931885,-19.031530380249,-13.9054393768311,-6.4362530708313,-7.210270881652829,-0.412004947662354,12.601965904235803,-9.39332580566406,2.35006189346313,13.3458642959595,9.55118656158447,25.041795730590803,13.429924011230499,10.3149309158325,4.3360738754272505,13.078243255615199,6.23380947113037,-2.51558065414429,-8.89327144622803,7.04533290863037,1.5018755197525,18.557664871215803,2.67616128921509,7.6368899345397905,-11.478964805603,10.336838722229,7.4586968421936,-0.22123309969901997,22.0918369293213,-0.9786878824234009,23.3474960327148,10.644646644592301,-3.26388025283813,7.64035797119141,3.37192130088806,-11.821840286254899,-13.936031341552699,16.72265625
,sub-0126,ses-01,run-02,pain,TPJ,282,cueL_stimM,3.9668617248535196,14.0108547210693,-7.7822737693786594,38.4536933898926,-0.757055759429932,-7.72058439254761,11.360957145690902,20.435338973999,21.6830883026123,22.1706237792969,0.640398383140564,4.94434881210327,-8.12285900115967,8.033740043640138,19.7440719604492,-3.3985881805419904,21.248111724853498,-34.5620346069336,-6.2881975173950195,5.76550960540771,14.5179958343506,1.07844686508179,20.6392517089844,15.246776580810499,10.091841697692901,-8.43233203887939,6.564580917358401,-2.3663990497589102,-8.039890289306639,14.4076089859009,-24.0935554504395,-8.45158386230469,-9.53673076629639,35.6751480102539,-2.07063055038452,6.69734716415405,-2.5595707893371604,-5.949909210205081,6.615886688232419,4.81547546386719,13.511005401611301,33.685520172119105
,sub-0126,ses-01,run-02,pain,TPJ,282,cueH_stimL,6.711322784423831,-2.5047149658203103,21.466884613037102,-15.407594680786099,-2.66693496704102,-23.9234828948975,-39.8332672119141,-5.15960645675659,0.43491399288177507,10.3554248809814,30.470018386840803,-5.9334855079650906,25.535327911377,-6.524731636047361,0.40983247756958,2.30288028717041,28.817811965942397,7.35499620437622,-1.0289945602416999,13.127185821533198,5.4326057434082005,2.89722299575806,12.1940498352051,-0.643994331359863,16.356746673584002,-11.339344024658198,4.8367452621460005,-0.0697665214538574,30.5556831359863,21.368944168090803,10.7253274917603,34.303703308105504,15.657957077026401,1.53889644145966,30.0187587738037,19.0258483886719,-3.7367148399352996,20.8178787231445,12.2609539031982,15.176755905151401,-10.2329959869385,5.848462104797361
,sub-0126,ses-01,run-02,pain,TPJ,282,cueL_stimL,-5.88441705703735,-6.83292722702026,-9.20675373077393,-14.532413482666,-31.6134757995605,-3.31225943565369,-0.0457441806793213,24.005802154541,17.3883781433105,-14.7230834960938,-12.5933122634888,-11.193669319152802,-4.30759334564209,-6.01920413970947,5.2733793258667,5.612604141235349,-7.79102230072021,9.72064304351807,-14.233367919921902,27.7004566192627,-8.64206504821777,10.5098571777344,-25.039722442627,0.9696190357208249,-19.3508930206299,0.11115625500679,-28.851224899292003,-23.5336513519287,-36.1305046081543,-6.3957085609436,0.19933295249939,-12.9472007751465,11.003037452697802,16.3291816711426,28.9446868896484,1.01781368255615,15.393369674682601,-0.128742218017578,-7.144287109375,-19.7818908691406,-13.3428001403809,15.829863548278801
,sub-0126,ses-01,run-02,pain,TPJ,282,rating,5.57693815231323,6.40885591506958,13.0197696685791,18.1983890533447,22.0017395019531,16.0823574066162,13.5080814361572,9.12072658538818,7.9157280921936,5.40906429290771,6.82418251037598,-0.21927309036254897,-1.8779296875,-3.94951438903809,-2.5376434326171897,0.109222412109375,7.17674446105957,7.400738716125491,-2.03785181045532,11.253520965576199,-6.918731689453121,-6.649987697601321,-8.62993717193604,-7.15047168731689,-12.488636016845698,-1.4633073806762702,-9.711934089660641,-4.6790771484375,-3.0856356620788596,1.03224945068359,-4.58387565612793,-4.7362771034240705,-12.401757240295401,0.0659615993499756,-0.705654144287109,-2.34242725372314,2.2803525924682595,-0.732089638710022,-5.89166927337646,-4.0182933807373,-1.57051944732666,7.004971504211429
,sub-0126,ses-01,run-02,pain,TPJ,282,cue,8.424807548522951,-6.7631340026855495,14.3101367950439,-1.59732341766357,-7.758348941802981,-6.73441028594971,-17.4608154296875,-12.5234889984131,-10.810262680053699,-19.3697242736816,-17.0361194610596,-12.811155319213901,-10.4180269241333,-12.5595350265503,-4.52895450592041,-3.85943865776062,-1.8119277954101598,-1.87479496002197,0.476747989654541,7.56486511230469,4.9981832504272505,-11.8683929443359,1.02236366271973,6.384799003601071,-6.1958303451538095,-6.98232173919678,10.3130044937134,17.356277465820302,7.2365427017211905,8.629490852355959,-8.99472141265869,-13.0358552932739,-12.324806213378901,-2.81021094322205,-2.9369637966156,12.644976615905799,-7.051058769226071,2.41643571853638,1.9806655645370501,-8.7491626739502,-1.6822397708892802,8.313720703125
,sub-0126,ses-01,run-03,cognitive,TPJ,277,cueH_stimH,16.9427528381348,8.69728946685791,2.49408102035522,11.5045585632324,-3.04534149169922,-2.57617449760437,-7.75063514709473,12.7796211242676,6.287899017333981,-16.1887111663818,-4.93269920349121,-13.5499725341797,-10.0734272003174,-13.720332145690902,2.55734205245972,5.950738906860349,4.16975927352905,2.55414652824402,3.35902643203735,1.84175992012024,3.63353085517883,-3.29592227935791,5.2383537292480495,-0.882062435150146,3.86205196380615,2.0397148132324197,15.842681884765598,17.1887035369873,4.96831512451172,-2.7517070770263703,3.04850387573242,4.23960876464844,6.865192413330081,11.190574645996099,6.22191619873047,16.299392700195302,-6.08736228942871,0.9230928421020509,1.3999404907226598,-1.99719047546387,-5.415338039398191,-9.10166168212891
,sub-0126,ses-01,run-03,cognitive,TPJ,277,cueL_stimH,-1.98569536209106,4.91990661621094,3.4684247970581095,-6.54311895370483,-7.97410583496094,-14.678532600402802,-6.023940563201901,-19.4325389862061,-16.625617980957,10.048112869262699,7.05001354217529,-11.4713354110718,-1.0336630344390898,-2.4824664592742898,-4.21956157684326,-8.666164398193361,8.957174301147461,1.2175350189209,-7.176141738891599,-2.22162556648254,1.30682182312012,-11.984362602233901,4.49088001251221,3.63229084014893,-12.000181198120101,-10.6119861602783,2.4918794631958,1.7362995147705098,4.1062183380127,5.63193511962891,7.42362022399902,4.86352729797363,-9.06327056884766,2.8320541381835898,-6.54328155517578,10.9902439117432,-10.836343765258801,2.6405258178710898,0.28222942352294894,-1.72853541374207,-4.33544921875,-2.02252984046936
,sub-0126,ses-01,run-03,cognitive,TPJ,277,cueH_stimM,7.4175271987915,-8.06944465637207,-15.350851058960002,-8.00465393066406,2.6386194229126,-9.67299175262451,3.3300223350524902,-17.6020450592041,-8.61501407623291,-11.778524398803699,-25.4495487213135,-14.275514602661099,0.651508808135986,-10.937481880188,-5.005104064941411,5.10533761978149,-6.82817077636719,-2.02198123931885,6.635785102844241,-1.5122003555297898,-5.11649799346924,-12.785219192504899,-7.1887788772583,-1.81012105941772,-6.14051628112793,-5.3222770690917995,-5.9518146514892605,9.19490814208984,-6.401117324829099,-3.0682945251464804,-10.0446033477783,-0.601737976074219,10.4394683837891,-8.22385406494141,8.79008197784424,0.427182197570801,-2.6743927001953103,16.0954418182373,-4.22774887084961,2.51237273216248,-1.5099780559539802,-15.1548137664795
,sub-0126,ses-01,run-03,cognitive,TPJ,277,cueL_stimM,-1.34004211425781,-7.96467924118042,1.7617175579071,-6.03278923034668,-9.8859395980835,2.1807215213775604,-1.50389766693115,-13.829096794128402,-9.56984806060791,-14.562068939209,-0.0359847545623779,2.7304427623748797,-5.18738269805908,-11.414093017578098,0.976336479187012,-11.1974782943726,-10.7025909423828,3.43605184555054,-0.000183040276169777,-0.8288784027099609,0.576076507568359,4.55248737335205,-5.40087127685547,2.3095309734344505,-3.41446185112,11.068377494812,15.4845848083496,6.69669008255005,6.1043186187744105,4.76663494110107,16.365797042846697,11.9892234802246,6.17757415771484,9.42894554138184,14.303516387939501,7.9089260101318395,0.39234161376953103,-9.07811737060547,15.2897434234619,20.7829971313477,6.8900146484375,-8.09485244750977
,sub-0126,ses-01,run-03,cognitive,TPJ,277,cueH_stimL,7.84299278259277,-6.38447570800781,-3.25588274002075,-6.96737289428711,5.3837194442749,10.889078140258801,4.85730123519897,2.3752305507659903,-0.355012774467468,-0.568075656890869,-6.86812400817871,2.52447509765625,0.32886314392089805,-1.97776818275452,-7.23235082626343,4.5500192642211905,11.1353235244751,17.6138305664062,4.553956031799321,5.5880832672119105,0.977652788162231,1.1834020614624,-2.6808691024780296,-8.51941394805908,10.5057373046875,2.36557006835938,-2.0588397979736297,14.8467664718628,0.9689731597900391,18.7406120300293,3.1724715232849103,2.6800384521484397,12.956392288208,12.529544830322301,4.60278701782227,6.611310005187991,0.0704517364501953,-12.7965536117554,-1.9362983703613301,13.0002794265747,-6.790035247802731,-5.58701324462891
,sub-0126,ses-01,run-03,cognitive,TPJ,277,cueL_stimL,4.22986221313477,-1.03087520599365,9.46900844573975,-13.286025047302198,-13.6417837142944,-8.98395919799805,-17.4528980255127,-10.7773342132568,-7.33630561828613,-4.771539211273191,2.13545513153076,-6.75906848907471,-8.06554222106934,-13.86949634552,-9.14138984680176,-9.90573692321777,-4.12228345870972,-2.23001432418823,-6.77309322357178,9.318277359008789,-2.46623277664185,1.21731114387512,-18.2907466888428,5.621136665344241,-13.7170305252075,-19.1633243560791,11.725457191467301,10.9496755599976,8.58956909179688,-6.06325531005859,15.2498455047607,19.4167709350586,2.9565753936767596,14.4406414031982,-6.4256877899169895,-2.7082061767578103,-11.736461639404302,-16.7690505981445,-9.71583938598633,-14.2700653076172,-9.5177001953125,-7.7273244857788095
,sub-0126,ses-01,run-03,cognitive,TPJ,277,rating,-0.237100124359131,-3.39117431640625,-1.52045917510986,-0.97245979309082,-0.8610610961914059,-1.9132194519043002,1.9894962310791,0.267490386962891,7.77750396728516,3.8243293762207,2.84268188476562,8.75131225585938,10.551017761230499,1.49139308929443,6.513702392578121,3.5345296859741198,-1.2666816711425801,6.86104154586792,2.89571857452393,-0.8915593028068539,-0.24608659744262698,-0.508812189102173,0.6136531829833979,-0.40387099981308,-6.32307434082031,-5.348645210266111,4.06466197967529,2.42285823822021,-1.44269371032715,3.7365665435791002,0.8592928647995,0.570120811462402,-0.139065533876419,2.30854654312134,-3.8524990081787096,-1.76846742630005,3.9207968711852996,1.85759592056274,4.4166154861450195,2.7521755695343,4.03831195831299,2.00854992866516
,sub-0126,ses-01,run-03,cognitive,TPJ,277,cue,0.159708023071289,0.541925668716431,-0.572128295898438,0.9820938110351559,0.0420399159193039,7.920641899108889,5.14303779602051,6.13692665100098,2.9447021484375,2.75983428955078,4.22755432128906,2.56425666809082,5.21006965637207,5.683477401733401,0.0675048828125,-9.54405212402344,2.75074195861816,1.7947769165039098,-10.689323425292999,-8.52764415740967,-1.17428207397461,-6.663837432861331,-0.55144739151001,-1.2785129547119098,-3.48504424095154,-0.351107716560364,-0.426426649093628,1.4981297254562398,5.18918371200562,2.18259048461914,7.510839939117429,10.748617172241199,6.3520822525024405,-0.350367069244385,-1.38202965259552,1.14530086517334,-2.49518966674805,-5.56710386276245,-6.6345310211181605,0.8037014007568359,1.7985720634460403,3.88013958930969
,sub-0126,ses-01,run-03,cognitive,TPJ,278,cueH_stimH,3.6314058303832994,2.24314308166504,-7.27667045593262,3.3051538467407204,4.733364582061769,4.23531627655029,-6.155810356140139,-3.8678221702575697,0.9193692207336429,-6.54396057128906,-1.01478755474091,-6.1903591156005895,-10.2034873962402,-15.958160400390598,-7.61886167526245,-5.250402450561519,3.0070238113403303,9.33581256866455,-4.25472593307495,-6.0713472366333,-1.68008947372437,6.9008502960205105,1.6430237293243402,5.56328010559082,13.0773668289185,11.1013011932373,3.76613903045654,11.886026382446301,7.1064624786377,3.16812133789062,7.4896945953369105,-1.4742240905761699,2.96895980834961,-5.24610900878906,2.27521896362305,-2.83090209960938,-6.93202781677246,-0.132240295410156,-5.907928466796879,-9.32849884033203,-12.921266555786099,-10.2516002655029
,sub-0126,ses-01,run-03,cognitive,TPJ,278,cueL_stimH,1.6137614250183099,3.1383280754089395,1.0876795053482098,0.395154237747192,-3.93074989318848,-3.70963501930237,1.45821642875671,-0.8027935028076171,0.260436952114105,3.74412202835083,-1.2669563293457,-13.354234695434599,-10.236929893493699,-12.250301361084,-0.255584955215454,-5.89868927001953,-0.014744758605956998,-3.24173498153687,-13.323726654052699,-2.54167246818542,2.52256631851196,1.3299767971038798,1.5037693977356001,1.81014490127563,7.716881275176999,0.782328605651855,-4.33813953399658,-3.3575458526611297,2.54041862487793,2.99321746826172,3.3363018035888703,2.35723114013672,-6.13337516784668,-1.6704940795898402,3.3036708831787096,-1.57890129089355,2.6492500305175803,-6.40929412841797,2.3567476272583,-8.98083209991455,-13.3877639770508,-7.983853340148929
,sub-0126,ses-01,run-03,cognitive,TPJ,278,cueH_stimM,3.06847310066223,-1.81678080558777,-4.381647109985351,-4.13454914093018,-5.47328901290894,1.61285829544067,-7.8358440399169895,-4.410717964172361,-2.9880139827728303,-10.581504821777301,-16.9440383911133,-7.13906288146973,-14.482574462890598,-6.28807163238525,-12.127391815185499,-12.056035041809098,-6.02039909362793,-5.0219001770019505,-2.4864275455474902,-3.0432519912719704,-13.0286121368408,-6.95349550247192,-4.01139545440674,3.7881851196289102,-5.8616628646850595,4.24536514282227,5.770188331604,0.7028045654296879,0.25643348693847695,4.6514778137207005,5.219482421875,7.91715049743652,20.7099227905273,12.415008544921902,13.4312915802002,-5.5229816436767605,0.602299690246582,-1.5050032138824498,-8.43760681152344,-10.3209590911865,-11.8121328353882,-14.335075378417999
,sub-0126,ses-01,run-03,cognitive,TPJ,278,cueL_stimM,1.03917503356934,-1.2428102493286102,-6.50212955474854,-9.899881362915039,5.60349893569946,-4.11251354217529,2.31188201904297,-3.34755277633667,-3.92770862579346,-3.8395760059356703,-4.7174072265625,-2.6468868255615203,-7.47950839996338,3.33553695678711,-5.57186126708984,-6.52323246002197,-1.8726289272308303,3.0704448223114,8.43257617950439,6.86067199707031,2.06231355667114,4.47236490249634,5.35552453994751,3.4520320892333998,4.5497555732727095,5.189269065856929,6.8401980400085405,5.57211542129517,9.91550445556641,-0.670379638671875,9.39604568481445,5.2770090103149405,9.73029899597168,0.7473850250244141,0.922931671142578,-2.17239379882812,-1.9149112701416,6.63228607177734,9.23781204223633,9.088380813598631,10.300537109375,2.0719242095947297
,sub-0126,ses-01,run-03,cognitive,TPJ,278,cueH_stimL,-7.81287384033203,-9.3415470123291,-8.437437057495119,-7.09015989303589,-1.6621198654174798,-6.83345699310303,3.03333592414856,10.213875770568801,4.0725989341735795,-1.5629506111145,4.80738401412964,0.8815567493438721,1.79327297210693,9.079977035522461,7.221280097961429,1.7572193145752,5.07888650894165,14.9013156890869,7.31094789505005,2.17349290847778,1.6830657720565803,3.28748989105225,8.05018997192383,2.7619686126708998,3.99238920211792,1.68975257873535,3.0036773681640603,1.10968685150146,3.34444618225098,10.5128898620605,11.6553859710693,7.59265899658203,18.351093292236303,10.7564868927002,10.1117820739746,-6.20371055603027,0.14569377899169902,-7.48262023925781,-4.81150245666504,2.7400913238525404,-6.904953956604,12.2247772216797
,sub-0126,ses-01,run-03,cognitive,TPJ,278,cueL_stimL,-4.4967765808105495,-4.09551858901978,-5.880934715271,-4.31424903869629,0.862838625907898,8.27647304534912,6.123404026031491,-13.1448879241943,4.92956733703613,-12.653358459472699,-7.22482538223267,-15.1629323959351,-6.21748828887939,-13.3974924087524,-10.066091537475598,-7.31681251525879,-6.57396459579468,-5.7957015037536594,-2.3365325927734397,5.4360671043396,-1.225546002388,-2.06305313110352,-1.25797700881958,-6.77463626861572,0.9528435468673709,-1.33944821357727,1.30732870101929,8.39742374420166,2.1388092041015603,4.3416891098022505,7.87736415863037,4.19791984558105,6.53688621520996,19.125469207763697,18.0793361663818,16.7082366943359,6.69364166259766,6.13664436340332,-1.9734058380127,3.7416839599609397,13.761925697326697,12.7693128585815
,sub-0126,ses-01,run-03,cognitive,TPJ,278,rating,1.41765069961548,0.18564128875732397,-1.8702201843261699,-2.80888080596924,-2.35432910919189,0.552440643310547,-0.441263198852539,5.03000068664551,1.6599197387695301,5.10746383666992,5.03521156311035,7.33367919921875,1.99284553527832,-0.0429954528808594,5.55371856689453,5.6026930809021,6.59957647323608,8.05379486083984,4.839809894561769,4.90684223175049,3.5114183425903303,0.670459270477295,2.1250553131103502,2.51380467414856,3.44629979133606,1.73830509185791,4.39775514602661,3.32748413085938,4.674498558044429,3.2830600738525404,4.9093942642211905,4.06856393814087,3.25716733932495,4.7636213302612305,6.02505111694336,3.00427341461182,2.16850423812866,-1.6743364334106399,3.23117637634277,5.13601207733154,4.3194727897644,4.21967506408691
,sub-0126,ses-01,run-03,cognitive,TPJ,278,cue,-0.24975204467773396,-3.3804121017456095,-1.5466675758361799,-0.9014492034912109,0.379537642002106,4.53818607330322,3.08906245231628,3.7397847175598105,4.78881359100342,2.5832710266113303,6.70155429840088,-0.87175464630127,1.5253677368164098,-1.9476604461669902,-1.03982925415039,-2.5492324829101602,-3.5592250823974596,-4.91643905639648,-3.7696132659912096,-4.17844009399414,-2.1011714935302703,-6.70211029052734,-8.55750846862793,-10.774866104126,-5.33942222595215,-2.58475112915039,-0.920614361763,-0.474175810813904,-1.89503228664398,1.9190247058868402,0.608405947685242,-1.38895845413208,-1.5140488147735602,-3.2548804283142103,-3.2194066047668497,-3.3781700134277304,0.21911501884460396,-4.1943068504333505,-3.79649972915649,-6.61334419250488,-1.2641716003418,0.893990278244019
,sub-0126,ses-01,run-03,cognitive,TPJ,279,cueH_stimH,11.3237018585205,-19.1082649230957,-15.293927192688,-9.35881805419922,-4.10389804840088,-2.00129079818726,-3.25239539146423,7.06067228317261,1.95593738555908,9.952460289001461,8.31043815612793,27.310836791992198,16.4286994934082,15.612756729126,8.83698558807373,16.3759918212891,12.229677200317399,18.586471557617198,13.286770820617699,8.60868453979492,2.5689635276794403,-7.4419059753417995,5.0774507522583,-1.07242679595947,-7.804828643798831,-10.5243816375732,0.458056449890137,-9.60540771484375,-21.1829719543457,-10.5596446990967,0.807201385498047,-8.71110534667969,-11.977428436279302,-10.801734924316401,-8.22721099853516,-2.1800994873046897,-2.2894878387451203,4.74662971496582,12.2435913085938,23.8051834106445,6.05880165100098,13.1870021820068
,sub-0126,ses-01,run-03,cognitive,TPJ,279,cueL_stimH,-29.9737663269043,-2.0674676895141597,8.7506799697876,11.5269136428833,8.84322929382324,10.897953033447301,8.17403411865234,4.73140001296997,19.2192115783691,25.0593605041504,15.2578907012939,2.9405136108398398,8.10378456115723,5.52247619628906,-4.81508255004883,11.3670101165771,-3.02808332443237,16.055730819702102,-12.3443050384521,-5.34117269515991,-8.95557022094727,-8.37702941894531,-6.73831415176392,-6.3364520072937,6.0464448928833,-7.212571144104,8.71152782440186,-27.2092018127441,0.704334259033203,-4.11971473693848,-8.84097099304199,-3.5030555725097696,-8.229442596435549,0.0388641357421875,-18.854621887207,-23.944679260253896,-7.1367912292480495,-14.699634552002001,-15.67884349823,-1.5242129564285298,-11.7752342224121,-15.8489818572998
,sub-0126,ses-01,run-03,cognitive,TPJ,279,cueH_stimM,-0.9107177257537841,-19.8579196929932,7.14769172668457,-20.274959564209002,-8.75719261169434,-15.4821434020996,-17.0952281951904,-4.5977292060852095,-11.894664764404302,10.5338096618652,0.22450256347656197,2.0745587348938,-7.8585319519042995,4.5669264793396,-3.5106568336486803,-6.05748510360718,14.754407882690401,-14.276741027832001,7.63847351074219,-9.64132404327393,-2.1768167018890403,-8.02346992492676,-15.618438720703098,-7.33246040344238,-18.4218158721924,-8.626430511474611,-16.0328216552734,-5.635555267333981,-9.567888259887699,-31.7365894317627,-5.69120788574219,14.531946182251,2.18164825439453,-9.89322280883789,1.16896820068359,-2.6761016845703103,-7.450543403625491,-2.26449918746948,-6.21968078613281,-4.94719934463501,-0.346377849578857,3.0629472732543905
,sub-0126,ses-01,run-03,cognitive,TPJ,279,cueL_stimM,-6.275945663452151,-10.7616653442383,-27.760313034057603,-35.139892578125,-20.262765884399396,-21.4855308532715,9.97464752197266,-12.037513732910199,-9.89107990264893,-0.519707798957825,-3.19740581512451,-0.665369987487793,11.0111541748047,13.598280906677198,14.349738121032699,13.062938690185499,-2.92478346824646,-1.6500124931335403,-7.044207572937009,-5.347115516662599,3.75190186500549,1.35020637512207,-7.4639143943786594,-4.92032241821289,-13.0525407791138,-9.27764129638672,-0.22702264785766602,-12.997432708740199,-1.5124225616455098,-9.33249092102051,-5.875225067138669,-12.8894033432007,0.553730010986328,-1.73102188110352,-4.07519721984863,-13.1411743164062,-9.21947288513184,-16.0893630981445,-22.2021675109863,0.28509521484375,7.325927734375,4.45708274841309
,sub-0126,ses-01,run-03,cognitive,TPJ,279,cueH_stimL,-2.79521751403809,8.790309906005861,-12.8293895721436,-6.30867052078247,-8.372190475463869,5.78041172027588,1.1702566146850601,-1.9871903657913201,9.03274536132812,6.344781398773191,13.5413484573364,22.5914249420166,32.531539916992195,16.7413158416748,9.86316204071045,29.2616405487061,21.936315536499,-5.8294367790222195,13.6333017349243,7.00708866119385,10.6012306213379,-8.28075218200684,3.31771969795227,-11.601778984069801,-23.7412986755371,-10.973296165466301,-8.56793594360352,-12.0831642150879,-17.4864387512207,-17.2025279998779,-16.3148918151855,-14.7976760864258,4.7838239669799805,-10.433006286621099,23.495487213134798,3.2920994758605997,12.016996383667,3.9839935302734397,1.3859539031982402,-4.07669448852539,-14.3055067062378,8.09474563598633
,sub-0126,ses-01,run-03,cognitive,TPJ,279,cueL_stimL,0.286087036132812,-6.946276664733889,-8.17109966278076,-6.25883674621582,-4.71898317337036,11.233448028564501,-0.19172239303588898,3.71809363365173,3.2750644683837904,0.441835999488831,-2.8755354881286603,-1.22260880470276,13.6444005966187,-7.54926633834839,-0.00837302207946777,10.728205680847198,-4.11602926254272,2.83517074584961,-9.92505931854248,-17.898456573486303,-1.62510538101196,-16.7471885681152,5.74707317352295,-3.15178537368774,-7.51192998886108,-25.7551116943359,-15.7085313796997,-4.35918569564819,-1.4660563468933099,-14.1054086685181,-5.5844402313232395,-4.75702476501465,-16.3292942047119,3.03695678710938,8.99106979370117,0.946689605712891,-4.96382522583008,-6.353496551513669,-8.57212257385254,2.77377319335938,-14.8780422210693,-5.3344554901123
,sub-0126,ses-01,run-03,cognitive,TPJ,279,rating,-0.206851482391357,4.94965934753418,0.534237861633301,3.4491090774536097,-3.8907690048217796,1.9582405090331998,0.590375900268555,8.28691864013672,19.1079254150391,22.284889221191396,29.000234603881804,36.3572998046875,34.640754699706996,32.7781410217285,30.2485733032227,24.9943523406982,19.0407409667969,16.0966911315918,6.08807039260864,1.7387795448303203,-3.5931212902069105,-1.39060568809509,2.24683451652527,6.52432584762573,0.6568918228149411,3.1960844993591295,3.7670240402221697,0.194575309753418,2.5812807083129905,-3.89943981170654,-0.46810838580131503,-4.21389579772949,-3.07266306877136,-1.5697038173675502,-1.92731094360352,5.134257793426509,0.0828328132629395,3.34526443481445,-0.6788954734802249,3.5238220691680895,4.70822525024414,1.61105632781982
,sub-0126,ses-01,run-03,cognitive,TPJ,279,cue,4.86741256713867,0.911617517471313,-5.109932899475099,3.0887508392333998,-3.2294955253601096,2.7167954444885294,-3.5089707374572794,1.35107469558716,0.7999114990234379,-0.0260429382324219,5.9487400054931605,-3.753173828125,-2.4347038269043,-0.428243637084961,-6.65717315673828,-3.1077423095703103,-2.7058506011962904,-6.216915130615231,-9.31604385375977,-4.50033092498779,-2.14336776733398,1.27548789978027,-2.5651440620422403,2.21235609054565,-0.7308626174926759,-6.018428802490231,-7.3135237693786594,-14.6049470901489,-4.590201377868651,-12.500361442565902,-10.3989210128784,-4.15068054199219,-10.9427309036255,-7.84118843078613,-9.739805221557619,-2.26491641998291,-0.9238848686218258,-5.64821910858154,-1.67978227138519,-7.09130096435547,-0.546653747558594,-6.79754400253296
,sub-0126,ses-01,run-03,cognitive,TPJ,280,cueH_stimH,-10.741758346557601,-11.748032569885302,-6.37181854248047,-7.65042877197266,-16.4193382263184,-4.30150556564331,-21.058177947998,-9.704755783081051,2.36408567428589,4.19811296463013,10.1935529708862,7.4368600845336905,3.2408747673034703,-0.970267653465271,5.00196027755737,8.428956985473631,16.2203807830811,12.095081329345698,-4.27198791503906,-13.421343803405799,-13.449425697326697,-13.363983154296902,-10.5813522338867,-6.57944774627686,-13.8492908477783,-18.1364974975586,-15.4484195709229,-14.5830783843994,-15.7380218505859,-4.11278343200684,-5.46733283996582,-9.260335922241211,-16.1378593444824,-17.4843139648438,-20.3249187469482,-17.7035903930664,-9.40833854675293,-4.6074323654174805,-21.2898044586182,-15.5039949417114,-21.3358211517334,-15.4928674697876
,sub-0126,ses-01,run-03,cognitive,TPJ,280,cueL_stimH,-10.1586799621582,1.9370738267898602,2.7779572010040297,6.03987169265747,7.18857622146606,0.696766972541809,9.14761638641357,20.6070766448975,20.2146377563477,18.670202255249,21.154333114624,7.525018692016599,8.30816650390625,7.81496000289917,18.584520339965803,6.71118354797363,16.443208694458,9.792318344116211,-15.631205558776902,-10.845383644103999,-4.55364513397217,-0.94327449798584,-2.8252787590026895,2.7745914459228502,1.83946228027344,-13.093116760253901,-14.294282913208,-14.807615280151401,-5.63051986694336,-4.57928085327148,-4.00893974304199,-8.53803253173828,-26.247917175293,-17.256202697753903,-9.10712623596191,-6.06144714355469,-9.63308715820312,-10.4070701599121,-15.884657859802198,-18.3142585754395,-11.6069812774658,-7.91234588623047
,sub-0126,ses-01,run-03,cognitive,TPJ,280,cueH_stimM,5.07125663757324,-5.81656551361084,-2.17410373687744,0.396039247512817,-2.38729858398438,-5.59640979766846,0.663895130157471,9.24884796142578,3.19552612304688,12.785797119140598,4.92487478256226,13.317519187927198,6.807842254638669,20.3344345092773,13.434391975402802,8.299891471862791,7.81243181228638,1.3213067054748502,8.02714157104492,1.4178709983825701,-1.89902400970459,-7.4739475250244105,-11.7172698974609,0.0308685302734375,-4.852394104003911,6.20470428466797,-0.5811471939086911,-11.0405025482178,-3.76289749145508,-5.462957382202151,-0.404386520385742,12.1048679351807,7.15674591064453,1.0193881988525402,5.72689437866211,-3.56398296356201,-6.169909477233889,-8.28298950195312,-2.7003288269043,-1.0422612428665199,1.5721318721771202,0.150193214416504
,sub-0126,ses-01,run-03,cognitive,TPJ,280,cueL_stimM,0.01123046875,-11.5959739685059,-14.286625862121598,-18.6877059936523,-7.56163215637207,-7.328973770141599,-1.8891892433166497,-3.07139301300049,-3.03177356719971,4.34209251403809,2.1819398403167702,6.02925586700439,12.858306884765598,15.3517818450928,13.207115173339801,1.71557807922363,7.63866758346558,11.2129354476929,2.6784987449646,3.07697033882141,-5.528395652771,-13.250351905822802,-17.2608947753906,-11.9842185974121,-6.16091394424438,-10.7014741897583,-9.33510780334473,-12.6940765380859,-11.7799530029297,-17.9943161010742,-13.1351900100708,-18.870164871215803,-10.7839870452881,-2.2495002746582,-3.35643577575684,-19.765945434570302,-22.993673324585,-22.618591308593803,-16.6247653961182,-10.8366851806641,3.5008544921875,13.1206750869751
,sub-0126,ses-01,run-03,cognitive,TPJ,280,cueH_stimL,-9.48613548278809,-16.347972869873,-16.160345077514602,-12.8937282562256,-13.365541458129899,-13.746699333190902,-8.732982635498049,1.9425952434539802,-0.131477117538452,-5.260184288024901,5.88866853713989,1.42850589752197,4.63265466690063,20.3335227966309,13.2227249145508,7.01363468170166,13.625621795654302,3.22240948677063,-3.37454080581665,-12.1096897125244,-12.247354507446301,-11.212128639221199,-4.32742023468018,-18.8779563903809,-17.833425521850604,-19.534877777099602,-22.482345581054698,-15.8513860702515,-20.364093780517603,-17.308002471923803,-31.541639328002898,-17.4088745117188,-7.1021223068237305,-12.7159366607666,-0.803863525390625,-11.7010326385498,-14.3691186904907,-24.995338439941396,-22.362989425659197,-16.4588832855225,-15.8058986663818,-10.1787796020508
,sub-0126,ses-01,run-03,cognitive,TPJ,280,cueL_stimL,-9.17985153198242,-10.911949157714801,-15.5783958435059,-5.73479461669922,3.5252823829650897,15.020617485046401,13.5855321884155,11.3843231201172,8.215085029602049,6.47277688980103,14.0243692398071,9.52072715759277,13.071891784667999,11.7878637313843,6.80088806152344,11.1425304412842,8.829155921936039,1.93676137924194,4.4389338493347195,3.0403285026550297,0.629755675792694,5.3256111145019505,-4.57455587387085,-1.8961870670318601,4.40541934967041,-5.071388244628911,-1.4279623031616202,-7.25846862792969,-8.18085765838623,-8.036778450012209,-6.471904754638669,-7.775577545166019,0.720867156982422,13.0267658233643,9.541379928588869,8.459653854370119,15.5888385772705,12.5250587463379,2.10508155822754,-5.47565460205078,3.2698688507080096,2.63888025283813
,sub-0126,ses-01,run-03,cognitive,TPJ,280,rating,3.88473987579346,1.8919181823730502,0.941595077514648,1.97540187835693,-1.75556945800781,-0.0334148406982422,1.8879108428955098,3.8091869354248,7.22511291503906,12.9068088531494,17.5184955596924,13.687164306640598,9.94640731811523,12.2093591690063,12.623771667480499,14.2319278717041,14.4527406692505,10.9427843093872,6.26320743560791,3.8673355579376203,0.67235279083252,0.0377564430236816,-2.24062633514404,-0.549773633480072,-4.40050172805786,-4.34341621398926,-7.57118988037109,-6.69051647186279,-6.51444530487061,-5.32187557220459,-4.9255952835083,-4.05756092071533,-4.192090988159181,0.478943824768066,0.202770709991455,0.339724063873291,0.0552926063537598,-5.29802370071411,-5.28601312637329,-0.0823053121566772,2.18817853927612,2.4107065200805695
,sub-0126,ses-01,run-03,cognitive,TPJ,280,cue,9.61234951019287,3.95328426361084,0.34148168563842796,-4.4800519943237305,-6.713427066802981,-4.38199138641357,-1.68153381347656,6.49468564987183,6.86522769927979,5.47859287261963,7.02404975891113,6.62607574462891,5.31281089782715,2.43217849731445,2.06894302368164,-2.6485595703125,-7.82266998291016,-9.02129745483398,-4.76057243347168,-2.3702239990234397,-0.11308860778808599,-0.807855606079102,-7.683411121368411,-10.872633934021001,-3.7554843425750697,-8.05739307403564,-4.26998090744019,-4.00444030761719,-5.98366832733154,-3.0291373729705797,-4.46183300018311,-2.6508235931396498,0.45662665367126504,1.77788925170898,0.625714659690857,4.01744985580444,-0.106066703796387,-3.25004243850708,-3.18422174453735,-7.77191686630249,3.0109300613403303,1.1068508625030502
,sub-0126,ses-01,run-03,cognitive,TPJ,281,cueH_stimH,0.989493370056152,4.49943161010742,-0.893644154071808,-0.159055709838867,5.63459587097168,-3.19921374320984,-6.9938383102417,2.26278495788574,-2.6749448776245095,2.60458779335022,26.33274269104,19.5933856964111,16.4434490203857,15.856059074401902,-1.9324021339416497,1.24161386489868,21.128494262695302,21.008863449096697,28.716112136840803,-8.75633239746094,-1.0535573959350601,-17.5210285186768,24.9449348449707,9.59611892700195,8.250119209289549,4.10787391662598,-16.8657264709473,-22.636962890625,-15.5064182281494,9.487791061401369,-0.292232513427734,0.46913528442382796,-12.3848609924316,-2.8300933837890603,-14.358428955078098,-21.0578918457031,-20.4986133575439,3.62732696533203,5.6555061340332005,-16.8451557159424,-18.5096759796143,-32.1874465942383
,sub-0126,ses-01,run-03,cognitive,TPJ,281,cueL_stimH,-2.6058683395385698,19.5078086853027,12.967041015625,11.3570079803467,6.40525674819946,-3.28562688827515,0.7629323005676271,-4.85082530975342,9.958136558532711,3.83289003372192,21.589797973632802,-0.9154517650604251,22.331604003906197,-4.77195930480957,10.653865814209,21.092754364013697,27.1030921936035,26.398395538330103,-9.59347343444824,-9.71085834503174,-3.4656209945678698,-7.84851837158203,-1.9650459289550801,9.01517868041992,-1.9380912780761699,-18.677158355712898,-8.01947975158691,-39.6879272460938,-4.646875381469731,-5.03934860229492,14.495664596557601,-13.3028106689453,-10.451589584350598,-10.9644241333008,1.70890235900879,-3.1264095306396498,0.0613670349121094,-26.9637832641602,1.34255409240723,-10.454535484313999,-33.3050155639648,-13.099306106567399
,sub-0126,ses-01,run-03,cognitive,TPJ,281,cueH_stimM,12.513660430908198,15.3382349014282,-10.557623863220199,-8.99390983581543,-3.05421209335327,-16.5974140167236,-14.604868888855,1.8929126262664802,-1.64513540267944,11.227153778076199,-1.13904333114624,19.383596420288104,6.74120903015137,13.3175687789917,12.7014770507812,11.008792877197301,17.1777000427246,6.4165563583374,23.7603645324707,-1.6606618165969802,4.38324451446533,-14.1640100479126,-26.0010929107666,1.17005968093872,-22.5422897338867,-7.2552165985107395,-14.6240978240967,1.6131496429443402,13.1760196685791,-34.999378204345696,-9.6943473815918,11.839845657348599,16.381881713867198,12.3259601593018,-8.41196441650391,-24.4430847167969,-8.12395477294922,-15.7956438064575,-3.8019256591796897,-4.21099376678467,11.4556179046631,0.25133419036865196
,sub-0126,ses-01,run-03,cognitive,TPJ,281,cueL_stimM,-6.62705993652344,-22.23996925354,-16.094671249389602,-15.212188720703098,-5.967453956604,5.050195693969731,3.91362571716309,-0.7418136596679691,-2.3832061290741,-4.28987836837769,-6.02829837799072,-2.2476174831390403,1.97528529167175,14.657655715942399,4.76678514480591,3.78470873832703,-1.76482653617859,-16.8394527435303,-0.24168860912323,17.535099029540998,7.3820905685424805,10.476114273071301,-4.59741497039795,-8.07590579986572,-12.6212491989136,-27.6808891296387,-7.04569244384766,2.6662774085998504,-3.63492965698242,-22.2815780639648,-16.6348857879639,-19.7471599578857,-20.661188125610398,6.02095985412598,-4.07863235473633,-21.949748992919897,-25.2099285125732,-19.822555541992198,-21.912673950195302,-3.5872421264648398,2.3194580078125,26.561964035034197
,sub-0126,ses-01,run-03,cognitive,TPJ,281,cueH_stimL,3.22032928466797,0.590260982513428,-8.05525398254395,-20.6145114898682,-3.86984348297119,-11.2899503707886,3.80830121040344,0.0756919384002686,-3.5621743202209504,18.8630046844482,-15.3753395080566,-0.45804953575134294,-0.0457868576049805,7.89504528045654,5.04994249343872,10.2761192321777,2.1391661167144798,-5.419268608093259,10.4976482391357,9.29759407043457,-7.933642387390139,8.089475631713869,-3.46719884872437,-5.66272211074829,-7.77199792861938,-8.64736366271973,-7.33721256256104,-31.154813766479503,-18.6640911102295,-3.50174331665039,-30.7912712097168,-30.471656799316396,-21.166347503662102,-10.858968734741199,-6.5753078460693395,-6.9228191375732395,-10.6974506378174,-20.6253623962402,-17.288629531860398,-4.20171165466309,-20.3835296630859,10.199256896972699
,sub-0126,ses-01,run-03,cognitive,TPJ,281,cueL_stimL,-5.732097625732419,4.255896091461181,-20.1824111938477,-6.6117649078369105,0.603469371795654,2.7810671329498304,-3.1298093795776403,11.7063150405884,2.87964773178101,-14.0049409866333,3.4900705814361603,-0.417104840278625,-0.883676052093506,-6.85432910919189,-6.0587882995605495,9.65606689453125,9.57766628265381,-8.59327983856201,-23.337936401367198,-3.91838264465332,4.16551876068115,-0.7884478569030758,-8.21056175231934,-5.74222707748413,-14.206383705139197,-11.7456722259521,-13.050440788269,15.690958023071301,9.89611053466797,-15.066147804260302,-14.962198257446301,-38.631160736084,-17.6303691864014,7.6491413116455105,4.5907154083252,13.251537322997999,2.63687133789062,5.318140029907231,-24.654685974121104,-43.2052993774414,-8.311887741088869,-13.5610446929932
,sub-0126,ses-01,run-03,cognitive,TPJ,281,rating,-4.0729684829711905,1.71780872344971,-0.624465942382812,3.9447679519653303,-0.9353618621826171,-0.900257110595703,2.87702369689941,-3.65324783325195,0.449275970458984,4.19798278808594,11.7959766387939,6.65278625488281,3.4451751708984397,-1.86923503875732,-3.76699829101562,-1.55946171283722,-0.28859424591064503,-1.6285810470581101,0.530044078826904,-7.43866395950317,-9.07093906402588,-5.29919767379761,-4.1421179771423295,-8.40912628173828,-7.0028791427612305,-8.47722911834717,-10.5304927825928,-1.9312629699706998,-7.05865478515625,-4.00560665130615,-6.68878698348999,-5.866919040679929,-4.15983200073242,-4.66071367263794,-1.57795405387878,-2.59577894210815,-0.583395481109619,-11.929664611816401,-5.952935695648191,-2.9113528728485094,-1.6102687120437602,7.012526512146
,sub-0126,ses-01,run-03,cognitive,TPJ,281,cue,22.326026916503896,0.168848812580109,5.41976404190063,-2.00964832305908,1.8119816780090299,-0.8786475658416751,2.7820565700531,2.9613733291626,0.0400180816650391,-0.5078067779541021,-8.113185882568361,-2.7040863037109397,-1.96796226501465,0.6679401397705079,-1.2994956970214802,1.2492370605468799,-0.834171295166016,-6.01363754272461,-9.3109130859375,-8.00031089782715,0.0894069671630859,2.48839378356934,-1.92738485336304,-0.58427095413208,-1.26194620132446,-14.7223567962646,-5.286551475524901,4.2383542060852095,2.9656662940979,7.99450778961182,-5.17171382904053,-1.15541982650757,6.22538423538208,4.09133195877075,-4.19393253326416,1.57552742958069,1.86905479431152,2.91996431350708,0.27411937713623,-14.208202362060499,-6.842529773712161,-2.3140811920166002
,sub-0126,ses-01,run-03,cognitive,TPJ,282,cueH_stimH,-13.441173553466802,-11.245697975158699,7.30113649368286,4.88997507095337,-3.8153824806213397,0.468257427215576,-14.668128013610803,-23.0285663604736,-18.992290496826197,-11.372571945190401,3.85963201522827,14.884741783142099,8.32044792175293,-24.6282062530518,-7.48565578460693,16.791240692138697,7.30173110961914,-4.72935199737549,17.4844093322754,-7.510540962219241,-12.0371952056885,-10.5041236877441,-0.671737432479858,4.57966947555542,-14.3005695343018,-18.6653079986572,-19.239086151123,-24.1811199188232,-16.1458835601807,-9.7823371887207,-8.33720397949219,0.659555435180664,-19.6716575622559,-33.252761840820305,-21.355863571167,-8.27978515625,2.7132282257080096,-8.40328979492188,-5.530094146728519,-22.7191600799561,-12.162389755249,-13.686429023742699
,sub-0126,ses-01,run-03,cognitive,TPJ,282,cueL_stimH,-16.538063049316403,-3.3911917209625204,-10.4227085113525,6.12508392333984,-19.1848926544189,-9.656679153442381,-17.119796752929698,-2.9568805694580096,-2.95880913734436,-8.01274013519287,-1.1014194488525402,-33.3066062927246,1.70676827430725,-13.494364738464402,9.20839786529541,13.572903633117699,2.09575414657593,18.7362022399902,-33.4337158203125,-13.9515323638916,-14.8579835891724,10.5725345611572,-17.271936416626,5.18404197692871,9.86461067199707,-29.0065383911133,-5.83942317962646,-37.865325927734396,-19.300247192382802,-2.4888362884521498,9.54314804077148,-9.13864326477051,-39.9167366027832,-26.608810424804698,-21.6790657043457,-11.559642791747999,-15.175926208496099,2.9481048583984397,-0.25611782073974604,-31.850421905517603,-10.2166213989258,-16.1102466583252
,sub-0126,ses-01,run-03,cognitive,TPJ,282,cueH_stimM,-14.6133146286011,1.54071497917175,-14.514209747314501,-22.3653583526611,-9.256951332092289,-24.8563385009766,10.871862411499,-12.698687553405799,-9.30186557769775,-11.9820041656494,-6.82176399230957,1.5575060844421398,-20.970281600952102,3.1667079925537096,-1.47315335273743,6.61172819137573,-0.928820610046387,-1.46270322799683,5.09397411346436,-7.33311319351196,-4.657837867736821,-21.913049697876,-24.8129100799561,-12.799222946167,-6.83610439300537,-3.76340103149414,-19.7913856506348,-3.92786598205566,-16.2963085174561,-20.103937149047898,-6.40212631225586,-0.675113677978516,-2.3250961303710898,0.851654052734375,0.317819595336914,-4.6245431900024405,-4.35759735107422,-18.925365447998,-3.10195922851562,-2.22949361801147,4.59895515441895,-6.87742614746094
,sub-0126,ses-01,run-03,cognitive,TPJ,282,cueL_stimM,8.65018844604492,-10.6503753662109,-5.7757883071899405,-16.207374572753903,-1.09500741958618,13.1884307861328,-4.59348249435425,14.8118543624878,-24.5491943359375,-12.8781890869141,-26.9193305969238,1.27956414222717,9.654336929321289,-5.631793975830081,-11.955358505249,-4.28328418731689,-21.4520797729492,-13.956605911254899,6.24787473678589,3.2368988990783705,12.4056549072266,-0.29900503158569297,-8.53257942199707,5.08227252960205,-6.0865006446838406,16.207426071167,-7.1050763130188,-0.791093349456787,3.1464257240295397,-9.64885997772217,-15.342960357666,-35.069065093994105,-3.68256568908691,-14.2078533172607,-2.9214420318603502,-14.752681732177699,-17.9921379089355,-28.3899459838867,-15.0982208251953,-12.7941417694092,-2.941650390625,15.747947692871099
,sub-0126,ses-01,run-03,cognitive,TPJ,282,cueH_stimL,-16.7685470581055,0.5214877128601071,-13.478752136230499,-4.91744136810303,2.3231043815612797,-3.3349640369415297,-0.29237723350524897,18.2642860412598,-9.92140102386475,-17.4286193847656,8.814474105834961,-14.2988805770874,11.6691989898682,10.850728988647498,13.5370292663574,14.7538290023804,0.356147289276123,-5.9856162071228,0.113581538200378,4.91384029388428,-0.733728528022766,9.87612533569336,8.38701725006104,-24.8877067565918,-4.92027282714844,-13.353013992309599,-28.6290073394775,-10.699434280395499,-22.9340286254883,-10.700511932373,-17.5681476593018,-9.42573547363281,-3.66377544403076,-2.6716194152832,1.20952224731445,10.2187156677246,2.8621582984924303,-17.8051376342773,-23.101816177368196,2.13451671600342,0.511558532714844,22.4270210266113
,sub-0126,ses-01,run-03,cognitive,TPJ,282,cueL_stimL,4.057579040527339,0.9516329765319821,-10.7060661315918,-1.66908073425293,-13.908632278442399,18.978427886962898,13.377787590026902,-0.9912085533142091,-14.387724876403801,-18.1123199462891,-28.9345436096191,-25.5461540222168,-0.7017166614532471,-17.7220611572266,-13.2345218658447,-4.2993659973144505,-17.5185813903809,-16.454273223877,-9.520383834838869,-0.889787316322327,-1.07365453243256,-13.205020904541,-4.57278060913086,-18.7749137878418,-16.7209968566895,-13.967536926269501,-14.1184329986572,-18.4680557250977,19.1536560058594,-12.6850690841675,-4.03273868560791,-27.0801048278809,-8.81879234313965,4.65312004089355,-11.594713211059599,-17.2757987976074,-5.881244659423831,-16.5731544494629,-24.6029930114746,-32.9962692260742,-10.917144775390598,-11.344066619872999
,sub-0126,ses-01,run-03,cognitive,TPJ,282,rating,-0.601012706756592,5.39474105834961,6.81752967834473,7.27398014068604,0.773748397827148,6.0900783538818395,18.443035125732397,14.1408348083496,7.99033355712891,5.12800979614258,8.57388305664062,5.527618408203121,-0.648971557617188,9.47206020355225,2.54436492919922,6.55079126358032,11.8240642547607,6.729529857635501,5.04103088378906,3.4706006050109903,9.94420909881592,7.160311698913571,11.870648384094201,12.742770195007301,6.00468397140503,2.31099772453308,6.2549943923950195,2.0041923522949197,7.373992919921879,4.635628700256349,5.01121950149536,3.7394931316375697,3.5356624126434304,2.34331274032593,4.03634834289551,3.90691328048706,3.5589451789855997,-2.54878950119019,2.1126940250396697,4.13504695892334,7.695293426513669,4.724560737609861
,sub-0126,ses-01,run-03,cognitive,TPJ,282,cue,11.0214290618896,-3.9235515594482404,1.3804435729980502,-13.859006881713901,-8.92805862426758,-12.1993827819824,-10.9897518157959,1.00937652587891,-8.47921657562256,-19.9197750091553,-27.5585556030273,-29.671216964721697,-23.7838649749756,-28.9522304534912,-9.66603851318359,-14.2133102416992,-13.170379638671902,-18.8827514648438,-11.062259674072301,-8.501523017883299,-8.547206878662111,1.07316207885742,-11.4997463226318,-16.9617881774902,-18.1750583648682,-10.239999771118198,-11.1305446624756,-8.66158294677734,-7.6927180290222195,-13.9270496368408,-11.2925157546997,-8.33401679992676,-5.2167243957519505,-2.8858184814453103,-5.64837551116943,-0.11623573303222699,-15.289605140686,-11.521190643310499,-7.77417421340942,-13.7484769821167,0.8967990875244141,-8.42350196838379
,sub-0126,ses-01,run-04,pain,TPJ,277,cueH_stimH,-0.551029205322266,-17.899677276611303,-9.05414867401123,-3.5756816864013703,5.64432191848755,-7.2616105079650906,10.8781280517578,-13.2324905395508,-2.17161893844604,16.7221374511719,-0.698286533355713,6.51627349853516,-9.15079116821289,-7.180179595947269,0.616621971130371,0.45941781997680703,-6.50458478927612,-19.213211059570302,-6.26635599136353,-7.89862060546875,-9.00886344909668,-4.4816575050354,-1.1628024578094498,1.2191889286041298,-2.2364723682403596,-2.02451753616333,-0.39898943901061995,3.4341626167297403,4.482861518859861,-0.46708774566650396,-1.01507592201233,-6.89886140823364,-0.400704145431519,-2.94104266166687,-2.8634033203125,2.56023120880127,12.2491817474365,9.92300987243652,8.34367942810059,0.70598316192627,13.0641231536865,0.19914722442626998
,sub-0126,ses-01,run-04,pain,TPJ,277,cueL_stimH,3.95598554611206,9.7794189453125,6.52327823638916,-10.9884576797485,0.011815071105956998,8.06292247772217,-8.73722457885742,-0.892686367034912,-12.21812915802,19.572841644287102,-9.17811965942383,1.7169654369354201,-1.3202226161956798,6.2357282638549805,-13.5525169372559,-13.09876537323,-15.3360509872437,-13.287784576416,-18.499397277832,-10.6533803939819,-5.09382915496826,2.06452488899231,-6.05515575408936,2.42661476135254,1.9264030456543002,-1.52844142913818,-1.02197694778442,-4.87050580978394,0.499109745025635,11.3261938095093,10.948760032653801,-5.6907262802124,15.965935707092301,11.9962482452393,10.991096496582001,-2.08922672271729,-2.8218183517456095,-15.9584903717041,13.5092506408691,1.12098002433777,5.069079399108889,0.9396226406097409
,sub-0126,ses-01,run-04,pain,TPJ,277,cueH_stimM,-7.241413116455081,-12.0937023162842,-5.03418922424316,0.512259483337402,-3.41715455055237,5.69132137298584,-5.13834142684937,-10.782147407531701,-21.235876083374,-5.75106143951416,-6.178719997406009,0.00952106714248657,-5.196255207061769,10.383357048034698,-9.414125442504881,-3.86719012260437,-18.533374786377,7.95359754562378,-1.62194681167603,4.2911844253539995,-12.477668762207001,-10.2882041931152,-4.92514848709106,-3.2468276023864706,-18.411828994751,-12.138946533203098,-3.29921913146973,-4.15972900390625,1.7805485725402799,9.97957706451416,10.0754985809326,2.31976723670959,10.0834054946899,-14.1103267669678,-7.416203498840329,6.88474082946777,2.30084991455078,-1.7589168548584,0.911930084228516,1.8270359039306598,6.199774265289309,3.1506509780883802
,sub-0126,ses-01,run-04,pain,TPJ,277,cueL_stimM,1.6188898086547898,-7.34086465835571,11.313232421875,4.12291669845581,9.86832809448242,23.777524948120103,9.81240749359131,1.02353739738464,10.2486143112183,5.56301355361938,0.552443981170654,-12.1209983825684,7.502557754516599,6.515411376953121,6.700915336608889,3.94748497009277,-6.807098388671879,-20.0504932403564,-3.1846013069152797,-16.006149291992198,-3.7003321647644003,-5.67583990097046,-7.70139503479004,-5.79334163665771,-4.18135643005371,-0.8560267090797421,7.59712219238281,3.42395114898682,6.280694484710691,6.58162641525269,21.324298858642603,-4.9688615798950195,2.56618070602417,12.1624851226807,14.9338722229004,9.18592834472656,-7.1872444152832005,13.038673400878901,-4.87308883666992,0.27482700347900396,-4.7438850402832005,-5.6241979598999
,sub-0126,ses-01,run-04,pain,TPJ,277,cueH_stimL,1.7969779968261699,-2.55112743377686,-6.8115959167480495,-4.63644695281982,6.2279777526855495,0.8301154971122741,0.846476554870605,-8.33531856536865,5.6399440765380895,-2.33458065986633,-13.7718658447266,3.9572978019714395,-9.48369884490967,-9.0378360748291,-5.931283473968509,-3.0647997856140097,-9.38090705871582,-12.667012214660598,-19.128463745117198,-6.269695281982419,-17.0228118896484,-11.2797517776489,-11.003177642822301,-11.076601028442399,-16.7317752838135,-10.445379257202099,-13.0610952377319,-1.60906136035919,-22.883567810058604,-6.21142292022705,-2.70653367042542,-1.6740655899047898,-1.86967182159424,-8.69139099121094,-5.33717155456543,-13.376072883606,-11.268882751464801,-17.4577369689941,-0.619894027709961,-7.024602890014651,-6.005925178527829,-9.03856086730957
,sub-0126,ses-01,run-04,pain,TPJ,277,cueL_stimL,-5.785884857177731,-8.53535938262939,-20.9022808074951,-2.0835599899291997,2.5544013977050803,7.249578952789309,18.1197357177734,0.38186502456665,-8.98583030700684,-11.250739097595199,-11.9602556228638,-3.97573971748352,-0.434155464172363,-0.9527511596679691,-11.911867141723599,-15.402250289917,-17.0946254730225,-15.2423648834229,-7.649853706359861,-14.6532325744629,-15.0346193313599,-14.885085105896001,-13.8376750946045,3.9800462722778303,8.46599006652832,-1.1709748506546,-11.0199546813965,-14.576620101928699,-19.7151050567627,-16.821783065795902,-7.76247358322144,4.5821213722229,13.5537328720093,8.75729656219482,4.622310161590581,24.255271911621104,-3.3173587322235094,2.51996612548828,-4.34730100631714,-11.487297058105499,-8.71516895294189,-3.30834150314331
,sub-0126,ses-01,run-04,pain,TPJ,277,rating,-0.0195446014404297,3.8858518600463903,3.8181266784668,0.971905708312988,7.62324333190918,3.1550750732421897,0.206120491027832,3.3983001708984397,0.69649600982666,2.07869529724121,2.9895782470703103,-0.716388702392578,1.90275382995605,2.4799041748046897,3.93789672851562,7.224456787109379,9.99211311340332,4.39209461212158,2.23302173614502,0.649334907531738,1.10549259185791,2.35347175598145,3.63892459869385,1.67234992980957,-0.080662727355957,3.8512077331543,-0.635851860046387,-0.264880180358887,-3.48452401161194,-3.48598766326904,-4.55827045440674,0.101319789886475,-1.36402606964111,-0.37834095954895003,2.79244613647461,1.51586532592773,-1.8549270629882801,0.433080196380615,1.2374801635742199,1.9880142211914098,1.0390625,0.120013236999512
,sub-0126,ses-01,run-04,pain,TPJ,277,cue,1.7576875686645501,-4.06711101531982,-1.2701306343078602,-3.2486019134521498,0.696428298950195,-2.84158849716187,-0.5192012786865229,-4.60835838317871,-8.90315246582031,-4.561877250671389,-0.983432769775391,1.8632884025573702,-1.66459035873413,1.96430730819702,-7.40503597259521,-7.244140625,-1.6431770324706998,-6.9161872863769505,-4.75834274291992,-5.42984390258789,-10.357196807861301,-13.668783187866199,-9.3761043548584,-7.65169429779053,-8.52637577056885,-7.7719521522522,-5.696965217590329,-6.92377376556396,-11.0390777587891,-7.2846364974975595,-6.44458770751953,-8.11617469787598,-7.23924255371094,-1.7593879699706998,0.558767199516296,-2.9934635162353502,-6.44390678405762,-0.9994282722473141,-9.5440034866333,-10.8080310821533,-8.296008110046388,-8.53548622131348
,sub-0126,ses-01,run-04,pain,TPJ,278,cueH_stimH,0.891231536865234,1.5025568008422898,-8.73564147949219,-7.9826545715332005,-1.87756538391113,0.397399306297302,-7.45567083358765,1.1419463157653797,-6.31581354141235,-0.9317879676818851,-4.76833438873291,1.0125640630722,-12.396742820739698,-11.308199882507301,-7.94379663467407,-11.1129369735718,-8.443996429443361,-7.14651155471802,-7.5198469161987305,-11.2634363174438,-2.0770416259765603,0.176950097084045,-0.6342822313308721,-0.5393360853195189,1.4026811122894298,-8.4309139251709,-13.8392581939697,-4.53974723815918,-9.37353229522705,-12.398185729980499,0.40987586975097706,4.14360952377319,-2.36759376525879,-2.2870922088623,7.0758056640625,-2.9452285766601602,-4.09954071044922,-2.9029922485351602,3.0525722503662096,-0.174232482910156,-2.7123184204101602,-10.916672706603999
,sub-0126,ses-01,run-04,pain,TPJ,278,cueL_stimH,-3.30195188522339,5.38695526123047,-5.36297655105591,2.00383400917053,-5.85648918151855,5.4609494209289595,-4.72244691848755,5.6142110824585,-12.881596565246598,-11.492810249328599,-3.53894901275635,-4.96181106567383,-8.4913330078125,-6.93816709518433,-16.233543395996097,-13.1879138946533,-14.7738428115845,-10.2167482376099,-6.656063079833981,-6.0370569229126,-11.239914894103999,-5.6540060043335,-8.65378761291504,-11.2432613372803,-7.8439617156982395,0.0484757423400879,-7.973077297210691,-6.574181079864499,-2.63990592956543,7.8262033462524405,10.4592761993408,2.21875882148743,11.0360431671143,5.222312927246089,5.07466506958008,-6.11215877532959,-2.5546407699585,-13.4264974594116,-4.6260495185852095,-10.0402240753174,-7.902756690979,-10.8098058700562
,sub-0126,ses-01,run-04,pain,TPJ,278,cueH_stimM,-13.503273010253901,-10.1578216552734,-4.99420738220215,-10.1506481170654,-2.71480751037598,3.48383188247681,-5.52095746994019,0.19805151224136397,0.8780395388603209,-6.7399187088012695,-8.63787078857422,-0.41459780931472795,5.12438774108887,0.8406981825828549,-5.2539005279541,-12.637310028076199,-8.612852096557619,2.4394416809082,-2.51083850860596,3.84201383590698,-0.957911491394043,-9.16338348388672,-0.899392604827881,-9.13356113433838,-12.706787109375,-9.48317909240723,-0.37770843505859397,-11.4766597747803,-2.7581233978271498,-3.7419273853302,1.82205629348755,-1.9264103174209601,8.66569709777832,10.2188472747803,4.551878929138179,4.616058349609379,-4.19282531738281,8.24049186706543,-2.9453182220458998,9.88547897338867,-9.55327033996582,-7.70920753479004
,sub-0126,ses-01,run-04,pain,TPJ,278,cueL_stimM,-12.287594795227099,-4.12884998321533,9.398600578308109,8.62277221679688,3.52042055130005,1.7927966117858898,-11.5770835876465,1.22825026512146,-1.5331666469574,-2.556156873703,-2.64599466323853,-2.37653255462646,0.13243412971496601,-1.4303898811340299,1.2245202064514198,-7.556302070617679,-5.666058540344241,-9.50030899047852,-9.54745483398438,-9.43394756317139,4.69190120697021,-2.92222309112549,-1.8484168052673302,0.292187690734863,4.8320198059082005,6.36761713027954,-0.446996301412582,0.267225742340088,4.98933267593384,9.21647644042969,3.0429859161377,12.5959186553955,20.540090560913104,17.604234695434602,6.230646133422849,-7.29355621337891,-9.28490447998047,7.12188053131104,-3.04501080513,2.5688304901123,-8.54367637634277,-8.02274608612061
,sub-0126,ses-01,run-04,pain,TPJ,278,cueH_stimL,2.6108283996582,4.49309539794922,6.691158294677731,-3.47394466400146,-0.19461750984191897,-4.316986083984379,2.88846063613892,-6.00669288635254,-4.04704427719116,0.106652498245239,-3.46150398254395,2.54906463623047,3.35839128494263,1.1097593307495102,-0.21565914154052698,-1.17737865447998,-9.80238437652588,-4.9211111068725595,-9.24435806274414,-11.711464881897,0.641594886779785,-4.775493144989009,-4.13605260848999,-4.62204647064209,-19.1710243225098,-14.607551574707001,-19.1374263763428,-0.626361608505249,-3.11027193069458,-7.698186874389651,5.45408058166504,5.23435306549072,6.4243679046630895,4.31926488876343,6.628595352172849,-1.8408784866333001,-8.96273803710938,-20.1827163696289,-13.5054225921631,-12.2546329498291,-1.72947430610657,-11.4699611663818
,sub-0126,ses-01,run-04,pain,TPJ,278,cueL_stimL,-14.8031806945801,-3.14822006225586,-6.655231475830081,-2.05006122589111,-3.5160369873046897,2.8142204284668,-3.78399443626404,4.10948944091797,-5.68103885650635,-14.5396060943604,-3.77858209609985,-9.96806335449219,-13.444959640502901,-9.38216400146484,-14.145148277282699,-8.74021244049072,-19.3799228668213,-12.4707698822021,-6.4536452293396,-4.04420757293701,-14.6682739257812,-8.53681182861328,-3.5189847946167006,-14.8744316101074,-8.540378570556639,-11.462425231933599,-13.126163482666,-4.6481633186340305,-4.15869474411011,-14.2183151245117,-12.882942199707001,-8.04883575439453,-5.96630048751831,-0.57221794128418,-10.3974866867065,0.738458752632141,-3.86937141418457,0.299861907958984,-17.361364364624,-18.3563117980957,-3.4388213157653795,-7.598565578460691
,sub-0126,ses-01,run-04,pain,TPJ,278,rating,1.89667320251465,2.4925384521484397,4.7625236511230495,4.97967338562012,6.23048496246338,7.06820297241211,3.6251249313354506,4.61857604980469,4.518969535827639,4.08227348327637,7.70393943786621,2.5269393920898398,3.5716876983642596,1.5996398925781203,0.8246974945068359,2.57058715820312,5.14901542663574,6.24379444122314,9.25367641448975,3.15493679046631,0.641200065612793,1.43651866912842,2.2874479293823198,1.13613224029541,0.153093338012695,-0.12021160125732401,-2.3882851600647004,-1.95974397659302,-3.6202945709228502,1.23471021652222,-3.1299724578857404,4.23294734954834,-1.3518581390380902,-1.45019626617432,-3.20225715637207,-3.4225234985351602,-2.43671894073486,0.456211268901825,1.9438371658325202,-1.7371315956115703,-2.87149429321289,-1.5273237228393601
,sub-0126,ses-01,run-04,pain,TPJ,278,cue,4.48721981048584,-1.22143888473511,1.1913576126098602,-1.83241081237793,-1.8230686187744098,-3.0372257232666002,1.0957956314086899,-6.3158664703369105,-7.5845851898193395,-9.66827487945557,-1.8305149078369098,1.07536745071411,3.4740834236145,4.0512318611145,-3.9066801071167006,-2.76009559631348,-2.92865943908691,-2.85132598876953,-2.4348373413085898,-0.621421813964844,-6.3181037902832005,-10.473060607910199,-12.9274263381958,-11.239295005798303,-8.49751853942871,-4.9565939903259295,-5.52003288269043,-2.98450994491577,-8.88929748535156,-7.39991903305054,-8.11066627502441,-5.425977230072019,-2.34382939338684,-0.0828561782836914,-2.67857027053833,-9.29141235351562,-6.25203132629395,-12.315601348877001,-7.6871452331542995,-5.85420227050781,-6.04834222793579,-7.8166189193725595
,sub-0126,ses-01,run-04,pain,TPJ,279,cueH_stimH,4.94706344604492,6.9482707977294895,8.65905094146729,11.6997585296631,17.948350906372102,0.33201730251312295,1.55581283569336,0.246848583221436,7.20101404190063,8.414979934692381,5.2837834358215305,11.439194679260302,13.0459632873535,4.79667043685913,5.04541349411011,-14.9009075164795,-1.22362303733826,-8.84678745269775,-7.18582963943481,-18.6853523254395,5.936152458190921,-0.33180952072143605,-1.0784122943878198,18.8760662078857,5.69604635238647,6.4667854309082005,5.55667448043823,-0.0852055549621582,3.5419747829437296,12.2216958999634,4.46490001678467,7.37410974502563,16.886737823486303,8.6495361328125,-0.082275390625,10.227663040161099,-7.64455318450928,-8.53665828704834,2.37693214416504,-2.18849754333496,7.31360054016113,-6.7993688583374
,sub-0126,ses-01,run-04,pain,TPJ,279,cueL_stimH,7.05991983413696,-6.0486855506897,13.8824367523193,8.59045791625977,6.68681001663208,8.52462577819824,-5.606396675109861,-3.92774248123169,-14.8755102157593,-9.35324954986572,-6.29459095001221,8.99797439575195,-6.1642560958862305,3.89532518386841,6.020441055297849,-2.69857883453369,-8.75863552093506,-2.3234076499938996,-8.61995697021484,10.094118118286099,1.63010597229004,23.1824684143066,5.64304161071777,4.95229625701904,-2.5790786743164102,11.9050750732422,2.4594178199768097,-0.0970520973205566,11.3215656280518,16.9003410339355,15.1289167404175,17.8597640991211,26.606142044067397,11.957751274108901,33.3449745178223,15.478456497192399,9.59084320068359,6.86917972564697,23.912883758544897,0.25664424896240196,1.17917966842651,1.9631175994873
,sub-0126,ses-01,run-04,pain,TPJ,279,cueH_stimM,3.4804573059082,-9.69896697998047,-10.590614318847699,-5.3278913497924805,-19.199449539184602,2.0757288932800297,1.36642074584961,11.473376274108901,4.98425579071045,15.3674831390381,-1.86401462554932,6.861905097961429,12.5504932403564,19.1446285247803,0.105944633483887,3.72996997833252,-5.509088039398191,-1.80281639099121,3.95622444152832,6.346501350402829,6.65898990631104,-7.23171234130859,13.386065483093299,-3.32844114303589,4.24072265625,-7.4559831619262695,13.393768310546902,6.2004275321960405,10.3168687820435,8.54630088806152,3.3728861808776895,4.89534664154053,17.8640403747559,20.9067497253418,21.239330291748,31.3223896026611,25.3818893432617,18.229305267334002,23.6412868499756,45.40544128417971,13.789787292480499,29.9984111785889
,sub-0126,ses-01,run-04,pain,TPJ,279,cueL_stimM,6.72299671173096,-15.6580104827881,17.238842010498,-6.86108922958374,-19.921566009521502,9.89273071289062,-10.0455799102783,4.82445621490479,10.2641592025757,8.689609527587889,12.8957300186157,-4.86514902114868,15.409560203552198,9.06878757476807,5.20395755767822,5.29772567749023,7.87617492675781,-0.495420813560486,-7.92080307006836,4.22926425933838,7.3868694305419895,4.17212200164795,15.2972583770752,13.213115692138699,18.557325363159197,11.9104681015015,32.9645614624023,3.58111667633057,14.8766117095947,5.1749210357666,18.7460498809814,9.65209674835205,16.8791656494141,21.5428085327148,23.724817276001,11.1765451431274,12.574161529541,26.593408584594698,3.3345887660980202,1.4603371620178203,-3.60472130775452,4.6149587631225595
,sub-0126,ses-01,run-04,pain,TPJ,279,cueH_stimL,8.78035736083984,-12.7911472320557,-10.3186569213867,3.8731718063354506,4.18120813369751,2.63530826568604,14.2557153701782,10.049520492553699,4.69633722305298,9.1715145111084,-5.1294255256652805,-7.715416431426999,-0.16666507720947302,-4.8797664642334,-1.3732070922851598,-13.416711807251,-4.6249108314514205,-14.5716400146484,1.5937323570251498,-12.831994056701697,-7.329163074493411,-2.4322886466980003,-16.192430496215803,9.47727012634277,8.00151824951172,3.85287618637085,4.560407161712651,0.261364459991455,-0.548380970954895,-5.260772705078121,-3.2478222846984903,-3.8192090988159197,6.229708671569821,-3.87249135971069,10.389925956726099,-6.7940998077392605,-5.90736389160156,2.290846824646,0.935932159423828,-13.458370208740199,2.71772956848145,6.44193363189697
,sub-0126,ses-01,run-04,pain,TPJ,279,cueL_stimL,-8.59918212890625,-2.83995246887207,2.5328316688537598,-1.54001379013062,-1.80685043334961,18.990098953247102,7.307785987854,5.79622745513916,-5.09062957763672,-8.20475101470947,-4.85687637329102,-18.5286979675293,-8.42262077331543,-6.4175319671630895,-20.410211563110398,-8.65378952026367,-6.41785001754761,-7.61600255966187,-1.66556787490845,-11.3416233062744,4.31423091888428,-8.69127464294434,-1.98757219314575,0.979589462280273,5.80738162994385,-3.10942268371582,-5.88823652267456,-12.470142364502001,-8.42972469329834,-16.7991104125977,-4.70496416091919,0.415493965148926,18.5203971862793,5.46097469329834,4.763994693756099,29.3976898193359,18.3384628295898,35.249973297119105,18.121746063232397,11.471093177795401,3.0762331485748304,4.17865037918091
,sub-0126,ses-01,run-04,pain,TPJ,279,rating,-2.7843503952026403,-7.28019618988037,-3.64507102966309,-6.25591278076172,-2.01917552947998,-5.55206394195557,-3.7897481918335,1.7240533828735398,4.9170846939086905,11.5436563491821,23.080801010131804,22.7779731750488,20.441583633422898,17.3232116699219,10.654071807861301,5.4371051788330105,-0.353067398071289,-1.1921176910400402,-5.03640556335449,-2.49914073944092,-8.40361881256104,-3.0911750793457,-3.67088890075684,-4.47322082519531,-0.73691463470459,-0.7355499267578121,-1.3874888420105,2.46698713302612,-3.22191381454468,-0.844192981719971,-1.89428281784058,0.257214546203613,3.8275632858276403,6.558337211608889,-3.91973781585693,-5.73054695129395,-7.91516780853271,-8.73361968994141,-1.16818618774414,-7.181573390960691,1.6816821098327601,-4.00502967834473
,sub-0126,ses-01,run-04,pain,TPJ,279,cue,-1.06403255462646,4.98434066772461,3.00344467163086,9.171834945678711,0.969623565673828,9.15643215179443,9.02493190765381,10.0790281295776,10.9048824310303,8.4850549697876,12.7022457122803,14.2927341461182,9.89601516723633,13.3589134216309,1.7294845581054699,2.9003686904907204,1.68025207519531,3.19422149658203,9.02072143554688,10.3419303894043,11.8193702697754,13.7332000732422,13.532876968383801,6.05332851409912,6.289300918579099,3.87471961975098,-9.4896240234375,-4.9866361618042,-15.470603942871099,-12.3576507568359,-13.9714107513428,-9.91496849060059,-9.92108535766602,-14.582218170166,-14.126807212829599,-11.174295425415002,-15.4410486221313,-19.0301570892334,-17.7387409210205,-11.0224390029907,-13.704464912414599,-8.81589984893799
,sub-0126,ses-01,run-04,pain,TPJ,280,cueH_stimH,1.1517410278320301,8.01588726043701,5.151013374328611,-1.9282951354980502,7.58797264099121,-7.64797401428223,-3.63957595825195,-5.97721672058105,-4.77157402038574,-12.572734832763699,-6.10319709777832,3.3282675743102996,-3.07063102722168,-12.6841068267822,-6.45270490646362,-7.45312595367432,-1.4725146293640101,0.18452024459838898,-4.5098366737365705,-10.08424949646,-2.13098812103271,2.5021967887878396,-0.453914761543274,7.44078254699707,6.41802978515625,0.467970222234726,-13.3866147994995,-5.838571071624759,-11.0328950881958,-2.4844155311584504,7.56828308105469,7.9466266632080105,6.030522346496579,0.15304541587829598,-0.0426025390625,-9.0170202255249,-16.2030563354492,-14.4886999130249,-10.217940330505401,-1.18135833740234,9.02798652648926,6.82131195068359
,sub-0126,ses-01,run-04,pain,TPJ,280,cueL_stimH,-2.03314518928528,0.803742170333862,2.66449427604675,12.2858943939209,16.6015930175781,1.96216726303101,-1.1878943443298302,5.473379611968991,-0.136882305145264,-1.6887497901916497,7.34513759613037,12.154239654541,-1.80678570270538,-9.9790153503418,-4.11952781677246,-1.4597020149231001,3.6574320793151895,13.1108131408691,14.8615398406982,12.553873062133801,-3.9311122894287096,8.74538326263428,-1.5994968414306598,5.62253379821777,12.547335624694801,17.4830417633057,9.39861011505127,0.109455108642578,-0.26472806930542,18.724157333374,19.467643737793,19.2514743804932,23.3954429626465,18.4687881469727,7.052387237548831,-4.33613300323486,-1.1566734313964802,-4.83154821395874,1.5382280349731399,-2.09528875350952,-6.171862602233889,-8.81022834777832
,sub-0126,ses-01,run-04,pain,TPJ,280,cueH_stimM,-17.8638000488281,-21.089023590087898,-12.0638580322266,-19.592321395874,-8.89026927947998,-1.7280516624450701,-4.01022815704346,5.69068241119385,-2.76695322990417,-4.05863761901855,-1.5963867902755702,4.663277626037599,9.158162117004391,1.12700521945953,0.586512088775635,-9.8505163192749,-6.25248527526855,0.319223880767822,2.92911958694458,1.17170810699463,6.02529668807983,3.2701220512390097,4.08901929855347,-2.5430750846862797,-9.2115421295166,-10.376407623291,2.30177211761475,-8.80134963989258,2.82146501541138,-6.35710096359253,-5.1090979576110795,8.44771385192871,14.616100311279302,17.3505363464355,9.35581970214844,11.4054508209229,11.450584411621099,9.435243606567381,3.5544281005859397,16.022289276123,-7.56456756591797,-10.468057632446301
,sub-0126,ses-01,run-04,pain,TPJ,280,cueL_stimM,-7.38610935211182,-15.8099031448364,3.3164262771606405,3.83507585525513,-5.310283184051509,-11.514409065246598,-11.4603519439697,-2.2076261043548597,1.78382635116577,3.90900373458862,0.82948112487793,7.69367980957031,4.16456937789917,3.82864952087402,4.64336919784546,-2.98109006881714,-8.31859588623047,-9.13979721069336,-2.82063579559326,-0.37475061416626,12.7703800201416,11.244129180908198,6.245365142822269,9.21084690093994,17.4953632354736,19.6232070922852,25.5948677062988,5.55063915252686,20.2442722320557,3.64698934555054,4.19941186904907,12.8970432281494,22.634391784668,17.9508647918701,8.31795310974121,-6.1517229080200195,-2.4584503173828103,17.9158496856689,3.96888613700867,-12.8578357696533,-13.1388101577759,-16.1908111572266
,sub-0126,ses-01,run-04,pain,TPJ,280,cueH_stimL,0.45698928833007796,6.566723823547361,0.348598480224609,6.406591892242429,-5.339184761047361,-3.46578907966614,-4.211079120635991,-3.3306074142456095,0.48202773928642295,-3.19368839263916,-7.960070610046389,0.23697280883789104,-11.0303258895874,-9.55880546569824,7.008563041687009,-4.646178245544429,-4.02812099456787,-5.28585433959961,1.64304161071777,-6.1687707901001,-8.559177398681639,4.060461521148681,-2.4181115627288796,4.2069582939147905,-5.722106456756589,-11.449443817138699,-15.7437915802002,3.96449089050293,2.28033590316772,0.12744987010955802,-3.62834644317627,0.26348352432251004,5.969200611114499,2.56703352928162,6.123554229736331,-6.28651523590088,-5.21990203857422,-17.410327911377,-3.192786693573,-14.505044937133801,-11.117654800415002,-10.281290054321301
,sub-0126,ses-01,run-04,pain,TPJ,280,cueL_stimL,-5.241661071777339,1.2233881950378402,-2.8292446136474596,12.5124053955078,18.6869430541992,18.044887542724602,14.192232131958,17.1605339050293,0.18283748626708998,-0.854038119316101,-10.954042434692399,-3.0658981800079306,-7.90893125534058,-4.18016529083252,-0.907619476318359,-8.19371604919434,-14.952030181884801,-4.20821571350098,2.28465795516968,-2.10037469863892,5.73013162612915,8.75399017333984,10.5907897949219,-5.93277311325073,2.54143238067627,-4.90409231185913,-20.401088714599602,-5.1987800598144505,-9.733452796936039,-10.7321891784668,2.26887655258179,-13.2602710723877,19.834997177124,8.49619293212891,4.96510457992554,13.9207315444946,11.543811798095698,8.008167266845701,-14.6648006439209,-2.75342750549316,-1.79011476039886,3.1965575218200697
,sub-0126,ses-01,run-04,pain,TPJ,280,rating,-0.005812644958496089,4.835166931152339,7.93310737609863,7.198797225952151,4.88875961303711,2.5176982879638703,1.9913139343261699,6.59975337982178,6.3510036468505895,9.03089237213135,17.1742782592773,15.2133884429932,14.970863342285199,11.733245849609402,9.10830879211426,9.631895065307619,11.8119354248047,10.8215436935425,7.99910926818848,6.930424690246579,1.6595268249511699,0.502158164978027,0.664876937866211,5.466496467590329,4.3406667709350595,1.77661180496216,2.3261022567749,-1.6755957603454599,2.53238153457642,5.27104187011719,4.23350811004639,10.4851865768433,5.63857555389404,0.8342971801757809,-5.18205451965332,-5.6025905609130895,-3.21281814575195,-0.842063665390015,0.246407032012939,-1.54898929595947,-5.312724590301509,-5.45421934127808
,sub-0126,ses-01,run-04,pain,TPJ,280,cue,5.3672170639038095,3.7396547794342,0.167753219604492,2.19604110717773,-0.9537334442138671,3.9216699600219704,4.7461690902710005,-1.08900833129883,-3.7178506851196302,-5.531692028045651,4.11789464950562,9.55095386505127,12.589681625366199,11.4065542221069,-0.917125701904297,-3.33273029327393,-3.8450908660888703,-2.88754272460938,2.62150955200195,6.175373077392581,-2.9547691345214804,-7.3263874053955105,-4.64663887023926,-8.88054656982422,-0.0655937194824219,0.513955593109131,1.14619445800781,-6.86604309082031,-12.881134033203098,-12.6456298828125,-13.204603195190401,-13.0949449539185,-8.61415004730225,-11.226793289184599,-19.121789932251,-19.3375396728516,-18.5854587554932,-19.0066890716553,-17.7158527374268,-7.85411834716797,-6.59026861190796,-10.3668689727783
,sub-0126,ses-01,run-04,pain,TPJ,281,cueH_stimH,-1.7114944458007801,17.6611099243164,-9.56330680847168,-20.8721084594727,2.09431171417236,3.50204300880432,-5.77807903289795,-7.59128141403198,-6.34276008605957,-22.7591934204102,3.1497654914855997,-16.6017723083496,-7.32818746566772,-2.20360541343689,-19.4870986938477,-15.927565574646001,-26.7310276031494,-4.73537492752075,-11.1918430328369,-26.922315597534197,-10.7035255432129,-16.983829498290998,-19.799274444580103,-7.07984161376953,1.89069890975952,-0.39002448320388794,-26.9497604370117,3.27529621124268,-17.7422828674316,-19.6036643981934,-6.7357473373413095,-13.319622993469201,-8.56564617156982,-8.93566608428955,1.273681640625,-11.610520362853999,-27.551940917968803,-3.99868679046631,-28.675720214843803,-1.6795949935913101,-19.2890777587891,10.333712577819801
,sub-0126,ses-01,run-04,pain,TPJ,281,cueL_stimH,6.30291414260864,-9.17445373535156,9.90322875976562,22.9520797729492,-2.87711000442505,23.927659988403303,2.10085582733154,-9.252312660217289,-16.8474216461182,-10.2726039886475,8.30652618408203,5.39356565475464,3.1319406032562296,-2.2521967887878396,-13.010002136230499,-20.841983795165998,-4.3449997901916495,3.9860091209411603,8.81628036499023,5.724459648132321,-4.3465871810913095,-10.8165130615234,-28.3840827941895,-11.616474151611301,-14.094596862792999,22.9112854003906,0.9297480583190921,-3.16000032424927,6.617347240448001,21.2127799987793,17.4188957214355,13.213863372802699,24.507070541381804,7.239924430847171,3.73444366455078,-0.605630874633789,-7.532559394836429,0.30015659332275396,-6.97838258743286,-18.447910308837898,-3.7140734195709197,0.497806906700134
,sub-0126,ses-01,run-04,pain,TPJ,281,cueH_stimM,1.8343582153320301,-21.370103836059602,9.6456880569458,3.1641008853912402,5.1514778137207005,9.05963134765625,-14.1859292984009,-8.846780776977539,4.37721395492554,-0.5262620449066161,-10.504539489746099,-17.2188987731934,-0.690530300140381,16.3339328765869,4.82430648803711,-17.1891002655029,-9.74953842163086,10.3923654556274,-8.10896110534668,0.6400418281555179,-7.389544486999509,15.012664794921902,-16.606002807617198,10.3203744888306,-0.827728271484375,9.8718786239624,13.1356363296509,-20.1757431030273,-1.7225341796875,-14.1619071960449,4.35744714736938,7.85010576248169,20.6858749389648,8.8066463470459,1.12917613983154,-1.7142524719238301,15.3346099853516,-6.55401611328125,3.22138214111328,31.5755233764648,17.119146347045902,-12.2249059677124
,sub-0126,ses-01,run-04,pain,TPJ,281,cueL_stimM,1.86822462081909,-8.44264984130859,11.0764923095703,-6.129122734069821,-0.33557325601577803,-3.82912921905518,-24.8413028717041,-16.558233261108402,-2.59011149406433,-14.6649265289307,-13.482645034789998,8.173656463623049,-11.002795219421401,3.11374378204346,-5.06490278244019,-6.0229806900024405,6.17129993438721,-7.47454404830933,-1.31216812133789,4.71763467788696,-0.4779988527297971,14.421404838562,-13.6638698577881,-0.768032073974609,4.7951517105102495,-2.7829003334045397,6.29491186141968,-1.29753017425537,-6.01555681228638,1.76291227340698,5.83584928512573,0.813873291015625,7.13762712478638,2.99395322799683,16.9615821838379,-9.60301113128662,-1.5170593261718797,-7.398676872253421,-3.53966212272644,-7.154804229736331,2.11498785018921,-10.737743377685499
,sub-0126,ses-01,run-04,pain,TPJ,281,cueH_stimL,15.6870861053467,-18.26340675354,15.811649322509801,-18.4133605957031,-16.617122650146502,-3.43130826950073,-11.170633316039998,-11.5250577926636,3.1046004295349103,-8.15022945404053,-0.259594917297363,4.83379650115967,-23.5087242126465,-13.513325691223098,-7.57415056228638,19.426362991333,-39.9261322021484,-26.3249130249023,-20.7555999755859,-11.301877021789599,3.65968704223633,10.5478200912476,5.76042175292969,10.1793518066406,-3.0495572090148904,-0.450470924377441,-18.1522254943848,-14.058002471923801,-11.119826316833501,-1.12913429737091,-6.65273284912109,-11.778851509094201,12.395138740539599,-2.7236945629119904,7.29049015045166,-13.1490983963013,-10.0426712036133,-24.4278564453125,-11.3941974639893,-24.9508743286133,-5.076988697052,-0.10376572608947801
,sub-0126,ses-01,run-04,pain,TPJ,281,cueL_stimL,-1.46480941772461,-17.291143417358402,4.15237092971802,12.405230522155799,8.01607704162598,18.611835479736303,23.5106506347656,25.586717605590803,-1.7360343933105502,-7.23385953903198,-4.521126747131349,-9.93545246124268,3.79212045669556,12.6398868560791,-7.83164119720459,10.570536613464402,5.417029857635501,-14.7412528991699,-6.37204504013062,0.254056215286255,-3.51045608520508,13.030254364013699,17.831169128418,26.136676788330103,21.9541091918945,-12.085750579834,-2.3453187942504905,-24.981029510498,-21.654712677002,1.64239454269409,1.20749235153198,2.5080146789550803,26.885814666748,11.1887788772583,23.110704421997102,21.455364227294897,24.4599666595459,21.017177581787102,-1.8540930747985802,-3.52039861679077,-13.9103336334229,7.84308195114136
,sub-0126,ses-01,run-04,pain,TPJ,281,rating,-12.458131790161099,-4.73035430908203,-8.71899318695068,1.23986339569092,-0.750432968139648,1.35642719268799,2.14670276641846,-3.8656234741210898,-8.54463195800781,-4.59495544433594,9.63756561279297,6.36433982849121,8.79284286499023,-11.2815093994141,0.37602424621582003,-1.18510818481445,6.83001899719238,-1.3467826843261699,1.64872169494629,1.87401485443115,-7.414608001708981,-7.2572956085205105,-1.7553997039794902,5.61241579055786,8.6952428817749,10.677513122558599,-3.60378503799438,-0.380899429321289,-2.54841160774231,2.92367339134216,6.2465934753417995,5.98699712753296,8.42946243286133,3.72766160964966,-1.15325355529785,-7.287898063659671,-7.1142473220825195,2.6780891418457,4.87651824951172,5.03460693359375,4.7047224044799805,-1.74474191665649
,sub-0126,ses-01,run-04,pain,TPJ,281,cue,6.7222585678100595,1.31904864311218,4.13213396072388,3.20696258544922,-3.30755615234375,12.2377071380615,5.03861522674561,11.0678300857544,4.51113605499268,-6.445514678955081,-3.6647729873657204,1.9367365837097201,3.8782553672790496,4.946465969085691,1.60841178894043,1.61993312835693,2.3656845092773398,2.83599090576172,4.22249984741211,3.53200149536133,2.5653076171875,7.52208709716797,-4.503211975097661,-9.3307466506958,4.4031476974487305,-1.62070417404175,7.77567291259766,-4.92328357696533,-9.33757400512695,-15.061823844909698,-12.950437545776401,-15.033824920654302,-8.27205276489258,8.54080390930176,-3.768235206604,-14.3670387268066,-5.81395673751831,-15.7682847976685,-3.68742179870605,-8.30357933044434,-11.491859436035199,-3.41570091247559
,sub-0126,ses-01,run-04,pain,TPJ,282,cueH_stimH,14.6131057739258,7.20922183990479,0.140432357788086,-15.156063079834,5.326820373535161,-5.49164342880249,1.6873941421508798,-1.48528146743774,-3.6425182819366495,3.60418653488159,8.274538993835451,-0.463669806718826,15.539303779602099,2.03188729286194,1.74694681167603,-1.70001840591431,-0.0338495969772339,-9.81429386138916,9.12686347961426,-39.1500015258789,-4.62801456451416,-9.00281238555908,-22.6799659729004,-6.5656013488769505,-0.8542761802673341,11.0757350921631,-2.1009941101074197,-8.58373165130615,6.15400886535645,-0.935419082641602,5.57826137542725,16.3267116546631,3.36677122116089,13.1154270172119,-2.5513916015625,-11.7296056747437,-21.3157920837402,-4.84915542602539,-8.319628715515138,12.8749465942383,5.30976104736328,1.12129974365234
,sub-0126,ses-01,run-04,pain,TPJ,282,cueL_stimH,-21.8661193847656,-11.9936265945435,9.1729850769043,-8.69462394714355,10.9173488616943,-8.00467681884766,-16.887104034423803,-0.201486110687256,-6.38637447357178,-11.388765335083,-7.51916360855103,11.328240394592301,-3.05736541748047,-9.96927165985107,-34.115421295166,5.48059415817261,-11.6915817260742,-2.4887461662292503,0.646963596343994,2.5026473999023398,2.07588958740234,-1.11066794395447,-16.607765197753903,-7.16175079345703,-5.0027151107788095,5.86586332321167,1.05905532836914,-0.0667219161987305,-10.7281360626221,12.5680255889893,14.1400833129883,-7.431363105773929,27.6164531707764,3.0958900451660196,8.97521591186523,-27.034427642822298,-15.075645446777301,-11.8127918243408,6.52771139144897,9.12108612060547,-0.43807196617126504,-8.22038841247559
,sub-0126,ses-01,run-04,pain,TPJ,282,cueH_stimM,12.5715484619141,-12.5774269104004,-13.079795837402301,-16.8389358520508,-0.9969158172607421,-5.86868810653687,-16.130718231201197,1.63993859291077,7.82821083068848,0.821515321731567,2.60429787635803,5.67177677154541,9.26758193969727,10.8429908752441,-10.0865316390991,-4.138301372528081,-13.7888708114624,15.921426773071301,6.08738374710083,8.97199249267578,4.75049114227295,4.83463001251221,7.274871826171879,8.82891845703125,-3.2951879501342796,-3.6854534149169904,-1.8038158416748,0.911540508270264,18.7863368988037,8.138503074646,10.725794792175302,6.40834999084473,32.079273223877,22.271141052246104,2.2267541885376,0.775402069091797,-4.233154296875,5.362274169921879,5.242637634277339,26.0629692077637,-15.167414665222198,-3.33869218826294
,sub-0126,ses-01,run-04,pain,TPJ,282,cueL_stimM,-2.67819595336914,2.40219497680664,0.593768119812012,-0.877618789672852,-1.79273366928101,-24.208673477172898,-12.776805877685499,-19.256254196167,-29.7135925292969,-2.05668210983276,-8.74943351745605,-4.36548805236816,-4.40848255157471,-8.96025276184082,-12.2628498077393,-0.15505695343017598,-5.85309934616089,-16.6118412017822,-9.74780654907227,-3.1327528953552206,21.2721672058105,16.744686126709002,-3.1552934646606405,14.2584390640259,6.5133547782897905,14.3984928131104,9.36696529388428,-12.1941204071045,-5.410701751708981,5.3199968338012695,-15.2838382720947,15.873453140258801,9.84760570526123,18.141752243042,-3.83498573303223,-27.0295715332031,-21.425815582275398,4.84221458435059,-10.5684947967529,-0.8989834785461429,-6.179508209228519,-29.0314254760742
,sub-0126,ses-01,run-04,pain,TPJ,282,cueH_stimL,16.1165161132812,5.817608833312991,2.38139724731445,11.474979400634801,-9.708855628967289,-13.713610649108901,-4.15344762802124,-1.1548367738723797,3.45659971237183,5.4045100212097195,-9.56048583984375,-6.54733848571777,3.1012010574340803,5.28389644622803,10.182477951049801,-3.34551334381104,-11.5540189743042,1.87114238739014,-17.314744949340803,-23.8017883300781,-5.6371340751647905,10.2163038253784,19.155345916748,10.1869869232178,-20.180591583252,-16.6032028198242,-19.5313091278076,2.86634612083435,5.712116241455081,16.4773445129395,-9.811380386352539,-15.8898372650146,10.0149030685425,-5.33851385116577,0.9764127731323241,-11.336894035339402,0.735668182373047,-20.6800537109375,-0.0540637969970703,3.0430855751037598,14.4684314727783,-3.45873165130615
,sub-0126,ses-01,run-04,pain,TPJ,282,cueL_stimL,-7.4105949401855495,-5.746874809265139,-0.703470230102539,-5.716601371765139,17.1597652435303,19.7052993774414,27.498571395874,20.201000213623,3.47392797470093,6.6386423110961905,1.7799466848373402,6.77947759628296,-4.90713310241699,-20.3294677734375,-4.19379281997681,1.6243705749511699,-12.5466594696045,-11.792241096496598,-2.90887546539307,0.9280714988708499,10.5062952041626,5.49322175979614,11.3770208358765,15.0622615814209,-4.17214393615723,-1.9226999282836899,-24.1671829223633,0.81190687417984,-0.285615563392639,-8.14482879638672,12.462196350097699,-0.648799896240234,-5.07136344909668,2.29127407073975,-2.52918767929077,24.4983749389648,9.67143821716309,2.9124374389648398,-1.2464737892150901,-19.0723152160645,-15.2933959960938,-1.1151638031005902
,sub-0126,ses-01,run-04,pain,TPJ,282,rating,0.42974853515625,3.8231039047241198,7.993656158447269,6.265583038330081,4.08101940155029,0.136878967285156,-8.143664360046388,-4.49557971954346,-2.10713958740234,-5.6460676193237305,-3.1497955322265603,-1.09685325622559,-2.4155158996582,-12.2973785400391,-5.21211242675781,-7.2333259582519505,-0.845256805419922,3.8655366897582994,2.08887672424316,3.90227508544922,-8.33622360229492,-8.131848335266112,-4.412405967712401,2.80139255523682,2.33104228973389,0.9510478973388671,1.27841806411743,-5.763094902038571,-3.31157946586609,7.40315818786621,8.23547840118408,9.02493858337402,6.193893909454349,-0.748685121536255,-6.83689975738525,-7.7411060333252,-8.44141101837158,-4.53112745285034,-5.20831871032715,4.17798662185669,-3.2428374290466295,-11.2954788208008
,sub-0126,ses-01,run-04,pain,TPJ,282,cue,9.522562980651859,0.0875034332275391,-4.10577583312988,-4.38630771636963,-5.21820831298828,1.3406381607055702,5.631230354309079,0.547682762145996,-4.847070693969731,-18.4980144500732,-9.60616493225098,4.33692264556885,-1.00871229171753,3.18059539794922,-13.120512962341301,-9.92806816101074,-3.5709457397460898,-6.03936004638672,3.2982330322265603,5.483341217041019,-3.53054428100586,-7.94419860839844,-3.3145055770874,-5.94991588592529,-5.15374755859375,2.63130903244019,2.43382835388184,-8.16794109344482,-10.374850273132301,-13.243380546569801,-16.0702075958252,-10.685688972473098,-5.09133005142212,-8.84858798980713,-7.47724103927612,-11.8546314239502,-10.4873676300049,-23.0180931091309,-11.894395828247099,-8.41983127593994,1.09795594215393,-8.05563545227051
,sub-0126,ses-01,run-05,vicarious,TPJ,277,cueH_stimH,0.23831772804260298,13.279773712158198,20.6708374023438,21.883258819580103,14.9870767593384,10.404956817627,-6.73662900924683,1.10394930839539,-6.24979209899902,-4.26684761047363,-12.3255615234375,2.1727232933044403,0.7250854969024659,-1.32972025871277,-17.6065273284912,-5.91424465179443,12.769995689392099,-7.05816555023193,11.1857738494873,-7.0930891036987305,8.34090518951416,1.76602351665497,16.5904884338379,1.67442762851715,3.9933161735534703,9.16719341278076,22.1478805541992,10.000205993652301,6.03865480422974,15.996929168701199,6.47016954421997,8.50909519195557,11.137552261352502,12.2477874755859,12.194220542907699,22.6593360900879,19.9194183349609,12.5433740615845,20.223697662353498,5.0236234664917,7.40616607666016,3.1270160675048797
,sub-0126,ses-01,run-05,vicarious,TPJ,277,cueL_stimH,-13.0986156463623,-9.18381500244141,-9.13639450073242,7.310455322265621,-18.2913818359375,-8.05213356018066,-26.262634277343803,-10.9191989898682,-19.511419296264602,-1.10746943950653,2.2560219764709504,9.1204080581665,2.9950146675109903,1.25532865524292,8.433900833129881,14.151144027710002,20.691326141357397,4.30911302566528,16.7047004699707,-0.164984583854675,-4.825072288513179,-4.04781436920166,14.4344062805176,3.84407901763916,4.839928150177,-7.18238162994385,-11.7937183380127,-2.5513153076171897,-9.0797119140625,12.7235555648804,15.421834945678699,-3.8523178100585898,5.62469482421875,-8.90121459960938,-1.3966979980468797,-1.09226608276367,12.9599361419678,11.588358879089402,-8.9493465423584,-9.08449935913086,-17.065788269043,-20.885299682617198
,sub-0126,ses-01,run-05,vicarious,TPJ,277,cueH_stimM,-13.6091756820679,-12.091118812561,-11.503654479980499,-6.16794300079346,4.43730211257935,-11.157808303833,3.2079501152038596,-14.135997772216802,10.2055292129517,-3.26310968399048,6.3692522048950195,-2.01804947853088,-19.4103622436523,-1.25423908233643,8.20393848419189,4.64336919784546,-3.89378213882446,-13.393418312072802,-0.9614088535308841,7.513567924499509,17.4852409362793,5.450213432312009,15.303112983703599,4.22535991668701,-0.25620865821838396,-1.00669693946838,12.028210639953599,9.163351058959961,5.36393737792969,-8.58991527557373,-6.44364261627197,9.22440719604492,-18.438611984252898,7.1051754951477095,4.41014814376831,6.830665111541751,3.2532567977905296,-1.3503532409668002,-15.106421470642099,-5.37853813171387,10.1685371398926,0.521659851074219
,sub-0126,ses-01,run-05,vicarious,TPJ,277,cueL_stimM,-11.8343181610107,0.16909217834472698,7.2555980682373,0.917623162269592,2.9550936222076403,-10.148212432861301,5.8495793342590305,-9.11988353729248,7.780457019805911,-6.107421398162839,-14.457681655883801,-3.23153209686279,-2.3509900569915803,11.061851501464801,-1.26608228683472,9.564146041870119,2.10183930397034,6.84349060058594,-1.29757404327393,1.55342543125153,10.6011657714844,3.26421761512756,17.6193885803223,15.5227699279785,2.63910865783691,-9.924872398376461,-6.02463531494141,-4.46216535568237,19.020587921142603,7.96647071838379,22.1237392425537,12.013695716857901,-0.723596572875977,-11.3795318603516,7.47108268737793,-0.440792083740234,-14.494049072265598,0.607573866844177,-7.911789894104,-3.4040727615356405,-6.172674179077151,8.71843719482422
,sub-0126,ses-01,run-05,vicarious,TPJ,277,cueH_stimL,-15.0092420578003,10.315167427063,-2.54724788665771,1.06872963905334,-8.29904937744141,-15.6645069122314,2.51264095306396,-18.470628738403303,-0.975775718688965,0.856310486793518,-23.5205917358398,-9.14954566955566,-20.103572845459002,-39.5203094482422,-15.7926435470581,-2.67909049987793,-0.082362174987793,0.7112421989440921,-2.4341356754303,-1.3389570713043202,17.184982299804698,16.46923828125,17.0270576477051,13.0861463546753,12.224499702453599,-3.54154825210571,0.43227005004882796,-1.8759224414825402,8.98203277587891,10.528018951416,7.5887956619262695,-5.006126403808589,3.10601139068604,-6.43981170654297,6.2787947654724094,2.3715190887451203,5.64016580581665,3.06508922576904,4.66416358947754,-7.71264362335205,-0.7521743774414059,2.83126831054688
,sub-0126,ses-01,run-05,vicarious,TPJ,277,cueL_stimL,-2.20724248886108,5.08210325241089,7.882534980773929,26.839553833007802,15.7771244049072,-6.50184631347656,1.9635725021362298,4.689857006073,5.36057996749878,17.483421325683597,11.377584457397498,0.556704521179199,-2.32994413375854,-3.78691577911377,-2.7611258029937704,1.30164647102356,24.399612426757802,21.663621902465803,18.628108978271502,8.47402381896973,7.41557121276855,5.31270217895508,2.5285043716430695,18.4091186523438,19.5378246307373,9.30207061767578,6.9832267761230495,8.57867431640625,6.33093452453613,24.466817855835,21.2838745117188,18.194776535034197,12.540678024292,1.0826339721679699,-3.614990234375,-1.49045729637146,-6.2667441368103,-4.03130769729614,0.6076066493988039,12.8086977005005,-23.0151386260986,0.335214495658875
,sub-0126,ses-01,run-05,vicarious,TPJ,277,rating,4.4154782295227095,1.09367334842682,9.227375984191891,6.738399505615231,5.3993878364563,4.332811832427979,3.62915968894958,5.82552719116211,4.73643350601196,4.4598650932312,0.82192325592041,8.32695865631104,6.05481624603271,6.09721374511719,8.152587890625,10.935089111328098,5.4694929122924805,3.55050945281982,3.61680793762207,4.4797506332397505,5.0614767074585005,12.706052780151401,7.548718452453611,9.50902938842773,8.47433662414551,6.10987424850464,0.97762393951416,3.5093965530395494,4.70374250411987,1.852867603302,2.7946774959564196,8.427975654602049,0.994085252285004,9.078592300415039,3.99991226196289,7.60130262374878,8.35820007324219,5.04484176635742,6.53363132476807,0.188856601715088,1.3812332153320301,-0.637534141540527
,sub-0126,ses-01,run-05,vicarious,TPJ,277,cue,0.7651648521423341,1.43272399902344,0.8306961059570309,4.32413578033447,2.02436256408691,-0.129412561655045,-2.02216768264771,-3.45733141899109,-8.41390705108643,-2.33712768554688,0.619279146194458,-1.1069722175598102,-3.46349477767944,-2.13004565238953,-3.05712842941284,6.91162776947021,1.05772686004639,-4.292779922485351,-0.96923828125,0.7448444366455079,-4.81447219848633,-3.9689283370971697,3.17418766021729,3.3853540420532204,0.253544807434082,-2.3340048789977996,-13.892618179321301,-5.2286319732666,-3.79132843017578,4.88691902160645,-1.74864053726196,9.04641151428223,3.5123379230499303,7.2848949432373,4.42258405685425,10.0601625442505,2.34986686706543,12.4261999130249,8.72587299346924,-3.2217223644256605,-2.80656981468201,3.70291662216187
,sub-0126,ses-01,run-05,vicarious,TPJ,278,cueH_stimH,-2.7144513130188,-1.58655869960785,4.109100341796879,5.035987854003911,7.96445274353027,7.3664288520813,4.923444271087651,3.68329524993896,-3.4523963928222696,9.150800704956051,0.733033061027527,13.804802894592301,2.47849941253662,-2.05371952056885,-0.22873342037200897,6.313288688659671,8.36405372619629,4.02708053588867,3.9137001037597696,1.5412302017211899,-2.41904211044312,-2.7980096340179403,6.47410488128662,-5.83332300186157,-1.51873230934143,1.4008016586303702,-0.7523751258850101,-5.85060119628906,-0.8380126953125,5.2555227279663095,1.92690467834473,-4.03048038482666,-0.796960353851318,2.6050038337707497,-2.67287158966064,1.14729070663452,3.43371677398682,10.9069976806641,3.4222249984741198,4.50555038452148,-2.99814987182617,0.109142303466797
,sub-0126,ses-01,run-05,vicarious,TPJ,278,cueL_stimH,-5.01684522628784,-7.3815011978149405,-3.82134032249451,8.15492630004883,-6.47076320648193,-5.25514793395996,-9.58272552490234,-0.26901388168335,1.8717652559280402,8.2914981842041,11.726236343383801,16.512008666992198,15.617307662963901,11.7205104827881,6.627038478851321,16.746017456054698,27.2762126922607,26.1825485229492,23.5342102050781,9.02964782714844,-3.39367413520813,-3.11294412612915,5.4134831428527805,8.00810050964355,0.36092662811279297,-0.142335414886475,-1.8772902488708503,1.08314228057861,4.5876636505127,9.78041076660156,3.85638332366943,3.3479938507080096,-3.3594970703125,-10.0271492004395,-2.0163459777832,2.4713249206543,8.80898284912109,-1.1898307800293,0.0134220123291016,-5.106903076171879,-11.342255592346199,-6.10707139968872
,sub-0126,ses-01,run-05,vicarious,TPJ,278,cueH_stimM,-10.287875175476099,-7.71669006347656,-6.907879829406741,-7.562862396240231,-1.9161448478698702,-12.187981605529801,-5.05521011352539,-1.4250819683074998,17.426082611084002,14.4302425384521,13.992133140564,13.9065742492676,11.9431858062744,3.16372299194336,12.277874946594201,3.7301394939422594,5.7530045509338406,1.4770040512084999,0.627882957458496,2.5934591293335,1.5846700668334999,2.7536153793335,7.7425045967102095,6.4055924415588406,-2.6217679977417,5.4888443946838406,3.996657371521,4.58735418319702,5.401686668396,6.520636081695559,-6.52614784240723,-2.95470523834229,1.4043073654174798,2.99857807159424,8.03439521789551,-9.962648391723631,-6.27858591079712,-9.315530776977539,-12.894279479980499,-9.95204544067383,-3.1680335998535196,1.4838562011718797
,sub-0126,ses-01,run-05,vicarious,TPJ,278,cueL_stimM,-8.439938545227049,-1.8581843376159701,-6.086791515350339,-4.04170846939087,-5.19528579711914,-0.368487596511841,2.29163360595703,5.93383026123047,17.526168823242198,16.269115447998,11.322486877441401,15.1448631286621,9.40199565887451,1.7310631275177,8.96592712402344,5.990319728851321,11.8183183670044,3.7245051860809304,3.27907943725586,3.6833782196044904,6.07700252532959,11.941469192504899,9.82939910888672,13.747047424316401,6.7405300140380895,0.795882225036621,-1.67437696456909,-1.9393029212951698,7.856224536895749,6.32029676437378,12.5594120025635,5.44914436340332,-1.47498893737793,-0.462711334228516,-5.41509246826172,-4.77113723754883,-0.841156005859375,5.08267021179199,-5.1500954627990705,-8.061413764953612,3.98454523086548,3.86072397232056
,sub-0126,ses-01,run-05,vicarious,TPJ,278,cueH_stimL,4.99207496643066,4.44270467758179,-0.722281455993652,-3.25234627723694,-1.0277500152587902,-10.0211591720581,-11.7422704696655,-21.2195091247559,-2.21304774284363,-5.649742603301999,7.39406585693359,-3.4393067359924303,1.32135343551636,-10.388800621032699,-1.9430770874023402,8.30673503875732,12.176882743835401,11.423039436340302,9.37582778930664,2.2268829345703103,4.11671733856201,1.0196726322174101,5.3528723716735795,-0.33312439918518105,-1.22299456596375,-10.6110877990723,-3.71530437469482,-6.955194473266599,-2.77088904380798,16.1282806396484,6.11352443695068,7.65279579162598,3.7773494720458998,3.8934626579284703,9.528074264526369,1.44481086730957,-2.24809074401855,-3.2222886085510294,-3.5084195137023904,-3.15554428100586,-0.881823539733887,6.247516632080081
,sub-0126,ses-01,run-05,vicarious,TPJ,278,cueL_stimL,-5.570734024047849,-2.0575127601623504,1.8151147365570102,6.56777191162109,10.7828121185303,19.0270824432373,8.86501312255859,-0.350196361541748,-1.1234881877899199,11.630462646484402,9.725809097290039,18.6238746643066,8.28110027313232,7.03164148330688,3.85644578933716,7.6483249664306605,17.6758499145508,9.538289070129391,14.2505941390991,2.90438771247864,4.78726387023926,2.7463755607605,5.62213277816772,13.339986801147498,25.391492843627898,10.3918466567993,3.5963568687439,10.437479019165,3.68872785568237,12.9303226470947,5.11304664611816,3.84456062316895,-7.7726001739502,-14.503143310546902,-21.3712158203125,-18.2627258300781,-22.2210006713867,0.76115894317627,-9.67918300628662,-7.73776006698608,-12.679431915283198,-4.15542268753052
,sub-0126,ses-01,run-05,vicarious,TPJ,278,rating,2.18823909759521,2.96638107299805,3.44330978393555,0.339387595653534,-2.45776772499084,-4.24750804901123,-3.01507973670959,-2.0332715511322,-0.57137656211853,0.9815373420715329,-1.2584867477416999,-2.4647159576416002,0.0801734924316406,0.5051937103271479,1.0458297729492199,1.0228805541992199,-2.70738673210144,-4.14057445526123,-3.3862762451171897,-0.893563270568848,-0.26217937469482394,-0.329035997390747,-1.8599219322204599,1.30138540267944,-3.03500938415527,-2.8834664821624796,-2.9466969966888397,1.3697332143783603,1.4056428670883199,3.24249172210693,2.4152090549469,4.75187158584595,2.5886676311492898,2.50930619239807,5.03744697570801,-0.34876537322997997,-1.65455341339111,0.7211164236068729,1.10833287239075,-2.58216190338135,-1.6018853187561002,-4.39206981658936
,sub-0126,ses-01,run-05,vicarious,TPJ,278,cue,0.225891590118408,3.5787391662597696,5.01360321044922,-2.19187521934509,-1.9661371707916298,0.56657612323761,0.447050034999847,-2.2618191242217995,0.377712249755859,4.43640899658203,1.82467174530029,5.23959827423096,2.33370780944824,0.304978847503662,1.5445122718811002,2.38628768920898,1.04434013366699,6.63944053649902,-0.614114761352539,0.286083221435547,-0.5979976654052729,0.59665584564209,5.0221118927002,7.74282026290894,1.713862657547,0.8910061120986942,4.69222831726074,1.4172583818435702,6.103243827819821,0.9748975038528441,6.85416316986084,9.46852874755859,3.25829100608826,4.96809768676758,-3.80050373077393,1.9335408210754401,1.37355220317841,1.06929135322571,-1.9400669336318999,-0.8087676763534549,-6.28383541107178,3.88700270652771
,sub-0126,ses-01,run-05,vicarious,TPJ,279,cueH_stimH,-17.6601505279541,-5.681958675384519,-9.94445037841797,-20.310525894165,-18.1467895507812,-18.5806045532227,-8.77398300170898,-7.62776756286621,2.1606810092926003,10.8539505004883,5.67336082458496,28.797283172607397,-6.15564250946045,24.340965270996104,-7.00367546081543,23.685968399047898,-11.888267517089801,-7.94957494735718,-23.1232757568359,-15.336785316467301,-38.5219078063965,-28.862064361572298,-19.674358367919897,-19.5468692779541,-8.79647922515869,-30.8089237213135,-24.1802139282227,-36.0446929931641,-39.1781158447266,-14.9855270385742,-37.7511024475098,-11.833433151245101,-21.2665519714355,-12.5205974578857,-31.2632350921631,-11.412290573120101,-33.154109954834,-5.69371891021729,-5.10019111633301,14.5084962844849,-14.243223190307601,8.680419921875
,sub-0126,ses-01,run-05,vicarious,TPJ,279,cueL_stimH,4.22371482849121,4.28961944580078,-13.0612440109253,7.57069540023804,-12.6175365447998,0.30821663141250605,-18.0748138427734,-1.4041233062744098,-4.801965713500981,8.55064582824707,9.54875755310059,13.6612300872803,17.939136505127,9.80971813201904,6.217772960662839,-6.65093660354614,-1.59303069114685,-10.7113828659058,-10.3917207717896,-16.1006278991699,-28.3886528015137,-29.0596199035645,-40.337928771972706,-18.718147277832,-33.686737060546896,-5.958134651184079,-17.9606113433838,-7.36789846420288,-9.96831130981445,2.42043972015381,1.5963335037231399,-5.600162506103519,10.2472839355469,-11.9176807403564,-19.040695190429698,-14.988258361816401,-2.63879823684692,-1.2867965698242199,14.163331985473599,5.508052825927731,22.7554244995117,-2.65149974822998
,sub-0126,ses-01,run-05,vicarious,TPJ,279,cueH_stimM,2.1575255393981903,-9.66333389282227,-10.3591775894165,-4.26384782791138,2.31584358215332,-5.49253177642822,-10.5460901260376,1.39154899120331,3.44815063476562,-11.6543846130371,13.5916290283203,9.951658248901369,15.962908744812,5.59155178070068,9.16880798339844,1.8313905000686599,-6.67386436462402,-8.10318565368652,-11.4381446838379,-20.3543949127197,-19.4990482330322,-41.2179183959961,-23.460596084594698,-12.6900978088379,-23.449609756469698,-14.3404884338379,-38.2676010131836,-15.1404762268066,-28.0071334838867,-26.133728027343803,-36.1960563659668,-32.139636993408196,-36.8947257995605,-40.613861083984396,-12.732452392578098,-20.877273559570302,-8.69919490814209,-14.175068855285598,-19.9681797027588,-22.531194686889602,-17.7118530273438,-23.245285034179698
,sub-0126,ses-01,run-05,vicarious,TPJ,279,cueL_stimM,-11.939859390258801,-21.645704269409197,-17.2997703552246,-6.477056980133059,-11.2845010757446,-9.49848937988281,0.16979992389679,9.15989589691162,8.11046409606934,22.7611865997314,16.63671875,14.605377197265598,32.816951751709,22.151659011840803,12.3234806060791,20.1590309143066,-2.8131074905395494,17.9084739685059,-1.9891049861908001,-0.21934607625007604,-1.25583481788635,-11.589236259460401,-5.653576850891111,13.1401586532593,9.523783683776859,-10.4149761199951,-10.1603412628174,-15.8716468811035,-4.2542839050292995,-0.94880485534668,11.4365396499634,5.919109344482419,-6.35978698730469,3.8169164657592796,-1.78861427307129,10.281982421875,-6.10655212402344,22.5727043151855,-0.554818630218506,14.2914695739746,1.00314283370972,9.77900409698486
,sub-0126,ses-01,run-05,vicarious,TPJ,279,cueH_stimL,-2.8112382888793905,-3.6949057579040496,3.2522535324096697,10.612325668335,-0.558842062950134,7.34698629379272,3.7570645809173597,-5.08505535125732,17.9030227661133,10.862585067749,26.9716453552246,8.82057285308838,41.2280120849609,15.629693031311,16.901020050048803,16.921653747558597,15.977932929992699,14.596595764160199,4.218439102172851,-5.87585210800171,6.717114448547361,-23.7458648681641,-22.447744369506804,-13.8055429458618,-28.1177616119385,-32.1097640991211,-28.8990116119385,-13.8404359817505,-23.9135913848877,-27.3852653503418,-14.6041793823242,-9.93243026733398,-29.9911727905273,-16.6185722351074,-18.9938869476318,-1.5555102825164802,-19.3281402587891,-21.5225620269775,-6.428429126739499,-10.884020805358901,-4.39105224609375,-15.566913604736301
,sub-0126,ses-01,run-05,vicarious,TPJ,279,cueL_stimL,-5.920147895812991,-4.4299898147583,13.9108180999756,4.52721405029297,2.91785717010498,0.825726509094238,-2.80068302154541,6.51426362991333,-5.21706676483154,-3.2764103412628196,-16.0003700256348,13.5348834991455,-9.8615665435791,-5.81148290634155,-1.4714126586914098,5.30702590942383,-15.625347137451199,-15.849724769592301,0.7086526155471801,-23.5497093200684,-21.921974182128896,-27.015621185302702,-27.1327934265137,-26.5820846557617,-15.764662742614698,-27.978248596191396,-10.981449127197301,-6.083675384521481,-13.235837936401401,0.0707931518554688,1.3268394470214802,7.11196136474609,-7.03329086303711,1.09220886230469,-0.423095703125,20.0190696716309,-9.24924373626709,15.043092727661099,7.14323329925537,17.2594833374023,24.1632862091064,5.605233669281009
,sub-0126,ses-01,run-05,vicarious,TPJ,279,rating,3.5808892250061,1.63773930072784,1.4680655002594,-3.2113471031189,-1.63073182106018,-0.8252549171447751,-0.842128992080688,-4.07427978515625,-0.8842825889587399,3.6249437332153303,11.063585281372099,7.75187110900879,8.23630428314209,10.1431102752686,8.92763519287109,-0.663169860839844,-8.797731399536131,-9.65777206420898,-19.255046844482397,-23.655248641967802,-30.9158992767334,-25.7688007354736,-21.7880172729492,-16.333961486816403,-22.7052059173584,-19.9991016387939,-15.152679443359402,-15.822181701660199,-11.211536407470698,-7.0596923828125,-13.4900341033936,-10.0641117095947,-15.141303062439,-12.870849609375,-8.33968544006348,-7.27880716323853,-12.7475099563599,-9.5161075592041,-9.53171539306641,-5.30914974212646,-2.1087055206298797,-10.2723398208618
,sub-0126,ses-01,run-05,vicarious,TPJ,279,cue,-11.847431182861301,-11.4823093414307,-14.8774127960205,-10.5514240264893,-21.888784408569304,-11.638486862182601,-13.9608755111694,-3.67154026031494,-2.38509654998779,-3.20815944671631,-5.19322061538696,0.31139612197876004,-1.29107046127319,-0.807421207427979,-3.26374053955078,2.66336059570312,4.23858642578125,0.38340950012207003,-2.9756259918212904,-2.77834701538086,0.7874164581298829,4.836304664611821,0.633589744567871,10.9026222229004,7.43803405761719,9.749589920043949,11.6685438156128,4.52564764022827,7.66220998764038,1.0495417118072499,4.83907413482666,-0.22810602188110396,-1.0590705871582,-7.75852203369141,-11.7177743911743,-2.60331654548645,-15.8376979827881,-3.89597272872925,-10.137225151062,-0.5487742424011229,-13.473473548889197,0.22408509254455602
,sub-0126,ses-01,run-05,vicarious,TPJ,280,cueH_stimH,-18.539903640747102,-17.5861015319824,-23.1794052124023,-18.637882232665998,-8.463942527771,-16.8509731292725,-9.84800338745117,-3.9087576866149902,5.437832832336429,2.62308812141418,13.334736824035598,26.137565612793,30.6047744750977,20.6137638092041,12.9368019104004,27.646577835082997,32.1142539978027,25.2954292297363,19.5734558105469,6.7635807991027805,-6.78407096862793,-10.1728363037109,-11.456470489502001,-14.004209518432601,-19.900737762451197,-18.7783164978027,-27.612190246582,-28.185113906860398,-18.8276348114014,-22.512088775634798,-19.5026912689209,-18.863655090332,-18.8545970916748,-17.7404842376709,-14.739972114563,-13.5832366943359,-9.10203838348389,-7.63580226898193,5.80271816253662,5.27106666564941,-6.05195808410645,-1.8344535827636699
,sub-0126,ses-01,run-05,vicarious,TPJ,280,cueL_stimH,-5.43550443649292,-1.55368590354919,4.00615692138672,11.4794311523438,1.7233086824417099,-5.68692255020142,-6.07533836364746,-9.915913581848141,-7.72634220123291,2.66128659248352,10.153328895568801,22.4347877502441,13.562235832214402,10.3417110443115,10.2775449752808,15.304171562194801,30.8119411468506,21.074462890625,16.6680774688721,5.11484622955322,-15.2020721435547,-13.267452239990199,-5.54692602157593,-8.39781856536865,-4.03005790710449,-5.36987400054932,-17.4779968261719,-3.7044296264648398,-15.3954734802246,2.9772558212280296,9.70248699188232,6.14028358459473,4.134063720703121,-20.5615005493164,-11.822010040283198,-7.946407318115231,10.9028759002686,12.9926919937134,27.657621383667003,13.6274871826172,7.729802131652829,0.596713423728943
,sub-0126,ses-01,run-05,vicarious,TPJ,280,cueH_stimM,-14.0149250030518,-19.4107608795166,-5.732775688171389,-1.9793984889984098,-4.04903030395508,-14.8000831604004,-12.4758834838867,-0.8945078849792479,18.5351333618164,6.17801237106323,12.880835533142099,19.1550388336182,16.1750469207764,0.47288393974304205,20.699527740478498,11.7599449157715,13.0533103942871,-2.780024766922,-7.87426328659058,-7.65746641159058,-12.102169036865199,-24.1440410614014,-32.730133056640604,-27.018461227417003,-28.553617477417003,-39.991004943847706,-33.078155517578104,-23.5643157958984,-18.852558135986303,-21.8715496063232,-25.2342357635498,-24.9201259613037,-28.2681617736816,-22.5549240112305,-15.136999130249,-8.42749691009521,-13.6879796981812,-13.7367820739746,-17.2958374023438,-22.002784729003896,-17.709430694580103,-5.87975311279297
,sub-0126,ses-01,run-05,vicarious,TPJ,280,cueL_stimM,-6.692951202392581,0.849571347236633,-0.689383983612061,-3.1487395763397203,-7.7079348564147905,-19.302598953247102,-12.671862602233901,3.77829551696777,13.969388961792,23.459514617919897,15.8495349884033,20.7906551361084,22.6152496337891,27.8225479125977,31.7385139465332,36.361778259277294,29.992563247680696,34.1281051635742,13.842420578002901,14.356143951416,15.001453399658198,5.25616264343262,9.17265701293945,7.62862062454224,13.556043624877901,4.77967119216919,-7.90289306640625,-18.0213375091553,-0.988038063049316,-8.514316558837889,5.26804542541504,1.8935956954956101,-1.3272285461425801,7.83452033996582,0.17812156677246102,1.0046958923339802,2.2779350280761697,16.364130020141598,0.551945686340332,1.48269319534302,7.3978385925292995,6.16958045959473
,sub-0126,ses-01,run-05,vicarious,TPJ,280,cueH_stimL,5.42722511291504,6.74902105331421,7.343722343444821,2.4637684822082497,11.4107418060303,-0.8145840167999271,-20.0906677246094,-10.032205581665,2.51928567886353,7.795781135559079,16.788795471191403,25.816209793090803,17.713182449340803,1.63549995422363,7.72141551971436,28.7320957183838,27.6186790466309,32.0020217895508,22.967037200927702,6.2202243804931605,-0.239961624145508,-12.739461898803699,-9.862302780151369,-20.904644012451197,-19.0498008728027,-18.6235313415527,-22.1999778747559,-25.6896438598633,-18.5126838684082,-8.087156295776369,-5.06015825271606,-1.5124399662017802,-4.17870044708252,-11.305370330810499,-5.66057014465332,-14.979138374328599,-18.104059219360398,-15.680945396423303,-23.348747253418,-18.188919067382802,-19.3505172729492,-3.61337661743164
,sub-0126,ses-01,run-05,vicarious,TPJ,280,cueL_stimL,-10.4241218566895,-12.5120944976807,-8.91712856292725,3.02484750747681,4.81083154678345,10.5456199645996,-0.66153621673584,-13.536959648132301,-11.0416679382324,6.301509857177731,10.0776491165161,27.357765197753896,8.665416717529299,13.5866613388062,12.1371307373047,12.4536733627319,11.837747573852502,21.5959281921387,18.3115615844727,2.6727299690246604,-3.89261794090271,-14.3114070892334,-18.5308628082275,-7.87605381011963,8.68694305419922,-7.09387969970703,1.47621202468872,-6.66452980041504,-3.16754579544067,3.73762702941895,6.349581718444821,11.795665740966802,9.507608413696289,-3.50339126586914,-11.4814453125,-6.48359680175781,-0.153008937835693,14.4597778320312,22.480491638183604,26.7530193328857,8.83246898651123,4.66005754470825
,sub-0126,ses-01,run-05,vicarious,TPJ,280,rating,1.5898818969726598,1.9160351753234899,2.8404157161712598,-0.342086732387543,-7.402381420135501,-10.3604917526245,-7.24061489105225,-5.53719425201416,0.22145676612854,2.9864726066589395,-0.795116901397705,-2.389723777771,-5.48470592498779,-3.4309711456298797,-2.5526962280273398,-1.01645660400391,-8.08538246154785,-7.76864862442017,-15.781085014343299,-17.9293155670166,-20.625045776367198,-18.538227081298803,-18.6366691589355,-16.2396259307861,-15.9868946075439,-17.837965011596697,-14.6575508117676,-9.59056282043457,-9.59841442108154,-7.91968297958374,-9.03995227813721,-4.0959358215332005,-8.43492221832275,-8.181516647338869,-5.7595930099487305,-7.17352151870728,-9.03637981414795,-6.07752799987793,-4.41283416748047,-7.10446405410767,-7.1644392013549805,-11.402307510376
,sub-0126,ses-01,run-05,vicarious,TPJ,280,cue,-9.89207458496094,-7.858585357666019,-12.578136444091802,-12.5264453887939,-10.105461120605499,-4.58043622970581,-3.49307179450989,-2.6424927711486803,1.37513875961304,5.847467422485349,6.97440481185913,6.71528196334839,6.539856433868411,1.07006740570068,-2.50567483901978,1.66841125488281,1.8475418090820301,3.9137516021728502,0.0141525268554688,1.05315589904785,0.294912338256836,-0.12514591217041002,3.3808612823486297,14.1320199966431,11.784100532531701,11.7981958389282,10.166165351867699,4.78299379348755,9.93274784088135,3.21983957290649,7.1181468963623,8.27173900604248,3.1253089904785196,0.548329830169678,-1.38876938819885,-4.73760175704956,-0.924625992774963,7.23593997955322,2.01187896728516,-4.57463836669922,-6.56286096572876,-2.3984723091125497
,sub-0126,ses-01,run-05,vicarious,TPJ,281,cueH_stimH,19.3610858917236,-6.18595027923584,-1.7400301694870002,-17.9968376159668,12.956157684326199,14.661109924316401,-2.4726717472076403,-1.88920307159424,-12.952289581298801,-17.0135765075684,7.68771839141846,5.671710014343259,12.3590087890625,-11.1442432403564,-7.639910697937009,-19.0606060028076,-6.83976554870605,-18.2843246459961,-10.9721393585205,21.816011428832997,-20.578449249267603,-11.7824649810791,-3.4373936653137203,19.6564636230469,9.26408958435059,-9.5401554107666,3.8305420875549303,3.89024901390076,3.9252791404724103,-0.197277545928955,5.19431924819946,17.123233795165998,7.32419300079346,-4.16432523727417,10.9772491455078,-13.683753967285199,1.14540147781372,24.122234344482397,18.621547698974602,19.397884368896502,22.9847984313965,14.081398010253901
,sub-0126,ses-01,run-05,vicarious,TPJ,281,cueL_stimH,-4.31957340240479,-28.490087509155302,-21.7425003051758,12.7633533477783,-0.346226692199707,-16.833814620971697,-8.17181968688965,7.0283951759338406,-9.84910678863525,-7.187564849853519,-7.62346649169922,7.818799018859861,-7.75338506698608,-8.2245626449585,-17.993343353271502,-11.907039642334,-17.6871643066406,7.99422216415405,-6.07867431640625,17.9535350799561,-0.0842746496200562,-12.517779350280799,9.48537063598633,7.86537075042725,3.49758529663086,12.742339134216301,3.94433689117432,8.41122531890869,9.06531620025635,-12.6607999801636,-10.5830020904541,13.7971992492676,8.80706787109375,-13.829620361328098,-4.78648376464844,-5.75102233886719,-11.4191188812256,9.136027336120609,21.6640472412109,-1.11112022399902,7.187077522277829,-3.4328761100769003
,sub-0126,ses-01,run-05,vicarious,TPJ,281,cueH_stimM,-8.20264625549316,10.182762145996099,-6.0330905914306605,4.46643781661987,12.034952163696301,11.4253387451172,6.93477535247803,16.567935943603498,33.816921234130895,10.167076110839801,6.79275274276733,29.780841827392603,28.273286819457997,23.1881675720215,11.1235952377319,13.885702133178699,11.0243339538574,7.92228364944458,13.3946971893311,8.91776657104492,-4.00557470321655,2.08512258529663,10.8962821960449,1.1461539268493701,14.3180370330811,-7.87813520431519,-16.36594581604,-7.744671821594241,9.8550910949707,12.6100969314575,11.2500247955322,-12.511999130249,-10.0067386627197,-19.3373622894287,-13.262507438659698,22.733530044555696,-13.741676330566401,4.68449020385742,-14.329704284667999,-20.6047592163086,-15.570737838745101,-4.21202850341797
,sub-0126,ses-01,run-05,vicarious,TPJ,281,cueL_stimM,3.3395011425018297,-39.4601593017578,2.84378719329834,-17.6591262817383,-11.256134033203098,-22.825080871582,-21.650072097778303,-7.0554103851318395,3.2337021827697794,-0.5955400466918951,-6.9076228141784695,3.3403987884521498,7.595577239990231,8.70401954650879,5.96666812896729,-17.629825592040998,2.94001936912537,12.804323196411099,5.70919418334961,7.21539306640625,-5.13971710205078,12.010274887084998,19.6313800811768,35.1090126037598,35.9531021118164,21.0199089050293,4.04475736618042,-11.638920783996598,-0.45179939270019503,-7.601370334625241,-18.3107872009277,6.90143489837646,-13.194224357605,13.961219787597699,-10.417020797729501,3.5360069274902304,6.42089080810547,14.8520059585571,10.920738220214801,-6.16347408294678,-0.47198176383972207,-24.3434410095215
,sub-0126,ses-01,run-05,vicarious,TPJ,281,cueH_stimL,-7.19081687927246,-22.1293964385986,13.372766494751,8.45116519927979,13.3676509857178,19.4320850372314,11.374351501464801,-14.494874954223599,-14.628960609436,9.33319568634033,16.7970371246338,26.6809425354004,20.1776084899902,17.8972244262695,1.6081423759460403,3.11854887008667,25.0780353546143,33.1929588317871,6.219623565673831,0.7854788303375241,28.171382904052702,-4.812750339508059,-14.651459693908699,12.954517364502001,13.7977123260498,1.47818899154663,17.5182857513428,9.86997699737549,13.915488243103,-8.11002635955811,15.507067680358901,21.902090072631804,10.664097785949698,-0.0217304229736328,10.854284286499,-0.977096080780029,-4.89919662475586,15.353982925415002,24.0193710327148,6.30993556976318,21.5395336151123,3.76755142211914
,sub-0126,ses-01,run-05,vicarious,TPJ,281,cueL_stimL,-22.3089332580566,-22.0917797088623,-25.252744674682603,-3.21732139587402,25.7721328735352,28.6083335876465,-18.9402008056641,-19.9302043914795,-7.473965644836429,-18.637506484985398,-2.01987385749817,16.6387901306152,7.88543891906738,11.1539993286133,-16.5903625488281,3.8880090713501,-6.32191610336304,-4.7616434097289995,14.4048519134521,14.2739706039429,6.056695461273191,23.7856616973877,-7.25762939453125,-2.61515092849731,-0.0646257400512695,7.68861722946167,9.09899520874023,-2.67881965637207,-7.62087869644165,0.999951362609863,-0.8251056671142579,12.1671047210693,12.846565246582001,-19.5240631103516,2.2034912109375,-27.2860431671143,-24.7233963012695,19.0304222106934,12.7305545806885,15.2865381240845,11.6376447677612,6.42476511001587
,sub-0126,ses-01,run-05,vicarious,TPJ,281,rating,3.26606369018555,-1.7210223674774199,0.7160862684249879,-2.6759490966796897,-0.7487773895263671,1.22514867782593,-0.5476820468902589,2.7745354175567596,2.54930925369263,15.3949031829834,5.8095197677612305,3.39986038208008,2.9790000915527304,0.3353271484375,2.7232894897460898,0.228080749511719,12.054997444152802,9.7773551940918,5.952617645263669,2.08702611923218,4.73260688781738,1.51578092575073,4.32859134674072,0.18179869651794398,6.33561229705811,5.29597234725952,-2.83071899414062,1.4498683214187602,0.998928666114807,4.61840867996216,3.11460971832275,8.29780006408691,4.81221103668213,6.268877983093259,0.393611907958984,7.588983535766599,5.661502838134769,5.04150009155273,-4.85774087905884,4.67959880828857,11.024302482605,-2.6365537643432595
,sub-0126,ses-01,run-05,vicarious,TPJ,281,cue,-8.730602264404299,-4.8437614440917995,-0.762317657470703,-8.637026786804201,-7.209149360656741,-3.68797421455383,4.54603624343872,5.25774812698364,0.29275846481323203,3.16976809501648,4.4698367118835405,2.8181438446044904,-2.76499795913696,-3.80752801895142,0.429659843444824,-0.114705085754395,-3.05143928527832,7.858989715576169,7.02503204345703,2.9898700714111297,4.64119338989258,-0.8301057815551759,-3.72159481048584,-6.31182050704956,9.57876396179199,12.2621717453003,1.91241121292114,-5.87593936920166,2.2157611846923797,19.654203414917,13.548116683960002,21.814880371093803,13.6416101455688,1.95226526260376,-0.502908885478973,5.0243992805481,1.1851505041122399,6.24150800704956,6.08948421478271,5.87242889404297,1.7375708818435702,-1.85434436798096
,sub-0126,ses-01,run-05,vicarious,TPJ,282,cueH_stimH,-19.3941707611084,-18.8176860809326,-15.918327331542999,-11.465702056884801,-2.08153772354126,-5.81409692764282,-3.12706542015076,-5.159521102905269,-0.48694634437560996,5.34631729125977,9.79104995727539,0.936621189117432,17.4831104278564,2.9667170047759996,-11.8538074493408,-17.6697044372559,14.405611038208,3.7524399757385294,-7.0139470100402805,-7.59340000152588,-2.5271532535553,-10.7506885528564,14.047117233276401,-4.15086126327515,-4.56489372253418,-15.036844253539998,-13.016929626464801,-32.7303657531738,-18.314594268798803,-8.708788871765138,-27.4960155487061,-10.4500093460083,-8.591184616088869,-13.173830032348599,-16.1301803588867,-10.2865419387817,-7.91281461715698,7.654293060302731,2.08315181732178,12.170413970947301,-4.29014587402344,0.415536880493164
,sub-0126,ses-01,run-05,vicarious,TPJ,282,cueL_stimH,-6.69938564300537,-9.16104984283447,-22.7169170379639,1.5066857337951698,-17.6385383605957,1.31124758720398,-16.437965393066403,-15.525613784789998,-14.559476852417,-2.31054258346558,22.3306312561035,20.239822387695302,11.0004262924194,-3.18192768096924,0.266789793968201,-1.76615333557129,16.999952316284197,6.1926965713501,6.91515445709229,-22.789119720459,-40.1215858459473,-29.4842128753662,-20.9499111175537,-6.96347427368164,-7.95452880859375,12.3922824859619,-30.5580368041992,-23.857463836669897,-22.1063747406006,0.0384731292724609,8.09807395935059,16.3090744018555,9.66309356689453,-17.2126121520996,-29.5523834228516,-10.5421142578125,18.3780632019043,16.6151275634766,14.1664257049561,-0.29820442199707003,-7.83186340332031,-26.3465042114258
,sub-0126,ses-01,run-05,vicarious,TPJ,282,cueH_stimM,-8.63519859313965,-8.699525833129881,9.68009185791016,8.98408031463623,9.25675010681152,-11.2998952865601,-9.995584487915039,-7.971927642822269,22.0418338775635,7.8908786773681605,18.0116214752197,17.2346591949463,15.382625579834,12.581449508667,10.0045347213745,-1.87074065208435,6.975337028503421,-12.7218112945557,-17.2159538269043,-33.8956489562988,-10.485239982605,-15.2849216461182,9.7432804107666,-13.9941501617432,-8.02210426330566,-28.981821060180696,-26.123178482055696,-13.1872882843018,-30.8073215484619,-17.2677097320557,-23.3547382354736,-39.4416160583496,-52.916473388671896,-12.0313568115234,-25.0558395385742,-6.51499366760254,-8.951372146606449,-13.214902877807601,-33.087409973144496,-23.120922088623,-7.327083587646481,-5.16008758544922
,sub-0126,ses-01,run-05,vicarious,TPJ,282,cueL_stimM,7.21636199951172,-2.6152024269104,-1.34577941894531,3.90525913238525,-18.345302581787102,0.7061820030212399,-31.8440093994141,2.94477128982544,9.56966972351074,26.3342437744141,24.0349655151367,10.3494462966919,7.40606594085693,17.251293182373,8.22908115386963,23.7428550720215,-4.33321809768677,1.8622155189514198,7.04598665237427,-4.89060688018799,5.10626363754272,-5.27078533172607,12.1620540618896,18.9273529052734,33.077091217041,-11.9905233383179,-17.5030937194824,-38.74647903442379,-0.673262119293213,-1.31149244308472,4.27918720245361,3.2446308135986297,-1.5863742828369098,-18.383876800537102,10.977832794189501,13.2866973876953,-9.17790222167969,33.874050140380895,19.5003547668457,11.5431842803955,10.389331817627,17.125940322876
,sub-0126,ses-01,run-05,vicarious,TPJ,282,cueH_stimL,-2.10924100875854,-8.73793411254883,-5.15242719650269,1.55346155166626,6.218482494354251,-0.7004654407501221,-31.7336940765381,-13.238895416259801,5.6591916084289595,11.0681610107422,13.1543655395508,40.490875244140604,28.809823989868196,-5.11247873306274,-5.16502952575684,15.975245475769,16.663030624389602,30.3212394714355,42.305328369140604,-10.4266033172607,-2.3532381057739302,-14.825489044189501,-0.24430626630783103,-7.405041694641111,-6.83634424209595,-23.530437469482397,-26.924814224243196,-25.2404346466064,-26.3188972473145,-0.44615602493286105,2.52751350402832,16.4109287261963,0.152705192565918,-28.091838836669897,-3.4523944854736297,-15.311271667480499,-3.68677306175232,-8.02867221832275,-19.5427742004395,-5.62408351898193,-22.5241966247559,1.03989028930664
,sub-0126,ses-01,run-05,vicarious,TPJ,282,cueL_stimL,-39.4134063720703,-17.542188644409197,-17.0870609283447,21.065258026123,24.8392734527588,28.587776184082,10.7408275604248,-8.24419593811035,-36.3035926818848,1.1863386631012,3.5987703800201403,31.731243133544897,2.84143686294556,20.9648838043213,-33.4119186401367,-9.344621658325199,-8.920186996459961,2.99767518043518,4.65661334991455,-6.79389190673828,-13.0907402038574,-16.326839447021502,-30.6945114135742,1.84211921691895,-1.59766912460327,6.5637068748474094,18.7833786010742,-25.479175567627,-27.6787166595459,5.29757404327393,2.64710426330566,19.5770626068115,1.87338638305664,-3.01434326171875,-27.4761962890625,-35.288516998291,4.38795614242554,23.6747398376465,4.48033905029297,32.4284057617188,13.970985412597699,-14.3374013900757
,sub-0126,ses-01,run-05,vicarious,TPJ,282,rating,2.4097533226013197,5.78746223449707,8.62915134429932,5.965581893920901,1.6089932918548602,-1.96564054489136,-3.40085005760193,5.6286506652832005,7.17836952209473,5.73091316223145,-5.10564804077148,-14.148810386657699,-15.8356494903564,-13.055397033691401,-8.27576446533203,-4.67173767089844,-1.56682848930359,-5.80119323730469,-11.7426271438599,-15.4422388076782,-16.2315082550049,-6.17884922027588,-4.97107696533203,-5.8232135772705105,-11.105943679809599,-8.95666599273682,-14.943972587585401,-7.04190540313721,-10.0596971511841,-10.1513929367065,-7.643883228301999,-3.2167072296142596,-7.104095458984379,-8.304928779602049,-10.6597270965576,-7.78200197219849,-13.1860809326172,0.838433265686035,-3.0115571022033705,-12.1120500564575,-4.83777618408203,-7.9722194671630895
,sub-0126,ses-01,run-05,vicarious,TPJ,282,cue,-1.2452297210693402,-7.005828857421879,-12.7874412536621,-4.03629493713379,-6.552456855773929,-3.52922582626343,-4.85253095626831,-9.31784248352051,-11.6329755783081,-0.879125595092773,-6.81489562988281,0.0620088577270508,-9.940813064575199,-4.44913148880005,-12.503316879272498,-1.2193002700805702,16.2699565887451,10.323936462402301,6.85750389099121,0.263450622558594,3.21909141540527,0.847942352294922,3.2112274169921897,14.6009769439697,14.6197090148926,19.7153415679932,10.1270999908447,3.5146036148071302,0.817522168159485,5.4049358367919895,12.4268026351929,19.6829624176025,11.223391532897901,1.6847615242004401,-0.323079943656921,-5.80099868774414,3.07296514511108,13.9717464447021,7.91722106933594,-3.1112866401672403,-5.95235395431519,1.16105389595032
,sub-0126,ses-01,run-06,cognitive,TPJ,277,cueH_stimH,-21.4936447143555,-2.18459701538086,3.2663421630859397,13.8357095718384,-4.61594295501709,-1.11989688873291,-14.00940990448,-21.5099773406982,-15.0836181640625,1.79394340515137,-12.407851219177198,-15.767314910888699,-7.3983035087585405,-31.218078613281197,-34.4146690368652,-43.640010833740206,-24.071048736572298,-32.2265014648438,-26.596448898315398,-43.2262306213379,-36.654998779296896,-5.400174140930179,-16.7103061676025,-17.008609771728498,-17.632343292236303,-16.6792240142822,-15.381044387817399,-12.6927947998047,11.8397903442383,12.460121154785199,-10.9308547973633,2.6568603515625,-8.60350799560547,-3.5490570068359397,14.552085876464801,5.84531021118164,-8.50910949707031,-7.2427253723144505,-3.36331844329834,2.42184281349182,7.638930797576901,16.479190826415998
,sub-0126,ses-01,run-06,cognitive,TPJ,277,cueL_stimH,-10.8842086791992,5.9129962921142605,10.462409019470199,-0.448203921318054,-13.7944049835205,-40.9801025390625,-19.9425354003906,-28.7890090942383,-10.4437694549561,-17.1120929718018,-22.662208557128896,-27.6983814239502,-28.705957412719698,-23.5430393218994,-34.309280395507805,-30.925720214843803,-35.5805244445801,-30.877950668335,-40.4042091369629,-18.571496963501,-9.376081466674801,-13.6005191802979,-2.0751705169677703,-17.208610534668,-10.663396835327099,-21.4465236663818,-11.593484878539998,-12.5177478790283,4.83480453491211,-8.559009552001951,-0.5604248046875,-17.5738544464111,-1.08833312988281,5.63706970214844,-0.42987060546875,5.98435974121094,-1.6485290527343797,9.61982727050781,-0.121200561523438,-4.171136856079101,4.55438804626465,9.843259811401369
,sub-0126,ses-01,run-06,cognitive,TPJ,277,cueH_stimM,1.27191352844238,3.5205531120300297,-4.34434175491333,4.64361381530762,-4.34781551361084,-2.63059282302856,10.678730010986301,-2.1600980758666997,-5.0978250503539995,-14.8537502288818,-4.48189878463745,-10.632073402404801,-12.3805541992188,-17.4389305114746,-21.8680953979492,-25.4891624450684,-15.0511379241943,-28.6608104705811,-29.1158885955811,-52.094509124755895,-38.391139984130895,-35.444484710693395,-25.7152538299561,-29.0945262908936,-16.795467376709002,-23.838336944580103,-17.2502021789551,-24.091354370117198,-13.4912109375,-11.7133369445801,-10.779848098754899,-15.796487808227502,-12.146785736084,-6.32017517089844,1.2885646820068402,-15.482303619384801,9.266683578491211,26.866775512695302,14.7696685791016,11.341339111328098,2.8915634155273398,3.82840347290039
,sub-0126,ses-01,run-06,cognitive,TPJ,277,cueL_stimM,13.545119285583501,16.6847190856934,-5.10810947418213,3.63275909423828,-11.804439544677699,4.15797281265259,6.026263236999509,0.742603302001953,-10.9953126907349,-28.021699905395497,-16.056713104248,-26.866947174072298,-37.962795257568395,-26.6697158813477,-25.57470703125,-30.872983932495103,-29.0411643981934,-37.744880676269496,-20.273000717163104,-21.356496810913104,-15.1307945251465,-27.9461860656738,-33.1363105773926,-12.2154998779297,-23.3829193115234,-18.5868358612061,-11.1410427093506,-4.36691093444824,5.68318176269531,0.260074615478516,-7.333740234375,-9.34565734863281,-9.42560195922852,-1.68914413452148,-2.9847450256347696,7.40989685058594,1.9941482543945301,-7.31124496459961,6.09447479248047,9.24325561523438,-10.6417999267578,-13.0303382873535
,sub-0126,ses-01,run-06,cognitive,TPJ,277,cueH_stimL,-35.3271064758301,-14.005674362182601,-3.45233917236328,-13.164939880371099,-36.137535095214794,-22.278259277343803,-19.473295211792,-30.706239700317397,-32.1789054870605,-24.315433502197298,-22.496944427490202,-35.164505004882805,-25.8263149261475,-29.370056152343803,-28.961194992065398,-30.522144317627,-35.264434814453104,-23.629196166992198,-30.8606472015381,-45.8766860961914,-28.824626922607397,-20.164737701415998,-11.9930515289307,-28.309494018554698,-37.713920593261705,-24.0279102325439,-25.9825458526611,-23.7391471862793,-15.232723236084,-21.214553833007802,-15.748664855957001,-8.22968864440918,-12.252147674560499,-6.81352996826172,-4.3338737487792995,-3.72769165039062,-1.8604965209960902,-10.842450141906701,-17.898365020752,-11.8819255828857,-28.061424255371104,-14.739194869995101
,sub-0126,ses-01,run-06,cognitive,TPJ,277,cueL_stimL,-17.473731994628903,10.261791229248,3.5406875610351602,-6.96152496337891,-4.68083190917969,-7.0397629737854,-12.240614891052198,-9.20048236846924,-10.0543937683105,-16.8374290466309,-25.8490200042725,-26.3316802978516,-12.9124603271484,-24.9807319641113,-21.5728816986084,-26.1019020080566,-21.4641151428223,-39.8542518615723,-24.489389419555696,-11.2620410919189,-25.867773056030302,-18.735034942627,-21.2168579101562,-19.6462707519531,-23.469663619995103,-16.6696395874023,-13.7166967391968,-2.3790035247802703,-23.0428791046143,-29.750463485717802,-29.4134864807129,-17.857374191284197,-23.8965244293213,-3.5008316040039102,-12.228477478027301,-0.281406402587891,-1.59248161315918,2.0415287017822297,10.3392791748047,-3.3521499633789102,6.027008056640621,-4.13298034667969
,sub-0126,ses-01,run-06,cognitive,TPJ,277,rating,-13.5089988708496,-13.0020532608032,-18.826694488525398,-7.29369354248047,-9.515443801879881,-14.8406286239624,-16.497606277465803,-19.1048603057861,-24.8850936889648,-21.814733505249,-20.0973110198975,-21.0656566619873,-19.5509567260742,-20.6865501403809,-23.169128417968803,-14.574432373046902,-17.6864624023438,-18.631435394287102,-20.7818374633789,-17.7798461914062,-17.2825908660889,-8.909238815307619,-12.0650243759155,-7.9526653289794895,-9.86910343170166,-7.41382598876953,-2.36723709106445,3.63560676574707,1.46920394897461,0.7872524261474609,1.07101154327393,-2.2505989074707,2.1790566444397,-1.10367298126221,-1.3145570755004898,0.6113262176513671,-8.54240417480469,-4.67320251464844,-6.81025505065918,-4.598727703094481,-0.849266290664673,-5.24842834472656
,sub-0126,ses-01,run-06,cognitive,TPJ,277,cue,-0.21923255920410198,-4.15507507324219,-8.54119873046875,-18.328800201415998,-9.2197265625,-2.7884063720703103,4.91770935058594,-3.7057991027832,-5.564983367919919,-6.02100944519043,-8.78034782409668,-5.79776573181152,-1.0764198303222698,8.31279563903809,0.705249786376953,-3.5712661743164102,-8.19795989990234,-11.5863838195801,-11.2606887817383,-10.7577667236328,-11.0834808349609,-20.0411529541016,-11.9884033203125,-13.023704528808599,-3.4096221923828103,-12.443973541259801,-7.522808074951169,-13.0239343643188,-16.0879211425781,-16.2163677215576,-18.275455474853498,-19.7115879058838,-27.000234603881804,-25.375286102294897,-27.1705627441406,-11.8353433609009,-10.9679489135742,-8.87020111083984,-14.318990707397498,-7.3701457977294895,-11.8409881591797,-14.302509307861301
,sub-0126,ses-01,run-06,cognitive,TPJ,278,cueH_stimH,-12.1760101318359,-7.44802093505859,-3.07036018371582,-6.14233207702637,-0.19515419006347698,-6.91960906982422,-6.63364315032959,-15.714061737060499,-5.89896583557129,-15.0974731445312,-20.272914886474602,-12.1353054046631,-16.2597541809082,-27.839866638183604,-27.845468521118196,-21.9947242736816,-30.0663948059082,-9.70321655273438,-25.4753761291504,-19.5939712524414,-19.9023056030273,-21.9696159362793,-18.9335403442383,-20.0351848602295,-8.65926551818848,-9.260175704956051,-9.84864521026611,-8.35444450378418,2.08282089233398,7.41335487365723,-1.07859420776367,3.8866081237793,-1.80455207824707,4.74444198608398,2.9578018188476602,2.34038543701172,2.8097076416015603,-6.68906402587891,-6.03730869293213,0.184276461601257,4.31538391113281,3.4500503540039102
,sub-0126,ses-01,run-06,cognitive,TPJ,278,cueL_stimH,-20.458217620849602,-10.209739685058599,-11.5006008148193,-18.242036819458,-29.7233562469482,-23.702453613281197,-9.62247180938721,-17.4819679260254,-13.5500078201294,-24.5235061645508,-30.8307781219482,-34.8386001586914,-38.2741203308105,-41.7487182617188,-40.2784652709961,-27.153491973877,-34.7870292663574,-39.6482582092285,-37.431556701660206,-32.937595367431605,-26.1247749328613,-13.119127273559599,-14.071910858154302,-12.2233982086182,-20.3266429901123,-13.041001319885302,-7.94807243347168,-6.04165267944336,-5.48587989807129,-9.98156356811523,-8.24265670776367,-1.80985450744629,-10.1125373840332,3.23492431640625,-3.7465362548828103,-1.62641906738281,-2.0856170654296897,-8.93910598754883,-1.6572074890136699,-7.50084114074707,-8.34897422790527,-3.32622146606445
,sub-0126,ses-01,run-06,cognitive,TPJ,278,cueH_stimM,-9.65472412109375,-10.961559295654302,-20.3212203979492,-15.877071380615199,-10.909628868103,-15.7977457046509,-6.59423637390137,-10.814838409423801,-3.32978248596191,3.76919555664062,6.57197761535645,4.227394104003911,-4.0253000259399405,-5.7648229598999,-7.22932910919189,-10.523620605468802,-12.1691083908081,-21.2660217285156,-22.8280334472656,-29.5317687988281,-28.8619689941406,-18.4037170410156,-25.5736389160156,-13.755889892578098,-21.1206493377686,-19.113327026367198,-23.111202239990202,-17.735731124877898,-16.8153781890869,-11.9155693054199,-15.180671691894501,-12.8483562469482,-7.4536228179931605,1.6156311035156203,-9.70507335662842,-2.8073902130127,10.966104507446301,1.98013687133789,9.02228927612305,14.0870513916016,13.0111846923828,9.14225387573242
,sub-0126,ses-01,run-06,cognitive,TPJ,278,cueL_stimM,-5.35717487335205,-5.22317218780518,-8.4151439666748,4.944144248962401,0.26112556457519503,-5.802517890930179,-6.49985599517822,-13.888530731201199,-18.5521278381348,-26.178888320922898,-21.9074687957764,-30.2494812011719,-27.719545364379897,-25.5062561035156,-21.618873596191396,-25.8914451599121,-24.6360511779785,-22.1170272827148,-27.3716735839844,-22.2613220214844,-22.4581127166748,-19.511276245117198,-24.298702239990202,-21.7971305847168,-21.6131076812744,-13.3476276397705,-8.901262283325199,-16.1258449554443,-7.61051940917969,-11.332010269165002,-9.0908317565918,-9.12343788146973,-5.148765563964839,-4.33745574951172,-5.04477310180664,-12.1941070556641,-9.43426513671875,-7.8744068145752,3.1849136352539102,-1.00357437133789,-4.11015319824219,-10.095008850097699
,sub-0126,ses-01,run-06,cognitive,TPJ,278,cueH_stimL,-11.837635040283198,-19.4394779205322,-12.3362398147583,-8.897603034973141,-6.1195564270019505,-18.7905216217041,-20.626766204834002,-23.0789451599121,-15.9578189849854,-10.926868438720698,-17.5123996734619,-22.0476951599121,-21.416324615478498,-17.2705993652344,-18.080389022827102,-9.37717247009277,-16.0145950317383,-8.99770736694336,-25.761451721191396,-25.814430236816396,-22.1259498596191,-14.0043258666992,-10.3113861083984,-8.70509147644043,-20.361642837524396,-12.638040542602502,-17.6472244262695,-5.8661785125732395,-4.35474586486816,-5.141571044921879,1.13019943237305,-7.85988807678223,8.24493789672852,3.85007858276367,4.93345260620117,10.0635528564453,8.85503387451172,0.418777465820312,-6.214656829833981,-11.366671562194801,-12.3143062591553,-20.1529502868652
,sub-0126,ses-01,run-06,cognitive,TPJ,278,cueL_stimL,-7.53191375732422,6.040058135986331,4.40303421020508,0.0538711547851562,-18.3071880340576,-16.340919494628903,-7.88868618011475,4.30262279510498,3.8128509521484397,0.575571954250336,-6.71909999847412,-19.1255054473877,-19.6772422790527,-21.2230834960938,-19.594192504882802,-17.5645637512207,-21.588981628418,-15.531618118286099,-22.5821189880371,-11.6454267501831,-2.09075260162354,-10.9611663818359,-5.75789546966553,-5.57521057128906,-14.0282859802246,-13.5831470489502,-10.7331428527832,-8.74405479431152,-5.72816467285156,-14.4868965148926,-8.440319061279299,-6.039373397827151,-8.391956329345701,0.7508087158203121,-4.4565544128417995,-0.8520431518554691,-5.78762245178223,-3.37507820129395,4.81785583496094,-4.113197326660161,9.56137084960938,-2.06127166748047
,sub-0126,ses-01,run-06,cognitive,TPJ,278,rating,-3.1611776351928698,-2.39037084579468,-3.35507297515869,-2.65937519073486,-2.06202340126038,-7.96124362945557,-10.4634761810303,-12.0615673065186,-13.756634712219201,-12.7603321075439,-15.0477905273438,-13.199693679809599,-18.3248977661133,-18.953170776367198,-18.6196823120117,-18.5787963867188,-15.578041076660199,-16.1977882385254,-14.072425842285199,-10.640897750854501,-5.91568660736084,-7.5635871887207005,-7.93493938446045,-8.70759010314941,-6.785480499267581,-4.42119598388672,-2.730544090271,1.60799598693848,-1.49247980117798,2.59138679504395,-3.8067302703857404,-2.61009979248047,0.882398128509521,0.7714915275573729,-0.48422718048095703,-3.1258926391601602,-0.929821014404297,-2.33183574676514,-1.3721342086791999,-3.20674419403076,-1.50106406211853,-4.50841999053955
,sub-0126,ses-01,run-06,cognitive,TPJ,278,cue,5.09809112548828,1.74215316772461,0.3907470703125,-3.1016082763671897,-0.511638641357422,1.05367279052734,-1.63177680969238,-0.641231536865234,-2.9475650787353502,-1.7121391296386699,-3.85750007629395,3.5657472610473597,5.00770854949951,5.0899543762207005,3.90511703491211,2.93091583251953,0.46494674682617204,-0.16611099243164099,5.42186737060547,0.9506301879882809,2.2081146240234397,-2.8618621826171897,-3.24720001220703,0.171974182128906,-0.0450019836425781,-0.451065063476562,-4.98821258544922,-4.1714563369751,-9.58983325958252,-4.13386535644531,-5.5315990447998,-6.8610668182373,-6.50331974029541,-7.09327697753906,-7.3064713478088406,-4.61668968200684,-3.01490211486816,-7.0506267547607395,-1.77486610412598,-4.74352693557739,-1.55322861671448,-8.35951328277588
,sub-0126,ses-01,run-06,cognitive,TPJ,279,cueH_stimH,-23.5085372924805,7.5576667785644505,-15.3232002258301,12.0091772079468,-22.254226684570302,-15.9274654388428,-9.51397705078125,-41.4340019226074,-9.112982749938961,-25.1150283813477,-0.0471715927124023,-22.390905380249,-13.2813196182251,-29.285228729248,-10.6130867004395,-18.0859470367432,-16.507144927978498,-16.6942768096924,-33.6536254882812,-39.876274108886705,-43.2651290893555,-31.0209846496582,-8.97405529022217,-37.5697631835938,-10.5840644836426,-24.667226791381804,-27.1283073425293,-28.9023838043213,-22.9439544677734,-18.177291870117198,-13.7429351806641,-30.960567474365202,-15.8701686859131,-19.7370719909668,-6.67914581298828,-6.78569793701172,1.8843688964843797,-18.807071685790998,-10.002746582031198,-6.459729194641111,-0.298386096954346,-7.056964874267581
,sub-0126,ses-01,run-06,cognitive,TPJ,279,cueL_stimH,-19.4001312255859,-6.88290786743164,-16.289117813110398,-17.7649898529053,-13.2560873031616,-29.5340003967285,-12.0948648452759,-22.4706172943115,-28.450027465820302,-18.5062980651855,-33.8847465515137,-30.6922454833984,-28.6391906738281,-24.815387725830103,-35.7394676208496,-9.830770492553711,-28.3057518005371,-35.2096710205078,-33.9132614135742,-31.144483566284197,-23.9116516113281,-16.6961040496826,-11.0974922180176,-13.2391185760498,-11.292818069458,-20.0587158203125,-13.2452487945557,-17.118558883667,-13.748777389526401,-27.740188598632802,-32.1923675537109,1.2285842895507801,-12.4801712036133,16.3413238525391,10.0010833740234,14.5164642333984,-2.2909088134765603,-0.313133239746094,3.88166427612305,19.260051727294897,13.8076877593994,18.1689758300781
,sub-0126,ses-01,run-06,cognitive,TPJ,279,cueH_stimM,2.2637944221496604,-5.7723903656005895,6.7514362335205105,-8.10373497009277,3.9008617401123,-11.790699005127001,-4.07650184631348,-5.170105934143071,-4.91963005065918,1.87981605529785,-5.609389781951901,-2.22081089019775,-20.191822052002,-17.9244003295898,-19.0066223144531,-8.36160850524902,-16.0155429840088,-19.5436897277832,-16.4914436340332,-35.5272064208984,-18.7663459777832,-24.1329231262207,-30.928575515747102,-29.087144851684602,-28.8814888000488,-28.5904903411865,-31.698823928832997,-26.966819763183604,-14.710950851440401,-22.035892486572298,-15.886791229247999,-12.0361976623535,-23.7706279754639,-19.7229099273682,-23.4766273498535,-17.0076503753662,-4.46599864959717,-3.2340373992919904,-2.3331527709960898,-7.93882751464844,6.86009216308594,8.83820724487305
,sub-0126,ses-01,run-06,cognitive,TPJ,279,cueL_stimM,-5.96374320983887,8.64071083068848,-11.4619884490967,-1.6976623535156203,-13.583205223083501,4.2371683120727495,-4.40578746795654,-9.523613929748539,-22.4139556884766,-17.5216979980469,-27.971570968627898,-18.824298858642603,-15.9579753875732,-19.392864227294897,-5.07213592529297,-29.1376876831055,-24.5995254516602,-13.71741771698,-25.0117683410645,-25.1406745910645,-22.2130317687988,-35.978675842285206,-38.116424560546896,-25.9582138061523,-30.834119796752898,-21.7541103363037,-13.1670455932617,-40.8980712890625,-26.4193820953369,-34.501007080078104,-36.343112945556605,-32.2879409790039,-15.7305240631104,-19.242504119873,-15.5154876708984,-17.1871490478516,-5.958415985107419,-7.38541221618652,-13.459190368652301,-2.5097770690918,-3.02420043945312,-21.987892150878896
,sub-0126,ses-01,run-06,cognitive,TPJ,279,cueH_stimL,-35.386566162109396,-26.795618057251,-22.9732856750488,-23.134801864624,-20.2260665893555,-19.7971458435059,-14.9429597854614,-30.014045715332,-23.132736206054698,-25.5002632141113,-2.82905960083008,-34.6110000610352,-22.604745864868196,-27.572938919067397,-24.436937332153303,-19.094562530517603,-18.0097618103027,-22.2564010620117,-39.4463233947754,-28.1815490722656,-39.915435791015604,-35.7130889892578,-37.0355453491211,-32.8908309936523,-42.9398345947266,-42.6130409240723,-44.0520133972168,-38.094211578369105,-22.031156539917003,-29.8863315582275,-23.4326572418213,-26.292682647705103,-14.818031311035199,-9.43202972412109,6.519916534423831,14.5013427734375,16.094058990478498,-6.9210720062255895,-3.58469104766846,-7.82448863983154,-10.365449905395499,-10.812136650085401
,sub-0126,ses-01,run-06,cognitive,TPJ,279,cueL_stimL,-22.7360916137695,-8.660739898681639,-28.0976181030273,-5.8883171081542995,-16.266798019409197,-14.139034271240199,0.802977561950684,-2.78255558013916,-0.170657157897949,-16.7373924255371,-10.5623340606689,-17.647983551025398,-1.9319739341735802,-13.542760848999,-20.2939548492432,-29.1975784301758,-14.1409358978271,-28.2181701660156,-30.239404678344698,-25.556091308593803,-25.4364547729492,-16.6267166137695,-31.2884578704834,-22.2269439697266,-17.228534698486303,-4.6198415756225595,-1.9517240524291999,-16.6544437408447,-20.5089702606201,-28.6344909667969,-22.538818359375,-17.2044067382812,-14.6701202392578,-14.5817546844482,-28.1617813110352,-25.8849086761475,-18.2655048370361,-13.9516429901123,-7.83660888671875,-8.69739532470703,12.422271728515598,-4.55249786376953
,sub-0126,ses-01,run-06,cognitive,TPJ,279,rating,-5.79998683929443,-5.77484273910522,-4.42529964447021,-6.443865776062009,-6.60028839111328,-15.142393112182601,-15.505042076110803,-18.1307258605957,-14.1308069229126,-7.39859962463379,4.22422409057617,7.01809310913086,-2.17694473266602,0.440456390380859,-6.73787689208984,-11.290313720703098,-18.0766754150391,-27.5002784729004,-28.5112247467041,-35.0395889282227,-30.963092803955103,-32.4663925170898,-28.3661289215088,-23.612976074218803,-12.8809566497803,-11.2353677749634,-3.90651226043701,-4.69209051132202,-6.970097541809079,-5.29580879211426,-3.6295576095581095,-9.51449966430664,-7.795151233673099,-12.304551124572802,-11.5761394500732,-11.810528755188,-9.2482213973999,-5.385553359985349,-5.89394092559814,-6.75637483596802,-1.5823223590850801,-5.755352973937991
,sub-0126,ses-01,run-06,cognitive,TPJ,279,cue,-2.6412506103515603,-2.16037368774414,-6.03831481933594,-7.048675537109379,-0.39797210693359397,1.3307189941406201,5.748163223266599,6.47772216796875,3.0968666076660196,3.7552814483642596,0.258890151977539,3.95884895324707,1.1515426635742199,-1.6887512207031203,-7.2577800750732395,-12.4901542663574,-11.1290855407715,-9.16705703735352,2.53693389892578,-0.12811279296875,8.41407775878906,1.65313720703125,9.32230377197266,10.4441452026367,20.4284172058105,7.517940521240231,5.63047790527344,-2.41729068756104,-17.531805038452102,-6.264337539672849,-18.7633781433105,-11.1971426010132,-24.7166900634766,-11.009804725647,-20.3068771362305,-13.0930509567261,-12.911449432372999,-11.2294635772705,4.85647773742676,1.32978343963623,2.3471074104309104,-0.844883918762207
,sub-0126,ses-01,run-06,cognitive,TPJ,280,cueH_stimH,-16.6029052734375,-0.61383056640625,-0.324899673461914,7.12546873092651,-0.27176475524902305,-3.51666355133057,-20.1908359527588,-16.2612228393555,-3.23891973495483,-3.4142332077026403,7.440130233764651,7.9485611915588406,3.2784180641174303,-15.731076240539599,-7.17264652252197,-7.79123401641846,-3.2210903167724596,6.89084243774414,-5.71108055114746,-9.81673431396484,-15.620809555053699,-2.1825761795043896,-5.73313426971436,-6.41948127746582,0.9125385284423829,-12.969398498535199,-9.80245399475098,-17.1694087982178,-3.90119552612305,-1.02130126953125,3.46671676635742,-5.33769989013672,-10.170051574707001,-8.91439819335938,-8.97399139404297,4.382568359375,2.1273956298828103,-5.6428108215332005,-15.2041454315186,-10.4255828857422,-2.1997404098510698,-5.53236389160156
,sub-0126,ses-01,run-06,cognitive,TPJ,280,cueL_stimH,-17.2637672424316,-13.4189929962158,-10.173659324646,-19.406759262085,-23.4004096984863,-22.305730819702102,-19.7307434082031,-14.228423118591301,-4.62935161590576,-13.231336593627901,-6.22539520263672,-19.928514480590803,-18.1979484558105,-20.3986206054688,-10.2863636016846,0.38108634948730497,-15.1152763366699,-8.38368797302246,-15.8672094345093,-15.8125648498535,-8.70185279846191,1.06714820861816,-3.67698287963867,-6.70815086364746,-7.01188087463379,-6.38354778289795,-9.76927185058594,3.25893020629883,1.35731506347656,-5.6420173645019505,-11.2882499694824,-1.6342716217041,-3.28776168823242,11.3027877807617,15.5992584228516,7.84977722167969,9.007080078125,5.88234710693359,3.45236587524414,-1.6924133300781203,1.7266941070556598,2.02969074249268
,sub-0126,ses-01,run-06,cognitive,TPJ,280,cueH_stimM,-3.5013985633850098,5.041394233703611,-1.2910876274108898,-2.84890079498291,3.00516319274902,-12.2797412872314,-3.7846899032592796,1.4426851272583001,15.474133491516099,16.794010162353498,18.1755428314209,17.0750408172607,0.168349266052246,-1.03630256652832,2.5974340438842796,7.228082656860349,3.7932519912719704,0.25004768371582003,1.91545295715332,-10.0923442840576,-15.297422409057601,-9.872861862182619,-10.6211528778076,-7.50799369812012,-12.092063903808599,-21.425090789794897,-22.603540420532198,-19.869304656982397,-19.223773956298803,-11.720561981201199,-6.05848503112793,-9.06347274780273,-5.9251537322998,2.7017936706543,-3.74026775360107,-5.6029372215271,1.6429734230041497,2.51985359191895,8.01033401489258,7.92051696777344,-1.62582778930664,9.23910903930664
,sub-0126,ses-01,run-06,cognitive,TPJ,280,cueL_stimM,-1.7434015274047898,-4.857818603515621,-10.8270654678345,-6.576097965240481,-8.77587890625,-2.15750408172607,1.79106140136719,5.22360610961914,-10.143582344055199,-2.55317878723145,-12.497407913208,-3.84790706634521,-8.99972057342529,1.4020280838012702,-8.55086708068848,3.12680625915527,-4.29081535339355,-8.81771278381348,-1.85127067565918,-7.73553276062012,-6.31441497802734,-6.85025978088379,-17.162561416626,-18.893352508544897,-15.2998847961426,-9.44559288024902,-5.4475193023681605,-23.893653869628896,-23.039329528808604,-18.6304149627686,-17.1643180847168,-10.203332901001,-3.4995746612548797,-1.8239631652831998,-1.74421691894531,-11.023406982421902,-10.3582000732422,-10.074331283569302,-0.621170043945312,1.103515625,-6.57997131347656,-11.043323516845698
,sub-0126,ses-01,run-06,cognitive,TPJ,280,cueH_stimL,-22.269451141357397,-16.6141777038574,-16.2198886871338,-6.76406097412109,-1.5911891460418701,-11.7482490539551,-13.700897216796902,-20.075115203857397,-2.7828083038330096,-10.3141012191772,4.41513538360596,-9.94410705566406,-6.94451141357422,-1.48415756225586,-4.04848289489746,1.9587173461914098,8.52370262145996,17.579486846923803,-8.2653865814209,-12.5115623474121,-14.8733234405518,-12.6943864822388,-23.788831710815398,-21.8049201965332,-26.656818389892603,-31.349407196044897,-25.3610343933105,-17.590265274047898,-9.929670333862301,-4.87459182739258,-8.02616310119629,-10.7468700408936,-10.5026206970215,-4.96102523803711,5.72240447998047,1.89569091796875,10.3741569519043,9.53212356567383,6.92824935913086,-8.12708950042725,-10.6061515808105,-4.74760341644287
,sub-0126,ses-01,run-06,cognitive,TPJ,280,cueL_stimL,-12.8233642578125,0.20072555541992199,3.5523529052734397,0.492218017578125,-15.1830730438232,-3.5359969139099103,-4.36787414550781,6.72403192520142,1.9478473663330098,-0.6900876760482789,6.10994148254395,2.4546871185302703,2.00497531890869,-1.12882947921753,-3.9836277961730997,-9.485127449035641,-7.53205871582031,-6.6561598777771,-4.48687553405762,-2.58370590209961,-0.553418159484863,-2.7191009521484397,0.918095588684082,-8.04793739318848,-5.9998874664306605,-7.99770355224609,1.2504978179931598,-4.52210426330566,-4.746337890625,-9.42793083190918,-4.99220275878906,-10.6598644256592,-9.696962356567381,-0.730815887451172,-3.52419662475586,-5.086877822875981,-2.9637336730957,-7.2949333190917995,-0.535789489746094,5.45759582519531,5.58720397949219,-3.1837539672851602
,sub-0126,ses-01,run-06,cognitive,TPJ,280,rating,-3.8823010921478303,-5.8288102149963406,-5.255616188049321,-3.0769639015197794,-3.1657733917236297,-7.406804084777829,-10.152282714843802,-13.374317169189501,-15.7574281692505,-14.4521064758301,-12.2437572479248,-10.5163516998291,-12.476707458496099,-14.265869140625,-21.675354003906197,-18.4682006835938,-17.1774978637695,-19.3954238891602,-18.5440521240234,-20.203426361084002,-15.755375862121598,-14.2370767593384,-13.476634979247999,-15.7552576065063,-12.9866628646851,-9.83138751983643,-8.73576259613037,-7.57465314865112,-5.43313217163086,-5.41906213760376,-5.55935192108154,-7.04121398925781,-5.88000154495239,-7.68993616104126,-4.35866451263428,-5.58581638336182,-1.3328123092651398,-3.0736036300659197,-0.44495773315429704,-4.27783727645874,-2.2821729183197,-4.5991039276123
,sub-0126,ses-01,run-06,cognitive,TPJ,280,cue,4.03231620788574,-0.379362106323242,4.1837158203125,2.36266326904297,1.04679107666016,2.17816543579102,7.19172668457031,6.7195148468017605,4.761266708374019,4.51579856872559,1.5064411163330098,5.06540966033936,5.21253204345703,9.611307144165039,5.6871509552002,4.09445571899414,3.64816284179688,5.229286193847661,6.891387939453121,9.75099182128906,11.5411529541016,5.18287658691406,5.86021423339844,0.7939834594726559,2.57989883422852,1.39131164550781,-1.81220054626465,-7.88895320892334,-11.7596960067749,-9.5194206237793,-11.8547878265381,-9.07858276367188,-11.1220178604126,-5.806182861328121,-8.009411811828612,-3.98101043701172,-2.0691776275634797,-4.07991218566895,-2.31013011932373,-3.3272681236267103,-3.2730660438537598,-6.7776188850402805
,sub-0126,ses-01,run-06,cognitive,TPJ,281,cueH_stimH,0.478805541992188,-10.494159698486301,-10.3918342590332,17.371374130249,21.7934131622314,10.866778373718299,-10.8943128585815,-23.1184902191162,-4.59680938720703,11.582585334777802,9.55630111694336,14.286648750305199,9.59243011474609,-6.34842777252197,-4.9827036857605,-3.09166145324707,32.1186370849609,31.173999786377,29.1032028198242,-15.0056400299072,-2.65749454498291,-16.062667846679698,-5.35323143005371,5.3091926574707005,39.0733413696289,12.8777198791504,-11.679605484008801,-25.341646194457997,-7.1768970489502,2.66942405700684,21.5243301391602,-3.79916000366211,1.16277503967285,-5.781917572021481,-9.33588409423828,3.0290985107421897,11.7451324462891,0.746341705322266,-9.3565616607666,-14.2894697189331,-22.458229064941396,-3.92166519165039
,sub-0126,ses-01,run-06,cognitive,TPJ,281,cueL_stimH,-12.6847267150879,-6.49909782409668,11.2266483306885,2.03317880630493,-21.8397026062012,-15.6317939758301,-7.54060459136963,-6.210983753204349,-9.6610164642334,0.950922966003418,-2.6699552536010698,-1.9592607021331798,-11.808982849121099,-1.09433603286743,7.5797834396362305,8.65217590332031,-4.01680278778076,1.35484981536865,-19.3416976928711,-9.994325637817381,2.91334438323975,6.13263130187988,8.720949172973631,23.2458114624023,-7.60698699951172,-4.71289443969727,-8.31681823730469,8.12541007995605,19.9590377807617,1.20652008056641,-12.4642772674561,-12.2990474700928,-5.21767044067383,18.733154296875,5.947906494140621,-2.2345733642578103,2.92357635498047,-13.288337707519501,6.1330680847167995,-2.6869907379150404,-4.569786071777339,-6.06004428863525
,sub-0126,ses-01,run-06,cognitive,TPJ,281,cueH_stimM,0.598158836364746,-9.79355430603027,-3.1407880783081095,1.74810743331909,-0.887852668762207,-1.08493280410767,-9.9841947555542,-12.0718479156494,-6.71563482284546,-15.4659261703491,13.503110885620101,15.712808609008801,-2.7382869720458998,-13.5895547866821,-16.944313049316403,-10.6906490325928,-3.49760150909424,15.770702362060499,4.16634750366211,1.48629379272461,-24.8599128723145,-4.69559097290039,-12.9542579650879,-0.20242691040039104,-9.86212730407715,-5.34359931945801,-21.4593601226807,-9.864358901977539,1.87743949890137,9.98232269287109,3.41100120544434,2.0472602844238303,-11.223884582519501,0.842594146728516,-20.098186492919897,-5.445834159851071,-1.14794683456421,10.132118225097699,6.647708892822269,5.021209716796879,-4.07858657836914,16.1367111206055
,sub-0126,ses-01,run-06,cognitive,TPJ,281,cueL_stimM,3.67127656936646,12.8069133758545,14.468971252441401,10.823321342468299,2.54966259002686,13.40394115448,-5.8225002288818395,-8.606288909912111,-18.386020660400398,-6.457491874694821,-13.4523181915283,0.985651969909668,-2.5628910064697297,12.549633026122999,13.7294502258301,28.5114936828613,-7.00357627868652,7.84871387481689,-4.85327529907227,4.71746444702148,14.400016784667999,-7.0885334014892605,-4.53168678283691,9.596456527709961,5.53619194030762,0.312931060791016,-4.2348518371582005,-20.5553798675537,3.1398105621337904,2.78723907470703,-4.9283332824707005,-20.5276794433594,-7.52073669433594,-0.557926177978516,-0.487033843994141,10.1807098388672,-13.0534820556641,-16.231788635253903,-13.4040107727051,9.33888626098633,11.8141479492188,1.4874038696289098
,sub-0126,ses-01,run-06,cognitive,TPJ,281,cueH_stimL,-16.3502178192139,-33.4072952270508,-12.0323705673218,1.09880423545837,7.9284343719482395,35.010009765625,-15.3948554992676,3.72043013572693,-7.67886924743652,21.276653289794897,28.5356636047363,16.7070846557617,11.3275394439697,5.36134624481201,-11.5876550674438,2.44740867614746,12.738959312439,22.029655456543,16.271110534668,-20.7235221862793,-4.1312255859375,9.904680252075199,15.8426933288574,14.865987777710002,-0.370088577270508,4.327354431152339,-10.1438617706299,2.5685005187988303,19.1113872528076,20.553043365478498,13.3420753479004,13.7830963134766,-3.6708946228027304,4.16015243530273,19.3603363037109,14.261627197265598,20.775260925293,9.41513061523438,-5.25702238082886,5.06661033630371,17.4174289703369,-3.37999725341797
,sub-0126,ses-01,run-06,cognitive,TPJ,281,cueL_stimL,3.4246063232421897,6.07131576538086,-2.74365997314453,-0.557231903076172,-8.48207664489746,-20.2578430175781,-18.704730987548803,11.2197103500366,6.28908443450928,17.2388935089111,4.50004577636719,12.0327501296997,-8.51925086975098,10.8357553482056,15.3977136611938,-0.662559509277344,5.830682754516599,-4.31181335449219,0.815599918365479,-9.05125999450684,12.806270599365199,13.941199302673303,5.53740787506104,4.0508918762207005,0.0880928039550781,-12.2084426879883,11.054420471191401,13.7153778076172,17.6240158081055,9.28772354125977,-11.750919342041,0.41539192199707003,-17.3752059936523,7.44404602050781,12.68212890625,2.26415252685547,-10.9723434448242,-1.0593223571777302,19.057991027832,16.1220016479492,-2.938232421875,9.59166717529297
,sub-0126,ses-01,run-06,cognitive,TPJ,281,rating,-3.4601230621337904,-6.36524152755737,1.37765216827393,-10.072054862976099,-0.0285398960113525,-0.647298097610474,-1.0615309476852401,-7.11228370666504,-11.615518569946301,-7.637823104858401,-2.1505546569824197,0.698314666748047,-7.54153823852539,-17.3465614318848,-12.980873107910199,-19.5439758300781,-10.715476989746099,-12.2571067810059,-14.897239685058599,-9.27067565917969,-8.6457462310791,-5.477569580078121,1.55593204498291,2.34125757217407,-0.31816196441650396,-0.6876602172851559,-0.7626924514770509,-0.864293098449707,4.66264057159424,4.51809406280518,1.39998054504395,-2.4236869812011697,-2.68779754638672,-6.175564765930179,0.968387603759766,0.635421752929688,0.379178047180176,-4.08926677703857,1.82574367523193,-5.77221250534058,3.5009782314300497,0.44426345825195296
,sub-0126,ses-01,run-06,cognitive,TPJ,281,cue,12.096559524536099,8.33655166625977,14.840503692627001,1.3489456176757801,9.62138366699219,16.6251525878906,19.890811920165998,13.010265350341802,9.50711631774902,6.62684631347656,-4.99211883544922,1.1063404083252,-6.509033203125,6.273431777954099,10.063117980957001,6.18145751953125,-3.2424430847168,1.37217712402344,13.541404724121099,15.509910583496099,17.9640197753906,10.6917419433594,10.439720153808599,2.83810806274414,7.390399932861331,6.00619125366211,5.84135627746582,-0.0491199493408203,-5.8916950225830105,-12.5741577148438,-5.40869331359863,1.9570827484130902,-12.177085876464801,-10.391289710998501,-6.723422050476071,-2.24789619445801,-6.906744003295901,4.45892333984375,8.14161491394043,10.7019205093384,2.49913167953491,10.1173400878906
,sub-0126,ses-01,run-06,cognitive,TPJ,282,cueH_stimH,-36.5910186767578,-14.5989112854004,-9.77495002746582,-25.5194778442383,-0.0443553924560547,-2.17640399932861,-16.1137390136719,-33.9035835266113,-2.05722951889038,-15.733776092529302,8.04588794708252,-27.6433429718018,-10.4168968200684,-53.391597747802706,-33.1503028869629,-18.8077754974365,-23.5649242401123,7.8494873046875,-8.14438629150391,-32.0914154052734,-26.273811340332,-25.8563117980957,-4.39614295959473,10.2333641052246,6.08531379699707,-16.5307922363281,-23.9947624206543,-14.2285671234131,-0.158683776855469,-5.75473594665527,10.098167419433599,2.7989387512207,-23.011903762817397,-4.00561904907227,1.48736953735352,26.9944114685059,23.8752288818359,-2.9423866271972696,0.935688018798828,-5.19759178161621,27.685594558715803,9.13409042358398
,sub-0126,ses-01,run-06,cognitive,TPJ,282,cueL_stimH,-12.437274932861301,12.864891052246099,1.03274202346802,2.0112042427063,-27.152681350707997,-36.6681480407715,-23.2655944824219,-26.084152221679698,-18.223802566528303,-3.82597923278809,-17.4015216827393,-29.7798728942871,-50.480255126953104,-14.332139968872099,-17.127965927124,-1.5916461944580098,-21.0308208465576,-33.5504837036133,-27.6132659912109,-24.2452507019043,1.56256008148193,7.216083526611331,5.7851448059082005,1.7236843109130902,-4.37051010131836,-9.7039680480957,-1.64760398864746,14.9349689483643,-2.07983779907227,2.61889266967773,-3.1744098663330096,14.2416477203369,7.831787109375,20.4785995483398,19.667160034179698,3.01577758789062,7.72441864013672,11.463905334472699,5.40556335449219,-12.959703445434599,-17.621755599975604,-13.797079086303699
,sub-0126,ses-01,run-06,cognitive,TPJ,282,cueH_stimM,-22.4657821655273,-5.44916486740112,-17.9889640808105,-10.0664196014404,17.632194519043,-19.7158088684082,-25.482688903808604,-20.8426399230957,11.756717681884801,-13.112736701965302,-10.624307632446301,4.7580461502075195,-21.33837890625,-24.2906875610352,-26.5688095092773,-27.7482128143311,-15.9944562911987,-15.6470623016357,-1.39204978942871,-17.4493999481201,-13.123861312866199,-12.986410140991199,-7.79891014099121,-23.359678268432603,-3.31222152709961,-22.639404296875,-23.7431697845459,-26.9791469573975,-15.928794860839801,-1.988037109375,-6.3628864288330105,-8.53143882751465,4.94640159606934,-3.0247840881347696,-10.555946350097699,5.025903701782231,2.67655372619629,-11.351676940917999,2.70621109008789,16.1513519287109,-1.6478195190429699,-0.71038818359375
,sub-0126,ses-01,run-06,cognitive,TPJ,282,cueL_stimM,10.8645124435425,1.3848991394043002,-16.9053173065186,9.43063259124756,4.96583366394043,8.69751739501953,0.5395541191101071,-10.580711364746099,-35.9571189880371,-35.474723815918004,-31.8349170684814,-34.509250640869105,-20.150823593139602,-11.3354320526123,-3.8267602920532204,-21.0846786499023,-8.033750534057619,-11.0980920791626,-20.4969158172607,-11.4400539398193,-27.275175094604503,-1.8326091766357402,-19.055606842040998,-16.739917755127,-19.8759994506836,-5.2137947082519505,6.90730857849121,-13.836212158203098,-3.90804481506348,-23.6822242736816,-13.478250503539998,-17.752517700195302,3.7001552581787096,3.3896484375,14.612434387207001,-17.1923675537109,-7.822513580322269,-1.9056282043456998,8.48167037963867,21.8150062561035,5.87348937988281,5.4815673828125
,sub-0126,ses-01,run-06,cognitive,TPJ,282,cueH_stimL,-40.306892395019496,-31.5361022949219,2.50167942047119,23.7729301452637,6.0596022605896,-26.707027435302702,-19.1163539886475,-22.604555130004897,-18.5037841796875,-19.1342182159424,-5.0615949630737305,-13.156235694885302,-27.8528175354004,-43.6840019226074,-33.1698684692383,-10.3746185302734,-4.49556255340576,12.99609375,-20.44677734375,-17.555763244628903,-31.968376159668,-0.341119766235352,-21.988098144531197,-1.6957283020019498,-17.135276794433597,-24.6799583435059,-34.112640380859396,-16.479619979858402,-0.679941177368164,15.573240280151401,4.34799385070801,-24.5781307220459,-18.1062240600586,-7.28667449951172,-3.25252914428711,23.372390747070302,22.5444412231445,6.84014701843262,14.0304756164551,9.63101673126221,14.417598724365199,18.0086708068848
,sub-0126,ses-01,run-06,cognitive,TPJ,282,cueL_stimL,1.77696228027344,14.561897277832001,-9.70813751220703,-13.450420379638699,-8.340404510498049,-23.867261886596697,-10.8544273376465,2.9179468154907204,14.971056938171401,-8.41344261169434,-4.22079944610596,-15.3048868179321,-22.684284210205103,-16.112770080566403,-39.728889465331996,-23.6438522338867,-4.06892395019531,-13.4988498687744,-20.372014999389602,-30.862318038940398,-9.45614051818848,-9.82997989654541,-10.5253639221191,-6.73423099517822,-16.969680786132802,-5.176939964294429,-2.10596084594727,0.778560638427734,20.0816440582275,-32.2621040344238,-4.162549972534181,-8.55110740661621,9.04330253601074,29.449041366577102,3.68818283081055,11.012731552124,5.34980010986328,-8.78927803039551,5.22306442260742,0.9218826293945309,22.197448730468803,-5.73412322998047
,sub-0126,ses-01,run-06,cognitive,TPJ,282,rating,-6.173526763916019,-17.204027175903303,-8.862135887146,-8.89891338348389,-4.13649082183838,-10.811562538147,-12.6904401779175,-21.602981567382802,-27.644939422607397,-26.745660781860398,-23.5844383239746,-16.192132949829098,-24.5129280090332,-21.023517608642603,-28.6860275268555,-31.855529785156197,-15.340476989746099,-24.9329643249512,-16.028772354126,-18.827730178833,-11.842150688171401,-13.6003475189209,-7.44092321395874,-6.5282096862792995,-3.94921779632568,-3.95582485198975,-5.55302619934082,1.09327507019043,-1.95543575286865,11.9632654190063,-2.25453329086304,-5.19744873046875,-1.6399903297424299,-12.0245008468628,-2.83045482635498,-6.986541748046879,3.85833835601807,-2.0212039947509797,0.770045280456543,-12.8434734344482,-1.2953593730926498,-3.7654390335082994
,sub-0126,ses-01,run-06,cognitive,TPJ,282,cue,7.71443748474121,-1.3624801635742199,-1.6434516906738301,-9.14824676513672,1.46168518066406,4.7923583984375,4.96654510498047,7.611873626708981,-3.28260231018066,6.87841033935547,-11.3382816314697,0.55606746673584,-1.79515743255615,3.98945045471191,11.969432830810499,1.6239089965820301,-3.00065994262695,-1.54078674316406,5.68659210205078,2.79428100585938,11.7418212890625,-0.743560791015625,1.4459228515625,-4.810020446777339,1.2870063781738301,8.354736328125,-2.8484897613525404,-6.343350410461429,-13.380521774292,-4.537755966186519,-15.4613656997681,-8.59827709197998,-8.267383575439451,0.40876102447509793,-20.0736083984375,-8.83378601074219,-10.747310638427699,-13.21826171875,6.2774333953857395,7.653250217437741,0.7281527519226071,-9.73862075805664
,sub-0126,ses-03,run-01,cognitive,TPJ,277,cueH_stimH,17.2284355163574,15.544867515564,7.166717529296879,12.0738277435303,7.057342529296879,4.47361946105957,4.96334648132324,6.35393953323364,20.4658889770508,10.783190727233901,15.0139837265015,20.502895355224602,14.9372243881226,5.44727230072021,9.38530158996582,13.5084638595581,2.57662844657898,7.78141689300537,7.9412527084350595,-2.8272681236267103,1.5339527130127,15.308424949646001,19.870534896850604,19.5797481536865,28.547338485717802,23.2089519500732,6.22471570968628,17.0359745025635,18.441574096679698,14.823047637939501,18.2315521240234,14.880855560302699,11.040663719177198,0.0474214553833008,8.86293983459473,9.67301273345947,5.246429443359379,11.580680847167999,1.7798881530761699,-8.68975830078125,-9.417649269104,-11.913449287414599
,sub-0126,ses-03,run-01,cognitive,TPJ,277,cueL_stimH,-6.300580024719241,-10.808861732482901,4.42286109924316,11.091618537902802,10.1536293029785,12.5043439865112,15.7046499252319,29.3593940734863,10.316967010498,2.60082149505615,8.03019332885742,-7.9080104827880895,2.03693532943726,12.7272634506226,-8.63860702514648,5.02948474884033,-6.22647476196289,20.013095855712898,9.907835006713869,9.9429988861084,14.7585601806641,4.039343357086181,7.98686027526855,7.704434394836429,-0.509387969970703,21.065593719482397,10.6448192596436,15.4824857711792,8.5225658416748,23.372461318969698,8.21044158935547,10.8538360595703,11.426475524902301,10.7929229736328,19.7970352172852,21.7717266082764,6.01648807525635,-3.62186050415039,9.34928894042969,9.01373672485352,2.6809539794921897,1.08677291870117
,sub-0126,ses-03,run-01,cognitive,TPJ,277,cueH_stimM,20.151292800903303,5.371188163757321,20.254259109497102,20.3773155212402,10.168458938598599,7.36209487915039,20.8454914093018,23.2203731536865,13.2555370330811,3.0337073802948,-3.21407651901245,3.917964220047,-0.584572434425354,15.028528213501,0.159689426422119,9.63241577148438,5.37911081314087,2.67269563674927,-5.71335077285767,23.751718521118196,26.163461685180696,29.0783348083496,17.640869140625,15.252439498901401,19.516859054565398,20.3252639770508,27.1094627380371,23.468387603759798,14.595237731933599,25.618709564209,14.9692735671997,25.7260208129883,15.9214515686035,24.7654857635498,27.665746688842802,22.3921279907227,18.6379127502441,25.485885620117198,5.0405158996582005,-2.2723274230957,3.6513833999633802,9.41822624206543
,sub-0126,ses-03,run-01,cognitive,TPJ,277,cueL_stimM,-17.7287883758545,-17.5925445556641,-8.554172515869139,6.5288810729980495,0.349090576171875,18.188138961792,-23.3439865112305,-9.60773086547852,-5.60074901580811,7.6897287368774405,8.93765640258789,4.496573448181151,3.79955101013184,-4.38586330413818,-1.43302845954895,-0.513172149658203,7.38824605941772,-1.6141318082809402,19.4054679870605,17.0392932891846,3.72264862060547,17.6544132232666,1.54534411430359,14.7016887664795,11.497434616088901,39.575042724609396,17.1942119598389,13.513912200927699,13.307727813720698,-6.92597150802612,-2.58230113983154,-0.34977626800537104,-4.6757059097289995,-4.0760793685913095,-3.3380966186523398,-10.125675201416,-3.9347858428955096,-2.8471107482910196,2.8477554321289102,0.8334674835205079,8.5395975112915,10.8837356567383
,sub-0126,ses-03,run-01,cognitive,TPJ,277,cueH_stimL,3.0781161785125697,2.71123504638672,11.9870185852051,16.0105247497559,16.3599529266357,29.0875034332275,12.5201473236084,5.36081647872925,9.90552234649658,13.822808265686,15.0933523178101,10.8676052093506,12.570178031921401,13.161696434021001,2.05913019180298,-7.0391960144042995,1.79448843002319,14.2713108062744,22.6233615875244,18.2063083648682,0.425144672393799,12.936261177063,27.411560058593803,2.9320504665374796,19.019727706909197,13.7244186401367,14.6729373931885,14.0809164047241,11.8358058929443,5.447466850280759,23.9263896942139,27.734207153320302,22.6385841369629,19.3766269683838,4.1610832214355495,25.1368789672852,10.0249271392822,12.235603332519501,5.41738033294678,14.4464197158813,2.86007785797119,8.59540176391602
,sub-0126,ses-03,run-01,cognitive,TPJ,277,cueL_stimL,-10.341869354248,-12.379967689514197,-10.0395812988281,-0.19648361206054699,11.4240627288818,14.2182092666626,9.55728244781494,7.75064659118652,3.99254250526428,-2.6761722564697297,3.05555629730225,-13.8616333007812,6.1337394714355495,9.46242904663086,1.12523341178894,7.83153295516968,9.8439359664917,5.77152252197266,8.23050689697266,4.81020164489746,13.6648550033569,21.6708602905273,5.6601858139038095,17.3929443359375,-5.1862478256225595,-3.7470541000366198,24.5784206390381,5.6415729522705105,20.3438758850098,5.81247806549072,-0.188753128051758,8.129306793212889,-11.3878116607666,14.6442718505859,4.32602310180664,17.4878234863281,3.0523052215576203,-0.0148887634277344,1.6772766113281203,0.9996337890625,8.821699142456051,4.596649169921879
,sub-0126,ses-03,run-01,cognitive,TPJ,277,rating,8.10829734802246,7.55946159362793,12.144567489624,14.6360721588135,18.2018432617188,15.3489599227905,10.155744552612301,11.7442808151245,11.3197927474976,2.77649879455566,7.97850799560547,7.466121673583981,4.26395797729492,8.066806793212889,7.89158630371094,4.95790481567383,1.0628833770752,7.0807056427002,9.51075553894043,14.5789432525635,16.4537200927734,15.065574645996099,19.488538742065398,15.1548528671265,8.88765335083008,12.674768447876,14.1928615570068,8.20514297485352,6.54712581634521,7.63242053985596,1.86539363861084,3.48841094970703,5.981712818145749,12.149909973144501,14.797244071960401,7.40960597991943,6.4902663230896,6.39225959777832,-0.19499492645263697,2.6536233425140403,-0.33766937255859397,5.8775739669799805
,sub-0126,ses-03,run-01,cognitive,TPJ,277,cue,7.00108337402344,3.82980346679688,-0.679962158203125,4.73521614074707,0.979272842407227,1.38182508945465,-1.56915473937988,-8.0733642578125,-10.995445251464801,-21.587511062622102,-17.5459899902344,-10.514299392700199,-5.733097076416019,-10.5371894836426,1.1697349548339802,-2.0536251068115203,3.01102066040039,2.4865570068359397,5.59196472167969,5.98386383056641,2.10764312744141,-0.934112548828125,3.1392669677734397,1.64577960968018,-4.301641464233399,-7.56882476806641,-3.3173599243164102,-9.12742614746094,-7.42221450805664,-2.20330142974854,-9.22927379608154,-1.9908185005188,-3.6782577037811297,-5.8829669952392605,-12.049218177795401,-10.259052276611301,-6.41872692108154,-7.2301230430603,-4.3029637336731,-8.19530868530273,-8.5742359161377,-10.1808443069458
,sub-0126,ses-03,run-01,cognitive,TPJ,278,cueH_stimH,-1.32051610946655,-5.26772689819336,2.6177597045898398,5.34180450439453,1.3024148941040001,4.09531784057617,7.0619215965271,22.8475227355957,17.1642284393311,12.8266162872314,12.394757270813,7.973016738891599,3.07407975196838,2.57819795608521,1.53768467903137,7.6695871353149405,13.7670955657959,14.696753501892099,10.781537055969201,13.9934959411621,12.2802724838257,11.858192443847699,18.973323822021502,11.312163352966301,15.766658782959,21.8943386077881,21.3528442382812,19.1856479644775,14.076251029968299,21.324787139892603,1.4476127624511699,12.035274505615199,-6.8864641189575195,9.876951217651369,10.771280288696301,10.4058036804199,5.5286140441894505,5.17022037506104,10.6408195495605,-10.6233882904053,-10.885739326477099,2.46086525917053
,sub-0126,ses-03,run-01,cognitive,TPJ,278,cueL_stimH,0.6083669662475589,-0.936402320861816,10.2305765151978,2.9305267333984397,14.7489471435547,2.4600191116333,21.5704460144043,15.758313179016099,10.248149871826199,11.7861652374268,14.066305160522498,-0.175856113433838,-2.5321044921875,7.20943307876587,-10.3427791595459,-10.317899703979501,-12.6498517990112,6.062472343444821,-8.533322334289549,-3.4516966342926003,0.20284748077392603,1.21648025512695,-5.34590530395508,-2.68132829666138,-2.95589065551758,-4.00180435180664,7.594326972961429,3.46967315673828,-0.803028106689453,4.30089569091797,2.7008342742919904,6.28989410400391,6.85569000244141,5.57241058349609,8.51300048828125,10.0028972625732,-0.628796935081482,-2.26010131835938,-3.7589569091796897,-10.8080291748047,-2.69420623779297,-5.68299865722656
,sub-0126,ses-03,run-01,cognitive,TPJ,278,cueH_stimM,10.0525035858154,3.86845564842224,15.684385299682601,1.38574850559235,11.767993927002001,8.12675285339355,23.0859298706055,9.56265258789062,11.3011207580566,5.5750627517700195,-1.8018040657043501,6.6255588531494105,0.898232400417328,1.9394330978393601,-15.0751733779907,-3.0413436889648398,-18.482021331787102,-5.279869079589839,-9.03976058959961,3.0653376579284703,7.54581022262573,-4.0690279006958,9.06258773803711,-2.10381388664246,4.59361886978149,-5.218303203582759,16.07737159729,9.40072727203369,13.467845916747999,13.3054456710815,11.8812770843506,12.924426078796401,14.4014835357666,18.3638191223145,29.614261627197298,16.6317977905273,27.3559169769287,20.173542022705103,13.033634185791,6.10512638092041,4.87154483795166,15.3257322311401
,sub-0126,ses-03,run-01,cognitive,TPJ,278,cueL_stimM,-7.41046333312988,-0.432166576385498,4.26787424087524,3.38948440551758,5.99977207183838,4.11583232879639,17.0611724853516,2.2400283813476602,16.531982421875,8.21586418151855,21.414371490478498,9.89000129699707,5.72470855712891,7.822598457336429,-5.95486974716187,-3.5673251152038596,2.7771692276001,10.6947202682495,-0.0936956405639648,13.6917219161987,-0.24851179122924802,21.950384140014602,7.35758256912231,21.0401821136475,4.14105701446533,19.609842300415,11.314105987548801,8.43485355377197,8.669004440307619,6.00215291976929,-3.77180624008179,9.88447666168213,3.26370811462402,-2.01852512359619,-6.17545413970947,-2.31933975219727,3.18117904663086,4.72563171386719,9.45426177978516,4.11866760253906,8.70817279815674,6.12831115722656
,sub-0126,ses-03,run-01,cognitive,TPJ,278,cueH_stimL,16.3485431671143,16.7300338745117,22.4378776550293,12.0281438827515,16.7069778442383,30.087951660156197,16.8766803741455,4.024878025054931,-3.37907934188843,-0.37171280384063704,-2.98835825920105,0.492396831512451,-6.145910739898679,-6.34309434890747,-8.99981689453125,-8.9505090713501,-10.4625034332275,-12.9341087341309,5.68844175338745,-2.2558822631835898,4.95675230026245,4.0895881652832005,1.63094520568848,4.32349157333374,19.599416732788104,9.567912101745609,9.346540451049801,12.535845756530799,13.1483964920044,14.360715866088901,19.1354141235352,15.5203847885132,9.494504928588869,13.274820327758801,4.818145751953121,4.64350128173828,5.27686500549316,3.0169448852539102,3.88083267211914,5.440362930297849,10.0810794830322,-1.6212577819824199
,sub-0126,ses-03,run-01,cognitive,TPJ,278,cueL_stimL,-12.888522148132301,-16.1608905792236,-3.5937480926513703,-1.05148315429688,4.014076232910161,6.18218183517456,2.8401269912719704,9.02089786529541,8.92100811004639,3.06502866744995,5.54739236831665,0.49584090709686296,12.742898941039998,8.44639205932617,5.42463779449463,2.34426736831665,1.5213315486908001,9.83492469787598,7.1782865524292,16.484857559204098,13.357673645019501,7.58467197418213,-2.43669366836548,-2.95459413528442,0.310892105102539,2.1440896987915,3.03936719894409,-1.07727527618408,-6.28265571594238,-7.3391695022583,3.9404087066650404,5.9734992980957005,1.13985824584961,12.1913528442383,2.19081878662109,1.7871589660644498,-2.2910957336425803,1.94356060028076,13.1812305450439,12.47802734375,13.126504898071301,15.420941352844201
,sub-0126,ses-03,run-01,cognitive,TPJ,278,rating,0.0514636039733887,-0.9463529586791991,1.4729253053665199,4.48734140396118,7.2978081703186,6.16512155532837,5.83105325698853,5.53773641586304,8.40768337249756,5.66528129577637,3.78960514068604,-2.7608489990234397,-3.5754547119140603,-7.3896598815917995,-9.97055053710938,-11.0401763916016,-8.459194183349611,-7.27166032791138,-0.422482490539551,-2.76970291137695,-1.55769348144531,1.22674560546875,-1.56083106994629,-1.4108180999755902,-0.46476006507873496,-3.02479147911072,-4.08054780960083,-4.062810897827149,0.6572160720825201,-2.341552734375,-0.6945486068725589,0.19494247436523396,6.858221054077151,4.47708988189697,-0.933772087097168,-2.86279797554016,-6.21288204193115,-5.62720251083374,-9.62289428710938,-1.79651093482971,-5.2395658493042,1.6788215637206998
,sub-0126,ses-03,run-01,cognitive,TPJ,278,cue,6.48468017578125,7.07058334350586,7.079280853271481,10.8277835845947,10.5124359130859,10.2817878723145,5.55654525756836,1.2683639526367199,1.55722427368164,-1.82176876068115,1.64563524723053,1.69876766204834,2.03422451019287,0.827832221984863,3.4079551696777304,0.456674575805664,5.706817626953121,8.97467041015625,15.456729888916,15.825187683105499,11.3814849853516,13.7392044067383,12.6754837036133,13.815915107727099,9.30928421020508,6.82662200927734,3.68458938598633,2.08190155029297,-3.33735084533691,-3.0751991271972696,-7.274418830871579,-2.88698816299438,-7.2463665008544895,-9.08653450012207,-8.498777389526369,-14.558264732360803,-8.132297515869139,-16.846170425415,-11.772542953491199,-8.50650787353516,-5.021912574768071,-4.39155292510986
,sub-0126,ses-03,run-01,cognitive,TPJ,279,cueH_stimH,-5.31847381591797,6.3657941818237305,16.3142242431641,9.87698554992676,14.1207818984985,11.802339553833,2.40257740020752,12.852071762084998,16.0891513824463,7.564904689788821,3.9122226238250697,9.91600608825684,4.74394464492798,12.768633842468299,14.4072723388672,21.5056552886963,13.4277877807617,31.3890552520752,18.0691070556641,24.1981925964355,13.0197744369507,31.5828857421875,34.536228179931605,20.5319290161133,19.552911758422898,29.6168365478516,20.5006103515625,26.2454948425293,20.0059089660645,21.0205860137939,19.501285552978498,11.6992664337158,9.62983512878418,-3.6429443359375,-5.17920875549316,9.25072288513184,-1.20395278930664,10.6181201934814,-3.69510459899902,-6.623783111572269,-15.4135160446167,-5.60891485214233
,sub-0126,ses-03,run-01,cognitive,TPJ,279,cueL_stimH,10.7254905700684,-0.0940580368041992,5.40095329284668,8.034365653991701,23.287488937377898,3.87639760971069,32.131149291992195,12.408510208129899,20.26584815979,14.727271080017099,24.9589996337891,22.2144374847412,17.746536254882802,20.0108242034912,9.36383533477783,13.8325843811035,15.430789947509801,31.1720848083496,25.3925590515137,7.97946310043335,-4.33055400848389,17.273662567138697,-2.8481287956237797,9.68047332763672,3.25729274749756,15.0407562255859,-6.692456245422361,3.7749691009521498,9.33700942993164,1.6221542358398402,-2.02609252929688,13.777568817138699,-6.24993896484375,7.20157241821289,-9.73783874511719,-6.67497253417969,-7.340326309204099,-9.91061019897461,-16.155052185058597,-9.576416015625,-8.24701690673828,-7.59757041931152
,sub-0126,ses-03,run-01,cognitive,TPJ,279,cueH_stimM,34.189723968505895,12.276905059814501,16.9170169830322,-1.08114290237427,7.28597116470337,-0.623466491699219,13.033571243286099,7.45630025863647,12.0807752609253,10.8624877929688,4.000902652740479,-2.85199999809265,15.712792396545401,26.931039810180696,19.945491790771502,14.405535697937,14.2159605026245,10.3559608459473,7.391840934753421,20.7961730957031,26.2561187744141,29.8969345092773,19.559772491455103,20.701341629028303,18.7420768737793,18.5993614196777,25.0174827575684,27.117820739746104,32.816207885742195,31.099250793457,25.4434089660645,18.4413948059082,18.7908706665039,23.203332901001,31.731126785278303,28.2910079956055,33.291839599609396,38.5501556396484,25.9352684020996,36.045440673828104,10.2404937744141,24.311206817627
,sub-0126,ses-03,run-01,cognitive,TPJ,279,cueL_stimM,-6.85557079315186,-5.1589183807373,-7.82789945602417,-2.81716537475586,-10.8191976547241,-10.8274803161621,-7.08039951324463,-7.25011777877808,-12.102934837341301,-2.61996388435364,11.695188522338901,12.3175039291382,13.073307991027802,12.577859878539998,7.31924104690552,14.2748966217041,1.4431052207946797,24.0613117218018,20.0086669921875,9.71165657043457,9.22959041595459,20.6365947723389,23.604192733764602,8.15963459014893,21.241802215576197,16.633808135986303,30.434617996215803,19.9357738494873,11.9889869689941,5.253252506256099,4.77266216278076,-7.27488803863525,11.771878242492699,-9.04501438140869,-1.6308622360229499,-0.9775409698486329,1.48063850402832,1.2875862121582,2.7281646728515603,-8.85300827026367,0.0164736956357956,-15.277015686035199
,sub-0126,ses-03,run-01,cognitive,TPJ,279,cueH_stimL,-6.41004228591919,-3.69749212265015,5.33690023422241,-4.68945026397705,4.169847488403319,4.368299484252931,13.368927001953098,4.399319171905519,15.384516716003402,11.8744506835938,8.7478084564209,16.5923900604248,14.7661123275757,22.9117736816406,8.71725273132324,13.9084920883179,10.1780376434326,11.135623931884801,14.6329526901245,22.2271423339844,11.685915946960401,17.3242435455322,5.0863356590271,10.4035778045654,22.1402702331543,20.7139854431152,8.88101673126221,-1.85246419906616,14.506822586059599,-4.48842239379883,11.0193195343018,8.01155281066895,15.080561637878402,22.203100204467802,8.57607078552246,12.6897583007812,9.135396957397461,11.624368667602502,17.8254356384277,17.902296066284197,7.812358856201169,12.8399085998535
,sub-0126,ses-03,run-01,cognitive,TPJ,279,cueL_stimL,-26.927169799804698,-14.859457015991199,-12.8220157623291,2.8460044860839804,2.4871888160705597,-9.500875473022461,-4.86001205444336,-11.4342708587646,-9.987616539001461,-3.21096444129944,7.3270993232727095,-1.15419936180115,17.126916885376,8.47542667388916,0.875737905502319,6.4799299240112305,18.126728057861303,10.175554275512699,16.2147235870361,17.8594608306885,19.459293365478498,4.87847232818604,2.6416015625,-9.71143436431885,24.405977249145497,-7.13730096817017,28.2769775390625,20.2357406616211,19.941852569580103,1.3113374710083001,6.82424163818359,6.665338516235349,9.87362098693848,14.8115768432617,5.70696830749512,6.66773796081543,-11.715555191039998,-9.31646347045898,-8.98995780944824,-9.88671875,-6.76132965087891,-19.273723602294897
,sub-0126,ses-03,run-01,cognitive,TPJ,279,rating,1.12934827804565,5.45374250411987,3.5019407272338903,9.92514801025391,12.9923696517944,9.40763568878174,10.884930610656701,11.588903427124,19.8842239379883,25.4519157409668,31.385005950927702,38.692451477050795,39.562080383300795,38.3495101928711,35.5080718994141,23.0870380401611,18.0594043731689,17.921554565429698,10.709211349487301,10.2522220611572,10.4089202880859,9.67988586425781,12.6601028442383,7.30112266540527,6.6599826812744105,4.76433849334717,5.60742425918579,-2.08121252059937,4.18002891540527,-4.46248912811279,1.72347736358643,-1.50870037078857,5.04722118377686,4.69534587860107,9.47464752197266,5.35513114929199,1.40767955780029,1.23767423629761,-0.607041597366333,0.5300421714782709,-2.13220286369324,-0.880166053771973
,sub-0126,ses-03,run-01,cognitive,TPJ,279,cue,-0.602884292602539,10.181739807128901,3.9787578582763703,8.330564498901369,7.2280158996582005,12.667038917541499,-0.502632141113281,4.18440818786621,-7.12385749816895,-1.2513303756713898,0.38201928138732894,3.46689319610596,10.142237663269,9.34170913696289,14.0904207229614,11.367840766906701,12.308919906616199,5.22545623779297,2.87153244018555,1.5936660766601598,5.11760711669922,-9.4976692199707,-1.3668146133422898,0.10962200164794901,1.78122901916504,2.26470947265625,-2.8572769165039102,1.10719299316406,4.101190567016601,2.30757331848145,4.65188074111938,5.20799160003662,5.61796236038208,8.01882076263428,0.956654012203217,3.5203695297241198,11.9158191680908,6.476843357086179,8.70931816101074,-4.02502059936523,1.0754795074462902,-4.52458763122559
,sub-0126,ses-03,run-01,cognitive,TPJ,280,cueH_stimH,-3.87575817108154,-5.52517318725586,2.75969696044922,-3.5424766540527304,-6.05600547790527,2.0505924224853502,1.1766571998596203,15.3811492919922,18.1721229553223,14.7963533401489,24.575744628906197,22.569503784179698,23.002067565918,20.5666484832764,21.1070594787598,25.003719329834,33.262096405029304,33.3025093078613,35.9833946228027,37.7851524353027,21.4361801147461,33.661838531494105,31.5819873809814,23.2099781036377,17.231643676757802,15.6397123336792,18.9923305511475,13.622798919677699,14.870443344116199,11.4350318908691,15.4777021408081,8.64543342590332,2.4235897064208998,7.79438781738281,6.748065948486331,-0.621268272399902,-6.707378387451169,4.39430618286133,-1.44732761383057,-10.8657169342041,-20.4404468536377,-7.34116792678833
,sub-0126,ses-03,run-01,cognitive,TPJ,280,cueL_stimH,1.5638618469238301,9.14425277709961,12.734710693359402,8.55843830108643,21.715389251709,20.7023315429688,31.35622215271,34.3222999572754,31.2775363922119,28.133102416992198,36.526641845703104,17.1626567840576,29.3690395355225,32.7844619750977,24.3790435791016,15.6346263885498,24.2991943359375,25.600526809692397,18.7815570831299,19.7637901306152,21.3595504760742,25.997789382934602,15.9805021286011,20.1479873657227,17.4191722869873,11.339129447937,21.1760635375977,23.913633346557603,15.3308658599854,16.2523612976074,14.025299072265598,21.6341400146484,15.3717803955078,19.279468536377,16.199386596679698,11.9657878875732,4.32592630386353,-3.1345329284668,-11.286903381347699,-12.4300384521484,-13.2857666015625,-15.4649238586426
,sub-0126,ses-03,run-01,cognitive,TPJ,280,cueH_stimM,24.821105957031197,13.3231287002563,19.5780620574951,14.266975402832001,19.1142406463623,5.9900951385498,15.6118450164795,14.986701965332001,8.45015907287598,12.1300373077393,12.508995056152301,27.8008117675781,32.3389663696289,24.0310459136963,16.0222263336182,11.945596694946301,0.661785125732422,2.8126626014709504,2.4961342811584504,15.7758121490479,6.16837501525879,15.691854476928699,15.689342498779302,9.78826141357422,10.621887207031198,18.080341339111303,24.485652923584,18.7249870300293,27.1965065002441,19.9543762207031,19.751419067382802,23.7384548187256,35.527595520019496,22.9201641082764,28.1443576812744,20.8871459960938,27.2562580108643,26.1517276763916,22.136209487915,15.9539613723755,9.53316116333008,13.9104738235474
,sub-0126,ses-03,run-01,cognitive,TPJ,280,cueL_stimM,-4.01066303253174,-4.3486609458923295,-3.2105307579040496,2.4816436767578103,-10.033971786499,-1.3910417556762702,-5.482929229736331,-7.286770820617679,4.03266954421997,19.4706649780273,27.663040161132802,25.2989807128906,25.104007720947298,27.5411224365234,14.0050783157349,25.9118156433105,23.0127906799316,30.5889205932617,6.8074812889099094,16.2166385650635,9.47529983520508,16.2253551483154,11.2061252593994,26.059144973754897,30.7663593292236,33.270450592041,19.1573104858398,21.9042854309082,20.6399230957031,10.755123138427699,10.549166679382301,24.956130981445302,12.1556386947632,7.974469184875491,12.606915473938,4.44462394714355,12.220375061035199,23.3890762329102,13.021759033203098,8.1598072052002,3.43438005447388,-2.41537094116211
,sub-0126,ses-03,run-01,cognitive,TPJ,280,cueH_stimL,-15.441060066223098,0.0249841213226318,1.7131066322326698,2.0308020114898704,7.597411632537839,15.6723728179932,5.4405207633972195,5.61257123947144,11.9320011138916,13.4086465835571,13.3779201507568,20.184217453002898,20.0080795288086,22.1519508361816,12.427998542785598,16.0189514160156,8.45858192443848,4.57328224182129,10.1201610565186,7.51261711120605,-0.103717803955078,13.086690902710002,13.3222808837891,17.2222213745117,18.452564239502,16.306781768798803,16.301692962646502,4.82136297225952,14.5121803283691,10.6512670516968,12.3468494415283,13.874220848083501,7.39924621582031,5.808856964111331,3.02558517456055,2.8729400634765603,3.2478923797607404,7.25334167480469,-0.47475004196167,5.7376184463501,3.6230583190918,2.64574432373047
,sub-0126,ses-03,run-01,cognitive,TPJ,280,cueL_stimL,-26.097728729248,-17.063055038452102,-22.091136932373,-7.9005241394042995,-5.15775394439697,1.1418027877807602,2.59189105033875,7.98409080505371,5.10572671890259,7.57859086990356,5.347896099090581,16.6449871063232,28.7389755249023,19.598190307617198,24.7381477355957,22.421730041503896,18.970195770263697,18.3479309082031,20.970928192138697,25.9255809783936,13.5233097076416,7.53034448623657,3.89320206642151,6.059753894805911,16.846454620361303,19.5759544372559,23.658004760742198,17.6277770996094,12.765892982482901,3.8299760818481405,17.6791019439697,9.19364166259766,14.9161472320557,22.9067230224609,10.241823196411099,13.4148273468018,-1.05764961242676,4.462471961975099,15.181270599365199,6.1544189453125,-1.05046463012695,-4.0086841583252
,sub-0126,ses-03,run-01,cognitive,TPJ,280,rating,-5.864336967468259,-6.405853271484379,-1.24389457702637,2.63227558135986,5.2320876121521,4.6742048263549805,4.18915843963623,6.60370588302612,4.61403179168701,4.61117362976074,5.22548007965088,4.45239067077637,6.720453262329099,4.51224136352539,1.5576171875,-1.5621528625488301,-3.42988777160645,1.3684978485107402,3.96566104888916,3.08494186401367,1.5550231933593797,4.72182083129883,0.676616668701172,-1.1774415969848602,-1.8700236082077,-1.8815228939056399,-2.18528962135315,-8.77365970611572,-7.8977956771850595,-10.1721630096436,-9.84357166290283,-7.51626825332642,-2.34701919555664,-1.3904137611389198,-4.461450576782231,-5.78821086883545,-5.790472030639651,-8.6351318359375,-6.15863275527954,-5.32550525665283,-4.78764772415161,-3.2054591178894003
,sub-0126,ses-03,run-01,cognitive,TPJ,280,cue,3.25564575195312,7.10343933105469,8.71195793151855,10.4169883728027,16.4609508514404,14.339140892028801,11.992696762084998,10.4787178039551,8.080539703369139,6.749752044677731,6.0819263458252,9.34931755065918,10.595195770263699,12.7868642807007,15.530458450317399,21.541442871093803,21.9091491699219,20.2813739776611,23.0759658813477,21.9681015014648,15.059059143066401,16.2368507385254,16.835334777832,16.031541824340803,12.250789642334,9.78484344482422,7.651798248291019,4.66722869873047,5.84716987609863,4.08347797393799,3.9909727573394798,7.774297714233401,0.646244645118713,4.941285133361821,1.56795382499695,1.6324321031570401,5.5501804351806605,0.882177829742432,-0.9608612060546879,1.52343821525574,1.2286167144775402,-1.38291871547699
,sub-0126,ses-03,run-01,cognitive,TPJ,281,cueH_stimH,17.3654670715332,-4.4724264144897505,1.71068954467773,-0.8313140869140621,15.138935089111301,-1.74753189086914,-2.69777059555054,7.001103401184079,1.7159566879272499,23.250320434570302,23.4039306640625,14.487225532531701,1.0662987232208299,6.334912300109861,11.1326551437378,31.725160598754897,29.4339218139648,38.8922271728516,14.265732765197802,9.906670570373539,32.946853637695305,27.536457061767603,40.198600769043004,36.39064407348629,17.1268157958984,11.891563415527301,-7.64096927642822,17.829303741455103,3.2258586883544904,20.4809970855713,15.1388874053955,15.196178436279302,-12.3454008102417,-28.330997467041,-24.959173202514602,-3.548752784729,1.9459152221679699,0.157285213470459,5.44081020355225,-5.9934196472167995,-33.654598236084,-26.8475532531738
,sub-0126,ses-03,run-01,cognitive,TPJ,281,cueL_stimH,11.7927694320679,22.4399356842041,-11.976156234741199,25.5285491943359,34.769992828369105,6.02160406112671,49.3713493347168,40.73667526245121,21.3528938293457,47.0433197021484,29.1280899047852,21.1227703094482,28.469942092895497,31.879753112793,16.4734745025635,25.2831630706787,23.9939670562744,28.18381690979,12.027777671814,4.788573265075679,-11.4653100967407,27.049922943115202,3.81903076171875,5.23727893829346,7.64681339263916,16.461769104003903,-0.902654647827148,24.251564025878896,-10.015441894531198,3.21857452392578,17.6427249908447,-0.2587890625,-2.62591552734375,8.186618804931639,19.7449569702148,17.1255664825439,26.7657146453857,7.6907844543457005,-2.7480239868164102,-5.840576171875,-5.75486755371094,-2.0598602294921897
,sub-0126,ses-03,run-01,cognitive,TPJ,281,cueH_stimM,11.405540466308599,3.85177397727966,7.42850494384766,-7.71892309188843,-9.91850471496582,-10.2577800750732,20.7257480621338,-10.424337387085,12.843852996826199,8.70868873596191,10.524862289428699,-3.69763803482056,22.317983627319304,25.465404510498,7.78345394134521,13.6929664611816,-9.55431365966797,6.447372913360599,-14.450920104980499,20.8116245269775,18.432954788208,25.2360668182373,12.3922719955444,5.2754225730896,9.190267562866211,2.1422367095947297,12.845569610595698,5.49098300933838,24.734842300415,23.5487251281738,2.15182590484619,-7.5611457824707005,2.0150337219238303,9.931074142456051,10.230852127075199,-5.21809387207031,14.348793029785199,15.764791488647498,13.889539718627901,11.9062757492065,-13.317493438720698,20.7257385253906
,sub-0126,ses-03,run-01,cognitive,TPJ,281,cueL_stimM,-9.72522449493408,-33.5535354614258,-1.27218198776245,10.614196777343802,7.92164421081543,0.0480546951293945,5.68300533294678,8.23569583892822,-10.923023223877001,-2.8390045166015603,29.5690746307373,18.4036273956299,31.1433887481689,46.456356048584006,-7.24123334884644,11.116954803466802,9.20693683624268,48.565788269043,45.0763053894043,26.762962341308604,16.915206909179698,3.0107364654541002,-10.0156784057617,12.3832178115845,7.89704036712646,20.2928466796875,20.0148620605469,3.39443683624268,-11.10986328125,10.445505142211902,-27.5137825012207,-6.734957695007321,-8.519224166870119,1.5156927108764602,-4.97035503387451,-4.23007392883301,-0.7724990844726559,-6.548583984375,-11.207088470459,6.1112766265869105,3.47900438308716,-20.2604484558105
,sub-0126,ses-03,run-01,cognitive,TPJ,281,cueH_stimL,-9.87810039520264,15.830945968627901,-0.27072510123252896,-8.20875930786133,7.7132053375244105,-9.82430362701416,18.3570327758789,-17.8683986663818,8.36532497406006,0.366185873746872,-5.9924840927124,15.562347412109402,25.665847778320302,26.284992218017603,26.437002182006804,17.068340301513697,11.2337474822998,20.9861240386963,35.2264747619629,24.7713356018066,26.6355895996094,9.89719772338867,9.26940822601318,0.493807315826416,23.134479522705103,29.329216003418,-0.413895130157471,-7.52406549453735,9.711263656616211,-17.590875625610398,7.029804229736331,-7.1526517868042,10.660637855529801,1.22664833068848,-4.91120147705078,0.71142578125,-1.89890098571777,20.8427143096924,-18.2893695831299,0.315046787261963,-8.28799629211426,5.880207061767581
,sub-0126,ses-03,run-01,cognitive,TPJ,281,cueL_stimL,-21.927047729492198,-4.97588443756104,-29.8523845672607,-4.27082824707031,-13.165096282959,0.7733120918273929,13.728157043457001,2.91159057617188,-9.2300968170166,-5.56397819519043,3.00817966461182,20.9790897369385,31.861248016357397,27.8195724487305,30.994092941284197,35.3975105285645,16.2348880767822,27.79567527771,26.222265243530302,19.6103553771973,-6.0018815994262695,-14.572328567504899,5.89211654663086,0.999480009078979,5.4878454208374,11.2875986099243,13.5113620758057,15.6283769607544,-14.3679637908936,-5.777774810791019,12.9643211364746,3.6502513885498,7.04199409484863,1.8819503784179699,12.611236572265598,-0.376718521118164,-6.62344932556152,-0.88782787322998,-9.153279304504391,14.1456298828125,-10.768899917602502,14.3767242431641
,sub-0126,ses-03,run-01,cognitive,TPJ,281,rating,0.47682523727417,1.7411291599273702,0.0855356454849243,0.679417729377747,4.1032829284667995,2.5406699180602996,2.2662959098815896,-0.967604637145996,1.05044364929199,-3.7264375686645494,3.2543277740478502,-0.38792800903320296,3.74362182617188,2.8960113525390603,-1.81129455566406,-14.891620635986301,-17.6237812042236,-8.24183082580566,-12.0133800506592,-3.0260219573974596,-7.91240692138672,-3.10834503173828,-6.67120552062988,-1.80940246582031,-10.3148927688599,0.8736290931701659,-7.019466400146481,-7.37414026260376,-1.44708824157715,-13.4208974838257,-9.01067638397217,-7.496281623840329,-11.6551065444946,-4.26773118972778,-2.9902791976928698,-2.01510953903198,-6.816327095031741,-8.692934036254881,-17.219017028808597,-10.7822437286377,-12.3598146438599,-4.11079788208008
,sub-0126,ses-03,run-01,cognitive,TPJ,281,cue,-3.1826725006103502,-5.34640121459961,2.0864448547363303,8.05592918395996,1.0549519062042199,16.7023506164551,-1.1192550659179699,0.45124435424804704,-1.14496421813965,0.0522642135620117,-2.7863364219665496,2.2837872505187997,1.5425491333007801,9.000162124633789,5.8655109405517605,5.09463977813721,9.107072830200199,4.86018753051758,6.31632995605469,8.84726715087891,13.773796081542999,16.1947059631348,7.79158592224121,20.6922206878662,14.3455810546875,19.8083229064941,16.8053703308105,12.9724273681641,-2.4409351348877,-12.8542737960815,-2.94882369041443,3.0036239624023398,-3.74435520172119,5.02175760269165,-5.50166130065918,-5.811331272125241,10.8468503952026,-1.65540027618408,4.31935977935791,-3.5623950958252,-3.35222291946411,-3.0828089714050297
,sub-0126,ses-03,run-01,cognitive,TPJ,282,cueH_stimH,28.042316436767603,-5.342843055725099,7.74521827697754,11.0268096923828,7.394986152648929,18.7459487915039,13.8533000946045,9.20027542114258,29.161193847656197,26.3997783660889,26.7486228942871,7.65257453918457,0.974872708320618,21.5848197937012,-9.7071418762207,-5.44294834136963,17.1495742797852,32.2712211608887,-3.4274330139160196,24.6747970581055,36.1309776306152,30.862154006957997,44.457191467285206,42.8655204772949,42.7679862976074,21.8826751708984,41.8642921447754,34.4912948608398,19.6742572784424,27.959997177124,11.564100265502901,7.34318733215332,-4.00346374511719,1.89395809173584,-7.6617317199707005,15.7018489837646,13.067279815673801,30.218458175659197,13.772295951843299,-19.277202606201197,-9.16413593292236,-18.2497158050537
,sub-0126,ses-03,run-01,cognitive,TPJ,282,cueL_stimH,8.14763927459717,29.390262603759798,29.2716178894043,10.9977684020996,43.6304740905762,14.2403974533081,40.144706726074205,8.7359676361084,31.326723098754897,13.9961261749268,19.351037979126,14.384403228759801,6.9588308334350595,25.2654705047607,16.7465705871582,4.7470817565917995,6.9518938064575195,15.504357337951697,17.1748466491699,13.708995819091802,14.58851146698,13.6752414703369,-18.2713851928711,9.201292037963869,9.98575973510742,2.0064325332641597,15.1511945724487,23.6837100982666,-1.00700759887695,28.616329193115202,4.8192024230957005,-3.08838653564453,6.26841735839844,12.056880950927699,33.785408020019496,43.6107330322266,19.4913234710693,27.9237403869629,7.28235626220703,-9.85213851928711,-17.1231002807617,-4.17009735107422
,sub-0126,ses-03,run-01,cognitive,TPJ,282,cueH_stimM,20.7347946166992,10.784065246582001,21.4732608795166,-13.361041069030799,12.8516750335693,-14.619859695434599,30.7000007629395,15.3992252349854,40.8822631835938,10.958552360534698,23.210128784179698,-4.15681934356689,2.28797435760498,-10.00648021698,-16.0325126647949,7.793511867523191,6.39325094223022,-11.1430015563965,2.7553129196167006,27.517930984497102,20.7961921691895,5.9220685958862305,26.1208343505859,12.394763946533198,8.40060424804688,5.463393688201901,-3.7153367996215803,1.8416690826416,37.473724365234396,22.0102596282959,13.97998046875,11.6715784072876,10.813051223754899,13.2062377929688,29.718004226684602,-6.58989715576172,21.7282772064209,29.378107070922898,28.081842422485398,24.578742980957,20.8884868621826,-2.21342277526855
,sub-0126,ses-03,run-01,cognitive,TPJ,282,cueL_stimM,-1.4054064750671398,0.831221580505371,-16.5665626525879,-8.20433044433594,8.054821968078612,7.00497817993164,-16.425909042358402,-0.17168831825256303,-20.1539516448975,10.598083496093802,10.6951093673706,-1.7327488660812398,13.729480743408198,6.40591669082642,5.51658821105957,18.597335815429698,2.32931661605835,11.6575345993042,10.811653137207001,29.676786422729503,-0.49132537841796897,4.48544836044312,5.5577974319458,13.8688268661499,11.9209718704224,25.3578910827637,25.4554653167725,6.16729545593262,4.33465766906738,-15.377552032470698,-13.7974395751953,-6.44544124603271,-4.66682529449463,4.2977819442749,-19.7307662963867,11.925422668457001,-2.3993778228759797,5.97774314880371,13.569984436035199,7.396846771240231,7.79769420623779,-7.941497802734379
,sub-0126,ses-03,run-01,cognitive,TPJ,282,cueH_stimL,-3.90478467941284,2.65133166313171,13.190990447997999,5.913763523101809,20.4135150909424,5.01669979095459,8.62921524047852,4.58641672134399,13.5463171005249,-14.013684272766099,17.6519241333008,14.4615039825439,7.14901351928711,-3.992516040802,-11.7211313247681,6.203179836273191,-12.5313329696655,-3.69494271278381,-5.16662216186523,21.7449226379395,8.63103675842285,22.0644454956055,38.0248870849609,5.23423147201538,19.4948577880859,1.87855577468872,13.878414154052699,8.426450729370119,7.3875560760498,9.18702507019043,24.706880569457997,8.13263607025146,7.24454402923584,20.0624046325684,-3.5251293182373,-8.99689483642578,9.92863655090332,20.803918838501,-18.3027305603027,12.239132881164599,2.8612279891967796,6.318302154541019
,sub-0126,ses-03,run-01,cognitive,TPJ,282,cueL_stimL,-11.6036720275879,4.7816476821899405,-29.605657577514602,-14.207820892334,0.0298233032226562,24.0664386749268,11.0210723876953,16.125534057617198,-10.1050453186035,11.4699716567993,26.3805961608887,-8.30259895324707,3.95943331718445,7.2602105140686,6.57712364196777,-6.132144927978519,-0.249085426330566,15.998816490173303,19.3281784057617,25.516731262207,12.815357208252001,6.18259429931641,9.4205961227417,-15.885258674621598,-8.04116821289062,-4.93999481201172,26.2828521728516,0.0808448791503906,8.361560821533201,-1.35570430755615,5.92590522766113,16.8475189208984,-11.492185592651401,25.5527648925781,11.289876937866199,9.102132797241211,4.1180534362792995,11.743859291076697,-3.72636985778809,17.0599365234375,-6.78478240966797,21.195888519287102
,sub-0126,ses-03,run-01,cognitive,TPJ,282,rating,-0.373716831207275,-6.2216300964355495,4.94189929962158,6.58436489105225,5.177485942840581,8.37681674957275,1.4059348106384297,0.39170503616333,3.6321573257446302,0.108013153076172,-4.15840435028076,-9.983217239379881,-4.639259338378911,-5.473690032958981,-5.401214599609379,-10.366111755371099,-8.57997131347656,-6.986891746521,-1.09976005554199,0.827388763427734,-4.586036682128911,2.0692024230957,-3.91114044189453,1.99376964569092,3.56129956245422,7.65952491760254,0.46337890625,-3.3733906745910605,2.39494562149048,-3.3601081371307404,4.51637744903564,-0.12857913970947302,7.937655448913571,8.024623870849611,4.46518325805664,9.388589859008789,3.5260562896728502,-3.82609415054321,-0.493414878845215,-0.771804332733154,1.13707637786865,2.19580459594727
,sub-0126,ses-03,run-01,cognitive,TPJ,282,cue,-6.12355995178223,-1.9211349487304699,2.17552947998047,12.9226903915405,5.6732473373413095,8.74733829498291,0.417354583740234,-1.3628463745117199,-14.413953781127901,-10.2079219818115,-10.2657203674316,-10.1405830383301,-3.6972627639770494,-1.2242259979248,-1.60689353942871,-4.15956211090088,4.48089027404785,4.03072547912598,9.03140258789062,8.08673095703125,9.85714721679688,9.13131332397461,1.59316158294678,13.725562095642099,8.176914215087889,10.547996520996099,6.73683929443359,6.13044738769531,-6.1339626312255895,-8.02288055419922,-8.62662506103516,2.7417459487915,-11.5217895507812,-13.6964445114136,-9.79531764984131,-9.465901374816891,3.1239662170410196,-14.295530319213901,-0.9769625663757321,-12.1506595611572,-8.182041168212889,-19.6464462280273
,sub-0126,ses-03,run-02,pain,TPJ,277,cueH_stimH,-23.136661529541,-27.447463989257802,-1.93187236785889,-11.8289451599121,-17.860120773315398,2.852858543396,6.26175403594971,6.8470363616943395,1.8133516311645501,4.27723407745361,-6.10259342193604,-10.466613769531198,1.4988489151001,4.39059638977051,-16.7532062530518,-1.92523670196533,8.116054534912111,8.5136775970459,6.85658740997314,4.023939132690431,-1.4657783508300801,20.441791534423803,8.454760551452638,-0.80613899230957,6.39837455749512,20.2903728485107,18.6296672821045,26.858671188354503,25.207059860229503,33.0185928344727,6.8447551727294895,30.893827438354503,36.560340881347706,14.5030879974365,19.879503250122102,26.0026416778564,26.3001766204834,5.470333099365231,20.877977371215803,9.748762130737301,9.31602668762207,6.2206525802612305
,sub-0126,ses-03,run-02,pain,TPJ,277,cueL_stimH,5.02203559875488,9.20144653320312,6.3221321105957005,3.5501499176025404,-2.2721176147460898,15.1876573562622,9.6295051574707,1.6294441223144498,-2.52419519424438,6.98149824142456,1.52885675430298,-8.69222259521484,-11.367985725402802,-8.0254430770874,-4.666847229003911,-6.24880218505859,2.1286153793335,-10.873167037963901,-6.17543649673462,-18.751010894775398,-5.51594543457031,-13.3905467987061,-5.15095281600952,-6.39530944824219,0.912222862243652,22.7694606781006,16.8263149261475,10.0367469787598,20.876522064209002,12.1727809906006,17.1526203155518,18.2876377105713,10.898834228515598,9.38523960113525,4.50154113769531,14.6633310317993,3.99660873413086,-9.242021560668949,-5.83929443359375,-4.4089469909667995,7.2877082824707005,3.47579956054688
,sub-0126,ses-03,run-02,pain,TPJ,277,cueH_stimM,-29.718240737915,-24.3368129730225,-22.382282257080103,-11.001591682434098,-19.214633941650398,-18.3723068237305,-15.735502243042,-2.4727954864502,-18.9677791595459,-10.464390754699698,-17.379768371582,-16.7377681732178,-26.8805885314941,-17.957416534423803,-15.802300453186,-27.175785064697298,-23.6032009124756,-25.854257583618196,-22.166427612304698,-27.5725364685059,-7.70344734191895,-19.0632934570312,-11.950049400329599,-8.16225624084473,-6.9524822235107395,-21.9071388244629,-1.8617992401123,-4.933446884155269,9.87572860717773,4.91620635986328,7.87896633148193,3.86054801940918,-2.70155143737793,5.41790580749512,-11.3490142822266,-0.612678527832031,-18.72314453125,-4.90931701660156,-3.89407730102539,-6.60726356506348,22.069435119628896,15.7117147445679
,sub-0126,ses-03,run-02,pain,TPJ,277,cueL_stimM,4.39264678955078,-3.41337299346924,9.57535552978516,5.745477676391599,15.1072387695312,-20.014513015747102,-14.8567352294922,2.64861798286438,-6.41344451904297,-14.685509681701697,-0.731146335601807,-4.02498817443848,-17.295093536377,-20.2194290161133,-3.0618133544921897,-19.757968902587898,1.8855285644531203,-7.1748218536377,5.7764167785644505,-17.1239128112793,-19.9487247467041,-16.1045742034912,-12.7255754470825,-0.11782073974609401,8.60348606109619,13.437397956848098,9.83342266082764,2.74022483825684,-0.666549682617188,7.43804168701172,-4.61491203308105,5.5717945098877,1.57021522521973,-3.4043006896972696,-11.299854278564501,8.04681301116943,-15.0225086212158,-4.275892257690431,-6.47125434875488,-5.90095520019531,-0.7166824340820309,-3.03851318359375
,sub-0126,ses-03,run-02,pain,TPJ,277,cueH_stimL,14.9556007385254,4.005897521972661,0.7254352569580079,-9.462503433227539,-0.423318862915039,8.52998161315918,-9.47107982635498,31.3262920379639,26.412796020507802,-4.02917432785034,7.37193298339844,-9.23330020904541,-17.5706100463867,-16.0632820129395,16.8671760559082,7.72121524810791,-12.496589660644501,-14.9128589630127,-2.80042457580566,-2.82700729370117,-13.580547332763699,7.7973918914794895,-4.314781188964839,10.271852493286099,13.1513996124268,9.2915096282959,11.200740814209,7.679901123046879,23.110641479492198,2.3460235595703103,17.771240234375,1.14999008178711,1.66154289245605,-0.6103515625,5.9415168762207005,-3.12285232543945,-18.0011138916016,-12.7402076721191,-9.86347198486328,-8.49022674560547,-5.16027450561523,6.23262214660645
,sub-0126,ses-03,run-02,pain,TPJ,277,cueL_stimL,1.79217720031738,-16.6595878601074,-10.7192916870117,-8.05743789672852,-8.837526321411131,-7.199172496795651,-9.99712181091309,-20.4713821411133,-18.7972354888916,-10.013848304748501,-1.4454879760742199,-4.50679206848145,-7.67473936080933,-32.6967735290527,-25.6251754760742,-20.280080795288104,-29.200950622558604,-31.649755477905302,-24.9248123168945,-18.820957183837898,-23.4529876708984,-14.8543348312378,-17.635124206543,0.5572872161865229,2.4158687591552703,11.556770324707001,-1.72711563110352,-8.73513984680176,-2.19892978668213,-2.86418342590332,-2.3283071517944305,10.9060153961182,17.5982666015625,-8.98193359375,-16.0721092224121,-24.2756843566895,-20.8790512084961,-10.3999710083008,-15.0762329101562,-4.412487983703611,-13.378403663635302,-0.778345346450806
,sub-0126,ses-03,run-02,pain,TPJ,277,rating,-0.822437286376953,0.5726613998413089,5.369562149047849,4.36736440658569,9.70435047149658,7.7328405380249,3.71318244934082,7.58190250396729,6.4694929122924805,15.8975658416748,13.971363067627001,7.058868408203121,9.48905944824219,8.95532608032227,13.9452514648438,11.2989501953125,17.3302783966064,6.70068550109863,0.24580717086792,-1.50799131393433,2.3830738067627,3.08743190765381,-1.6135438680648797,-3.33541393280029,2.2064018249511697,-0.71943998336792,1.46043586730957,2.80831241607666,1.75604724884033,-2.4155426025390603,-0.866449356079102,-8.37985038757324,-0.253658294677734,-3.41754865646362,-4.11665630340576,2.57666778564453,-2.14351224899292,-3.4641752243042006,-6.41906642913818,2.7991480827331503,1.97743225097656,-4.37542772293091
,sub-0126,ses-03,run-02,pain,TPJ,277,cue,-0.698841094970703,-2.8311100006103502,2.2710151672363303,4.26414489746094,5.697101593017581,-0.408859252929688,-6.037103652954099,-5.1898021697998,-6.4502887725830105,-8.06876373291016,-6.27762794494629,-3.37372589111328,-3.62631320953369,-5.547131538391111,-24.448734283447298,-14.196651458740199,-15.900096893310499,-14.061134338378901,-9.5360107421875,-20.8060913085938,-16.7230758666992,-16.7040863037109,-4.78704452514648,2.48748397827148,5.23584365844727,-0.0275650024414062,3.9517822265625,0.6649188995361329,3.2941493988037096,-1.3073110580444298,6.656963348388669,4.86004829406738,3.4492588043212904,-4.51412105560303,1.01286125183105,-2.73708724975586,0.33802318572997997,8.16794395446777,6.89442443847656,2.6982836723327597,9.24688148498535,5.90395259857178
,sub-0126,ses-03,run-02,pain,TPJ,278,cueH_stimH,-20.1000022888184,-13.934058189392099,-9.23943328857422,-5.91739559173584,-10.378453254699698,-9.62437629699707,-8.12929439544678,-1.69069480895996,6.36183643341064,-0.69510555267334,1.74813556671143,3.56151628494263,3.10927629470825,-6.13857078552246,2.01919174194336,1.03793334960938,0.390545845031738,-8.42802906036377,1.72139263153076,-3.6215877532958998,1.3397636413574199,8.31219959259033,12.0569820404053,4.58403968811035,17.5890865325928,11.70787525177,20.786113739013697,21.7463188171387,30.8017387390137,28.6225395202637,31.7121391296387,29.5622367858887,28.2150688171387,28.7226676940918,22.157657623291,20.888219833374,16.297908782959002,19.833448410034197,19.3172931671143,6.29830169677734,3.2441120147705096,15.3825464248657
,sub-0126,ses-03,run-02,pain,TPJ,278,cueL_stimH,12.887340545654302,-6.61274719238281,1.6678581237793002,-3.07033729553223,-1.3544845581054699,10.1363182067871,-3.8873848915100098,6.4409294128417995,-0.8893229961395259,5.146130561828611,-0.542788028717041,-4.05042886734009,2.3866772651672403,-2.11391043663025,11.6977434158325,7.85218143463135,9.81195545196533,-1.07601070404053,6.05179500579834,-8.86366653442383,-2.577805519104,-11.891162872314501,-10.0860443115234,-1.3932933807373,6.38315773010254,10.341641426086401,12.0165538787842,9.0407600402832,15.5016937255859,19.351520538330103,15.4967555999756,5.883342742919919,8.85421752929688,7.30486392974854,17.6034545898438,5.67954349517822,-5.5603933334350595,-1.1054496765136699,-14.710506439209,-5.310752868652339,17.8174781799316,-1.57762145996094
,sub-0126,ses-03,run-02,pain,TPJ,278,cueH_stimM,0.774492740631104,6.52378273010254,1.04981958866119,-3.56496810913086,-7.432562351226809,-8.41583824157715,-6.237421989440921,5.71738529205322,1.58957242965698,-10.338004112243699,-2.16975688934326,-1.00813102722168,-13.127965927124,-10.5165958404541,-13.0827894210815,-13.431112289428699,-16.0463695526123,-22.4907608032227,-20.3826599121094,-20.5297222137451,-14.440338134765598,-18.983486175537102,-9.56778621673584,-14.957134246826199,-16.487895965576197,-15.5228891372681,-6.22918701171875,-12.695255279541,2.9534912109375,0.465505599975586,10.8557395935059,10.4956693649292,11.3335838317871,21.689386367797898,4.506813049316411,-8.337734222412111,-4.251434326171879,0.9658660888671879,-1.53421401977539,1.8337230682373,11.343507766723599,17.1998023986816
,sub-0126,ses-03,run-02,pain,TPJ,278,cueL_stimM,-0.9737644195556641,-1.43689155578613,14.430061340332001,1.6044120788574199,9.77778244018555,4.007703781127931,-4.742831707000731,-14.6757278442383,-17.6268196105957,-5.14803218841553,-9.92098426818848,-12.7500152587891,-23.105716705322298,-28.0916748046875,-27.669546127319304,-12.032054901122999,-13.418133735656701,-1.2930488586425801,-6.440255641937259,-11.748678207397498,-8.38815879821777,-8.288331985473631,-15.271355628967301,0.65003776550293,11.554327964782699,10.120305061340302,3.54343032836914,-4.202125549316411,-13.008922576904302,-2.54841423034668,-13.3826751708984,-1.6838912963867199,-4.53619766235352,-5.559326171875,-17.8148288726807,-12.312356948852502,-7.2830228805542,-2.52334976196289,-10.4163246154785,-9.79897308349609,-9.51070785522461,-4.316497802734379
,sub-0126,ses-03,run-02,pain,TPJ,278,cueH_stimL,24.3098335266113,5.93220949172974,10.088041305542001,2.2446308135986297,-4.66675186157227,11.581422805786099,7.65005874633789,15.1217947006226,19.728271484375,13.967080116272,-1.0295372009277302,-11.3265647888184,-1.6653327941894498,-0.9696445465087891,8.99679660797119,-2.41678333282471,-2.39885711669922,-11.6217365264893,-6.831194877624509,-0.8679122924804691,0.695072174072266,-0.0268478393554688,-6.1685504913330105,8.444761276245119,9.75822448730469,5.218603134155269,13.6766796112061,14.676727294921902,7.55761051177979,9.82147312164307,-0.45497798919677707,-12.9721364974976,3.63551712036133,-7.635799407958981,4.886756896972661,2.1126708984375,-5.351287841796879,7.190853118896481,-11.366565704345698,-2.91869163513184,4.662439346313481,16.2595062255859
,sub-0126,ses-03,run-02,pain,TPJ,278,cueL_stimL,5.85303497314453,-2.66333699226379,-16.5108013153076,-8.59769630432129,3.49736785888672,-1.43367528915405,-4.562472820281981,-9.82596111297607,-21.687314987182603,4.67597007751465,1.98773765563965,0.807830810546875,4.72068786621094,-10.406476020813,-8.34925746917725,-17.5945072174072,-21.594789505004897,-13.614487648010302,-6.32342720031738,0.651229858398438,-3.4680061340332,5.28274059295654,-6.63095474243164,4.86521339416504,-8.40651226043701,3.22763633728027,-2.76594734191895,-0.438018798828125,-13.812623977661099,-6.35455226898193,-0.0453100204467773,-4.37152481079102,-2.59230136871338,-3.08063507080078,-14.223906517028801,-12.5480127334595,-7.49399566650391,0.32490348815917997,-13.814222335815401,-10.1588506698608,-12.037488937377901,-16.597053527832
,sub-0126,ses-03,run-02,pain,TPJ,278,rating,3.6398525238037096,5.460931777954099,8.475404739379881,13.5820827484131,15.733019828796401,15.8903713226318,15.939311981201199,17.9282512664795,19.8367977142334,20.8082542419434,13.0299835205078,12.2758617401123,13.1545257568359,10.2821998596191,11.4163970947266,12.554046630859402,15.4124488830566,9.73435306549072,10.461856842041,9.71477508544922,10.9551458358765,5.459546566009519,7.9745168685913095,-0.14628294110298198,2.91110324859619,6.19705867767334,5.70718050003052,3.7529506683349596,2.32107448577881,2.39706802368164,4.43612813949585,1.31010389328003,3.16611099243164,4.24652481079102,6.552545547485349,5.8273229598999,-0.34940910339355497,-3.99842596054077,-5.16670703887939,-0.16722774505615198,-0.190943717956543,4.19476652145386
,sub-0126,ses-03,run-02,pain,TPJ,278,cue,1.53224754333496,-4.88804817199707,0.113739013671875,0.437343597412109,-0.7384185791015621,-2.7764492034912096,-7.770816802978519,-7.22161102294922,-13.7922840118408,-7.9101390838623,-5.6780891418457005,-9.16581344604492,-10.6175127029419,-14.363366127014197,-14.0884037017822,-15.270771026611301,-18.289739608764602,-14.522003173828098,-14.118614196777301,-17.223503112793,-17.0663909912109,-23.9226608276367,-23.42529296875,-16.3619384765625,-15.189679145813,-10.4186553955078,-7.03462314605713,-4.3558034896850595,-9.82611846923828,-7.902300834655759,-2.69396018981934,-2.77447414398193,-2.43271541595459,-10.2812643051147,-9.87814712524414,-9.72941589355469,-5.02960729598999,-5.2781043052673295,2.37347292900085,-1.99549698829651,-1.04723167419434,-3.6282310485839804
,sub-0126,ses-03,run-02,pain,TPJ,279,cueH_stimH,9.59603500366211,-1.92868423461914,14.543821334838901,-1.29340648651123,-9.80422210693359,-16.4734172821045,-15.3502559661865,-11.143800735473599,-15.1568546295166,-10.135458946228,-12.9353637695312,13.6270179748535,3.71673536300659,-9.40463638305664,4.24701881408691,9.72842216491699,1.7108654975891102,-16.708379745483402,-10.9602632522583,-20.4989547729492,-14.6053104400635,-5.760258674621579,8.5805139541626,8.13579559326172,2.26457023620605,25.771732330322298,17.9511413574219,11.897064208984402,33.165557861328104,21.9237976074219,19.5736999511719,21.2367858886719,43.5716552734375,19.828683853149396,46.528324127197294,36.971641540527294,35.6165008544922,23.8695125579834,17.197244644165,13.034427642822301,24.622999191284197,16.2326545715332
,sub-0126,ses-03,run-02,pain,TPJ,279,cueL_stimH,-4.252342224121089,-9.72176361083984,6.45925140380859,0.22832870483398396,14.4199066162109,7.26627111434937,3.50638151168823,-15.017190933227502,-5.38335084915161,-2.6927466392517103,-18.4654312133789,-6.9895944595336905,-5.9483957290649405,-6.37818384170532,-4.83508777618408,-10.916937828064,-2.3606843948364302,-34.3032455444336,-13.9110279083252,-12.0465888977051,-17.939651489257802,-15.6325693130493,-4.76076602935791,-0.425355911254883,10.954571723938,8.393345832824709,9.02941513061523,12.7253265380859,14.9114570617676,8.86954116821289,3.9248161315918,11.4650535583496,30.9142379760742,27.772590637207,22.2796230316162,30.7791938781738,7.51261901855469,12.9668025970459,12.443042755127001,4.823036193847661,22.3441848754883,-3.8758087158203103
,sub-0126,ses-03,run-02,pain,TPJ,279,cueH_stimM,-18.8554401397705,-21.0904922485352,-23.857610702514602,-16.9278297424316,-14.9031810760498,-22.961593627929698,-0.219671964645386,6.44443416595459,-8.36326503753662,-9.783002853393551,-16.9284172058105,-16.7576026916504,-17.7786140441895,-15.850876808166499,-15.2803955078125,-29.6968040466309,-18.567947387695302,-19.6562461853027,-15.378316879272498,-7.47558403015137,-23.4601135253906,-13.6051530838013,-9.02571392059326,-23.9429550170898,-12.4155426025391,-8.2902889251709,-0.294261932373047,-1.3499927520752,13.0048503875732,5.67715930938721,2.55577945709229,15.0227756500244,17.751394271850604,30.1678581237793,-2.6584930419921897,10.6930274963379,8.77519226074219,9.63528442382812,0.380859375,6.98360633850098,18.1998138427734,29.820299148559602
,sub-0126,ses-03,run-02,pain,TPJ,279,cueL_stimM,-1.89754009246826,2.63134765625,16.8073425292969,-0.683223724365234,-0.11352729797363302,-17.6938190460205,-25.1479988098145,-18.824504852294897,-12.9832096099854,-3.15129280090332,6.83163976669312,-12.368175506591802,4.81570148468018,-23.0041160583496,-2.13374519348145,-24.5131568908691,-15.5900020599365,-29.8670215606689,-15.5663776397705,-15.742053985595698,-22.4579219818115,-18.765544891357397,-14.530086517334,-2.74114894866943,3.3430013656616198,10.365511894226099,6.7150354385376,-1.5264053344726598,-4.06920433044434,5.08875465393066,-10.9668312072754,7.4297370910644505,0.33299064636230497,6.0951824188232395,-17.7211532592773,-1.5054998397827102,-18.4827194213867,-12.4649753570557,1.22369384765625,-8.23612976074219,-15.7521324157715,-7.87806701660156
,sub-0126,ses-03,run-02,pain,TPJ,279,cueH_stimL,2.1938490867614697,7.02802181243896,7.61424255371094,1.38935565948486,-7.6863260269165,3.69444847106934,-20.9167594909668,-10.0552062988281,-6.68295764923096,-5.0737156867981,7.49303436279297,14.3376016616821,6.86944580078125,-0.944332122802734,17.8585205078125,9.087114334106449,3.7989540100097696,-5.74137687683105,15.736879348754899,-0.29775428771972695,3.7703628540039102,9.03671264648438,7.8263645172119105,18.821552276611303,2.3256664276123,6.943218231201169,16.6059741973877,21.9703903198242,33.9022254943848,23.6530361175537,40.2493438720703,29.2136077880859,26.120849609375,7.6038093566894505,31.349040985107397,3.60593795776367,4.76991271972656,6.20765686035156,-6.58146858215332,3.51544952392578,22.0793647766113,30.1861209869385
,sub-0126,ses-03,run-02,pain,TPJ,279,cueL_stimL,-1.42212390899658,-25.5237636566162,-18.7532806396484,-20.8792991638184,-10.5473384857178,-5.094232082366941,-8.84160041809082,-13.3877630233765,-19.3930168151855,-13.413698196411099,-7.943719863891599,-13.561948776245101,-19.1869430541992,-23.773164749145497,-5.19842147827148,-24.5140571594238,-15.824242591857901,-11.2407064437866,-9.843748092651369,-26.5898780822754,-18.972122192382802,-22.3018913269043,-21.0391750335693,-13.329282760620101,-8.08699607849121,-6.670795440673831,-3.3286190032958998,-0.7576370239257809,-2.45787906646729,1.5346260070800801,-11.092784881591802,-1.93516731262207,1.0204648971557602,-0.13446617126464802,-3.5453109741210898,-0.12423801422119099,8.25985717773438,4.175115585327149,3.45582389831543,-2.36495876312256,-17.9383659362793,-25.3302726745605
,sub-0126,ses-03,run-02,pain,TPJ,279,rating,2.73984050750732,-0.23479270935058602,1.8265924453735398,2.7228617668151895,3.5036940574646,-1.15116691589355,3.86785531044006,13.640077590942399,26.571466445922898,39.619346618652294,41.1796379089355,43.7857055664062,44.2920150756836,43.802406311035206,35.6011962890625,29.114128112793,24.4596309661865,18.352207183837898,9.08275604248047,6.24407291412354,8.31693744659424,9.28111267089844,0.912605583667755,6.82337427139282,0.250845372676849,4.7380952835083,2.9593725204467796,-2.6690411567687997,-2.01111602783203,-1.14456939697266,-0.311988353729248,-1.06788158416748,5.6545314788818395,5.516126155853269,2.44237375259399,6.702129364013669,-0.0764155387878418,-6.48436498641968,-4.166847229003911,-2.35437917709351,2.4129009246826203,-8.74938297271729
,sub-0126,ses-03,run-02,pain,TPJ,279,cue,-2.2171802520752,-6.73484230041504,-11.322084426879899,-9.86978530883789,-17.561866760253903,-6.63622856140137,-9.95999145507812,-4.35802268981934,-0.37001991271972706,8.56728553771973,9.91234588623047,10.6590270996094,6.374897003173831,1.1206874847412098,-7.37184715270996,-9.123369216918949,-3.61318588256836,-8.629604339599611,-9.36454010009766,-15.699577331542999,-15.307350158691401,-24.3255920410156,-16.293775558471697,-13.3312435150146,-3.5324478149414102,-9.39364814758301,0.7854948043823241,-1.7957706451416,-3.56270027160645,-0.65379524230957,-1.76075458526611,3.5522480010986297,1.8476591110229499,6.145094871521,5.13413429260254,7.89602088928223,11.153505325317399,2.0954704284668,-0.303263783454895,-7.12728023529053,-9.42914199829102,-8.222446441650389
,sub-0126,ses-03,run-02,pain,TPJ,280,cueH_stimH,1.11043739318848,-2.6282739639282204,0.396671295166016,2.9237871170043905,-8.159763336181639,-1.59066224098206,-13.207453727722198,-6.88773059844971,-15.3318653106689,-1.90257930755615,7.344722747802731,6.834582328796389,0.342434883117676,8.04493522644043,8.956987380981449,13.297307014465302,-0.413470506668091,-2.63478660583496,-7.05376434326172,-7.25218391418457,-3.77732944488525,7.64982032775879,10.888370513916,9.88558578491211,28.3412914276123,17.4531555175781,20.472526550293,24.593864440918,29.326286315918,28.833122253418,15.4149112701416,28.626091003418,33.386344909668004,30.7101974487305,26.530818939209,28.283899307251,20.3623428344727,19.9194622039795,19.5187606811523,18.337966918945302,14.4760255813599,23.8390960693359
,sub-0126,ses-03,run-02,pain,TPJ,280,cueL_stimH,2.4478130340576203,-0.861133575439453,0.8600692749023441,-4.720911026000981,3.1635513305664102,3.03784942626953,3.5705013275146498,-0.9189453125,-6.8644084930419895,-1.2293643951416,-5.0263090133667,-3.141517162323,0.0202856063842773,-1.43935823440552,-6.82657432556152,3.3059740066528303,4.27331638336182,2.63622283935547,-5.33609390258789,-8.762425422668459,-2.78586387634277,-6.830914497375491,2.4705958366394,9.50627899169922,12.069215774536099,14.1506958007812,7.74420166015625,13.6345767974854,16.842603683471697,13.8550357818604,22.272768020629897,8.59506797790527,8.68491363525391,7.36814403533936,12.6284446716309,9.74879455566406,5.3757009506225595,-9.09962272644043,-4.4765625,-0.52971076965332,12.336578369140598,5.27520751953125
,sub-0126,ses-03,run-02,pain,TPJ,280,cueH_stimM,3.7349214553832994,-6.284747123718259,-14.7379684448242,-2.32448959350586,-21.0903434753418,-16.572086334228498,-3.4162459373474103,1.75750732421875,-5.9942507743835405,-9.47168922424316,-3.4027490615844704,-5.487622261047361,-14.736270904541,-4.1969690322876,-0.47527313232421897,-9.56202602386475,-11.726663589477502,-8.40601921081543,-13.237003326416,-6.4429435729980495,-0.949916839599609,-5.86292171478271,-4.0230073928833,-9.2786865234375,-6.48963737487793,-10.032076835632301,-0.9875812530517579,-3.1496982574462904,3.5446720123291002,-2.6177520751953103,11.296877861022901,17.6543350219727,21.532922744751,20.4379577636719,13.5202980041504,0.336086273193359,17.4397659301758,3.8044204711914102,5.957820892333981,14.791988372802699,8.01835060119629,20.7427139282227
,sub-0126,ses-03,run-02,pain,TPJ,280,cueL_stimM,7.2125129699707005,11.780226707458501,9.42717742919922,5.33122253417969,-3.02041053771973,4.737963676452639,-11.9247283935547,-12.443949699401902,-19.409610748290998,-16.203548431396502,-7.08628606796265,-14.7725219726562,-7.51532745361328,-11.6168661117554,-9.911237716674801,-16.175472259521502,-13.7061767578125,-18.1261920928955,-9.24164199829102,-13.017059326171902,-12.990683555603,-11.7368907928467,-9.56607818603516,-1.58835220336914,11.263482093811,2.42411231994629,9.07294082641602,-5.70597839355469,-3.06691932678223,-2.12214088439941,-2.35964012145996,-2.30374336242676,-2.22928810119629,-7.057132720947269,-4.82136535644531,-7.872553825378421,-12.601153373718299,0.0334129333496094,-12.3860197067261,-9.34859848022461,-13.695804595947301,-5.69841766357422
,sub-0126,ses-03,run-02,pain,TPJ,280,cueH_stimL,8.165920257568361,2.3752870559692405,-10.3965435028076,-4.0361065864563,-2.17730808258057,-5.7637357711792,-9.73728942871094,4.01108741760254,-0.656782150268555,0.2778639793396,2.27032089233398,6.13820886611938,1.7462863922119098,4.5212297439575195,9.29833984375,3.7318873405456503,-0.266721725463867,-2.2077693939208998,1.38891792297363,-6.44593048095703,-3.66590118408203,1.6580734252929699,-6.5094718933105495,4.95220375061035,8.785463333129881,7.4344577789306605,25.5838603973389,19.4371109008789,22.0949516296387,29.9162254333496,19.274860382080103,10.4388113021851,10.325918197631802,7.4122314453125,-0.64592170715332,-2.47897720336914,2.2440338134765603,7.61269760131836,-5.510564804077151,4.48373794555664,9.09482383728027,14.3889799118042
,sub-0126,ses-03,run-02,pain,TPJ,280,cueL_stimL,15.0882253646851,-3.76423716545105,-6.80763959884644,-8.219874382019041,7.14746332168579,-3.29841279983521,-6.638606071472171,-6.28599214553833,-8.30839538574219,4.8932390213012695,9.943929672241211,3.6988942623138397,-0.0462722778320312,-2.05223917961121,0.28404903411865196,-1.6075668334960902,-2.61153221130371,10.403076171875,-3.17542171478271,-3.8561372756957994,-7.33852481842041,-9.12122917175293,-0.134622573852539,-4.09414291381836,-2.00539398193359,8.50257301330566,4.91148948669434,-1.25852298736572,-1.63259315490723,-5.677029609680179,4.02375793457031,6.4670295715332005,1.8659830093383798,2.8460369110107404,-4.935401916503911,6.4964923858642605,5.25323486328125,17.720514297485398,-3.52132034301758,-4.70291996002197,-15.621234893798801,-13.533041000366199
,sub-0126,ses-03,run-02,pain,TPJ,280,rating,3.1830654144287096,4.37830352783203,1.81682729721069,5.21923589706421,3.02615690231323,3.96844911575317,7.509911060333249,14.015638351440401,21.631301879882802,20.1006298065186,16.628738403320302,20.2599849700928,22.3159255981445,19.8335914611816,19.1937408447266,16.055805206298803,14.6407928466797,10.1414318084717,8.000978469848631,5.64360237121582,7.24827003479004,4.00389814376831,6.0521736145019505,-2.47329330444336,-0.718878746032715,2.47237515449524,-3.0208940505981405,-5.51990175247192,-7.27743053436279,-4.17307090759277,-7.5872311592102095,-3.31873917579651,0.45510292053222706,1.8656153678893999,-1.02431631088257,-0.827502250671387,-1.11641788482666,-4.17318439483643,-5.390081882476809,-6.7817873954772905,-7.06920719146729,-7.427477359771731
,sub-0126,ses-03,run-02,pain,TPJ,280,cue,-3.21123313903809,-5.35067558288574,-6.43537712097168,-6.19642639160156,-8.75885772705078,-10.4582405090332,-12.547794342041,-7.7692985534667995,-1.3148231506347698,9.85513305664062,11.911130905151401,5.101539611816411,1.8547430038452102,-0.574811935424805,-4.074964523315431,-2.01249504089355,-5.25598907470703,-5.6112556457519505,-12.574577331542999,-16.7443923950195,-14.688880920410199,-20.027286529540998,-19.087205886840803,-16.361457824707,-11.2164459228516,-9.20339965820312,-8.3785457611084,-7.42885589599609,-6.6768283843994105,-0.971268653869629,5.96097183227539,10.202543258667001,4.1649694442749,2.2271761894226096,3.2742881774902304,0.858545303344727,-3.2502808570861803,-3.00068855285645,0.35790979862213107,-4.40802001953125,-7.907146453857419,-8.28679370880127
,sub-0126,ses-03,run-02,pain,TPJ,281,cueH_stimH,-1.06552886962891,-10.3063716888428,-11.1609373092651,-1.20063972473145,-13.0728931427002,3.42332649230957,1.08522176742554,8.52032947540283,17.7889709472656,9.61426067352295,17.7605895996094,32.330856323242195,-5.09242963790894,-0.7432460784912109,-8.675037384033201,11.920570373535199,25.8155879974365,0.5140628814697271,20.8813743591309,13.2506999969482,20.8508834838867,17.9478874206543,17.1727409362793,26.644399642944304,20.6671543121338,18.211618423461896,48.5443992614746,37.0937156677246,30.2044410705566,27.4947242736816,27.1582984924316,46.4172019958496,29.7232398986816,46.878570556640604,48.826301574707,30.108112335205103,30.3621978759766,14.087076187133801,24.2223052978516,16.9727363586426,21.415328979492198,24.523828506469698
,sub-0126,ses-03,run-02,pain,TPJ,281,cueL_stimH,6.24988555908203,-3.2860221862793,-3.3333282470703103,-0.262016296386719,11.266273498535199,13.0853843688965,3.22472524642944,8.7703161239624,-9.32867908477783,-8.17902565002441,-11.0652332305908,-21.244838714599602,-23.831886291503896,-5.799527168273929,-20.63818359375,4.52275276184082,-11.8888645172119,-7.47194385528564,-15.727779388427699,9.96955299377441,-10.439131736755401,-0.9897232055664059,-1.12601089477539,-17.2562294006348,6.73098373413086,-10.5537633895874,-6.45717430114746,-1.8138504028320301,7.40746879577637,1.9522476196289098,10.2823791503906,4.75926971435547,23.422912597656197,9.3296365737915,15.396122932434098,10.497297286987301,7.6858005523681605,-7.466732025146481,-11.676988601684599,-15.482948303222699,19.6746597290039,1.25041198730469
,sub-0126,ses-03,run-02,pain,TPJ,281,cueH_stimM,-12.476948738098098,-17.2738456726074,-20.6699485778809,-1.6809241771698,-18.2863826751709,-26.535213470459,-21.476869583129897,-3.1524248123168905,-8.28786182403564,-9.39787483215332,-2.9967269897460898,-14.78724193573,-3.4289493560791002,5.02025985717773,-11.5164785385132,-22.5797424316406,-14.0154323577881,-25.710159301757802,-24.7731552124023,-36.570281982421896,-34.137664794921896,-21.471012115478498,-3.67802238464355,-7.88580131530762,-21.544134140014602,1.53456115722656,7.7871417999267605,19.6108379364014,14.7902507781982,15.353241920471199,24.7893333435059,6.480023384094241,-8.67938804626465,3.8921012878418,12.604381561279302,0.19290542602539104,18.266189575195302,21.796676635742198,11.547290802002001,23.5803756713867,28.778589248657198,32.864982604980504
,sub-0126,ses-03,run-02,pain,TPJ,281,cueL_stimM,-1.68307781219482,7.33695793151855,26.2588272094727,7.12037467956543,18.2128849029541,-13.988538742065401,-31.7747611999512,-12.7500324249268,-3.4111204147338903,1.3657760620117199,6.62367248535156,9.44140148162842,-19.380054473877,-53.96672058105471,-29.689109802246104,-20.1754989624023,-26.6702613830566,-2.60452651977539,-1.75697660446167,-26.5698165893555,-26.005994796752898,-21.841556549072298,-2.3456201553344704,10.039978027343802,19.7871913909912,26.1618804931641,0.504772186279297,6.8685207366943395,-4.55627822875977,-8.54560089111328,-3.9739437103271498,-8.46981620788574,-0.628910064697266,-0.556430816650391,-5.5209035873413095,-10.307593345642099,-24.577468872070302,-13.2936458587646,10.6795768737793,-36.0505867004395,-7.80056381225586,1.71870422363281
,sub-0126,ses-03,run-02,pain,TPJ,281,cueH_stimL,24.5493507385254,8.71516895294189,17.445997238159197,-4.589608192443849,-6.21030426025391,11.696815490722699,29.8576850891113,28.531452178955103,16.5184707641602,21.7577075958252,9.95998001098633,28.0733909606934,4.051099777221681,22.0820713043213,39.4581451416016,26.0541458129883,27.1038646697998,3.60739517211914,13.259510040283198,14.7474203109741,31.7283668518066,31.5718727111816,36.972572326660206,24.176399230957,31.485027313232397,37.918617248535206,40.0732536315918,46.898509979248,50.9691314697266,38.1312370300293,52.4432220458984,27.8591709136963,34.812263488769496,23.4940891265869,28.2798690795898,28.771167755127,42.459564208984396,28.840816497802702,12.752941131591802,12.9129962921143,17.921672821044897,45.788875579834006
,sub-0126,ses-03,run-02,pain,TPJ,281,cueL_stimL,-11.173561096191401,-22.8821182250977,-31.121150970459,-45.6636352539062,-22.087764739990202,-35.9607391357422,-9.086493492126461,-14.9365520477295,-19.61696434021,-32.6889114379883,-9.44846153259277,-9.04201602935791,-8.19005870819092,-12.689796447753901,-29.0276908874512,-52.6553344726562,-37.5436782836914,-33.955856323242195,-45.93461608886721,-29.742139816284197,-33.4926528930664,-46.6292037963867,-33.8584785461426,-37.9298133850098,-32.995040893554695,-37.980064392089794,-12.7059745788574,-7.6045436859130895,-8.84737300872803,-28.9542503356934,-18.727367401123,2.4538803100585898,3.8530149459838903,-6.15869331359863,-17.842510223388697,-21.9302463531494,-17.4793548583984,-8.43437385559082,-30.5003395080566,3.26345443725586,-12.555168151855499,-24.678524017334
,sub-0126,ses-03,run-02,pain,TPJ,281,rating,-1.4946584701538101,0.5189504623413089,-1.84637451171875,-1.87054824829102,0.135865211486816,-3.7288370132446302,0.30041697621345503,-0.8934150934219359,5.64864444732666,18.787429809570302,12.2023277282715,11.2537670135498,7.585205078125,5.89830017089844,0.341827392578125,1.0903396606445301,5.81950378417969,5.42381477355957,-2.06100225448608,-0.961963534355164,-0.508221626281738,4.66954612731934,1.5644661188125601,-3.7887368202209504,1.0680353641509999,0.7236328125,3.0314640998840297,0.841930389404297,3.98938941955566,-1.4466266632080098,-1.00904989242554,-0.158397912979126,0.0969715118408203,4.46760368347168,3.5164363384246804,0.091033935546875,-2.8800206184387203,-7.180785655975339,-1.18131828308105,-2.27065849304199,7.9651985168457005,2.16080665588379
,sub-0126,ses-03,run-02,pain,TPJ,281,cue,-7.91361427307129,0.143815994262695,-5.60740661621094,-4.52810287475586,-3.4546012878418,-1.1965980529785198,-9.48151397705078,-15.5632839202881,-9.90361976623535,5.625362396240231,4.80650520324707,0.152088165283203,0.269950866699219,-6.44695377349854,-4.06850814819336,-12.4379444122314,-7.659786224365231,-6.62522125244141,-8.46672821044922,-16.5613098144531,-13.8354949951172,-19.772659301757802,-3.6234970092773398,-4.13429260253906,6.794830322265621,7.17043685913086,2.2297306060791002,2.12668037414551,-7.463592529296879,0.5619754791259771,-4.6621584892272905,12.396870613098098,7.7684211730957005,-2.16513442993164,-18.613843917846697,-15.812170982360803,-5.818115711212161,1.5238180160522499,-2.6666464805602996,-2.7442252635955797,-9.31126976013184,-1.57144498825073
,sub-0126,ses-03,run-02,pain,TPJ,282,cueH_stimH,-1.14018630981445,0.184379577636719,-1.10290336608887,0.0939197540283203,-24.86354637146,-12.749696731567399,-11.201092720031701,-6.471652030944821,6.2415075302124,-16.354564666748,2.36606884002686,5.07138586044312,-12.608989715576199,-17.274724960327102,-2.37234497070312,25.503110885620103,-7.30890083312988,10.415360450744599,8.79088020324707,-2.51991844177246,-7.62247753143311,12.1361684799194,7.0483283996582005,21.392681121826197,27.641733169555696,6.64539337158203,23.1577682495117,17.3442916870117,14.4590396881104,18.9395065307617,29.4756393432617,30.3374557495117,34.9351119995117,26.183240890502898,14.5417213439941,9.77310371398926,20.886251449585,11.633594512939501,41.4908447265625,11.9762058258057,11.921644210815401,23.9509677886963
,sub-0126,ses-03,run-02,pain,TPJ,282,cueL_stimH,22.6556777954102,16.8786315917969,-10.6087112426758,-3.7310123443603502,7.819305419921879,-0.93025016784668,7.94320011138916,10.0915498733521,2.06529402732849,10.595722198486301,-0.28809165954589805,2.15499591827393,-3.88898515701294,19.419828414917,-4.76516246795654,24.0619201660156,6.49037647247314,-19.9318923950195,2.38740634918213,-8.06164455413818,-15.1529903411865,-18.8666000366211,6.18748664855957,-2.8650131225585898,9.898112297058109,-18.3527946472168,-0.20710754394531197,2.39126586914062,13.5784549713135,5.86613464355469,17.5160751342773,13.3047924041748,13.999996185302699,0.7035799026489261,13.4355878829956,-1.51031684875488,22.9892883300781,-8.544155120849611,-7.27299690246582,16.096500396728498,19.1136093139648,2.91726684570312
,sub-0126,ses-03,run-02,pain,TPJ,282,cueH_stimM,7.441412448883059,-35.4193077087402,-27.397920608520497,-10.290621757507301,-18.6332168579102,-32.1041450500488,-2.35136604309082,-0.329768180847168,14.0467166900635,9.91210079193115,-10.3444366455078,18.6333923339844,7.81791019439697,-20.204021453857397,-3.6626977920532204,-11.22314453125,-6.91030120849609,-18.212963104248,-12.3985843658447,-15.494110107421902,-24.080265045166,5.5056438446044895,2.53760814666748,7.41389656066895,-2.0926704406738303,-1.1190586090087902,-5.62372589111328,-0.847558975219727,-9.34835815429688,-9.06575107574463,6.413005828857419,13.175540924072301,21.8963108062744,2.9447250366210898,1.2898159027099598,-7.206584930419919,10.4221954345703,-8.89511108398438,-0.43268966674804704,25.8838577270508,17.3548927307129,21.5780334472656
,sub-0126,ses-03,run-02,pain,TPJ,282,cueL_stimM,-7.07936143875122,29.6003303527832,32.327590942382805,5.67817687988281,0.555946350097656,-7.86651802062988,-0.0906295776367188,-18.6060485839844,2.9695377349853502,-19.807582855224602,25.178020477294897,-15.293098449707001,5.16605854034424,-24.6466751098633,1.52121257781982,-30.115205764770497,0.588325500488281,-23.541648864746104,11.4992036819458,-13.6587915420532,3.57546997070312,10.439311981201199,14.842209815978999,0.103153228759766,38.181671142578104,21.911560058593803,13.800281524658198,2.9467315673828103,-8.326343536376951,21.158136367797898,5.86075210571289,9.10637664794922,-21.0001449584961,-11.718597412109402,-15.4378213882446,4.39541244506836,-13.439666748046902,28.4248752593994,-3.6859512329101602,-12.044656753539998,-11.384258270263699,9.26222229003906
,sub-0126,ses-03,run-02,pain,TPJ,282,cueH_stimL,-2.9809513092041002,1.09826898574829,-25.9919490814209,-8.45474147796631,-25.304796218872102,-11.1960802078247,-5.473620414733889,-2.91692304611206,-14.494312286377001,20.668743133544897,-15.4192152023315,-4.19057083129883,-6.134722709655759,10.0730476379395,32.0689315795898,15.105480194091802,1.8805980682373,-4.07744598388672,9.729715347290039,-14.7333564758301,10.550836563110401,12.1191959381104,9.5019645690918,2.40079116821289,11.964658737182601,11.9816646575928,16.9060974121094,4.26684188842773,9.95827960968018,42.3541984558105,22.754209518432603,4.67114448547363,15.9579200744629,1.55030632019043,1.68750381469727,7.4456901550292995,-2.3296356201171897,-4.486061096191411,9.5218391418457,-3.10371589660645,0.49430656433105497,16.3894863128662
,sub-0126,ses-03,run-02,pain,TPJ,282,cueL_stimL,30.4928283691406,-8.54726123809814,-7.7200608253479,-8.83315277099609,13.9183521270752,10.2632436752319,-19.766254425048803,2.50821304321289,0.878767967224121,-4.29030704498291,4.05316925048828,28.805419921875,9.901360511779789,-18.184679031372102,10.753053665161099,-9.75635719299316,2.09526252746582,10.177419662475598,-4.27068710327148,-0.6950302124023441,-0.20750427246093803,-21.2285995483398,-5.23027038574219,10.0905342102051,-2.54611587524414,16.2737789154053,-3.76846313476562,6.924800872802731,12.9245958328247,-2.37105369567871,9.70867538452148,-1.4931468963623,9.24560451507568,12.182674407959,-7.8657932281494105,1.7757625579834,-1.12137603759766,16.995540618896502,31.192090988159197,19.535079956054698,-9.7722053527832,9.12108039855957
,sub-0126,ses-03,run-02,pain,TPJ,282,rating,-5.911297798156741,-4.27216339111328,-6.09987640380859,-5.25998306274414,2.8963794708252,-1.7165365219116202,0.31309902667999295,-3.3900284767150897,-0.416338443756104,1.79854846000671,-9.3543815612793,4.69752311706543,5.30790710449219,2.45721435546875,3.33468627929688,12.544292449951199,2.91034698486328,5.89822006225586,1.6249070167541497,-1.9564408063888503,6.67641353607178,4.97625970840454,1.7506568431854201,-1.58700037002563,-5.156643390655519,3.9951157569885294,-0.321279525756836,-0.8463211059570309,-10.5920152664185,-7.747501373291019,-12.4680528640747,-2.66132664680481,2.3084163665771498,4.00895404815674,1.6460468769073502,5.387356758117679,-3.07998275756836,-10.285588264465302,-2.1559295654296897,-2.62535858154297,-9.87631893157959,-4.9849362373352095
,sub-0126,ses-03,run-02,pain,TPJ,282,cue,-13.6600666046143,-11.2891082763672,-12.4300289154053,-11.327518463134801,-2.80368423461914,-15.010414123535199,-23.0442428588867,-15.1081027984619,-12.247669219970698,-10.4516181945801,-0.6217632293701171,-8.87845611572266,-17.7368106842041,-10.244481086731,-3.76040649414062,-5.09014511108398,-8.90530776977539,-5.468048095703121,-2.8908233642578103,-16.8484497070312,-18.7573471069336,-25.030441284179698,-14.818721771240199,-11.480010986328098,-5.744930267333981,-4.38256072998047,-8.64890480041504,-7.0249929428100595,-17.5530586242676,-3.58979606628418,11.035397529602099,1.41708946228027,5.75233268737793,0.617804288864136,10.1482524871826,3.2803916931152304,15.1032094955444,-6.2671833038330105,-11.6843957901001,2.45930671691895,-10.0601024627686,-12.602970123291
,sub-0126,ses-03,run-03,vicarious,TPJ,277,cueH_stimH,-7.22781236353937,-2.67823628576473,12.187696461587501,6.46255894368641,-11.8607273535268,-12.7572707169773,-6.59151792086406,-17.0297587370985,-14.5529558110866,-14.4115815228005,5.48456308837696,-9.4278063246655,-4.2773634343778095,12.152582109448,5.67734338944757,7.11817271800956,2.1762397109152403,11.9883840120119,2.5954205760769,-17.6281130799215,-8.14443102816527,-9.78901898696635,-17.9989277065835,6.53065911309576,-10.112705110196499,-22.4727134763352,-4.30558195646797,-7.122411613197251,-2.00834886656396,1.23298913731956,-12.314939840245302,-3.5392163690256804,-20.665250274714502,5.96035331137127,-2.5683350568643104,-8.80953441558918,1.85256452965018,0.328590162638363,1.8249417614735002,-5.20930821379767,10.6595319794311,2.70529684229514
,sub-0126,ses-03,run-03,vicarious,TPJ,277,cueL_stimH,-10.4158496420059,-12.6505038179758,3.5258512513741804,-22.5296356280135,5.998766033244901,6.28152608042771,2.5642386469620297,15.9160685420982,-9.849200903855381,-6.43679863351285,2.92580372956414,7.879411941332919,8.69450030341634,-11.383427113657,-0.4994645108368351,-2.2523534682428,2.35807586403575,-8.62175914800248,-3.63926406171452,-4.32835685630153,-9.560140556057839,-3.1345207968406896,2.1265065396483602,2.04480928222196,-0.0054244663958016295,1.7720921387907698,4.9006959577270495,-8.13525022158971,-4.11731554301461,-3.5915490165775603,2.16576907103432,-2.98672645900855,-4.16800349500934,-4.3815296616101005,-3.96013271125412,0.517158588714626,23.6332010277415,4.1820545090977,7.9966107830601105,-15.8931336034131,-4.25431475500008,-18.6309581034402
,sub-0126,ses-03,run-03,vicarious,TPJ,277,cueH_stimM,8.37682470341993,2.6442553141782703,0.31689268061638204,7.78892653912767,7.96710206896917,-0.9044916155865191,14.1548186080314,5.58505559405224,6.00999795169675,12.323989761175099,9.188503268058339,7.39242939832504,9.83485100951711,-3.9413428039533196,-11.335837963807002,-10.7434629857127,-8.036562522333309,-28.2612806841038,-12.178637970931598,18.265425854659,-1.4276150590891998,9.05533930490723,-0.315064946413534,-4.43455799399757,-2.15351334881394,4.53871066538258,9.62809356355268,1.91502954789825,9.170207986462641,12.8952689729941,4.74751349867001,10.1441902476962,16.2752604136673,7.000205391388849,-2.87831658884106,-13.5563327330645,-13.514434994403901,-0.522158860329199,-2.53937861604958,0.400004921404584,-14.2239558779558,3.4861972805147303
,sub-0126,ses-03,run-03,vicarious,TPJ,277,cueL_stimM,8.0599089854338,-13.130355718625,9.07876334051041,14.160065555644099,-4.97440800889672,11.2921841309548,-9.28408198915877,6.39382037025557,7.14071651708018,1.18332556770266,-2.4061696474754,-10.809579887249699,2.3374798124447405,-7.14442973750888,-19.4548353750734,-0.041206551694339,-1.6577314147073998,1.16613104506364,3.0156293268792895,3.2072019684548096,-0.345231450656325,-3.8480304349801098,-3.6294042290283706,-14.439189141643501,-3.77290230320791,-0.9184723441900658,-11.615681405664802,-7.73703863899341,-16.2657146630494,-7.99438589293322,10.0962210725836,-9.58226843609121,-2.71899656374979,-3.81595121582753,-0.534449014309354,6.49862310516409,0.39220686300758206,-2.63388112217336,-13.8561965765732,-3.725823459023,-5.1423636052557695,-4.64134760485129
,sub-0126,ses-03,run-03,vicarious,TPJ,277,cueH_stimL,7.71757345048278,2.25802491261454,4.98209227763304,9.526002413836391,0.275359767431334,16.3578366007468,27.811699927343998,7.2831980445971904,20.270145007400803,8.889012968990961,24.8992223321003,10.018141079630901,5.465850568982611,-7.74861729348142,1.32087698325451,-6.91104599744604,-5.81514059070418,-14.628521153610599,-15.3901080055391,-21.660251876094105,-12.857794552669999,-15.692315243143,-8.77902898464464,-5.480034865087201,-7.17797257998599,3.3395410127215803,-4.435669642678451,-1.6900960608409,-12.244642695122499,-1.23999817775441,-5.52940189833804,15.0812775979525,-6.66084785465554,20.6623496620928,6.10811048900124,6.72246636638303,-11.0213427365799,-5.919674538441041,1.10341829155727,-19.619243175868,-4.80229521174341,-12.2124111597
,sub-0126,ses-03,run-03,vicarious,TPJ,277,cueL_stimL,-7.347963426740309,-4.3314916265963594,-5.4324283677868,-0.6684189946150559,4.06856023270549,-0.943277982319067,-1.58589472184205,-2.9713343397882794,16.3836091540481,4.29226198241092,-5.461804712934869,11.6897387709075,0.987615173599662,-3.97275773962507,-30.3662669999298,-6.30516170367473,-5.6824692059919295,0.37296249579880797,-5.724554229843509,6.04883193899933,11.3572596913852,-6.353929510854419,1.76218273256004,-13.0357929865391,-6.629355392075911,6.63589502728942,-6.04127660681967,-9.1848181703305,-6.55201167689302,-9.41204762921509,15.959760943385401,-0.11214226965194,5.94019021044997,4.55301543448027,10.715202129836099,-7.741223335410769,-0.979663365753154,8.154181074124299,-18.2571157749634,21.4542937497798,-1.5465985796059298,8.42948407458179
,sub-0126,ses-03,run-03,vicarious,TPJ,277,rating,0.456932853057915,2.38992787003436,-0.00534641332143959,-0.386426645104358,-6.020082229385671,-4.32566875744574,-6.338933619530669,-6.68399665742412,-4.54910649510718,-3.6899874764887204,-7.16550725319672,-0.160491925869655,1.34062046945925,2.23738927431347,1.52957734837125,0.9590615430754459,-5.54594624502471,-2.82115025524023,-8.291162603772,-2.11433993758685,-2.6297402102428302,0.44380860128576005,-1.2325175714561298,-0.39529123949344,-3.3893343022593396,-2.48081794742252,-6.59938207923688,-0.726098565543696,-4.3447882614998905,1.42712798623674,1.24080000302363,-0.913882847615756,1.6122068355741799,4.4402052125008495,1.2138405220251498,4.39617531143959,-4.00992134043418,-3.54755373831711,-1.6433477320157701,-0.799329827731631,1.9815149884101102,-0.807968485961148
,sub-0126,ses-03,run-03,vicarious,TPJ,277,cue,-9.73740907149269,-2.67691918972996,-0.0968318983104766,3.57207335248921,6.764663925246099,4.1299488923020204,4.66053218964592,3.0837479670660297,6.114154745520519,3.04973297774176,7.22349587874856,10.977362424189,7.783711325679799,8.097928585444091,9.849910637365472,6.628325070863019,0.243166025280587,-7.11098146670474,-3.44369598401851,-10.6829279586335,1.4077584410103,-2.85931655250747,0.298044696535257,6.15440296260079,1.2355007338360802,5.25018185126299,3.87877508472228,5.980941605781631,-0.807991705438347,2.2357512664876302,3.67358772144559,-1.16684918491712,-0.49084151116094105,6.14874807689096,1.10328324841032,-0.659256051512813,-5.52331454177286,4.41914428814777,-6.51921743440399,-13.647363814598,-5.900508287420009,-0.8414001072359109
,sub-0126,ses-03,run-03,vicarious,TPJ,278,cueH_stimH,-0.6152789707915699,-3.07612481131564,-8.3049914510295,-12.608766628535399,-12.7878330427245,-12.480141470555001,-16.5602502382925,-17.8046295633868,-11.910992559672401,-9.85073647852467,-7.36787837423971,-9.52195275069155,-1.18107808129978,-1.96337535460337,-1.71925200002187,9.368512272827589,5.229292531864191,21.4031459970928,8.92718581273797,-5.229305070850099,-2.4868462682290198,-10.4092115562313,-11.2552009574986,-14.1638143431726,-19.295718613810198,-15.1658180399419,-22.6344284521259,-4.34541926010382,-8.045277414958269,-8.29784230613207,-13.2392917515492,-12.568409229442501,-13.025709267293301,-4.8844437942798,-0.16180908122874602,-2.75012923498767,0.0884191676405957,3.6187084414808304,14.474062537056598,-2.5799829325325496,-4.69576895794867,2.14015280878506
,sub-0126,ses-03,run-03,vicarious,TPJ,278,cueL_stimH,-10.2764390190606,-0.20567992908578198,-6.81140523245209,-9.89552141476143,-7.87282307539725,-2.9966160643615196,-6.85024486811364,1.22000764937384,14.542438593429802,-5.00990953988852,-0.20312262550864604,0.801913284927715,7.322714260534919,1.1639114561236101,0.4227716924537,7.0853613599189496,14.729478307987002,9.50802178563108,7.60875674526829,-4.15051080641753,1.2090081158123998,-0.9256555725518879,-3.1845782193336203,-3.9605351262068598,-4.2131164433371096,-9.706681478761631,0.7370935818514041,-10.390006422744198,-6.43003979798223,-5.70604188065817,-7.65476109392451,-12.2385826235509,-8.3138333898471,-4.422136981861031,-3.2638549166788398,-14.8207387926331,-3.5924963349827794,-2.03134855535827,1.55205202860546,-6.220349795403269,-9.47115728380124,0.5907321477768299
,sub-0126,ses-03,run-03,vicarious,TPJ,278,cueH_stimM,1.37114357371839,4.62373711460529,-3.1837391347328996,-0.7400518473962049,1.00582027002,10.2733675146931,4.1286809260426,1.98241830042154,10.8008478646208,8.04336379833037,0.20172449842882,3.9835525130569702,-0.675123456380578,0.7232654499407271,-4.42283963943489,0.260140669553824,-13.827512353710699,-7.6305299763803305,-7.71952080907928,-1.62550324699431,3.2514859221536296,0.9430799373201599,-5.130699789496191,2.5996069480567403,16.1064033282457,16.152307151838,2.91156191028087,2.10473809685925,-0.807349242666657,-0.7982459618311,-6.691612352242339,2.16820601474064,0.23837723613638698,1.1104251035089299,-3.60163360444144,-3.47219680364105,1.19145132431469,2.5240420339244505,3.02201484950373,0.6513922681853079,3.47370890128824,-4.51381762638452
,sub-0126,ses-03,run-03,vicarious,TPJ,278,cueL_stimM,4.719091512025769,-7.39903915035895,-1.4476577174290701,3.96750176271338,-2.9936685749367404,-2.4989901261881298,-5.02754683604938,6.93337545607005,6.39708370108416,-0.613014001761677,-0.65675367979164,3.8698322025926397,-1.8960549170440302,2.7253629435956204,6.297345776521761,9.148699932528501,0.7599629775064101,5.58706276049698,12.2773606246595,10.2970168258831,9.25613490260471,3.81900696853739,0.8862530742203829,-4.651471073306981,1.21407537748596,-6.32601992782933,-9.94872526270003,-6.21808697573559,-3.67605869712362,-2.04195992836211,-7.09406286355876,0.5607301065110729,2.6536052007074304,-1.2417464601098702,0.43859851962608004,3.9031828266723596,-6.803265399448461,-1.8261960175293401,2.3794132794445098,10.0390032306701,1.66133198206842,1.12661054137561
,sub-0126,ses-03,run-03,vicarious,TPJ,278,cueH_stimL,-15.308956776241699,-8.83378122475105,-8.61048588042586,-1.5047129509203703,-2.2755218560164,-2.42577847517643,-1.28412383145542,-1.89075007591684,7.1579114258961996,-2.74343664831226,16.8964267155182,13.586387098935198,17.1265106283324,9.02710929241793,3.6190656830778503,1.3525874494520602,-0.5476293136337329,-3.57027722357767,-12.2372854694243,-14.4032710464851,-4.93627405263803,-7.588351641303719,-15.3525750098341,-4.73190588366543,-20.2261369052725,-3.8305948485514,-16.5235043690501,5.03419918227966,-1.52597430388186,-8.42543343796098,-0.4288810141258089,3.2815693241951798,5.379762061632429,-4.3653725315835805,-5.75844444391902,2.27243624588887,-7.24693630970922,-5.40118104250953,-12.7690794598767,-11.774155927703,-5.20301070280805,0.797610989304161
,sub-0126,ses-03,run-03,vicarious,TPJ,278,cueL_stimL,-12.5704479900662,-11.3580137542289,-4.88330452115753,-3.62451344721883,3.3098759415136896,0.10815310293091199,-0.7194696882052891,-1.5020555648547,9.254185801053241,-2.14310746966913,3.75065951036698,8.03777996421627,9.551752348772288,-5.07270521663149,-2.59722693014247,-4.42755804205133,-1.41079275949791,-4.30890262971505,-4.5138338753176,-3.93943896921071,-2.98838423611813,-13.417114649540999,-7.4881468502853705,0.183292404458992,3.3848447218538302,-4.99919666140635,4.32381331911815,-1.42700032564272,7.52196476897784,-5.226117739561579,5.49408408069979,-2.7154696105195097,7.63353903730762,-0.774961231161555,-0.8548119397516809,1.54726374730089,0.0794177198152042,5.5300595643757,4.75704017548241,13.921679745857402,-6.75452333413669,5.24628109957476
,sub-0126,ses-03,run-03,vicarious,TPJ,278,rating,-5.5345336513013805,-6.58586894138906,-4.32659317013483,-3.99707748764633,-6.170286723217009,-7.62225674517942,-4.493537533561651,-5.31972651819525,-3.2603803581539,-3.1385362630189504,-5.35268060249524,-5.75805331409875,-7.37036789791928,-7.29274036966183,-8.12900110838561,-9.904095727313981,-11.373805750486099,-8.71899654673295,-11.6272541785691,-9.62947079039414,-9.1317920807641,-5.91736894819414,-9.628529503290949,-6.34703161052405,-8.1205431060366,-9.72974456381247,-4.37497301706995,-5.4754877937431505,-2.46103219683321,-0.751353534045885,1.9071753925825,-1.90564229881756,-1.77163390116937,0.00890432901029564,-0.21609504035628,4.95041712402315,2.37108348409981,0.16075428066892902,1.02573468430238,-1.88100414478697,-1.7217145157488998,-3.7065930340206097
,sub-0126,ses-03,run-03,vicarious,TPJ,278,cue,1.35721149578671,-1.6854458378209498,-0.348970374258618,-1.02302477335614,2.2722149059843098,6.464531305062599,6.001155523296321,3.44196840673846,7.9571108335868095,6.43728796757,5.98902238490193,7.562311636843481,8.96802801992185,2.99549398141438,4.69854810694403,1.4838753042902801,1.55379130501809,-3.6804203889430602,-0.524670501690117,4.2309890032523905,4.82711762973418,2.23586069001053,6.62367226589139,4.83575039677624,0.7249253092889171,2.46003754947133,6.971965884287339,7.0040067016318,5.4805204267990195,6.4515333366737,9.81297828683553,6.212777139348249,-1.92933455493099,7.82522671265131,-1.99144173139902,0.5858487223174871,-2.6749493986379598,0.47926243061691604,1.4244995568913401,-4.226573424275419,-5.07934157241945,-2.1305209102609597
,sub-0126,ses-03,run-03,vicarious,TPJ,279,cueH_stimH,6.41400685309102,16.5543754357882,-5.1140293732321505,19.1064321079288,-6.612978371639401,14.081177032065401,26.6908619334477,21.643591642782102,24.788129575681502,25.392385107600496,15.420653207764099,22.987713718998798,7.3661210611662105,16.3965995935427,16.8828149194963,26.219996230618897,15.186590581705,13.000778841282802,6.698556014187269,-24.401582600844304,-6.97536208304253,-31.4923853689298,-2.41570264552769,-15.6191563167285,-1.2167382500943502,-4.16302260016999,5.6615161709599695,8.19593522373884,5.64877796362682,-5.2417839978775005,-14.6089911780453,2.48387776418277,-3.09572687527977,-8.161162762757769,-9.94426776139913,-4.41158693286527,-7.175395148993339,-7.24464266608142,-5.1712953868060705,-20.0309520776181,-23.0947473225769,-26.769713435679698
,sub-0126,ses-03,run-03,vicarious,TPJ,279,cueL_stimH,-1.9481272539562198,-8.85473203950524,-26.058051423766305,-9.647402844146802,-14.6246789613551,3.3911535818579703,1.3228967625424,13.6817397674159,15.568272811114,13.8483835258721,20.6294473669906,4.06934552626357,7.42833493354394,-8.08916676708793,-1.3347907798306202,-18.0116293162541,-13.7654696265544,-21.570103292445896,-31.602005273594603,-37.1221159465363,-37.794009501041,-17.8769307319897,-40.8241292380515,-14.7278202255834,-20.468681903879897,-5.08186537654018,-11.8847600050335,-14.9252677229176,-4.8360954167524,-24.415771999498,-36.2562965950962,-15.663602202193198,-24.1312599333271,-26.6308663018267,-29.933448655847503,-35.6150219290015,-19.4053166930598,-12.514309444226198,-20.9499318762471,19.8463411119217,5.95217254383466,10.2772151039304
,sub-0126,ses-03,run-03,vicarious,TPJ,279,cueH_stimM,7.507674192088981,1.46689561500653,-0.621489277768143,0.595454953382624,-11.9944368715272,0.587433881143718,5.56749134559785,7.57430218542284,16.1361457928196,6.074033520637679,22.4760101841043,23.1842654684907,15.706784978832701,7.19724706399094,11.8724352161691,20.0438549002577,-6.3928589214592995,14.1740085570606,-2.22212350932381,-7.32356248580655,-13.499556007225099,-20.455627548143198,-37.1911478022621,-26.093560611431798,-6.5232608966893695,-19.5799568035771,-0.62492305193639,-17.4526288949865,1.9548560612190802,-17.3578746206355,5.270035526656231,11.110722850752198,5.8404538813137,8.14398350913223,-5.103387645287031,-9.9889644418185,-11.094614898438001,14.0341874571034,2.4846866885794197,4.975640213258361,16.7878355117943,24.9638261234225
,sub-0126,ses-03,run-03,vicarious,TPJ,279,cueL_stimM,8.79471521918478,-8.34280210815083,-14.792053453271198,-20.691870254428803,-29.6996869553281,-20.569963976422898,-15.2840961239992,3.5908966499122403,1.4713663999726998,-1.30164739085208,-1.22989117540253,9.873167019870019,-5.013603167528321,2.55907961866432,7.491965021394769,16.2537176302702,8.84918619155915,18.856957670474202,8.0355531484305,0.45786602693179296,-1.7150642214288998,8.69231739410671,-3.8080952351923103,5.9810039946752,5.6434775661071095,4.7100781335283,0.503812835769168,-19.4320960926157,10.786528819295098,-0.105087049942568,4.187278718027089,-13.1290489352754,-1.2220779835176299,-20.741208213836803,-15.8628275468831,10.849334706682999,-20.191629898071803,-0.929010406941212,-23.4580215428517,-9.515286314183081,-21.453584791525,-9.89790846306548
,sub-0126,ses-03,run-03,vicarious,TPJ,279,cueH_stimL,-9.475656431165909,7.982149466843669,3.4142207476344,4.430792234658861,1.49879138340172,4.274241422518069,19.4839497381953,13.2984268401931,29.855909658572102,9.378443816981038,33.9777178616076,27.5441665423948,48.0947609278244,41.073885633976204,45.102093651584504,43.733716742832605,43.9820928550649,29.4138314598298,21.6356038628797,-0.35846313072239705,-8.266913010228269,-15.833000189668,-11.7776995532734,-0.8617587739735391,-5.76843949702824,11.1259514320261,3.2163798087151303,14.9416340948756,-8.80404286022452,-6.688520214562,-19.274628642830397,-14.375803895532,-12.505734771049,-22.264436787565998,-2.04470759800401,0.458922645802375,1.60827888128397,-12.2478953810199,-0.5634556895166322,-13.116697282191698,-13.022083033882302,-17.4544405788554
,sub-0126,ses-03,run-03,vicarious,TPJ,279,cueL_stimL,-29.0555498722404,-14.838452258423299,-29.312258599637104,-24.578878043361396,-15.4854927535026,-38.7647813445315,-4.05605585600488,-23.0502650072637,4.94626260055738,1.3336457688960202,13.1423389937673,8.06322265017284,6.70251845731041,-4.5711736902270195,-1.8165654184526798,-10.9730952336116,-15.3216573146714,-13.8558934131725,-9.32084696740581,-3.72040110346502,-14.5316134724811,-17.7354297015272,-16.4352326995633,-10.6384819879058,-16.636555743285,-3.6750630137367004,-16.0808005486429,-17.1013293618397,-17.8186170899657,-27.0695491073634,-4.63674369321918,-35.2198629342688,-13.6354202228235,-24.2233446798803,-17.955302181893302,-13.557314469224698,-13.582807196134699,7.040497886690731,-2.84654068792214,13.403432527388802,7.281562992464809,15.5945493165607
,sub-0126,ses-03,run-03,vicarious,TPJ,279,rating,-1.61410245615298,-1.05048361014421,0.0941778802432518,-3.26629230362481,-5.5042366223351396,-3.71011320501054,0.9502679926701559,-0.46851237164733595,3.76588184838117,12.4912880527167,18.0855198397928,19.9971136596702,20.297434701691,19.736081844500102,11.5654061039663,6.33729753611897,1.03795064045626,1.1803596865149,-4.52898043940288,1.79703290167695,1.3009259039671899,5.77551918642566,6.60847074720508,11.2517165597331,6.5585713883448395,6.017227841116941,7.54271719865316,5.05155999585373,2.58827103436601,4.46281607727888,3.52941529799169,-0.421948703750654,3.4477829697148503,0.38507638839420705,5.07365382675274,2.3158424396816604,0.0672968858590028,0.476792956088971,-0.730815886206477,-5.66068367618245,-2.4452902871922704,-3.88565053213943
,sub-0126,ses-03,run-03,vicarious,TPJ,279,cue,-1.6952048241323603,-6.315744977663259,-2.3888349698340403,-8.08892796571038,-6.6700729324144294,-4.726430610497929,-2.2932135730846204,-3.36191780258313,-5.8868514388869,-5.64447604910602,1.30791500958226,2.7181949014004902,-3.31123220842892,0.0982470354216076,1.88049435360886,0.0518102880097224,-7.50450270781724,-11.404223539746301,-8.513645258735071,-2.99381367420768,-4.79581311486612,-12.2832374366076,-1.63431717831593,-4.4958289349677,-5.38344421557488,-3.27850893942257,-11.5007342691607,-12.847289812909501,-17.8085219580464,-15.0527271936446,-15.8515841947226,-15.3332254340247,-20.376079189711103,-5.20034119554555,-22.801642760747104,-13.5902456408074,-22.0274495577613,-14.2244797569581,-21.282234859594702,-8.08151207762597,-15.756933531866801,-1.3878609318510902
,sub-0126,ses-03,run-03,vicarious,TPJ,280,cueH_stimH,6.395434960541401,-3.24965198224194,-11.840731239713,-15.2726436113882,-15.161604162593699,-4.61198975985993,-11.773873120354303,-3.58194280228261,3.39127958687581,-1.8905440671866998,-2.6893268705337103,2.7587554873167996,5.135823171026191,12.442962427646698,17.6819320223973,23.307617260198498,19.101430733852197,35.5898581435878,21.3693005401718,16.1309903370517,8.60181049938879,6.4622539618507,-3.2923373010095602,-7.9242191121783305,-13.581335705719098,-12.0428053954841,-14.480595368040301,-6.44842811465447,-9.06004696776649,-12.518741530347302,-15.127230151572599,-13.588683502558,-18.840498708975197,-8.988153896750669,-14.7356938094183,-5.48343186142708,-2.50272879332813,3.04612108064686,-8.00393830355114,2.5352148156673597,-7.15606828736565,-4.8393204559210705
,sub-0126,ses-03,run-03,vicarious,TPJ,280,cueL_stimH,-19.0577188730836,-24.2186656184934,-20.5751597453535,-14.685585321017198,-13.223405873662,-9.14725585414825,-6.24802549282132,-8.116589758639059,1.8315185618667098,-4.22624500583425,11.8152348577598,10.2220191146831,14.8800988138467,10.0896724412786,24.426411485339305,20.779430643070103,28.3701066313981,27.186637936224198,27.4865603584446,1.06201537973031,-7.99535810445922,-12.2470432212133,-15.9986490496436,-17.5589661426778,-12.210270622403801,-8.637682280537879,-17.0847743648414,-17.8529103584179,-7.240534151059981,-11.7256027265085,-20.407384959533,-31.2709705186869,-20.728676725009198,-21.7697924172119,-12.06423167562,-24.7236375899546,-9.86735455390547,-9.14626920147367,5.73945662750685,3.97971800489236,-8.60757094666589,-1.4283756366912201
,sub-0126,ses-03,run-03,vicarious,TPJ,280,cueH_stimM,3.0848990577474398,5.2255325671013795,-3.52571662869021,-0.6920673993259511,4.514882429388019,-2.76488085175578,-12.9898997269554,-2.8633707104292405,3.32813595258137,-0.683146849585966,13.6662767012237,14.3382862410096,27.337629478463302,21.2213799715797,25.5389606818324,30.6531943467244,16.5880957719347,16.693769298143,14.7173380096105,2.25701725467651,-6.4967895341154005,-14.1155404745491,-11.6149268846891,-3.8461099631498397,3.4163202999349904,10.8936927759533,6.678109230930341,9.07661165090291,-5.21963333811621,-8.683928306641821,1.13083528628757,-5.4397973990957,3.8189764167056297,10.09240890094,-5.3894991754405,-6.66377137955166,0.5620176629961079,9.97939301412251,-4.20556390924687,-2.5846884650113,2.2371677313375,-2.46060689719891
,sub-0126,ses-03,run-03,vicarious,TPJ,280,cueL_stimM,-3.21754503543791,-1.16104975608398,-12.8045479292235,-9.528629536049811,-13.6093862183565,-13.523137603159098,-13.291406432045902,-5.14475732710768,-0.689498019807528,0.41869672074073405,4.12869612306621,10.087616737116901,17.5249201923331,25.352474877065397,27.0254986557545,33.5007433469773,27.1749867148451,35.4022072191038,30.6246288429466,31.7097982515089,25.2335147025415,22.1413714427102,25.9457277542025,7.71255163582838,6.9543973940313695,4.1107974411773,-1.0973438657780399,-2.14407253240479,-5.26950758573058,-11.645050162829401,-2.9502593227126903,-6.77343054977515,-3.07407550751617,-9.585179580650449,-3.7493598217745,4.43148758716449,-6.881116399373571,-3.29771596770005,2.9132923029830597,-4.897759434794,-8.29070133007196,-5.16912853362603
,sub-0126,ses-03,run-03,vicarious,TPJ,280,cueH_stimL,-18.4764229938392,-4.43720200434082,-15.5745698827555,-19.0320179319862,-11.7275264558164,-9.77835782599743,-3.24078558130397,4.36797198447343,12.6951011785518,13.5929254837181,19.3342515149846,20.9988317294872,28.3705761312405,28.8330440637418,43.548641832331704,41.289593097265,43.4009418528967,35.5670031940445,24.976366616108898,25.034061664858104,15.2165779695469,3.10013063393494,-7.895055032281599,-10.7617974475997,-15.4206280915794,-4.498437578200741,0.0334692064368185,4.10723015509345,-8.423762185415761,-9.582542031866788,-4.594102551238491,-14.385436101603698,-12.181897925742302,-19.492849012458603,-12.2466647186135,-14.0064708396123,-10.112700138083,-12.7488640806076,-12.5247099498843,-13.143981126589,-4.69310626643737,-2.4059122318695096
,sub-0126,ses-03,run-03,vicarious,TPJ,280,cueL_stimL,-22.191529722782303,-17.5801389049806,-12.041289543428302,-11.0037227352176,-4.79814004382362,-8.89119521557401,-3.12499294998046,-1.3017398456578402,5.88894009372218,11.153783022586401,12.549296139500502,13.601539217919,15.1366638399149,14.568692642024901,11.843976968794598,9.49215272918993,12.6611295271565,16.7666967725498,5.803661138590731,-2.97326867157656,-8.496558686195518,-1.98266654090759,5.90682748403208,1.7258495960051599,-3.6886853240800797,-0.744593508449703,-2.36045229742779,-5.85229677595916,-4.7413837183482,-8.0362912168729,1.3016099545154398,-11.461724477750401,-1.4524502719796801,-5.69307174120303,-7.15569040694996,1.3861241748043898,3.36086443200548,5.488197286191419,14.239199642581301,5.32673431328036,2.30954211231683,1.05489829739234
,sub-0126,ses-03,run-03,vicarious,TPJ,280,rating,-2.63241389629063,-2.51447631570444,-3.92508619896142,-3.58477817291498,-5.908522052056429,-4.52186237704932,-2.02739393408571,-3.10502410118815,4.24223676979806,2.99540264863083,2.07747117680553,3.11324663198869,1.31798188942225,-0.9447181360555121,-4.27220120851376,-5.00934235501659,-4.57053294038088,-5.30367054638524,-5.96134429525154,-4.40126836491143,-4.8177225239847195,-2.0957168562946102,2.02333445319923,2.72713403001928,0.34609291705963796,-1.1579608275345499,1.45751302103053,3.39550829638817,-0.303634548310503,1.4439157279430903,3.2318225766029705,0.886440247480569,0.452924319730084,-0.8515858376025891,-2.4827516117894,-2.18205972195713,1.22471917045605,-1.70137205036078,-4.0524797926468805,-7.242394265013241,1.1017173255131798,-1.1044936866065
,sub-0126,ses-03,run-03,vicarious,TPJ,280,cue,-2.44373929347141,-4.74105518474945,-3.90833518615048,-4.73152027272955,-3.06106741005795,1.50496630395008,1.12450260501372,0.6638362426270891,5.006549504924901,5.23221961069896,7.43823496922196,5.88950063098667,5.90308074678908,1.35599666332939,1.13545893704402,-0.44685281484668604,-3.3006797971002997,-0.491334886379812,-2.64291763145245,0.20966465066838,4.728508808603,5.17987347654405,1.67725418917627,1.9673323421607802,1.16272012778124,1.31686237166203,0.8439724693777729,-0.244658123229063,2.6254393527418904,-3.4485930550840096,0.6299271330830051,0.5150617467464601,-1.70960155279235,-0.8780128793945099,-1.81588760615751,-2.61402129080005,-2.7257051957323997,-2.7160398764603597,-0.9405912752148579,1.16924076791518,5.11197240804028,1.7084526274343002
,sub-0126,ses-03,run-03,vicarious,TPJ,281,cueH_stimH,-7.684286050129139,3.398651085695,-2.79780533390752,17.0892065093665,-1.2655167147709299,7.58995834872123,-8.372215512430019,-2.6191294900717996,-5.95837491647174,5.20051240464538,-11.150132251003699,6.159382670603559,-35.440534142333796,-14.110405674457901,-35.678634530507495,-15.8234567033694,-21.4335893611728,3.96218414435862,-28.7035548690352,-11.824590982218199,-30.122824636529003,-10.2277380921637,-22.137517903539802,-16.1880910812969,1.54967977364384,12.145868968120197,-7.3445579427407095,-23.276223335170602,6.09253003793942,-5.43464068383585,-14.0950948682967,-5.22089810897381,-19.635134383553897,0.70332378717481,-10.3969442031675,-2.4299709320220098,-21.337770171169602,-13.789244352026598,-7.679157008754309,2.1127399339066897,-13.0357000790316,-17.3598504591677
,sub-0126,ses-03,run-03,vicarious,TPJ,281,cueL_stimH,18.7545492498641,-3.3813101156558103,-21.025127666110198,-5.7195077611041105,-13.4806265596911,-3.92136651634749,5.978149037764389,-0.889297476869109,20.2054102315257,18.0349859218155,1.9389430232464901,-4.82224048784133,-24.637806606608702,-32.1878106768909,-23.303994733420602,-13.837032580678,-13.3324717384938,-11.1154616890471,-3.45622056342846,-17.7665820805559,-4.854984651035959,-6.96607226610469,6.31488857256793,-11.3327949223878,-3.41471741558801,13.1485847840449,2.8940959564301902,8.14964662889401,-8.36201817551943,-13.637939912336302,5.15636064041888,-4.59333051870462,-4.417544063740911,-1.6121148999340302,-3.7955552792364,-15.1744466365551,0.678595029390653,-19.3672164314028,-7.64868828691309,13.124127410787,0.6543543730128261,-17.952260021876
,sub-0126,ses-03,run-03,vicarious,TPJ,281,cueH_stimM,8.1806878427567,6.15307888009066,-9.67292734961724,3.3398881796569997,12.984472877899499,14.563719023437299,0.847665951303612,6.870189905042531,5.16545409431322,-9.790799860789528,-3.2079063077721397,-18.023476587415498,-4.49210063746912,-3.46807879933466,-3.5894062339856405,-6.25160088039629,-23.8967315546695,-15.2738381177071,-17.642586272657898,17.6356222387725,-4.47394369404311,-8.83244376112998,-22.657063040648104,-2.6387024929427,1.94207687264945,-8.74028062716646,16.7200744112411,9.35230543596925,19.5559806132384,1.1369265059828,6.47617783670658,12.869554481980698,20.588515661403,28.8941529808186,-3.74286893383891,-8.72854039170974,-6.629308928375679,4.28902979180586,6.3579987904759,6.96434578157471,8.933798155136289,2.9838600955772
,sub-0126,ses-03,run-03,vicarious,TPJ,281,cueL_stimM,-16.035523159195,-16.1449447382334,-24.982304639450604,-13.3150079496417,-8.00714168332055,-7.730212656446849,-12.8250924527703,1.5394555078129,15.9793275844272,-5.88763031438886,-22.7532026500174,-22.8468739728027,-18.1611976167885,-21.8683313939746,-6.184092122668941,1.7991732215214198,-1.09198504977688,13.1450230297645,2.64162372042993,15.7638944221883,13.9872131564176,10.5335310904106,14.9805141451491,5.808307316363409,-0.186045159563189,10.268485009792599,20.5925002048882,11.4298727352281,17.9313286803146,18.5471220892635,0.619306122403167,-10.836973756241902,10.251111213752099,-20.274050909178,-11.131312989181001,-6.33570129055388,1.6151322618555901,-5.91691976589571,0.786442159493761,10.735459229520401,-1.20330919704286,19.434336099553
,sub-0126,ses-03,run-03,vicarious,TPJ,281,cueH_stimL,-21.3042806454053,-13.706760626268101,-16.076778948420802,-8.14016386961027,5.95897645983693,10.581730257257,4.31089117368884,-8.14803399570676,-8.43522848536182,-18.256532101686602,-3.0874724929386606,14.7209920893748,-6.378232816615389,-3.9492580624454,4.91164700166132,12.996493754481198,4.244395763758829,16.1998100176779,10.360538783271,11.715814203888801,-19.982690155932698,-21.6314855930374,-9.710337110985641,-10.1240944475344,-17.8112395629948,6.39002423184387,-1.85166448762188,-1.06615725634885,-14.9877279333581,-1.88151285025049,-23.6746374190674,10.4196760506332,2.44507976442176,-9.93894584633624,-1.6210572448173999,-0.393300923749408,-8.44841904216953,-8.1742030469439,5.774309388499839,5.69087509658532,-24.3939004125492,-5.77370231176205
,sub-0126,ses-03,run-03,vicarious,TPJ,281,cueL_stimL,-19.286949815062002,-13.0641265407291,-24.745328855857803,-6.7761949899645595,-22.0294209583313,4.03344510045249,4.4873303675502,-7.16040536197562,10.1000938303001,-16.1451481485503,-7.10630613944852,-10.5188591092875,-14.5077723317486,1.25251562809573,-3.9260772298105198,-12.101805187506699,-39.584594645108794,-13.0171515180697,-16.5043828913759,-10.9706588306584,-14.157743196319,-2.21342829818166,-29.049982423482298,8.60612675856212,11.582451676958302,-3.49080075108929,4.94490684652722,-2.4573507960854903,-5.255441782852571,-3.2492925401408397,-4.9230792473989995,-23.429997638627896,6.37052651399383,0.9165775305324928,1.80761343697655,5.54248796621125,9.7108151034989,-3.58753158403304,-13.350886586957,4.1201929076043395,-2.27804739703811,-5.10060392212955
,sub-0126,ses-03,run-03,vicarious,TPJ,281,rating,2.06320544842471,-1.3198727828408898,-8.74326073109627,-5.66484138987234,-2.7892877917228103,-4.78940492976252,-3.3498823565925,-6.77279895780382,-7.498048547609531,-8.752451539869549,-2.9705097407081698,1.5785364561193,1.25533589575989,2.1999504982169102,0.959078250153453,0.48206726775249803,1.1800226606642101,1.27029017915132,8.5138610568217,8.01827589704121,12.0461467644237,8.36318498750317,17.1658168037051,16.9638580977319,11.238176046654802,8.28969906686531,5.40857769591632,9.54911448700942,6.5253655001959405,0.536749617202279,5.87875877925096,1.5310712355958798,9.52327217538152,6.7968022937692,10.496364353454302,10.1487462669915,3.52471981125691,4.57507417369159,9.02590319435612,-1.9123465488542,-1.5016740712326797,-7.7608209820139695
,sub-0126,ses-03,run-03,vicarious,TPJ,281,cue,-8.308647080463789,-1.90781586933567,-7.18701721964875,-9.42469792196974,-3.3011116900066604,2.80172340605848,-3.62166350214427,1.01700949915171,1.81822596834445,1.81747340562455,-8.82181605545461,-5.43279746971282,-7.01979803866683,-9.40258309607861,0.9665384846024101,3.11376079322824,3.5157779497076804,-5.525730608241759,-8.97553098798042,-3.21814922767401,-5.68601410154075,-10.4216311412341,-0.38218726332038594,-4.46171080386592,-12.5064998557975,-12.6757134649034,-10.599808247598599,-9.74526516884006,-13.599317191807199,-2.51908434264535,0.11072339853775401,-4.40452180276911,-6.398845137179941,-12.477573689815,-9.94198750104094,-11.7792830056043,-2.9748210345918,3.18135011020438,-3.8691948534927603,-4.46130104558915,2.33495788634885,-0.5942939854642889
,sub-0126,ses-03,run-03,vicarious,TPJ,282,cueH_stimH,-1.1413685597168701,0.506875109881427,-21.6611703285228,-17.1726759834613,-11.607759380280001,3.79997719362041,-15.503252363612,-7.36105834387499,-16.255975207203697,-0.38970321564224897,-23.398437845256602,-11.4607462789369,0.446686819239484,-1.7899335518515802,-10.3412988490989,9.748053421660009,2.61141536866367,8.95796615740871,-8.14175514647804,-3.1331306436098796,-26.1278417340345,-20.0746604321287,-38.3721843562745,-9.291009766491038,1.94894812618977,-16.1194247634451,-5.705558126837231,-10.4763525541413,-3.4204975799986803,-17.2050367410116,-28.2831999953894,-13.9279385901094,-26.494031107076697,-17.266761972308302,-14.5142229751764,-16.146857243008,-7.53470090871029,5.66556896264485,-21.041945164958197,-18.0661536508003,-15.8297684737754,-10.349224084068698
,sub-0126,ses-03,run-03,vicarious,TPJ,282,cueL_stimH,16.1979042678235,15.914829726505301,-15.532099441417301,-20.8519463909673,2.60069848024083,2.02828476626075,-6.838914333688519,3.01383309151585,6.73111093790126,31.682078026124,6.281294532079049,1.2415970714532,-12.7811521218719,-37.8117668182547,-23.580258197421,-20.7672755938782,-14.492114372120499,-16.3194428488848,-14.062550012832,-2.39363432804051,-21.7837185573445,-3.0796639409937696,-32.4054608002495,-22.3644016995559,-9.833477816332671,-11.412048263328,-11.301102752430001,-18.0243411759868,-25.317019085134397,-11.970880142021699,-22.2808853424058,-30.891375527164502,-21.749865848684603,-17.9718616519845,-22.0290546005049,-51.864464777900295,-16.1147672083606,-6.185851675885901,-37.993327753531105,-30.9345891028833,-3.74087203857397,-25.046553823752397
,sub-0126,ses-03,run-03,vicarious,TPJ,282,cueH_stimM,6.52117685511378,4.1743395066585895,-14.109507220295,-3.25361969771924,-8.2559081533797,-12.136084859073401,-11.324329614298199,-14.4405475813681,12.409644687146402,-5.574875127064081,-24.238389340454603,-6.30572936085428,7.2361764896593606,-23.2342451576354,3.64924593140131,-0.479776463910845,-21.165864169332103,-14.8993300019808,-7.30306803780262,-7.62053252351709,-21.2454045165304,13.832830255231599,-16.8854664056649,-18.6182775315141,6.3100423788072595,-14.9730427534521,-3.6706787348183196,9.265872471346869,-4.054200735131991,-29.8475452726035,-19.4926207301822,-3.95234013569155,0.52259389611001,7.89016019921391,-12.7806552333219,-20.0376687309722,-0.0672011320524919,-0.5958625225162,-2.87298458147838,11.3066206458172,13.6055734186635,-2.62859477123428
,sub-0126,ses-03,run-03,vicarious,TPJ,282,cueL_stimM,-17.598441305108498,-25.2035934026183,-1.6731992374868798,-11.153956268919,-12.4553746693701,-21.414060191025698,5.1371434750502,-4.05966943424409,-13.9695092616488,1.41503738603901,-1.4330539252469199,-1.69915234199406,-22.9040331581506,-10.0490237337591,-0.0352491205897268,31.7109886522748,-11.7061416919953,10.6530066317724,13.931634227155001,3.06251655302161,3.5173061959425898,19.2158495214743,12.894328749382698,-2.58829427875204,-0.4592445074623211,19.522973458275498,9.872091632674449,5.692361524935429,18.740588060210897,0.323328306772619,17.2334683724033,-12.6432759697188,-6.716637002308719,-27.569555618723196,-8.32384644517465,4.93266307081796,-12.910293113661401,1.99010617476338,-26.198220842614198,-7.2457875802506395,-38.3742748418875,6.95201053125131
,sub-0126,ses-03,run-03,vicarious,TPJ,282,cueH_stimL,-21.2819507023492,-13.058122160625201,-15.7408624761818,-9.826605414583499,-13.0816572141493,-4.3904686329067495,-2.5931690597524,15.1314454157883,20.53152686033,-27.022016205795303,9.08619937144301,-20.9884837159754,-9.77184878651351,-13.015410998919101,15.665331880838599,12.6401617791282,27.8492180239464,0.299901490663743,8.80189139758659,-10.0702466593717,0.513181900815904,-25.531321606738896,-16.7857093278274,-14.869340642274999,-11.613784714628402,-8.751193258164308,-27.1560178548543,-5.60710414215937,-28.0659495561059,-16.6772079739539,-17.5894529078417,-9.47879002063523,-23.4490339038906,1.7529442155354598,-19.8084686527652,-17.930513535139397,-15.426610732106099,-2.57867269894022,-0.997629111568653,-9.90929402649466,1.28587061021168,-24.7360223895105
,sub-0126,ses-03,run-03,vicarious,TPJ,282,cueL_stimL,-33.6105555503453,-13.7021965370288,-30.096547793359605,-7.135301142134299,-11.9856010755526,3.79239930962851,-3.52548724906866,-12.6926814366592,7.76325887340173,-18.6683642814882,-15.812984168285801,-6.7265765601497804,-4.602744094466071,-1.70598582121074,11.8026802123821,-11.514921275039,-0.679769370664341,-10.3433445967291,-6.91016826233795,-17.3362109852044,-10.9562875915692,-18.2638520478189,-14.9985192077976,-10.3113858532798,-14.0996291460358,-11.107433864558498,-0.5862626461374211,-14.786909166061001,-13.5428156950705,-20.945106021346298,-11.5190617713298,-27.9057549800913,-9.45172446674208,-17.0220351627589,5.67569490413924,-13.691234998833801,16.9336736503895,-2.5399924204617403,9.09384630925582,0.7375792119862579,-2.25645121002763,-1.1881350039784
,sub-0126,ses-03,run-03,vicarious,TPJ,282,rating,3.98232365660658,9.24260949101509,3.8706321913405697,9.00432171624473,-0.6840769619368051,-1.8179506056643602,-1.55857522533597,1.5674839835082501,-1.5868594709047,-2.5213716475468195,-0.414082455510624,-7.41372340824271,-4.03007965857051,-16.097291009302598,-9.38726723911827,-11.2518941719276,-7.31059411830534,-0.603129800210283,3.58272213740505,2.5920531970628704,0.153996150346819,6.18354144460801,8.42832317321877,13.4276641718851,6.750138022560541,8.155789733882429,5.9311822950002195,6.2480665908157995,2.94798478171978,5.8938060750695005,7.127756432867369,-2.05385461916695,5.8103733732063,0.7973405798745591,4.870356100035901,7.65825411241768,3.7531385007013194,-2.30087888688063,3.42551587020186,-4.60280615177571,-6.2171427491502,-5.8616947904417405
,sub-0126,ses-03,run-03,vicarious,TPJ,282,cue,-6.408384937024031,0.42464157657542795,-5.598157109289781,-11.113492530914499,-5.529536037236639,-4.62996554227776,-10.612925619921,-17.262911085962998,-20.241704767911997,-23.9261907417565,-12.673027459886502,-16.7997137331328,-19.7070492509785,-12.125058606343998,-18.440963985953697,-14.821841428900699,-14.0019055675365,-8.81649824212298,-11.6202122443012,-1.86323654365076,-2.73026018342949,1.032646115761,2.51785382746564,0.6613308444992261,-5.66691497436771,-4.61618957601965,-1.03957918013939,-3.6937387267941295,-8.50191998828145,-0.780424259240165,2.19597303260072,-5.806736165687259,-8.22908629905045,2.1597735258793898,-16.8422649635616,-10.151775206090198,-10.1904367424132,3.3031158359842205,-2.82782306433504,3.9347166638782696,3.33874708161337,4.90985410670835
,sub-0126,ses-03,run-04,vicarious,TPJ,277,cueH_stimH,9.766965861872869,9.377270122642981,13.360716782621601,11.815957156242199,2.76788618723696,24.085207901682402,20.4983187485967,11.768204420271099,12.5549840004301,0.531996501784071,8.133393002469981,1.86000805246842,5.7271775567813705,2.5070903288019104,-6.627560593554509,-7.95754785391243,-2.56429908524112,-14.046874143279801,-21.1629215861203,-8.13238777442865,-7.4294506922336305,-3.79304817811456,-19.4666360928772,-0.153662381017337,-8.539172526544549,14.4015600953213,6.63960341667287,-10.7247196297897,-17.3135439494015,-19.9873920951636,0.735758566146615,12.5475428344731,0.6221312447204821,5.44382213441024,0.425585462997051,-19.2521029298645,-9.436403367353881,-16.032206858352,4.8903250755856105,-1.6123777381372197,-4.46828969234149,-19.9249754003359
,sub-0126,ses-03,run-04,vicarious,TPJ,277,cueL_stimH,8.02467222726359,7.96164622826473,-3.38180463543254,29.1556236561194,17.0148725085641,21.857343865851497,13.0203798700233,6.03489391807526,2.23556984332781,3.6109778795365095,13.4547013555955,4.37102337780063,14.3217050944685,-10.572589319072199,-17.880540657245,9.000203780697811,-13.159044712632001,0.0892917007375815,-2.53819087972255,-3.44863928485932,-5.158560464155821,-9.31955753321589,-7.7590010411901,-19.8422448886422,-12.3624124735324,-22.064281208803898,-17.3755206819192,-17.7226187038304,-8.56986064395474,-0.43973773733543503,-5.28312463814749,1.54300155812792,-2.01087155907552,-16.701032379684,-11.155453837841899,3.5862525805552,20.3687128995077,18.1586112472497,7.377698976108941,16.6416782894196,29.6082511870327,30.0939784723595
,sub-0126,ses-03,run-04,vicarious,TPJ,277,cueH_stimM,17.566452207623197,13.3167057118055,24.7273237591323,28.9223746027339,29.9683351877352,11.0116763742426,15.0204580067467,11.927701795359,2.83193748127219,1.9448476488846103,5.90446508865608,-11.403589183834699,-13.0335519700985,-23.3997016195637,-13.7926209960021,-3.9647997938778596,-10.6695633076593,0.9086646791904249,-0.0785851553546753,-8.488587890014209,3.57090541876312,-0.319135816109885,-4.908438152718849,-4.36536665951959,6.728857157859889,-0.853998593851337,3.22844751898452,3.02584119305179,4.94339668775029,-10.0688328006691,-4.594209304461559,-15.5249114151452,6.244268396455929,11.933792058148,-14.2497774001932,12.4757351848578,3.48341575380697,-7.5240296650349405,3.66497055047019,22.6344490201049,-1.7451351764517502,-8.27683028176924
,sub-0126,ses-03,run-04,vicarious,TPJ,277,cueL_stimM,15.1964205990444,23.141599866643,4.5830422739008,12.0861260344217,20.9392116943232,21.015978436690602,19.823381885247603,8.78331284809358,17.5043702799305,17.7094996113666,8.32964156384747,-1.16947053200553,-1.62633660862247,13.606459862825698,4.8690810206730895,9.96185039562961,26.0638396208857,16.754581932476498,11.057224353475402,21.9586931191674,-0.132824818483442,-4.6097202591363,2.61772227252236,19.025380054907,7.106608060265371,1.9620044454735,5.38710077532616,14.3969362621418,1.47202870328379,-0.8703238619704409,2.08052934551847,-13.9071834720386,0.29817407716763,-5.2355428684699605,9.44742578362389,13.9759614354689,1.4340404352918201,1.99156833240865,-10.1223576177971,6.8833059725576105,16.1534485318239,9.7652734148102
,sub-0126,ses-03,run-04,vicarious,TPJ,277,cueH_stimL,4.16010166931368,9.62857946037918,1.6188838239591399,6.012975376687959,11.838475863385598,-13.689608193752802,7.635396991102611,3.5285328265233,-14.519620356998999,-4.46598698566229,13.303350426056001,6.857695786757421,-12.9067165466676,10.567834675902699,-3.233928730198,-28.965192235546898,-16.5896431625314,-22.5974774664442,-17.892060662056398,-2.20702471378088,-19.3472980000968,-8.15286246915006,-3.21033879321061,-7.52819038372908,6.54408478269445,5.2938167845824005,4.38590773363288,25.8342330231377,30.3910326888136,23.624960298790498,26.575491493376397,45.52703998174721,44.1266819005266,42.945163307936,49.5385759434178,14.927445321785,2.10613091106782,3.79056678067852,-16.2399321612993,-5.85321374845782,-2.21590894195239,0.247868421813877
,sub-0126,ses-03,run-04,vicarious,TPJ,277,cueL_stimL,18.0081862408052,13.1909812101973,16.1814657039446,17.337094743858,17.8681616179277,25.5776050165941,26.2162832552664,15.3664464605669,14.3985859594272,16.6012568689744,13.590971920777099,14.9411791526936,26.453464785928503,11.231628507795902,9.91914410267942,18.744779867545397,12.434544057871099,14.3342856162034,7.1603970289818895,8.52212731965745,18.742107602298102,-5.5503038447304,-1.57854662061034,18.4253290797345,1.55781665300914,16.1296410571426,18.533999189190897,16.8188050752762,20.5363834118652,3.14383684567637,18.9418796356813,4.3026705480435,18.9595798053851,8.22612423353625,3.84245525989743,-6.0806673739754995,-13.5464535339384,-3.01413812028431,3.09212828554519,0.6646246920121041,15.1330684401382,-1.9767389626549599
,sub-0126,ses-03,run-04,vicarious,TPJ,277,rating,1.14051805885873,0.775465366169939,1.25212211152877,-7.91426608168212,-4.95659876660628,-6.590565400542459,-3.6765443994511,-5.606518040192389,-11.6844632450292,-3.46823561942214,-11.052517526466902,-6.77390316077796,-1.1860832355076298,-8.52675048036056,-2.82038730608008,-11.4413360653341,-10.5217794243311,-12.1723163994366,-6.51125035875729,-6.78904671168528,-11.534392796123099,-8.6262114486614,-7.154242528729339,-1.29857900797129,-3.00904294528053,0.15016184315855702,2.0626714946171,0.6159923474994581,-5.95803672120154,-8.883889256135358,-9.91539697304684,-6.10194029989555,-3.08567305686867,-1.88849196923454,6.98548514364887,6.0044356779697,5.1917047663477005,7.43848918766796,0.662727466092739,4.16168144861672,5.14220472632775,0.161721026659322
,sub-0126,ses-03,run-04,vicarious,TPJ,277,cue,7.282608021444029,1.0017467350051599,1.02061882674326,4.35129797133464,-7.00296301035775,-3.6693579949870596,-4.0143785761758,-0.167329331660962,0.13706840401380302,5.01914867952509,-0.092593592042995,-6.34598942734146,-3.23065979860026,-3.9057769852652204,5.0451869236835805,4.93720249651172,6.585564226937491,4.3891359002312,-0.49504374736424894,5.189778007962469,10.177893081703001,1.9303539923277802,4.07447364700902,2.8375228931968905,3.86734797170737,6.017794854536719,13.1137965527643,7.06642295983383,8.7120928157365,11.309625791215698,5.8925040235497,-0.14926532373821,3.8324674500541698,4.34372027667134,0.397423017477007,7.1079784923602105,15.7445972450909,-0.741348550395447,-0.264109049759491,1.38343011436158,-3.78215495292856,5.8357455865960395
,sub-0126,ses-03,run-04,vicarious,TPJ,278,cueH_stimH,7.53023582542544,1.8786723158386103,-1.9429391535481,-1.4569224444488702,-3.8078212749174796,3.5693213449500494,2.165520795083,7.0612267007382,5.2225692403977595,5.75571956468948,1.7537294655572502,11.5528694295755,24.7436487262253,23.6987022179277,19.843778852364398,8.943263654477411,2.79849453386789,2.29209759416783,-0.193659823097581,7.21049341134753,-18.6389311398589,-16.8492734857194,-10.2344326047589,1.74067897158869,-6.41202784019288,0.36769253390040996,0.616305505624229,-21.1238206717392,-17.571875560258,-27.1232973930615,-22.367798453369197,-14.0340039521839,-26.0357888824044,-24.8181976853306,-26.6322671157698,-29.187838160230104,-28.979160042414197,-12.7799218533465,-13.287341787159901,-16.7704380346264,-16.2300855397055,-19.7379801776489
,sub-0126,ses-03,run-04,vicarious,TPJ,278,cueL_stimH,23.113791453054,16.8733873794437,6.34173941782465,17.4896850635884,12.049958497718197,17.100643481390602,15.9080317162249,7.78675833002769,5.2987522105340705,12.9019532028461,24.959091215450602,36.0677430886836,40.099837812504894,15.472871968122499,6.416750233202389,16.4530742791947,16.1295167409835,7.78569250413863,0.10745071720250901,-2.1591966385595103,-0.480748478807086,-15.9278082252559,-18.3597434477635,-23.203377347515,-21.4651571197248,-20.1234611122784,-27.266266476912197,-16.4043541984475,-24.552982917874196,-21.4084164830087,-25.1030288185654,-26.1346181823491,-24.219023499826697,-28.0655709062257,-14.1961011978511,-10.720849114602801,-6.53764365634651,-3.98392895148616,-6.1241637905081,4.79805837956125,-10.965917079590099,-16.9131047512677
,sub-0126,ses-03,run-04,vicarious,TPJ,278,cueH_stimM,18.9566474411394,14.88454477522,20.4569470424336,19.6065124529579,24.855377924583998,14.8858073206051,3.6434446069233597,21.293066889174103,13.112712374837301,15.3473860229004,11.568906341914198,4.88377896473545,-6.18737924218688,-4.11441433551264,-1.83041611177326,-1.1628847544158898,2.12174567442056,1.33133530883411,0.000180793504370946,-9.94072667146734,5.10265416100324,-11.9967267314582,-8.12176726778527,-7.99169112632512,3.2117204916941695,-17.229010024081198,-6.085812568128031,1.50863475089818,-10.615383325878199,-5.689310698980041,-10.3467241820237,-0.7731710489407091,4.8960079119563895,-6.22761211468207,4.83426960089714,0.672270979609827,-2.33493425835998,6.26157030380355,10.568353140748,-1.7929396124281498,-7.617212371198901,-2.0677966794673504
,sub-0126,ses-03,run-04,vicarious,TPJ,278,cueL_stimM,10.682102253942801,2.33660449333095,-5.21284197959631,6.4833046865019,-13.8179709536185,-5.87649313346441,-8.45296385726799,-3.5731818081482296,-5.528971443389809,-2.16957484347599,1.78845454439173,1.84229138830851,10.206198893570802,12.0719071526292,13.0082852147665,7.827020086917339,21.0645969881107,2.6633428328703,11.123225420183301,0.176073693583483,-3.99166878258367,-7.871322438246349,-10.961373189584,-4.567564431310441,-11.9878494688206,-14.648135626616002,-2.17222718532427,7.12288921286057,19.9109795543312,15.0803635434615,2.76915722223442,-1.65968994145082,-6.786516530871721,-3.7994943329397004,5.6181587245118605,5.858001856175161,-4.8291461999147005,0.015608201173598998,-3.4840007723904707,-4.81692217059733,-6.8173805993755305,0.202613450257743
,sub-0126,ses-03,run-04,vicarious,TPJ,278,cueH_stimL,6.37763149681647,10.259824656323099,-1.9948804505583,13.4665061328514,8.75048035360073,-4.18119531321639,26.594681827096,21.973084463476702,25.3686404552063,22.925818467901397,32.563764478028,25.2976317320926,20.8789488587677,18.8650955628797,5.8710654386891195,4.681640517753951,8.34460465125367,1.20992990078307,7.508010139160089,10.494042282832698,5.85340164510131,13.6233956940744,3.4874952495819502,-1.34689048191598,0.8915707347907679,-13.3033982662044,-5.4013205033785905,-4.51292997816761,-3.7684133895742202,10.1635419751048,17.5607318865183,19.5341418121411,24.4567665294425,21.3468502303708,23.9905022586309,13.7217947881619,7.56953239601889,2.79958530053023,1.12867641824148,0.8448599706031958,0.47635999256448297,-1.9791236555961897
,sub-0126,ses-03,run-04,vicarious,TPJ,278,cueL_stimL,4.655710640174429,18.7327015629472,7.48142721281209,19.475039927390302,-1.06663210217408,6.310327605888291,7.80742257508244,9.026561424981509,18.644036909739803,23.262824774510303,29.6481409725628,17.900380129872104,40.5584574392089,23.243156551686603,26.598605080655,25.968147192184603,21.8645155653287,15.241566427840299,8.12930608414019,15.177124323749402,6.4359067017832805,6.56108873856379,13.7855744252512,19.3800135406635,15.750146042446199,26.5563810087774,19.9550037956035,-0.228510830115738,11.9827442968169,3.1998733147591603,9.0729583089809,4.9379618161758705,-8.30059055282082,2.08077349187599,-4.448617886268139,-2.4022539471554705,-11.786388539358699,0.405427425879225,-7.37985408333855,10.4343065260006,8.27645588949129,3.7800856567266
,sub-0126,ses-03,run-04,vicarious,TPJ,278,rating,6.98361384508819,2.4892579019534202,6.627402227943209,6.65600666062878,0.744004766988013,-0.125888768154283,-0.534966121315691,0.755979296331763,-4.6388994595371695,-3.93357429181237,-9.93848811291464,-9.517887382940721,-8.47123181485896,-13.059079342225498,-12.0383454100685,-17.0739460911466,-21.0079982735658,-17.5859965489742,-18.895508045172697,-13.894562698871301,-12.6309371228848,-12.691808314667801,-11.3641821360023,-13.1642919267154,-13.2175227875176,-9.370705509952401,-10.3212908658666,-9.89467639432685,-12.5385711208559,-13.6527103640906,-10.5881541219294,-10.033416225074301,-10.1037774355416,-10.1629036283918,-6.45159204795792,-7.74076536569983,-6.03615090233548,-8.7179536156561,-11.5798983621135,-8.7028620565791,-9.17721358963619,-9.754369702855929
,sub-0126,ses-03,run-04,vicarious,TPJ,278,cue,-2.03488665652944,0.0632482385542588,-3.6827658005280797,1.56617412035925,-6.39486298416392,-1.2441209010347198,-6.70645922073406,-5.752856878337361,-4.988796989132849,-9.06447931567591,-5.94545286212366,-8.68651213280221,-7.69064257877183,-6.63378818299895,0.38746152712975107,-2.24853981903919,0.597746070325504,1.63975718594342,1.20322905863327,7.316837067494039,8.83925612528115,7.160477305668219,8.903200357661769,12.3603796683221,9.893636267663211,5.37398639123813,13.583358705170697,9.00601500816256,8.97843756029856,6.5063439601442195,-1.41715108609038,0.8428493719820699,-1.17678531916821,-1.78646790756376,-10.638701911243,-8.312745013246701,-2.38578257713739,-12.414012835527698,0.0837957511214071,-1.97133085553668,-0.0036275047485050398,2.7647222097317896
,sub-0126,ses-03,run-04,vicarious,TPJ,279,cueH_stimH,2.81315689101094,-2.5857248702007998,-8.10072252258861,2.47539242695646,8.63230348222705,8.84181642859128,15.132797313745801,27.0314457932793,18.7945666157023,27.7309597724978,16.7854170636661,15.200335445911,26.379602677481,14.1567319690307,38.6401142375192,7.724993746260541,10.452058561033901,-2.2165435460466902,-19.401740950898198,-14.915573378489098,-24.6425695953941,-26.6891785379191,-32.7110142397259,-23.0528630212683,-5.65789204817985,7.43434293449747,-6.08658494704494,8.66891445435655,-9.406700196092551,-19.285346036571397,-4.57444410275011,-2.1714492695371597,-19.4931530160482,-2.34418086869152,-28.8165169615969,-32.3012906468469,-34.5354867401617,-32.5215117106517,-31.9600162389155,-23.153613005116,-32.081027244552196,-25.8070195618127
,sub-0126,ses-03,run-04,vicarious,TPJ,279,cueL_stimH,17.138441292193,20.1415234229224,4.560887955896179,7.40783736283468,16.804054732986,25.672272133916103,21.284617464001396,24.313461308085397,21.2985766440348,29.651477673459702,19.3473785231232,34.7571840960957,25.599010588439803,13.1605043374195,-7.90919952862908,-7.714422255103519,-15.686550181358399,-19.2357486308468,-6.512330127522469,-14.3077860884848,0.389889042869051,-15.3790832265267,-6.21461270073441,-17.328284586915697,-12.4044871910437,-3.90088120797715,-17.5300131612642,-29.8360491098771,-26.368926179726,-23.250181106782797,-28.635736261105798,-30.967635663060797,-24.1407577764286,-29.8261906371672,-17.2446849087287,-22.654748389012898,-19.3697922864209,-15.9503957466767,-16.194545485254,-0.38364632923726594,-10.689021988948,7.77333821942695
,sub-0126,ses-03,run-04,vicarious,TPJ,279,cueH_stimM,24.1680964903057,22.442242434567298,28.792515814099897,22.521466257576105,23.1720869496097,3.75321847114943,17.0353178189284,26.5362560986111,6.98061318761054,19.828579340890396,3.1577997837622402,18.4309441495766,12.576673685998001,9.83457752470628,6.2489327207325,2.74247496100819,19.6718491452504,7.08341358231413,10.2054920219095,-8.84887123871558,-6.557237787823159,-14.661635832532498,-34.9795017327707,-15.7535952059536,-32.5605564060708,-38.6400411773104,-29.608237159924396,-17.3215671340976,-24.609317976879996,-24.088555653927003,-10.422953852318699,-6.13955232393937,-3.46393312092023,8.96265681614878,7.582398429244961,18.8341389378602,18.5642719771805,10.914861376625801,-4.063508092025169,-15.2402075959333,-1.41590099323399,-1.01374772342001
,sub-0126,ses-03,run-04,vicarious,TPJ,279,cueL_stimM,7.35113610121441,-1.3662916999011898,11.819449450764802,-10.5853921894603,0.260475835995575,7.03444619309872,-6.942681743848129,6.63891779334686,9.07208202974427,26.4522282366177,13.5880361848094,18.4919562228486,31.6787591634321,14.622858580016901,29.310781500437002,12.629121675920501,38.245683371317796,11.6593883818771,9.87018632795928,-2.36316930743591,-14.263996119406901,-14.2683642708846,-25.7205567701351,3.1963532467171096,-28.400001260493497,-16.717275770773,-17.2304439935234,-11.1752915494683,3.6932114152454596,-3.8344907225435603,12.4802096508016,-9.30902340062284,5.387627007899599,-0.14802730277455098,-8.11578199566026,0.532343172226199,-12.3575781387463,-20.977149546705,-19.7891503528464,-22.880113978196203,-0.34988729291536896,7.664113630648121
,sub-0126,ses-03,run-04,vicarious,TPJ,279,cueH_stimL,24.7429242939222,31.050174334836502,12.682766704000402,22.3254877984451,16.7356221383777,2.0219163502440103,24.089304183119896,9.968468444485769,23.0232213509204,11.9074309597697,33.0885637378304,27.3818158602704,29.5167500672817,35.1460248988348,15.5543002797366,29.1083494120206,-1.56308140345578,-3.6055822881178496,-15.4610533827394,-12.6205111423695,-7.37303579731717,3.70356450921344,-3.3529621981936604,-2.68427103293779,4.8454754673201395,-4.728209866144541,2.45373391755628,-0.338910924475194,6.91310312955531,18.785843254088398,20.5187028298568,12.4305115110042,18.4898297581707,18.169112038820398,23.1062911156627,16.6900982495294,20.530690813171603,25.6968827034636,34.6824783334334,43.6231477164329,18.4948592765631,35.3637216725427
,sub-0126,ses-03,run-04,vicarious,TPJ,279,cueL_stimL,-2.35710833996895,1.5051467290355602,0.638462713498072,9.292171077163552,-2.13131386744843,1.6331804479126,-4.08163395356776,4.9771375784291605,11.3828837421319,16.8912130642744,17.003972782118,9.352642973975211,43.569552634896795,19.0453331507975,30.8365020433458,26.497865439532198,18.7452847895438,11.2024549455884,-0.5620240508966989,5.32935629953338,-22.0241291466247,-5.686539032828339,-18.430360277952303,-3.01686500403432,-16.327445990748302,0.929447503299532,0.0871922198629314,-2.2562570691599997,6.28910903812864,-12.6888849000974,3.0175722553186297,-13.625016691465198,2.9945880599395096,-16.0678036895327,-25.8997673983001,-5.61708360186129,-28.034030280517,-8.622496272459559,-46.7191994911555,-25.3335607036952,-34.2432296097628,-24.490006588524604
,sub-0126,ses-03,run-04,vicarious,TPJ,279,rating,11.5683138732988,8.06191910107324,12.642256686384199,11.7717365539147,1.2714194409316202,6.992428549460731,1.33401532488821,9.18072006875366,4.74782041275186,13.425625614387698,8.814254483762,13.986765437983198,18.749667069375104,8.57402195537032,11.669533024425599,4.6612913488215,-0.345534325670783,-4.57569503944057,-2.68801326464943,-3.8769372280202097,-7.3284623452063,-13.3180425345264,-11.690458609948498,-14.4683937502879,-8.86176474228989,-12.245244928050498,-8.70842527719284,-6.819185128898799,-7.6487576924089895,-10.955722410858,-9.759968090623289,-9.48232168065775,-12.489217789139198,-13.704826624669302,-8.67237618469525,-7.312092880418169,-2.8401602060394198,-3.31550715416439,-2.26881929524433,2.4225038306239903,2.07798849769279,-2.6877975582277696
,sub-0126,ses-03,run-04,vicarious,TPJ,279,cue,6.04583424690522,9.28341863955686,10.6632113877901,16.261921296556803,-2.70200739673074,3.0527346194994505,-8.10492638883809,-8.26970811862975,-13.2328285807094,-15.875748382952398,-7.245160452827309,-8.53183100516023,-14.8851194605213,-12.3748807615865,-6.729842177266789,-0.0700245191150626,0.46867423899698796,3.21882561475163,1.5951733995620598,-2.1314509051186397,0.943833154128015,-5.680154158620209,0.118533318857601,-3.5402739887384804,-4.06436450921715,-5.86303479592386,0.46671578538781605,2.2157388764286403,-1.45899840292989,3.72727051775195,-1.58221261414391,-0.613620437577173,-3.26834098429627,4.6295844279224,-5.49432870725032,-3.7103562082553,4.46788772761459,1.1114873694562502,10.9756498985883,0.49117022785337106,8.80313342790929,0.8032351464468409
,sub-0126,ses-03,run-04,vicarious,TPJ,280,cueH_stimH,5.6671952662945,-2.1562420460716103,1.1902258288794798,0.10760053023895501,-4.64495660489361,11.4527133869847,-6.91391582562061,7.99760000534546,-1.35898621667852,5.01139318447144,4.46467669501139,15.241742873813,17.137993163949698,21.931384049414802,21.7453246054048,21.260365330222303,8.632703186531769,22.3157274659318,14.875429889017902,9.86217350577291,-2.3494242803969603,-14.103321924160301,-16.0129821855087,-10.0562892974244,-13.216578742256598,-5.11406280155596,-0.26322836477406897,-3.1582385198760896,-4.04205948897421,-19.8500578846487,-7.483894780557259,-0.730591923344353,-8.59507383175443,-6.39144791637867,-23.279363675869497,-33.4014405209376,-25.655332712294896,-22.2697783100346,-19.858209521882998,-12.977702223747801,-21.019130994580802,-18.9580366009045
,sub-0126,ses-03,run-04,vicarious,TPJ,280,cueL_stimH,4.93868979580988,7.008394799202651,3.37156288976469,10.5138436682096,17.871609102403397,17.8607723068496,13.4009336021665,15.224929604379001,26.0966802401194,29.3968655982102,45.1879955613328,47.99219219515779,68.3101731751932,43.29285314329721,38.306175338524106,48.9870403489655,36.9754496769763,27.2077653743962,19.4442816123163,10.858279886038801,7.1606014168643295,-7.11467447752658,-14.6222607798564,-13.0778172789219,-22.252863219292603,-23.040354363724102,-30.3503958439354,-24.284873713596,-29.5718820616637,-25.598253591373602,-30.387871307592803,-28.242142157638998,-33.6319502257756,-19.1690358876862,-15.932558947276402,-13.830128765393601,-3.56974435820001,-12.024613051966801,-10.160619177032801,-7.47225110426209,-11.5268082974595,-12.5072379072279
,sub-0126,ses-03,run-04,vicarious,TPJ,280,cueH_stimM,18.601565306774603,19.7561100094908,17.851249648996898,22.178026213758102,18.555477025107802,10.9025915126878,13.7658480910068,20.188505752635898,12.2921196242344,23.9913477555887,21.0074558429709,10.7235889825137,15.4634833723895,7.96957902898902,11.324412977191802,14.7440891218013,26.287387279934503,20.629554440887603,24.749239057361397,13.5371003680553,20.278677744636102,3.89654341738656,-5.80034482643528,-8.31285095479181,-5.99616405966344,-12.411029570587198,-14.829438015238399,-5.3957186150711705,-10.192118598325198,-8.47973088886287,-5.74397128553069,1.14683525618575,6.0803581054484805,1.1577781091188701,10.9505239916832,2.6967149623724596,-2.5803609233425,-0.6660777019907739,10.2276152497196,7.063140644178199,5.184927013801589,-5.10560015958544
,sub-0126,ses-03,run-04,vicarious,TPJ,280,cueL_stimM,4.93568411200929,-1.1562027434186202,0.199019854462226,-3.56240798476802,-13.031510511031499,-4.39934888914185,-9.6730197988134,-1.00267968575635,-1.04811242751492,-2.08453113233983,14.4716521838273,13.2032462621034,18.8929506304881,20.292823061633,24.407131390055103,26.9841918726446,35.283745663607704,31.8949604830735,25.127271756765598,16.472721283794503,11.3130747067298,-5.00112036072417,-9.848132050677949,-7.993961686577389,-25.3224306862853,-10.183479547159301,-12.708064318617101,0.5089415951984559,10.0089602389285,9.83711475892962,2.4418213619665803,-2.06994596031186,2.04092034186398,-2.08827788433716,-2.3485989692627998,-5.697945895668731,-16.0297575347662,-18.9269807209378,-9.08074871100097,-1.46736054919985,-3.86847849549533,2.66615131081993
,sub-0126,ses-03,run-04,vicarious,TPJ,280,cueH_stimL,20.5931183295768,14.4377773782706,7.79680434468034,12.692321237580199,10.241651824253301,14.301365498821198,31.6742048891371,16.9177472626269,20.0060431159047,29.3148280000176,29.446811599806498,29.223362601951198,37.5063250831304,37.4462204550695,31.559369813607898,38.4464695906903,30.958800839436197,15.526186876813,18.3108890335191,24.5200704791178,3.90708985698062,7.9492971305364,-3.35606401989609,-5.07974676445335,-6.8422691251258,-9.596038530665881,-7.82839012032338,1.03431526341628,-10.4829942562094,6.51422133599314,13.3400941587904,13.055573744137302,19.458194401752802,16.8790428463884,9.70932095815494,8.227147593530999,6.680195765987429,17.3414468429365,14.7301359339896,17.2161243707949,11.3676466527473,8.31389961767637
,sub-0126,ses-03,run-04,vicarious,TPJ,280,cueL_stimL,4.65928399812659,10.7682588800618,2.98003928415488,7.225145597569409,6.5052566478423,12.638504225685502,6.0206905339353005,11.3379564780335,19.1215675123635,20.7640210757738,22.550565168644198,26.106145336255,37.6592402127609,31.264998554865603,31.419334266933497,39.1748376061086,28.5907372339689,26.280952250397803,15.1301704088663,7.29472025640416,-3.5679116335136403,1.1657652365898201,-1.09590877837792,-2.97213697478208,2.1773679379464097,10.3298979193636,14.1221956985268,5.51324071259423,17.982226243221298,9.08502385008747,7.00157770081326,-0.33655815778021,4.984529182698309,-2.21718773287862,-8.77481167544984,-17.4974607286476,-19.2874675656674,-6.57835462254707,-11.7879388927334,3.5458758504656602,1.84287403656925,0.7576611476569559
,sub-0126,ses-03,run-04,vicarious,TPJ,280,rating,9.19780187212738,5.2380765256628,7.720569764923839,7.31199625518134,5.59880627573187,3.36767701263847,2.05055256003978,3.38358956961127,2.8956287148369104,4.41859746654399,-3.5986843983111,-0.9785819204791759,0.323138182810219,-0.5299094604187721,0.208493748237913,-6.2005076965502,-5.98128285123856,-7.56736736938547,-9.99163848782993,-7.326905328169509,-7.718946502638331,-9.449709572154651,-10.1946036199999,-12.5444589254404,-13.4536510617923,-11.107046620857801,-11.392600529475,-9.475491894398141,-12.662941076921001,-11.9907071938718,-11.278978833656199,-8.77163543092139,-10.5688843702236,-7.7912102404019405,-4.00381161745592,-6.00892679841691,-4.638401371767441,-3.80501596797392,-6.57494348729573,-2.5571762993630798,-2.65450249052101,-2.19727955922677
,sub-0126,ses-03,run-04,vicarious,TPJ,280,cue,5.74846100261691,3.8122436970734306,0.915962009859211,5.6452600457965705,-0.559552986775337,-0.718218266618633,-3.1826292489741896,-3.1399037888216,-1.52821423489786,-3.8896485333626,-5.848742717340831,-0.136241585169074,-0.558150576117562,-2.62202092415691,3.94695709718058,-1.22375267242124,-0.9359679616197472,-3.06222386117329,-3.8536160216112405,-2.46866250504635,-1.34868522494811,-4.32558839443134,-0.8133716248157579,-3.7349856412830196,-4.480079969153429,-4.14480126106253,-0.566413466055288,-1.3172227251209399,1.7663604582834098,1.8662986511792201,1.4753316585744398,0.6111353977677,0.45741161480105497,2.5728686305622204,-4.14435897384105,-1.0470447199277,1.05028849831717,-2.94960396490624,2.70727831396486,-1.1705349791131499,1.4005722755248302,3.1730995276322997
,sub-0126,ses-03,run-04,vicarious,TPJ,281,cueH_stimH,25.2751918591188,9.69144833818994,0.144472579547752,14.682439812856698,-16.4530613849697,2.66775488204827,14.4438341177128,2.14956210964895,7.25704753276757,11.5191741657829,-5.2711541144177,4.54029146219783,17.7186791660697,7.37054217938167,-3.3239672973303103,-8.1953763919814,-17.663722042769198,-44.4271306408669,-23.6713807090983,0.47827138110662604,-28.488880716129998,-16.6341046023466,-6.128364980635589,-20.0335986792185,-30.4303210166818,4.4090707189096,-5.0519267996513495,-0.7810490392541991,-4.90383407202922,-15.203865257491401,-31.0988728042839,-1.4707914878098702,-11.536430229951801,-6.214545863200259,-17.1490311131855,-31.9849462199707,-31.989995072529503,-20.514429513135898,-8.30537649959484,-15.713851211313,-2.57138425275227,-16.121454613905403
,sub-0126,ses-03,run-04,vicarious,TPJ,281,cueL_stimH,-17.6767226689716,-11.709796029697001,-1.56656637654684,-8.661876437443741,-9.82110276424556,16.2885104686796,5.48318228264742,-10.2807398169444,5.6866960328616605,6.11284083709821,1.5530852746081498,5.328328193578789,26.991862473925,-4.37048409597458,-11.3297134791693,-25.2939916829781,-11.1513021634809,-15.2372786258177,8.72327673138069,-6.30568489816087,-15.5106550987998,0.577202713744298,-22.4942257525933,-6.40063340952093,-2.47001639341144,-13.6316822090098,0.13407082021203998,-29.630312169114198,-28.1254237631118,-14.7398856655121,-14.975956660617499,-15.504917310930901,-25.018279800700302,-9.69293886075671,-21.808880418382802,12.3257711977741,-5.795843486922999,-15.1261647269529,-5.256445387266861,4.82796469245071,-8.57553148226928,-4.7499129182674595
,sub-0126,ses-03,run-04,vicarious,TPJ,281,cueH_stimM,1.10159009401304,5.09759063532214,11.053315205488401,18.1267722444872,12.1797855191625,-4.80880207304772,5.9957069528972395,-2.30541762973303,1.8471964442555702,3.56504350875747,-1.88508952075936,-5.28223037447632,-27.766142307131,-27.2569354493507,-18.9079614424797,-15.158057104796601,-19.2484620505688,15.8766333232975,-11.3699966834999,-17.2691631956037,-9.29009889173178,-8.38321299712682,-32.0626989215127,-36.3559757190991,-37.203284025200794,-42.7147250670696,-30.1022209422793,-10.075333235278,-13.3129117200731,-15.912203335595699,3.2563855280338503,-9.906342917662881,-0.8882715557784058,-6.13464905848134,4.290752321004,4.4207715201142,-29.254134699626498,-9.25762776460341,-2.21521629057317,-2.15881842342558,21.2466818968955,12.7092990626744
,sub-0126,ses-03,run-04,vicarious,TPJ,281,cueL_stimM,5.46336772295643,-11.999519780469301,-7.3454160489179,0.6952612007842021,-10.1389601042093,14.3791520726581,-1.4277134431676102,19.469053392163502,3.6685309320589305,-5.03433957221449,10.8679377714327,-8.96867037914455,-7.404847639545469,-25.869492188419198,5.88035339558087,-11.850518159999199,-1.40536625958083,-19.9563228449266,3.80572398362135,-23.643127750995003,-36.2609804414128,-34.6572777946666,-30.226987471066998,10.2473003256961,-7.305999271981361,-9.31279343767931,-23.094579710471102,-9.512580362761222,1.11132856774236,-2.7619756642536,-11.8255627190763,-3.9452151550979604,-13.683715712919199,-4.9441440538624,11.890421418199198,16.078595789201,2.25589520419717,0.27279417322127103,-32.1049367646524,-13.3666288294523,-0.666960004643643,9.35090563258073
,sub-0126,ses-03,run-04,vicarious,TPJ,281,cueH_stimL,-4.55722056480659,-5.62830099557248,-10.488943492380699,-6.3691423118755806,8.58135907922907,0.777149226011,16.4475657100898,24.823499423425,-2.30316069363539,5.751604888162559,-2.4406180943887796,-3.2229104786258,-34.953565825334,4.50853969518298,-8.185853847669389,-12.1285387725401,-19.6995197727674,-8.12757332300187,-6.31251789337567,-22.696557714071897,-8.58804481830432,-10.2344179230399,-10.2919417508646,-14.0613793790704,0.758287836353356,-11.906114893176401,2.3348103849987303,6.38337733548711,6.52387457082973,3.99561398101294,16.9244605983704,23.7843101121496,8.967666499548132,27.704594391495,7.67899771682114,22.8303189530837,2.17758431737578,13.791278575094301,0.46075392309167296,5.430953419858071,22.8574409228352,15.233014096363899
,sub-0126,ses-03,run-04,vicarious,TPJ,281,cueL_stimL,7.07234665774827,-1.4319528296861002,7.5825385110413,-6.09522826892097,-8.44158778350473,-15.5421373892455,-15.6831663248171,9.06342822780107,8.65621141515139,18.276015736381602,4.66248245529383,16.7804628085111,4.42373653049298,1.88562310686838,3.18294027021156,-3.7218630330215605,-15.2100913731761,-18.9345979540488,-18.507472961517,-7.74768260497034,-12.1036399965581,-5.0321908520905,5.03954035677989,12.9128914448311,-12.915244302505801,-3.93505391380008,11.7053436691171,-4.78114561246231,-8.546692412166799,-27.420529036831798,-2.2911048348942997,-6.78979776933608,5.68989955202425,-4.44934571388858,-34.325867434459504,-20.451706560207697,-37.6202995735036,-15.482101533155598,-43.50151537644611,-21.064333538438,-15.0319601741919,-14.3726019253968
,sub-0126,ses-03,run-04,vicarious,TPJ,281,rating,8.26483571542682,9.53690448728679,10.341607563063901,12.9783562462403,3.23528995750473,3.36558765986528,-2.87726885530375,1.36288005925062,0.8416443731574409,-2.19729507082008,-7.39660352486969,-7.48332413798823,-7.336629978399321,-7.84642641628243,-2.7514313855518298,-19.743484958542897,-16.9673319128392,-17.989837673687397,-20.065659720984602,-11.016125242603099,-3.4872051672898703,-5.21837333166951,-5.635406859538961,-4.87539637963359,-6.52424864310221,2.7979699919815295,-1.28678516329141,1.4329206822653002,-0.7361756736721949,7.46469505047168,-8.65704775358769,-0.24357113368216002,2.36601144685744,-2.64306570932446,-5.27118426394741,-4.1871444244170295,0.982760357507337,-2.7305275937681603,-8.237138697785861,2.82090703104513,0.37216598493818204,-0.590072582602197
,sub-0126,ses-03,run-04,vicarious,TPJ,281,cue,6.1310701348342596,11.2390694737323,11.5790644590911,11.168942983078,0.15800174870309303,5.205902164811089,-7.22203813293618,-5.69014893087087,-1.27879028207748,-10.889782382802599,-3.3656194639571297,-7.91503611425043,-11.657460224031999,-7.44520193700541,-6.491464943556809,-5.46088123465937,-3.06903925962125,2.06782670499566,-12.572616540606,-4.073751468026529,-0.8747615128767021,6.1499912708712,9.81854578443941,14.299426097316802,7.95532678991135,-1.2742569444038,0.63363521458739,-2.36476537572323,-1.1748287042488899,-0.269861480628449,3.1842344023010405,-7.0927249795217895,2.1255711378808897,-3.42438541672669,4.95381057309484,4.6162459157362505,5.840183358767789,8.53754472975186,13.489094882046,-2.2125370870963197,6.202499041215381,1.48550821612414
,sub-0126,ses-03,run-04,vicarious,TPJ,282,cueH_stimH,4.8589386928825995,22.352322963635697,-3.7239917453037403,7.4091383005903495,6.3533631904885,-9.49354262399235,-12.399579546848303,5.89739333047699,-1.46827889987425,-2.7305760134263997,-33.2099894619611,-6.50629486648015,1.46376671414617,-6.77580621332103,3.05832416093054,-17.4045736350103,-12.601601795548302,-29.2582265090773,-33.706181361442106,-12.2688726194284,-27.6249636223722,-9.952266782537661,-7.69475333735859,-16.546641926119097,-11.035893504219901,1.15365709401213,6.4281170783194606,24.3958936225535,3.8031742331332303,-9.48387696781731,19.7555534432659,11.5184072373456,10.330175433949302,15.082924897793902,-4.61221238708671,-11.4137223973143,-6.20237634770233,-8.08692284286434,-4.71177562163106,-8.45086428595954,15.651766654920198,-5.00167220238131
,sub-0126,ses-03,run-04,vicarious,TPJ,282,cueL_stimH,-11.4083451730707,-20.8130216710821,-13.5894159281522,5.31978743593855,0.153096311329772,-1.8750645999482398,11.1059244500512,-7.44881454736967,-4.03591138578043,7.815582402052179,23.524656567231197,40.4491211315916,24.5332600639893,23.403908878278102,-19.8792639838654,-8.665901302083679,-29.2448483006021,-18.637142437752498,-1.8324941212018302,4.535561221970429,-19.109350008300602,5.07961212196329,4.46710946778504,-6.876281194359269,-11.9371845052459,-13.7233800457536,-18.3599669401134,-17.5558204890557,-27.667383101936803,-26.9487846587738,-25.8255620655942,-7.185793990934299,-3.71112162888974,-13.9200287486991,-10.4555783973261,-6.7907625380161,21.719935910648697,4.24453011608115,-4.683207441988059,2.26231339518198,-16.096685293591,-9.17791685308468
,sub-0126,ses-03,run-04,vicarious,TPJ,282,cueH_stimM,9.11494568912292,24.5952964646192,24.2827158814354,5.758725348041769,14.424674736362,-18.054600290082,5.56429708508963,-6.08101516430376,-5.29004929177966,-3.5698169952341003,16.0371820353752,-3.49255592256876,-5.94854488355567,-1.39324703447809,1.99326166422495,-16.6658338308001,-0.0941831363306389,3.00940844536655,1.17189718359813,-18.2025620282728,1.0940437382681,-34.1464814047501,-22.1445605740915,-12.2561400435375,-31.809393329326802,-34.0696889082114,-18.0023650110065,-18.9487352337953,8.626850604060321,-12.9086311235665,-13.6809970525794,22.755090768218498,-1.5697340057785298,19.224427742977397,-11.7991053913913,5.19743209109295,1.98830619158906,-18.2253302841029,12.7842240007109,6.3343458433896895,0.456876702984479,10.768269377151801
,sub-0126,ses-03,run-04,vicarious,TPJ,282,cueL_stimM,22.6184274403889,-3.8521935858963596,12.7375509394015,-5.14226713084615,-6.10925349026339,-6.799052953490701,-5.522828273049179,1.5911705959100402,6.70165631244638,0.11234844117619501,6.294521402031781,25.689685432775804,27.8109128201976,0.8707662113542679,5.935084191880139,-2.72216567462418,11.6974464249509,-4.23120221349316,8.83338979416045,-12.0466877988922,-4.2637005654796205,-18.8934773285155,-50.340528830824496,-15.160309365646,-26.363753115893,3.5397679795728902,-4.71386111776068,12.463633973681299,6.73683608958345,5.9667437670431696,16.9837390590113,5.0296478142691905,-1.7271753988994198,0.268494606480971,-14.6975396899597,9.16732469349057,-5.65035944448116,4.84510235243613,-13.7763369951496,-3.17128415444872,-5.46795349857438,-4.69654519667642
,sub-0126,ses-03,run-04,vicarious,TPJ,282,cueH_stimL,5.56743373581687,-0.413863630484761,-5.05958457968637,-2.8846106042918302,-5.34239416356518,18.329396593965,23.3030975658134,-2.87748926745986,25.5527537937424,15.1048890312216,-5.85114298665869,-5.8505398614735595,-3.58418737599669,-2.9000913904089396,-4.25890591698765,-18.215213006689698,-5.7635847314351,-26.2921468589152,-19.9380272543893,-2.96369126516599,-5.01014202950738,-3.6219422060943502,10.639182870988598,12.015973100123698,9.727142706901539,-9.91743424808234,0.651068496523934,15.405137397325802,17.064695072534803,10.5221327082699,6.37642371984177,22.472723903237,13.254172312799803,1.995186745179,14.6086887505021,16.4146600160538,27.958965146026,21.4069477470868,11.7074543979615,27.8648552630587,6.870196968845731,10.258169956964199
,sub-0126,ses-03,run-04,vicarious,TPJ,282,cueL_stimL,3.0209405288756,5.70490607206621,8.29786391126953,-0.5934761804118199,-4.21837770538353,-20.0442049176586,4.9408806346427,-3.44132709239384,20.138227350532,22.2405235455101,10.5951407674,19.685193463569398,27.6607144131495,15.959108200440099,23.4873422375127,8.806126192469929,10.769362312844999,33.9545918438297,1.5872480731123102,0.239153249760518,-4.35284418418347,0.574292949981552,6.10806282945673,6.10749918696092,12.141114975663301,13.147241905232802,10.0416055224146,19.206816304922302,0.8878320599944342,-0.0736751709693984,18.883213132914,-10.986067860279901,12.1684831124106,18.685296075068603,-13.885293083626099,-28.264876106340104,-21.1841723308317,0.531281673989724,-25.1147494433394,-15.513032840728801,-4.81652885144796,-5.59681766191196
,sub-0126,ses-03,run-04,vicarious,TPJ,282,rating,9.485338217672759,6.95146032800778,16.5305942850433,11.812246236587901,3.05546623092883,3.99680167735721,-0.581681853864527,-0.684184847599067,-2.72346958513867,-9.36660773220651,-20.3676503547428,-24.1406071214289,-16.7385261205973,-24.012165173658104,-17.4668097576756,-17.4275255058486,-17.7645705762238,-16.5727504886001,-13.6370867254739,-5.02936828314938,-12.703879667962301,-7.57622635705858,-14.3612044212914,-16.4405859872824,-8.88843340966845,-7.46372999717303,-3.1023047321225,-2.34415098493054,0.9966761688882328,-4.0024981575573,-3.49240949503735,-10.0227374183691,-6.078723858012509,-3.2049423806573905,-0.12229346289971602,1.14586291210198,-3.15176306408265,-0.571681319849113,-2.01905008060325,-2.7741735901426297,-5.80372330820184,-0.8082210231300122
,sub-0126,ses-03,run-04,vicarious,TPJ,282,cue,6.49655236091376,13.8279644087256,7.5520925649972,13.247395542642801,4.810674131204911,-2.52556181298351,-10.4034568908404,-3.37047767436423,-1.4414083329018998,-5.71105500884139,2.9869333272386003,1.27901787511708,-9.308135227820369,-12.939655509209,-8.41131394897372,2.62114819652433,5.71708849861966,5.999928608310679,10.9710279964308,7.6030526261794105,9.42205599653204,8.16170537730696,12.0324028351968,4.32804107760426,14.1775786996668,3.94975648389723,8.553273101784201,16.6465331397789,5.7024315332550595,9.20158248332112,4.29855223259358,7.79312758863579,2.01854635823047,2.09939282270852,-0.24752227577702898,6.6795652622693,17.949893661090698,2.51699588965985,21.031530161939898,3.0133206376242994,10.6327160214601,4.6175020837508605
,sub-0126,ses-03,run-05,pain,TPJ,277,cueH_stimH,11.695938104544,15.2975164134654,15.674761796294101,5.0160919463098095,13.3746389656744,6.504354457772091,12.314012249307599,19.5908185890401,4.530441431037491,9.88825516337774,31.0140203543536,14.391217191234501,11.757575084589801,25.090960997922302,32.3714060844621,-1.9506938242092202,12.6518043206345,16.6340605598988,8.979585194876199,18.4287373469805,-3.81264938017102,3.40603485811787,-3.0417561467627903,13.7882645444372,10.2128689451361,20.2390743893156,26.615939798749498,20.3748344087073,26.5103434910415,23.2924849828382,46.9851628859591,29.846662679865602,25.1931194362367,36.4827191843558,13.9846101329888,17.2109689591872,28.081046737512803,17.4934712799021,10.7786884406051,13.0341510342102,-1.20707344301738,13.0291147200053
,sub-0126,ses-03,run-05,pain,TPJ,277,cueL_stimH,7.1904875373190995,-2.7731523695145204,-10.101596577033801,-11.896447023087802,1.92392298006118,9.43757636977476,19.9863519866059,10.474430762381099,1.13585183036336,2.13141967660148,-2.4800412829696,17.2287537273968,-1.86292751097439,6.9041993074665795,5.89114916272902,1.1109424779277899,3.9836711586369598,0.566587346675437,6.38366151312214,21.2422644533237,-2.9126233897974996,8.94592190126808,-0.208023147138412,10.7672980408238,15.898082982681,3.7399458138686095,-0.285567693289785,18.991724679944802,26.748109560627103,32.308774549919704,23.2110469936654,33.8345011688508,21.320038360014898,22.439764162624,16.733097641703402,4.73789052287741,12.0985049794657,21.571603919307197,12.266027379367001,14.2307301520939,2.8464525300193797,-7.539200269587821
,sub-0126,ses-03,run-05,pain,TPJ,277,cueH_stimM,8.37756485781821,3.9565341626265096,19.3479248958515,17.619359468573197,3.30292203037167,-2.88511155344374,-4.025261643814391,1.6987146815437901,-1.5277961659371297,-5.9265211033363405,10.193290506649099,1.54513271989655,-4.1413717499919,9.116603187233471,-3.79139503137205,0.423129892590867,17.4644895301752,5.6051246786444295,-2.09432963695312,11.964378832797802,-1.14815248339347,32.292567849111,10.666466505686001,9.46448286920725,12.634416529985302,16.0045352509765,10.3369108158021,9.827702125705759,12.8640532931722,23.0255060778614,16.118852588094498,12.868502277235802,11.5089885091306,-1.4429536665235,-4.90011636809612,4.05630992165906,15.8566735918101,6.15641604011783,5.379501907555981,-9.59062240085475,3.57906684966069,-11.5537522849107
,sub-0126,ses-03,run-05,pain,TPJ,277,cueL_stimM,13.7800157776734,1.55284656466851,-9.47641317048157,0.780336936436711,-3.47494600720667,8.04558846743928,10.4033224590606,20.214292706181897,8.25128229416411,8.66510173860645,9.35879224868489,5.23951705119103,3.68913889326908,15.8449807564709,-13.6289374463056,-7.1783248549288405,-7.568505095783791,-6.057065583355071,-29.2676849068577,15.264233680288699,16.6817999897494,2.6965059607692403,-6.225504690970559,-6.71965479027918,9.53992473269428,-3.6358513168539197,-2.1036117687830997,-8.01415309570152,6.782388798900009,-6.034094207651661,8.64177040587977,6.581757484563429,23.922965333239304,11.5214201504969,3.8774125113324702,-12.411960585592402,-12.587778742604302,-4.535104805677429,-7.30767317219738,-3.58230828825483,-1.6013772978794598,-3.86535083519709
,sub-0126,ses-03,run-05,pain,TPJ,277,cueH_stimL,-11.047849194820099,-10.753355795227199,-0.8246537132167641,-15.4736146654744,-32.3812665062815,-9.026242485992052,-11.9528066176757,-18.064321186052002,-7.19914164011027,-15.107010884296999,-2.16023306928295,-6.433521250474531,-17.9973435027155,-8.78738863442374,-14.1208972558584,-16.5210723667501,-7.640416849590791,-3.85869194009052,-8.48914980995304,3.63582243937465,-2.33030062288916,-4.79002203482651,-8.618857105021991,-13.390381296119301,1.10184220134881,-11.522840348240399,-0.25556597210441695,1.53683947493372,8.963836012902949,3.84656267265908,-0.44256313067919,-8.72387022771159,-5.9235640115459,0.394879042533113,-7.8861248144909295,-8.97824317360883,4.98749593252099,23.957719037072398,8.27174845919027,9.08002385002904,9.180669108158211,-0.464421789024499
,sub-0126,ses-03,run-05,pain,TPJ,277,cueL_stimL,-0.5319493700412821,-18.1795036765062,-3.20173263725946,-4.85737965062949,-11.281571671011,4.30207594628733,2.444102803317,-0.125763482228468,8.842224992196149,-3.81879418952598,6.33167552219738,4.26217689837769,-4.905513396576451,2.7515208736787797,-5.2619914291749605,7.176214568640701,-2.03766750105924,8.91265477839975,-6.55338411446223,14.105167351636698,4.06874081478148,9.50357010835762,12.858252988443502,8.40770854142117,2.8167831695908703,2.09332806160366,10.4703562890984,5.283652375322321,14.588677521252599,9.90735746768541,5.5113993211097805,5.92021828122753,3.3888039949813904,2.5633451670980802,8.116336656634969,-3.0350692437385804,3.1521729487648398,-4.46980981698417,7.99899337666595,-7.15772722775002,12.1646182300046,13.402015123360801
,sub-0126,ses-03,run-05,pain,TPJ,277,rating,-3.23748568667795,4.23459095765645,4.22307196758684,3.8922684448357403,5.39123045701885,8.4765313522945,14.5382712754341,9.52084463149761,10.860239341986599,8.440473815806989,9.35160872303707,12.4869974043592,9.93180673550345,8.33525634882673,4.52966085515349,10.4986910300424,16.4416445870768,17.0331671477587,13.566845264770201,19.8412479202414,13.4206746822673,8.395898786623059,11.9253441182658,8.860276539246419,4.90606313610795,14.2951856655322,10.239800746301801,3.3992317231330604,4.74351663641142,9.07667944647546,9.83408188738983,6.85081984324894,7.21103706830826,-0.0368180165019294,-3.15706833131295,1.04654668785319,3.5821701597768096,2.09304411746601,1.4837950070901498,3.19315779463361,1.9389355007201103,-5.58638366608011
,sub-0126,ses-03,run-05,pain,TPJ,277,cue,5.68204192690611,4.432277827118231,-3.3829687779636,-6.351203191991,-3.1483546906465696,-5.239909991456201,0.40227861841916396,-3.44245449360023,-4.92866897060716,-5.4435580171428395,-7.4749380520580395,0.888096680956501,0.0550300000018211,-2.92461182048766,-5.38739132772611,-5.11222221666164,-9.131640702363471,-1.5035753668276999,-8.97438904594156,-3.51780547641707,-12.8374812715382,-1.59250734539679,-11.419091305522,-12.2160846574031,-3.8826242525705297,-2.77273457741782,-5.61402681895358,-7.28448487721558,-2.5625482750834903,-11.1474260202423,-6.6461630614547405,4.11481845851205,6.76993283115098,-0.874069114003298,-0.5283734375862109,2.00068697624448,3.16870597849803,-2.30249282667361,11.6786445936617,1.85925429251351,0.46345875649592994,-6.4048977659667505
,sub-0126,ses-03,run-05,pain,TPJ,278,cueH_stimH,13.0270213454549,10.4702712644658,6.73051398964468,7.754856187960759,12.4437698425403,5.51228676680287,6.864129637308179,9.54971164953738,8.67403797076547,5.73840732108278,4.6530167240935,18.070275442733802,6.67094181310771,18.5582640229898,11.1130578135164,9.66360435331953,0.152246162768893,4.434644144628691,-8.43691201334114,-2.9198474678157598,-9.100754445428938,3.73098740704487,-2.6205433511387004,8.51048522503655,7.54171656818982,12.9888059099947,9.228427786139381,11.0149136833716,10.1860028495555,20.310976645967102,24.9216176726789,18.9593306567887,24.200678812577802,13.578431048173401,2.9164945408244503,12.7412805921205,22.357395473018197,11.832251366395301,16.8373197666604,16.562128517931498,-2.63656865916685,1.5046127977706
,sub-0126,ses-03,run-05,pain,TPJ,278,cueL_stimH,12.3870351649045,13.3812411514392,16.508386245613302,0.5367447907243,8.52502070015226,-0.7913822577985351,4.045164348558529,4.75455550556362,6.14960954288489,2.6420433508434398,10.8763949791731,5.21381717135804,-2.91610201345136,14.780809068497401,-0.120980683854363,3.42996497952481,-8.47914134183099,2.87372026354286,0.289117167940761,10.0612997424871,7.65302809610903,19.876254142136602,16.016006637328697,5.345777862361349,0.11369188064042,2.45101553180415,16.8127024408683,5.18865933804568,24.5890036746624,26.578121462224303,23.2186224118262,19.3149528251442,15.2097671333211,20.8660430414563,22.255482611301197,11.750213513236,9.72188505874982,9.527241528702211,3.6305843213186604,0.850842557320462,-1.4912333531253001,0.936001544094083
,sub-0126,ses-03,run-05,pain,TPJ,278,cueH_stimM,23.0888303689034,15.5445954686593,14.9008420476824,11.049881468324099,9.55725205834743,3.18011039710984,2.1993606105592596,2.09248567294016,-8.82880788461203,6.4312125328902106,0.55911483498299,7.5559605949890605,1.00781822301383,3.4185201704721804,-5.803361808272509,8.80298400046716,2.01510458736002,-0.12256823214166197,1.86834967062675,3.60251878501795,-0.7626161199226651,5.00636695620201,6.65672233170458,4.42852075215624,12.4556888873265,9.834732829085722,0.0617086315481519,-3.9484733196974804,13.807055667165999,2.8361890499554803,2.05797845228454,8.30567845897398,12.9640753346761,7.553387215788651,1.41469418919183,9.125479919506619,12.9286834324615,-2.78242737503452,-0.39693105567315007,-5.580672786100299,10.0492393094471,-0.0944316517944515
,sub-0126,ses-03,run-05,pain,TPJ,278,cueL_stimM,-2.8399195180632297,1.90908063019079,-3.33142672527354,-3.37125071723553,1.46732080108739,3.30098153139435,19.218480223905,16.133410855983,10.558761307107801,9.61838347355778,1.6788674261870802,11.143701291091899,-9.470617563080241,-8.05755858465978,-12.9168257142226,-2.97013998441471,-13.180014535586,4.07985486092241,-8.881836764682339,-5.9910311255650806,-0.0681093775077422,1.2017272748958998,5.6478213538711906,-2.9782598668604203,-1.2522799555417,-4.422107878239941,-5.17705230727548,10.7322384660757,7.992595782336889,2.9346976504106896,4.96960832467205,4.53967583798202,20.5983339290425,10.474511734361698,8.31034955997478,-10.826290050987598,-5.636033946186419,-3.11386309411209,7.45002526103997,-1.52820322477155,4.18809762307313,-7.2407183977326595
,sub-0126,ses-03,run-05,pain,TPJ,278,cueH_stimL,-2.26530184585251,-9.09608609098166,-11.1375242487738,-5.236354054078951,-2.61623044303026,-13.579386109276,-7.82848215340915,-5.05734763940618,-3.3729211022483505,-6.779747039034129,0.34352602579373404,-6.255141721107349,-4.62651683724461,-10.845219723099802,-0.268842721906502,-13.027892179200801,-5.8907612156138205,-8.61275563852935,-0.491462386117881,8.848458188567289,10.6558949662785,-0.23145690546689898,4.07493355592279,-3.13845442173079,7.9554030257834505,8.09541142413006,11.9810339615257,17.1509036580797,24.648018477702397,16.3952945547263,14.5792638385873,13.224677922423401,15.096341358651099,9.002307412866688,12.4588422789624,4.89576612969896,6.57991738972049,14.3382972103448,13.2406076473227,8.23374611996717,3.37424203738174,13.138629863436101
,sub-0126,ses-03,run-05,pain,TPJ,278,cueL_stimL,-14.1679515584477,-17.8333287260309,-12.6408662649877,-23.400381890922297,-7.05653227229051,-0.9378868253239391,1.01319620410589,9.500518022722199,-3.58058343828532,2.26024752680017,5.9222758239497,0.778672192657312,0.591522078259215,-2.473870450902,-4.25636195104886,-7.39447094806538,-2.05482315274573,3.65302666539874,6.94106290963714,-8.56611755328997,2.16473715240899,4.09959539560263,13.634101154379598,5.09042755702882,8.34423739877618,4.28086077145102,-4.79088896469007,3.21086486724873,4.03271586367151,5.09228281052673,2.03169637875374,1.2879523346626,2.23257955994759,0.23196018400132298,1.5006751273332801,2.14239867400948,2.4162526451615802,11.929110227797501,-5.089520448614589,9.23890899378618,11.342977898722301,1.9113955277386299
,sub-0126,ses-03,run-05,pain,TPJ,278,rating,-1.35552797328671,1.9366623091577602,3.28161920479128,3.91214439551278,9.19842830262516,6.586168989725669,3.24549466705338,6.308672823682669,6.05590527787657,7.55460094671235,5.18981565626113,9.051193194272631,4.86153483392712,4.34266836694204,5.09848063698974,7.540390719815839,13.2977682121743,8.42166956847805,13.5489605673989,9.34372203838474,5.80792914030843,1.2273043228504499,3.7232052609632498,4.57057829252993,5.41695721535215,7.77616215529302,3.51942719422202,3.49061164637183,0.586163515085254,3.95633120989108,4.14831196101156,3.21231564622679,1.8174313406654001,0.772401834593917,3.0499307637698703,-1.48622040607456,-1.37263684302358,-4.3178603601985,-5.110906280114531,-7.71247967872303,-7.65626744698119,-6.67966871616922
,sub-0126,ses-03,run-05,pain,TPJ,278,cue,1.71572299767126,-0.623488418307208,-6.60600514700053,-6.1875187995872905,-1.15952479217764,-0.0352486729176711,2.8342706025246205,0.151320920646683,-0.813619647218733,1.9827841153645,-0.33946452935398996,1.91070304344235,2.28164230494128,4.46986749277664,2.58901863745125,1.40776469628253,-1.09202799879456,-1.3692713853272802,-1.4422492577291202,-6.67890702312904,-4.8649858244387,-7.541826823833469,-0.8056732764823019,-2.28249070441512,0.60146590805077,-2.8515663919052594,-3.7206496848089303,-8.12024332259447,-3.8148889700343003,-5.01236795286658,-2.0185346696641298,-4.04208740358569,-0.992018707710422,-1.26472094865787,-2.69676534066885,3.9253760438492,-1.7670160793245602,0.990062860028735,-0.9480246315384631,-0.0524264040498545,-3.10332479096098,-3.13625571297275
,sub-0126,ses-03,run-05,pain,TPJ,279,cueH_stimH,-5.50014251217257,-10.1586018680157,15.9061974762852,-14.231375192612697,7.92038222590235,-8.305355991222731,19.854996220601002,-7.415832102036529,1.5372081143938798,-0.7641160508557511,1.1343898563283998,5.21829561006435,-3.33816577013962,7.64600514856878,-9.102697362608419,-2.2118516909930697,-19.170927009011102,-6.179768698295,-25.677936434467203,-14.9225949684005,-27.3104797343154,-6.2321918910073695,-9.85590152454485,-2.94340296044806,-9.886879214629518,2.55412491861179,-14.537492634283499,3.6105402096017998,6.5275096661007,21.683336154690103,8.96791650325247,20.0326477244512,5.63940171318326,34.153474034781496,4.891621548197361,17.093723058073,2.81273730068928,16.697934396701502,14.4546193475507,15.311026204659901,2.4385395676447903,15.273251621104698
,sub-0126,ses-03,run-05,pain,TPJ,279,cueL_stimH,-21.038287510224897,0.407369416918818,-4.04318042513597,14.978195350750502,3.9628567557214396,3.4086287781842204,8.93636486584409,-9.83020141435291,9.60872247255473,-1.15297642646279,-0.727929606688822,4.38219773023167,-17.9530998060827,9.94225970570557,-18.979471506868602,-3.45675435196258,-9.23078363903003,10.0383659143521,-22.4939481640379,6.10755409066432,-10.256722765240099,5.18652001087844,-5.35499859900301,7.31316388639068,-11.605452047281801,0.0692539277102604,12.190126369178698,8.26614932458781,13.621439436435098,5.83600054312845,12.6860474663291,2.21290644582088,36.489646729562395,21.3392801972305,42.9082816479832,28.7583210159745,35.5742814959309,20.073291802407102,27.295794769927202,6.722886296719401,7.29987171964196,8.27271927467445
,sub-0126,ses-03,run-05,pain,TPJ,279,cueH_stimM,6.86863671706777,-11.6606458582967,-0.6904846159539101,-29.494049879339105,-3.3249513525595296,-13.365698453296002,-0.833667498483285,16.138289654795,-1.8713183574429801,6.304624921628919,4.778615521154019,11.555772185980999,6.41802030529796,5.48968579566149,-12.860667960695801,5.305548477691049,-19.5273275195969,-5.0252247659087095,-17.9116770308047,0.8653659581158879,-10.8686983397593,9.5953225899909,-14.0864929827772,-5.183957476064701,-13.4322920847565,-8.826776865027231,-8.36890670502076,-2.36553617606306,7.8296483992966,-11.750821416668698,4.7644553484598395,0.470407962005432,12.1877307739851,2.3731469989470098,-3.9905593053927007,7.18127223046925,7.20720410477057,-4.1575391672746,10.6966286102972,-13.918015212497401,-6.21411359124441,-16.5975876959658
,sub-0126,ses-03,run-05,pain,TPJ,279,cueL_stimM,-9.34890087991568,7.83503461237553,-17.2816547477573,-15.804534157086898,-2.3475112517218597,-20.836178662487498,10.7888542799035,-13.674584175325402,18.260768487341,0.420287853846255,19.9817939114604,20.6125674992393,-4.63369970718862,9.826835473918539,-3.71685241159292,1.4927599707597,-10.86446334529,16.6981920545154,1.34583843920966,23.9846864777395,-8.33368123620533,4.767676641395321,-17.078064573765598,5.47080887839113,5.46787652966726,25.616448519334604,-12.454112324080699,8.60271831379756,-2.78881137927903,16.8642016730702,0.169648727763057,17.523226337172698,17.0405259418982,12.6717424421735,22.719396192000104,4.886139697490241,6.64014061984246,6.09890651311899,9.87008328311052,6.29001445647192,27.992187085963998,9.993311015121721
,sub-0126,ses-03,run-05,pain,TPJ,279,cueH_stimL,-16.7614272316693,17.0658506163345,2.26467701999622,9.192253415645311,-15.381987350778902,0.981683272722261,-22.9664417496524,-16.9921903118976,-24.643319464188,-4.642357367549041,5.932209583752821,-13.518766990792198,-6.37946159495521,-17.9428936260873,-10.5367687549069,-37.8811536537965,-6.1010537414114,-20.479972759988502,-5.56488101956686,4.56664635376741,5.046118708086441,-6.66193946526312,2.92682249307818,-12.0291190127856,14.0074228324542,-10.611768877322,5.80015523015918,2.5504237763067903,15.044976146289699,3.89531868672848,10.825105376759401,-1.6758453552278798,12.606088120649199,2.28468778865348,8.779246852875769,6.074135879470989,4.02776722095572,15.3461142668342,20.8636176254238,14.1312243768294,1.36760797681071,30.6485503895876
,sub-0126,ses-03,run-05,pain,TPJ,279,cueL_stimL,-21.627928260742998,-12.771016685539,-15.626858755954599,-22.775605322571202,-8.10928120344866,-19.479537554934,-4.73674952381472,0.8961772262009481,-0.0380903078467441,4.03932093596606,-0.591344838131541,11.211170462522599,-7.27070985923789,2.80084400634543,13.586597160838,2.5401808474747996,11.3106241975403,21.9213388537809,2.02096088464921,11.463154067272699,8.40082450253708,23.539975681762098,12.3076628992509,8.79629188585909,20.4971223130148,1.33817902057889,5.689237300952961,6.019903573927589,12.791258702270902,25.495588447888103,17.1564898143085,19.809860761207602,14.333282276135302,14.681470433217001,15.030275346364698,1.62448739708464,30.702616994305394,17.9499537969902,4.68117408038655,9.47867979273851,27.5823067782332,20.0572814785708
,sub-0126,ses-03,run-05,pain,TPJ,279,rating,3.38465056169076,10.5547304081502,3.4087148348755,7.041189939427661,5.10690112295201,6.77535892087484,5.69727541563486,7.640514470190741,13.214476825581999,21.334358938699697,25.591875931053902,32.7508156411724,27.0809438208573,27.5262115358148,16.2125633020645,15.823722665064599,14.7899722793946,-1.30742668917911,4.7066630465445,-4.6456843090599405,4.32441412542126,-3.13991485924367,5.03777290345512,-0.940318022711212,5.23452746022432,4.18345595649625,2.91382521071032,0.509412754798972,-0.8120340409632281,-1.98802068198241,-0.32689741605307,-4.96059943983926,-4.79132252165569,-3.25711678649539,-1.10351032449025,-6.670771650217319,-3.3724678577824903,-6.49705810379633,-4.57335491364594,-2.6961026622842206,-5.546290332370041,-3.37427111910155
,sub-0126,ses-03,run-05,pain,TPJ,279,cue,-2.88198496732772,4.65320866364926,-5.9226398491352,-2.45985651757354,2.1991586909315295,-4.4954889940403495,-0.257428232015638,0.269376647320129,0.758230047595543,6.82112980392044,-0.368914904396284,10.5893085092509,7.563748159825701,7.8787426819725095,6.649617551589321,6.16163885389604,8.7855000783148,6.47066209810265,5.88431724422757,4.528003587183731,6.64706631828217,0.7472342372565709,9.07780063636113,9.50023027321467,2.0385811530812,2.62680683967312,-1.72950194300812,7.69435781614566,0.678326032620284,0.353163009528405,-1.1514345930533,4.62746845759479,1.5342992707263798,-5.84753010737564,-4.75841805183343,5.83178170549163,-5.0441439275157895,-8.908765779963131,-6.13998016649735,-10.906115344536,-5.002387594427559,-3.40762427656492
,sub-0126,ses-03,run-05,pain,TPJ,280,cueH_stimH,-9.52287932691209,0.584611844516065,1.6842668046062401,5.424827723143599,11.230835953272901,0.431839140858154,10.6523974876815,6.29213887361408,8.174402337408191,5.36710722649057,3.0257986247967796,0.48976957265295296,0.0416323713381193,-1.23296230809973,-5.454002325767269,-9.03600114231715,-8.13240513631879,-6.4880226351514105,-17.8784911457941,-14.089305011259501,-12.676168472314401,-2.9956917176679396,-7.87973991671645,-12.141964560820599,-16.8936513181849,-5.06680799809127,0.8228021600545891,-1.4444837035722802,7.19900707782676,12.387768306761501,19.0426233467795,19.2069451103304,12.1157736731134,7.32200784394421,-2.2800315348916405,7.95071733922872,10.784354990585499,9.8095272616952,0.287489948054358,7.98723357625475,1.12917253987325,4.26098974742965
,sub-0126,ses-03,run-05,pain,TPJ,280,cueL_stimH,-2.94475856323292,-7.07644714501448,-4.90896421306016,-13.7500085657225,2.26006989819634,4.65116928047347,0.45093583594243897,-5.365703943870071,-4.80379965717269,0.14641388784029802,-3.4105216297793994,-1.80938107053483,-3.9710531254318195,2.8173050764962597,-4.601360442843,-2.19316431839946,0.60804738832563,11.051736835215198,6.3148321539782595,7.01115664134813,14.6648204063826,18.2387410693701,12.914849904686902,12.6919160202268,0.866178220146299,5.4981171702792695,17.2007431160185,13.0564226637524,17.8357597335969,17.1390377974822,13.2277044716866,19.220250101085103,16.3717418819784,26.213834947193604,24.4451531943752,19.586233244701603,19.373748405137,18.3974284345743,11.837843662253599,8.427566218737509,2.8160685801098104,1.9851213967042198
,sub-0126,ses-03,run-05,pain,TPJ,280,cueH_stimM,16.7555074712593,16.4390743150841,-2.94318965893682,-7.13084154594275,-2.2135039588935,-10.9535705227528,-4.321276310974589,3.71015391436374,-4.46979221271296,-3.2654394294843705,-9.127517271341011,-5.764263564376559,-5.1606125986430404,-3.2386208817574196,-15.074236591495,7.10995494920228,-7.05109381374125,-3.89349526983954,-8.444777114547371,-4.96781524649367,-5.807909462091321,-0.931924184355896,-3.54105781523161,2.84598040975634,-7.792941911158481,-6.06057748109264,-2.48744117334114,-12.745059872381699,3.863433019205,5.148785591976241,1.76777058627411,12.974510279512902,1.2575508587664899,4.77976099708497,1.4447760220016899,5.234952401707861,3.3156166702240197,-3.35967214476567,-7.66003382867304,-13.1978090396186,-7.46794433728745,-10.904622728243801
,sub-0126,ses-03,run-05,pain,TPJ,280,cueL_stimM,-4.0703753743749305,-13.667133433982197,-16.9023607392516,-18.8484760495799,-11.047347827839902,4.15679748365083,1.9714458678691797,8.59245841361434,0.960386047991665,7.083503553549121,3.0367118516133202,-0.27911593033653803,5.833457571360119,-12.4022758690545,-17.8396238364818,-12.3339365813657,-13.0638208122736,-6.43705202092938,-8.83846464500724,-1.7043319000514499,-6.162579098991361,-5.26361799312275,1.6978467665045902,-6.31118697757853,-0.6712961306470699,-9.60414656034314,-3.4872009585740096,-2.96927408618487,-1.78947507206552,-8.86101092110163,-9.483342935936161,4.9821672716774295,11.914620875336599,13.5230812038467,8.26051138612359,-2.2696099198529702,0.433814463598058,-4.57176803235646,-1.3678867906706798,-4.9452134192821795,9.15090497389735,-11.0779006575394
,sub-0126,ses-03,run-05,pain,TPJ,280,cueH_stimL,15.817346286704801,1.94402992872101,5.0025374043705995,-0.119642340497494,-1.40552960494286,-4.74289675487012,-3.51349259632397,-4.939079572951219,-1.96867254839631,-6.847564214515639,-6.26482960212367,-3.5310407027852295,3.66877426554322,0.23613444206982798,2.85021009892461,-7.59950531549107,-12.9833080072235,-9.91577780248549,-11.556138293067301,12.6149437777985,6.48638005818971,-5.857267115226231,-2.7330608755697696,-3.0233208716052,1.15597391197322,6.47444976257946,10.9344956737852,11.9009300708918,9.52851943409962,22.750112297096898,9.37597014284045,14.030170608176801,12.448240251345,8.43226749173614,3.41718065870815,11.5558394660738,7.320007204693401,4.537971677644941,12.9964085358326,19.863087187174198,8.340380434708,6.929508819835041
,sub-0126,ses-03,run-05,pain,TPJ,280,cueL_stimL,-13.9576025230035,-21.7012313923042,-17.218477115042802,-16.8272307479793,-17.4769261780199,-14.6267818288401,-9.66917202324327,-13.0686016111429,-20.131552820259103,-9.12483945889237,-8.13358885811543,-10.0905166126305,-13.4007076839803,-9.099262222112749,-8.404794128405241,-13.8421902145812,-12.5810310870896,-4.48757131735984,-6.53050430302659,-0.20223313085164302,7.61733858550082,-0.0734332651100917,0.0366591558160572,6.469532172652731,13.288564345911801,11.5085126555722,-3.92510560831152,4.043496138302141,-3.73658571400963,4.21040109642424,3.78839298216701,3.9132222751954706,-1.10233794142259,1.8253989926282599,6.44535753986151,-6.8914617652042995,5.02859597948227,11.7479359742677,-0.810018012652892,-4.45720053661327,6.304227307802511,4.24742904985901
,sub-0126,ses-03,run-05,pain,TPJ,280,rating,3.1354858891338395,2.54142855067933,2.57331979728261,3.35310235856951,5.37599206246265,6.40625403472669,7.91133070933866,8.37114144291986,9.64937128246928,12.0621933925226,11.2529951239644,13.693437611347699,11.2011126611027,10.2997490277115,10.5342038850135,10.798258009686998,8.49806512139189,6.83452137534837,7.332137583453081,5.974069581192349,6.248263198775411,3.02837912882085,3.6213159765832,4.359351310448339,2.6225444246172995,2.43629177886717,-0.6451715874233029,-0.6400535118088421,-0.0455096037055038,0.24030025374335698,-1.03338638868853,-0.584680964571527,-3.8971715431195895,-4.4315692698337505,-3.0977840432806403,-6.098479516335339,-4.57347122808085,-6.00877717344453,-6.29762105941126,-6.474577951548481,-8.443549943812059,-8.41928018454026
,sub-0126,ses-03,run-05,pain,TPJ,280,cue,0.903817618925984,4.78437468564184,-0.493806351810854,0.0204928950247023,0.139162050371738,3.1377718816366804,3.1035704957131203,0.453833619415079,4.35223919015054,6.725186882498719,6.87222259670213,11.313834742807698,8.48250471696338,8.825985559015301,6.73931509029195,6.59465876027357,2.7982868380201,4.58353667413125,4.98141117315095,2.3837276340661,1.08868547879095,2.19967476699726,5.932784107545481,8.72507713567217,2.79088761370192,0.028310330370676002,-1.6548285251625001,-9.276470179755618,-7.65931244863786,-7.29701348231007,0.5446725810160039,-0.870790437858201,-6.911145828573001,-4.9959611858090405,-3.87233247924411,0.24889101760060395,2.8359585823758597,4.26874286572564,4.12949827426962,-3.31852643485641,-5.02538801794651,-0.5091126900247639
,sub-0126,ses-03,run-05,pain,TPJ,281,cueH_stimH,10.7712261518256,25.611406958308603,12.423969862827699,-12.0558189598385,10.6530277416258,-3.11725688446356,-0.881356195445143,11.561098517236399,16.2845410722842,8.81009336077639,12.473785226843601,4.8110314741965405,-17.1572048779225,-3.20649573118927,3.7631489722229703,-7.662884680547639,1.69641028211295,-9.37984431927989,4.72634869766816,-16.4355901497164,-8.96248978495819,6.34688123238221,-4.85515656595797,-18.388570943009,1.09220078901891,7.55832924433476,7.39355373782656,5.94410190130943,15.7546712632812,10.2009296426915,22.3532574806249,15.175641102964699,11.6626105635986,27.302818808830104,4.8139804488547995,-7.17281764393074,16.7679151891784,17.8538672842125,11.2763170209988,5.49095906454507,-11.2292255464384,12.770295067180099
,sub-0126,ses-03,run-05,pain,TPJ,281,cueL_stimH,4.02775527166072,-3.7853187572281897,-17.411251536669802,-9.721708495751669,-13.7345054424699,1.8271648962068798,20.4657452165258,-8.10696622113465,-38.542203539784104,-9.05732979823963,-15.803440526236999,-14.2823500629948,-15.6884801993795,-2.7589459285324196,-22.311345540233997,-15.828392004147,-23.9411835274797,-9.45104606052827,-14.571726006107301,-2.7493129937198697,-6.26460139885764,12.150660045294002,2.18229536301264,1.71272149378252,-23.668138169653897,-8.583610324013309,-6.190938126056629,-7.905461354711031,13.9637137136657,23.927708719742498,23.855817330167998,0.8194273338630891,21.0591363692156,27.4678892357713,40.1105159647135,20.8134657153709,7.5567187192276,3.36863234677994,26.392092193520398,7.508422832498231,29.014258639887,18.7359733561254
,sub-0126,ses-03,run-05,pain,TPJ,281,cueH_stimM,15.3530136200479,19.2835051241255,8.09762122584903,-4.559705739499111,-0.518331263578851,-6.5437441797804805,2.76248101870498,14.418217863468799,7.68729113852659,-5.94237305772459,7.63687748936123,8.39800870689619,20.3095374578115,-19.628341073833802,-21.1876139004787,-12.247401082205,-6.612024551207781,-11.5070512388695,-12.600831966979301,-7.03505052933688,-1.89388812251438,1.57975665494037,-30.9128770611684,-10.904696701532199,-12.5074548151948,-1.85770635331814,-12.8290724676796,-3.37213234941638,-3.9103114248231297,-4.0856057358864994,16.6792844080607,18.853203078494197,11.7500352320918,1.2401409253301798,4.47340909656496,13.593976687633901,5.81719376702844,-5.2655636947722,-0.704591998580391,-8.45709262367105,-8.43347919924971,-4.59468960323341
,sub-0126,ses-03,run-05,pain,TPJ,281,cueL_stimM,-15.0495402553388,-1.90691056060836,10.1363663886316,-5.03124677348055,-12.7347626985549,-26.5925161667591,-8.766279071433669,-9.46552136550735,-3.0191884770258497,3.2709188950395096,21.222191410815498,-3.68229083396702,5.23395183486057,0.0486131843264404,-5.231593165303071,-5.43991250978232,-23.0936294672842,-17.144834580724698,-14.8054239413381,-5.861493500423469,7.5689731488788095,-9.2348036713783,-11.6144406223157,-9.77308526487551,-15.5586410261835,-6.887010682315821,-4.06056517502087,-6.52642029404488,20.4811453744753,17.1490976894677,20.923475657281102,41.103197098492295,4.76093656485784,17.6763951738888,2.27694113991755,7.170721174857019,-6.3503601714063205,-1.1620328302002199,4.22095674523169,-11.9702178294847,16.5405540036983,6.794943508469481
,sub-0126,ses-03,run-05,pain,TPJ,281,cueH_stimL,5.76579600963395,7.335457646256191,21.1326598271938,4.12023325442091,-3.59705945433247,3.27376055719283,-5.425190397945889,21.9081611220681,8.80089316979842,9.414174887507,17.1343696305275,2.94038963420973,-16.3981000332962,-15.338370152997902,-7.06837704622836,-6.764260138865151,-7.633546156637929,-14.9460397948085,-17.7695249502709,10.993481239932999,13.3224870485534,16.6259865962073,11.3594647724427,15.1095233378039,14.8796998801691,-3.13368138012653,-0.0752939491751086,10.7939065937676,2.56091261269978,26.9958265235355,30.119920927269803,3.2689053480740498,14.0931579467215,27.7305883940594,15.1803950352401,17.2788120709339,29.526076086198803,36.477292023555,16.6690260218747,29.792401418755997,33.5754208198519,25.930053143365196
,sub-0126,ses-03,run-05,pain,TPJ,281,cueL_stimL,-15.2825465660625,-5.89435706730235,-32.688698785959,-38.504833111626,-2.88031573921229,-28.477222422442605,-10.223733490858999,-4.5326126685012404,8.57473001975888,-11.4229130391824,-9.963834998764789,20.3656046204353,3.78153037259192,-4.1097357690507295,-31.5453794142392,-19.683068826831697,-33.3932784634941,-6.82150808592673,-4.532810106502111,-3.3688941982212204,4.346753572895,20.0604215151408,0.36411839518874495,-5.46321446594684,-4.77768121618673,-11.673968563909199,8.34360503180873,8.8890536947129,-5.557141940325769,-2.31948088258049,-4.505932765435401,12.2578298919434,17.3814582370624,15.2557596076511,21.1004508554178,-9.723813804508382,-9.32088501220273,13.892933665207,-6.09436045223486,2.69504017549666,7.55390762620423,8.569524194900959
,sub-0126,ses-03,run-05,pain,TPJ,281,rating,-3.0905992020271804,0.9591252893356691,0.371313821269539,3.14148389946845,-2.0896427972677603,-5.4505225811769105,-6.59099131482052,-2.39216871411776,0.619767548337236,7.45139649035002,-1.06870949147113,-5.050294766721571,-10.758675663551,-10.268345742695802,-6.66172760986413,-2.64809592768292,-1.1261943281653999,0.221161941886958,-5.82316379067354,-3.91229065852495,-0.35824588274237296,-2.32911324810779,3.8847760060285403,-7.779432044440429,-1.69891040124305,4.10083354374954,-4.16640124426606,-9.07336506444586,-3.7590019626423503,-4.41198509600714,-6.44913479236794,-1.10648077539975,-4.7878775901469,-1.6869048238550202,-6.31267187525936,-2.58919754265275,-7.5173071225585595,0.6340721489708511,3.16813504473208,0.8727189930938392,2.23229211810482,-4.955268626562701
,sub-0126,ses-03,run-05,pain,TPJ,281,cue,10.452142033126401,6.398987436664691,-2.49247275772513,0.657095988776135,-2.9326483684030498,1.75592645396945,6.4431032252396205,2.10300423857748,1.88909301700914,8.7986710739549,10.2921819928472,9.43940132381882,8.472891281838269,11.928007421712199,12.059096812804501,9.18818313356706,5.8360046188758,5.93917163654642,8.995802503352751,9.101253976757551,9.650337683997519,2.16524841225145,10.4029796170971,7.249132869454559,6.83356243744449,14.3636429163726,1.0122843342769399,5.6645400255175,1.1686977728835901,-0.3826841237969171,2.86529405898792,13.551382531914301,4.2257358807591805,13.169676031019199,-0.507046775596489,1.49927249505675,8.16157454130107,5.52671414693269,9.317243815053411,4.13615902452338,2.3890472326127004,-2.6559222516650802
,sub-0126,ses-03,run-05,pain,TPJ,282,cueH_stimH,-2.48769206213297,3.5552130512942797,9.04208600012777,-2.9056086611328102,-2.61787688497348,-4.7250991446683495,-11.9721917864344,10.884037347932,5.06477817694921,8.56263884466977,18.3135835552762,-5.578142134522951,-4.37770592425213,6.40744285150268,-6.999648550942039,-2.72724745184973,-12.3796642308946,-17.845032817687198,-9.071795677113462,-10.8534072592151,4.641614626750309,-1.30236514132195,-7.53667100914088,11.9282622905214,-10.1203849124984,8.996182801244,18.942752536390397,-4.7969215498479505,19.9189059595174,18.5762578590227,13.9665880970618,45.7337732426201,22.993338184594304,36.940088944051496,-6.19186778071754,15.225930049611001,-3.38062442875286,10.842290894484101,11.312901764279498,-5.914559070907691,-8.70050954923533,6.4031349376571205
,sub-0126,ses-03,run-05,pain,TPJ,282,cueL_stimH,8.904964278931349,-13.4320907115094,-22.2023457550426,-15.445241814916502,-14.553808039733601,2.10946856819112,-12.412678470990802,-11.9006978406588,-18.4916286380871,-10.872705455706901,2.98136469201723,-5.10992787894317,22.006164756294304,0.8376118425949971,17.8565639731836,8.89255566294345,14.2256380667682,-4.34029167911719,-6.419119717935259,15.059435470579999,2.06752072419957,15.188288637561,2.2585987660268,7.64870557996181,1.27100793223322,12.5309037396715,12.347384097272,9.29408958249989,26.112006594488395,44.509005904019396,35.726908230632894,17.4564139690468,22.8552423430625,10.196235742565198,45.2802261018859,26.1744886468439,8.41884763831604,-4.46244598955371,2.6741352991890697,-20.7341611351737,-4.13000686735142,2.07295688473342
,sub-0126,ses-03,run-05,pain,TPJ,282,cueH_stimM,10.6509152292605,26.4074593536442,-0.333448771482455,16.733974120989497,2.85551760985987,-14.302145075393698,0.977896407539721,16.5624224228009,9.902244787934901,11.683886039715299,-9.798102177724381,-7.97104306519148,-10.4331340482074,-31.148376637596197,-1.07886855449046,13.7354094908342,-1.52923764351167,-8.67305247880592,-12.255536102523301,0.6391070725759921,-15.4843905526736,-8.866340218665231,-23.4718259240199,1.5808167073599397,-7.66509034925729,5.6213531271356105,-25.1641937299432,19.6010428357166,18.507341143435898,16.467275173006,19.9705439549387,7.77171038724804,-4.64599899856471,0.09017099961476299,8.14085032764044,23.180257699795,17.9028281537806,-4.775111856873179,0.777940321331293,-20.0639458850259,-0.789091892521697,-15.646947671647
,sub-0126,ses-03,run-05,pain,TPJ,282,cueL_stimM,10.5281608664255,18.9336016066963,-0.49672538551519796,-23.4659485757294,-28.540898297220203,-9.322655616901859,-6.30716097708388,-2.75276068435413,-2.6468469920795,-12.108333615009402,15.7181674551263,-4.60333911486242,17.3921035697793,23.4313237249397,26.450368680111698,16.346387647423903,-8.73522330055341,-17.4904111092061,8.45497066882535,-2.1722746703882803,1.6137093806841698,-6.1628508317954,-7.29849520144345,-15.6830644690435,-1.6180018132237801,-17.0302444823601,-10.8733537041671,-0.896118736039558,15.624631833083699,19.3204775216334,0.998437631330447,15.4476037299046,-15.0930639402912,16.4596653441995,-10.260772238421,-1.5053718479452398,5.30882985582,3.37062338245951,-13.6097633169844,10.437360173293301,-5.78414437275352,-3.86825111533005
,sub-0126,ses-03,run-05,pain,TPJ,282,cueH_stimL,23.497969348137,10.3887189789569,-9.526268490249409,4.13939861595822,-13.237542316126499,28.9226545489876,11.9830465129759,8.170869716874451,6.108245088199269,-5.501893474632981,28.8670191085277,0.8590477972333209,18.705727134242,19.243823150382102,23.035771084053604,-19.5478310469573,-7.529114634426321,-1.31966054967425,-20.5003217085438,26.6576941412427,1.8500087297526397,39.1111635188629,15.809503036362901,12.165037305027099,7.43409748544975,9.91006048795979,3.2572552739812304,10.966463371305,13.9796970193921,22.8010771796694,17.133455504725802,11.261198433720901,9.86963496395993,6.404766572073361,16.1371876753322,-3.1751797750314394,32.242979439994,15.6834228555423,9.022068470485259,24.6718836104748,32.6493340503697,14.361722766967599
,sub-0126,ses-03,run-05,pain,TPJ,282,cueL_stimL,-21.8283580224913,0.0640031389247264,-18.311572574285602,-31.2751480647016,-4.477830941176499,-33.5722858561654,6.49226192873294,-0.8460745714824208,-1.61519086042436,-24.5826153524373,14.4409362068383,10.2217248832035,-13.663242473639901,-2.0136512967893,6.81893847426036,14.876451221961801,3.01877368559252,9.844133985189119,-15.2028021982476,29.5257699231081,15.645898774367199,25.0503509023318,-1.32231589322631,5.75532002835465,1.81762287722282,-14.911257286921801,-15.1460517401879,-1.456073016254,-9.31608081656449,18.3552180493582,11.8641648716326,10.0147269183871,-14.160720660546598,-9.59700393195858,23.39972881801,-12.5305991024505,-11.2822004845961,11.5658895375174,-0.536229347455036,10.273303536233,-1.00678529097272,-0.0419599653920444
,sub-0126,ses-03,run-05,pain,TPJ,282,rating,-4.28711403371281,2.19066957106862,4.2234215722582205,0.0254335611279508,6.139234636886769,2.7894879700022597,2.049218913163,0.638018971619438,9.38893724953761,6.142276142403129,12.529560434051199,0.927293196506589,-2.46190294544581,6.10499740382687,2.5848880128608798,11.4297579062826,1.78875277094046,5.6569123641747705,-1.5091208430101397,-3.35866991434043,1.23266222569278,-5.81776950633291,-0.8660068330141559,-5.05203656112516,8.40188893999359,2.37204414363407,0.42239474703029206,-3.13837533089894,0.581552672670448,-3.2993610580905,-5.6856342785165195,-4.15049188930531,-11.948882296829801,-6.99773903439947,-5.6996208470869805,-7.47433160674973,-5.09554356096697,1.45545641636559,4.49723219681673,-0.5908230853185289,-0.22721164270182603,-11.713561199407899
,sub-0126,ses-03,run-05,pain,TPJ,282,cue,-0.541397496622828,4.5259862018884105,-3.39310051192723,-0.816919035449864,-3.68624764025863,2.71136355018569,0.37808329969899296,-1.30970243956824,2.2399045967931004,-6.395460837533231,2.71105279180309,6.28842011594115,-2.48790480914853,-3.17856537238504,-1.12488381540021,-9.96677805952771,0.301987384576066,-11.7011213989395,-4.98204341505644,-8.70293560399863,-3.15138936321419,-9.952989823841632,-6.269564793652361,2.30087487020946,-1.98080970633428,11.6099749759009,1.71523412173329,1.34315925427149,-8.24046888618449,-4.850933586889919,-13.0632629625703,-0.9341718505712141,-9.99026568365936,-2.2700711187892897,-6.99541719750367,-8.30077637048068,5.9357639095132395,-2.14407633798225,7.95153495330823,-6.8270103906361,5.57733473820161,-13.2127060361425
,sub-0126,ses-03,run-06,cognitive,TPJ,277,cueH_stimH,5.25003433227539,-2.09757804870605,0.9224696755409241,-2.5863056182861297,-4.80184268951416,7.572815418243411,7.20855712890625,1.15239977836609,2.13690710067749,13.1286945343018,-2.75906038284302,-13.3239574432373,-4.058818340301509,-26.709688186645497,-14.5254163742065,-10.974621772766099,16.4888668060303,12.9054012298584,-12.052722930908198,-6.51987266540527,-1.44793701171875,-19.3661117553711,-29.4847793579102,-2.9655933380127,-14.1122169494629,-9.655378341674801,-10.834144592285199,-21.9758567810059,-20.1026630401611,-12.247293472289998,-0.3482033312320711,2.2141265869140603,-0.31052970886230497,4.041725158691411,1.52266502380371,9.65458297729492,11.986541748046902,3.56926727294922,-1.9481568336486799,0.41693687438964794,20.7759284973145,-7.426842212676999
,sub-0126,ses-03,run-06,cognitive,TPJ,277,cueL_stimH,5.70068168640137,2.4303808212280296,3.98980760574341,-9.29701519012451,5.809930801391599,15.2030763626099,4.25404644012451,-0.930749595165253,6.074938297271731,-4.49170637130737,-3.02049922943115,-6.53987312316895,-10.8295278549194,-11.665751457214402,3.48044109344482,-5.7709231376647905,-16.286300659179698,-36.6962089538574,-7.2426586151123,-0.15387058258056602,8.91379165649414,-2.4651107788085898,-7.075824737548831,-5.35146141052246,-7.251431465148929,-6.5941047668457005,-14.6130361557007,-15.411388397216802,-14.977577209472699,-5.54610443115234,-10.5581483840942,0.989365100860596,-6.63942718505859,-5.23695373535156,-7.03369045257568,9.34531021118164,4.72439289093018,15.109360694885302,-9.42973613739014,-8.57521533966064,-17.2777442932129,-7.872196197509769
,sub-0126,ses-03,run-06,cognitive,TPJ,277,cueH_stimM,-15.0984687805176,-4.15664291381836,-13.567353248596199,2.10822725296021,-11.1093664169312,-33.3712120056152,-18.491834640502898,-11.2162742614746,-9.51791667938232,-8.98930835723877,-17.3428821563721,-30.6369953155518,-39.4607391357422,-28.6344184875488,-40.0482788085938,-31.7226638793945,-36.5394744873047,-22.7837181091309,-31.9541206359863,-26.5184707641602,-12.885780334472699,-14.127721786499,-11.8419704437256,-6.29306507110596,-9.37562084197998,10.065213203430199,-7.25220441818237,-10.431490898132301,19.1534519195557,-14.912234306335401,-5.0291748046875,-11.2609348297119,-24.6523704528809,-21.744651794433604,-4.37057113647461,1.19726896286011,-4.1029372215271005,-19.1919345855713,4.899476051330571,-3.64798450469971,-29.560230255127,-20.0903701782227
,sub-0126,ses-03,run-06,cognitive,TPJ,277,cueL_stimM,24.4568653106689,14.161417007446301,14.5335121154785,6.628535270690921,16.0966415405273,6.47253704071045,7.287280082702639,16.2038059234619,-3.65485811233521,-0.41871261596679704,-13.177593231201199,-5.761346817016599,-21.622179031372102,-22.612451553344698,3.98413038253784,-9.09690952301025,0.969272613525391,-11.2194766998291,10.847636222839402,20.0182800292969,0.608595848083496,4.15329313278198,9.6135721206665,-24.3293972015381,4.48437023162842,-1.66970300674438,4.02703380584717,1.95216369628906,4.00602340698242,-10.873565673828098,-7.485797882080081,-33.4560203552246,-28.2587013244629,-6.0964241027832005,-6.88491344451904,-7.1155509948730495,0.115554809570312,-26.149024963378896,-39.324047088623,-44.232852935790994,-26.263328552246104,-7.91496276855469
,sub-0126,ses-03,run-06,cognitive,TPJ,277,cueH_stimL,6.1247062683105495,9.137998580932619,-2.21752262115479,13.7365407943726,7.804595947265621,-2.0952527523040803,12.808450698852502,6.55900764465332,-22.659814834594698,-2.31256508827209,-11.6925582885742,27.068172454834,19.0559520721436,-12.2037038803101,-17.7590065002441,-29.1073188781738,-19.606458663940398,-7.04263877868652,10.7821846008301,-6.59937286376953,-3.2986850738525404,-8.62103843688965,-19.104457855224602,-1.74453020095825,2.0450234413147,17.9303970336914,2.5007729530334504,-19.9961051940918,-14.833021163940401,-6.21027374267578,-10.5094718933105,-6.44964265823364,-7.2889900207519505,2.66073369979858,-15.319366455078098,-9.7672004699707,3.2833838462829603,12.5012979507446,-6.092876434326169,-11.476951599121099,-7.929107666015621,-3.8026409149169904
,sub-0126,ses-03,run-06,cognitive,TPJ,277,cueL_stimL,-1.18038249015808,5.35473346710205,3.52580642700195,-9.93708229064941,-2.24202680587769,14.141481399536099,15.7284812927246,4.49369478225708,-3.0328354835510294,-4.3846640586853,-12.3615036010742,4.72566223144531,5.780096054077151,-6.0717473030090305,-11.065465927124,-22.354097366332997,-13.224327087402301,-16.2835655212402,-13.847643852233901,10.7392663955688,6.30935001373291,16.1574802398682,-12.407840728759801,-11.9471092224121,-20.479892730712898,-13.5246295928955,5.9602165222167995,-4.62580871582031,0.114009857177734,7.033512115478519,4.70868301391602,-6.02556610107422,-1.4270935058593797,4.9008731842041,-16.9995803833008,12.224971771240199,-15.193115234375,-16.2527198791504,-15.777984619140598,-16.8542327880859,-0.20720291137695301,-8.53349876403809
,sub-0126,ses-03,run-06,cognitive,TPJ,277,rating,0.85188102722168,3.8305721282958998,3.0173492431640603,5.40995216369629,5.24440383911133,4.141686916351319,6.39762783050537,4.24959659576416,-0.680786848068237,2.54405689239502,0.633499145507812,6.2477531433105495,8.5700511932373,3.57565307617188,1.4979572296142598,-8.36751174926758,-13.036134719848599,-11.1778297424316,-3.2878627777099596,-9.3325080871582,-9.229376792907711,-6.415966987609861,-10.9539852142334,-11.411355972289998,-12.2879638671875,-9.258100509643551,-13.150502204895,-11.7018775939941,-6.7359733581542995,-11.2816667556763,-11.260835647583,-13.4495391845703,-13.1775674819946,-14.277117729187,-11.4248485565186,-3.6021842956543,-3.28043937683105,-7.81204795837402,-7.71911811828613,-11.698953628539998,-6.547454833984379,-5.02391481399536
,sub-0126,ses-03,run-06,cognitive,TPJ,277,cue,-8.195493698120119,-6.41310882568359,6.071698188781741,2.49925422668457,2.49689483642578,-10.530128479003901,-7.81048583984375,-10.3540954589844,-4.93800735473633,-9.8179817199707,-10.755256652832001,-4.64122200012207,-4.92751407623291,-3.54311418533325,5.55135345458984,-5.420231819152829,-6.876775741577151,-13.557857513427699,-3.4869384765625,1.80450439453125,7.20475006103516,3.45542526245117,5.4495334625244105,0.93789005279541,5.07311820983887,-0.232011318206787,6.53769969940186,3.2693085670471205,2.16515302658081,9.00850868225098,1.6884131431579599,7.460619926452639,4.778968811035161,-0.605569362640381,16.3495998382568,19.4983596801758,13.692711830139197,9.52902793884277,2.34082698822021,9.33544540405273,10.456693649292001,13.6690835952759
,sub-0126,ses-03,run-06,cognitive,TPJ,278,cueH_stimH,0.112590789794922,6.140385627746579,7.19368743896484,8.98698711395264,10.4008483886719,1.14395868778229,7.36312294006348,-6.272735595703121,-10.0094156265259,-8.92433929443359,-11.6587133407593,-9.3144645690918,-17.8514633178711,-9.62114334106445,-12.066168785095199,-8.181042671203612,2.3507499694824197,-0.966528475284576,-3.0947151184082,-10.9403343200684,-18.676643371582,-23.1729850769043,-6.706085205078121,-4.175653457641601,-4.855260848999019,0.8871531486511229,-9.08685302734375,-6.0687117576599094,5.66465663909912,-5.46939754486084,8.9611177444458,8.51165008544922,7.3780002593994105,8.4482421875,1.8135814666748,12.1906299591064,10.1166305541992,7.0389919281005895,2.68033027648926,5.01190185546875,-0.282361030578613,-4.32417964935303
,sub-0126,ses-03,run-06,cognitive,TPJ,278,cueL_stimH,-7.371402740478519,-7.38348579406738,-7.21897029876709,-6.32518863677979,5.78469038009644,5.60799121856689,7.94711971282959,1.35865890979767,1.32067358493805,3.78443145751953,-10.0218458175659,-8.42083168029785,-10.4098711013794,-10.1329126358032,0.680346488952637,-10.806433677673303,-2.4161217212677,-9.55415725708008,-2.24326634407043,8.21665954589844,-3.7548379898071302,-5.004478454589839,-8.059324264526369,-2.13109588623047,-7.721065521240231,-0.552589416503906,-7.34593200683594,-4.13697052001953,-9.76067161560059,-6.45722198486328,-2.77581119537354,16.6220798492432,9.0418701171875,14.960994720459,7.468509674072269,12.5884571075439,17.1723022460938,7.926955699920651,14.6984605789185,3.5300331115722696,-5.727970123291019,1.1842241287231399
,sub-0126,ses-03,run-06,cognitive,TPJ,278,cueH_stimM,10.4462032318115,-0.931163311004639,-1.10581207275391,-0.316709637641907,-5.53397989273071,-15.177896499633801,2.5512228012085,-6.67340183258057,9.62822723388672,1.74915874004364,-21.313579559326197,-23.5598335266113,-21.1937866210938,-27.366956710815398,-14.7535858154297,-22.2120151519775,-18.4021682739258,-24.759075164794897,-6.980299949646,-11.305450439453098,-3.63564968109131,3.7523517608642596,-0.518051147460938,10.928966522216802,17.1121673583984,2.5439019203186004,-9.67723083496094,-6.568426609039309,20.1030540466309,1.69255065917969,6.7020263671875,-14.7533054351807,-5.957305908203121,-13.149418830871598,-9.06939601898193,13.565204620361301,-6.44018888473511,6.847317695617679,12.327995300292999,14.641484260559098,-20.1646099090576,-8.16023254394531
,sub-0126,ses-03,run-06,cognitive,TPJ,278,cueL_stimM,13.123941421508801,11.259752273559599,7.769888401031491,11.827597618103,9.260151863098141,6.40202188491821,4.49141073226929,2.54590511322021,5.53012561798096,-2.78581047058105,1.61456727981567,9.80038452148438,0.0812869071960449,-14.283299446106,5.301479816436769,19.2868614196777,27.223604202270497,10.8500118255615,11.978740692138699,38.2001457214355,24.2463264465332,35.7444000244141,0.25231575965881303,-22.5990524291992,5.78931093215942,-6.52004337310791,-1.06933403015137,8.10329627990723,8.15992736816406,15.696861267089801,1.04230880737305,11.461906433105499,1.56085586547852,9.355913162231449,11.20299243927,16.4970397949219,15.9287586212158,-11.0680618286133,-15.9708499908447,-12.5286121368408,-0.791107177734375,5.97505807876587
,sub-0126,ses-03,run-06,cognitive,TPJ,278,cueH_stimL,1.32679080963135,5.10805749893188,19.4189338684082,1.1200578212738,17.8925895690918,11.898928642272901,10.1167917251587,4.835633277893071,-3.38786625862122,8.63936233520508,-2.66906261444092,1.6404109001159701,-4.843206882476809,-1.49637508392334,-5.988914966583249,-16.5532341003418,-13.5886497497559,-20.719373703002898,-5.879319190979,-8.62515258789062,-8.59180641174316,5.55549621582031,2.27375411987305,19.200119018554698,21.0202808380127,22.257188796997102,20.4253158569336,11.624019622802699,13.1637325286865,12.3898468017578,1.6016120910644498,18.5166873931885,14.8198528289795,23.009449005127,10.708683013916,1.5829668045043899,13.992088317871099,12.865466117858901,11.095965385437,3.70712280273438,-6.97331047058105,12.1578102111816
,sub-0126,ses-03,run-06,cognitive,TPJ,278,cueL_stimL,-5.16153621673584,-1.65752983093262,-19.1342926025391,-7.27730464935303,9.98403072357178,-0.63848090171814,2.66354560852051,-8.270298004150389,-8.3496618270874,-15.350311279296902,-14.6022529602051,-9.1553840637207,0.9662685394287109,-11.4197511672974,-14.421185493469201,-20.7123184204102,-12.7811126708984,-13.252477645874,-7.52402830123901,5.7668561935424805,-1.26604819297791,2.21180105209351,3.12662220001221,10.714851379394501,10.109445571899402,5.291406631469731,16.2403869628906,16.0623397827148,11.488616943359402,1.7236862182617199,-9.35027122497559,-12.2597198486328,-2.9660758972168,12.264286041259801,8.82114410400391,16.3728981018066,10.916727066039998,6.3596477508544895,-3.2923011779785196,8.94746685028076,11.4224071502686,9.38305282592773
,sub-0126,ses-03,run-06,cognitive,TPJ,278,rating,2.82890701293945,5.41434478759766,8.14280700683594,13.667055130004899,7.37369537353516,11.263553619384801,8.369021415710451,9.96168327331543,8.362229347229,13.1527643203735,7.24163055419922,4.81109046936035,3.4256916046142596,2.7376251220703103,-0.35983848571777294,-5.05215644836426,-5.96909523010254,-0.512430191040039,3.38095188140869,2.0734844207763703,5.031180381774901,2.01657199859619,-0.837298393249512,4.92440509796143,-0.643972396850586,1.58983159065247,-1.8799307346344,-0.7969651222229001,3.0996918678283705,2.9452972412109397,4.29563236236572,-0.20309066772460896,-1.86829996109009,-3.4419732093811,-3.3284544944763197,2.0240306854248,-2.58559989929199,3.7381744384765603,2.63347959518433,1.6912865638732901,0.720739364624023,2.22650575637817
,sub-0126,ses-03,run-06,cognitive,TPJ,278,cue,-1.5755100250244098,-8.98127174377441,6.19466495513916,1.04634571075439,4.456828594207759,-3.27566432952881,-1.1767387390136699,-0.617256164550781,-0.552585601806641,0.9754714965820309,-1.8535079956054699,1.49570941925049,0.7807941436767579,5.92696285247803,-1.07994103431702,1.57609510421753,-0.00995731353759766,2.7217559814453103,0.275886535644531,8.715908050537111,14.693695068359402,6.743343353271481,7.6061725616455105,4.4325265884399405,6.167452812194821,1.7630290985107402,6.204345226287839,5.22998714447021,1.9584150314331101,9.88912582397461,-4.36018514633179,5.34870862960815,6.43023538589478,8.39707183837891,6.50061702728271,5.81278467178345,3.67393589019775,3.8351216316223105,2.70246767997742,13.573228836059599,10.0662708282471,15.0516719818115
,sub-0126,ses-03,run-06,cognitive,TPJ,279,cueH_stimH,-1.88387489318848,-0.21465396881103502,3.0868935585022004,7.85585069656372,-1.34483075141907,-1.96787846088409,-11.1703271865845,-20.7531719207764,-7.33984279632568,6.731805324554441,-7.05233192443848,3.7790958881378196,2.37082862854004,0.603776931762695,-15.155065536499,-2.38965082168579,16.4855556488037,-1.31127786636353,0.6860370635986329,-0.811689376831055,-11.7197265625,-8.57809448242188,-3.54776000976562,2.7407684326171897,-10.5859031677246,6.4822282791137695,-0.42813873291015603,-13.7011432647705,-9.70253658294678,-8.15192127227783,-9.96369552612305,-1.06509780883789,-3.4079742431640603,3.48755645751953,0.6774520874023441,18.383716583252,5.33002185821533,-13.064826965332001,-22.7687129974365,-29.0887756347656,-26.009057998657198,-24.9108581542969
,sub-0126,ses-03,run-06,cognitive,TPJ,279,cueL_stimH,-3.59672617912292,-5.749671459198001,-3.74326038360596,-5.51652526855469,1.72049701213837,-4.4360179901123,5.691949367523191,9.13036727905273,7.64459371566772,15.3139591217041,-0.0553326606750488,21.6216125488281,4.824715614318849,-6.4895734786987305,16.5490684509277,11.2631568908691,12.331409454345698,-6.76760101318359,0.38443660736084,-5.71601676940918,-11.327675819397,-6.15203857421875,-28.2879638671875,-8.556516647338869,-17.3682727813721,-19.4672889709473,-29.179258346557603,-24.063440322876,10.596602439880401,-12.012046813964801,-11.1654224395752,5.93515872955322,-1.4175033569335902,9.56124305725098,-0.47044849395752003,3.3931770324707,-8.81017208099365,-10.0686893463135,3.10902643203735,-18.3088207244873,-16.3937454223633,-0.560802459716797
,sub-0126,ses-03,run-06,cognitive,TPJ,279,cueH_stimM,-3.775634765625,-2.41665267944336,-20.5289611816406,-12.2694406509399,-14.6719436645508,-11.264993667602502,-6.9684758186340305,-9.80978679656982,2.5468430519104,18.095111846923803,9.42405796051025,9.89659214019775,2.0012836456298797,-5.10526847839355,-8.81907749176025,-1.10272884368896,-8.27034950256348,-10.829568862915002,-5.849151611328121,-4.81249237060547,-19.943027496337898,9.57742977142334,-10.9740333557129,-5.295812606811519,-6.97764778137207,-13.5996675491333,-8.18482303619385,-21.0422668457031,29.106891632080103,6.71535062789917,24.583251953125,-14.2800846099854,16.6763610839844,7.65348720550537,17.072162628173803,32.8794136047363,13.482572555542,16.8543491363525,3.65597820281982,8.0233211517334,-26.7186717987061,-20.2004699707031
,sub-0126,ses-03,run-06,cognitive,TPJ,279,cueL_stimM,-3.5118808746337904,-6.2753701210022,-13.5381813049316,6.27713346481323,-13.645633697509801,-0.784863471984863,-17.1098003387451,-2.9750156402587904,18.1055183410645,-1.2026402950286899,12.249042510986301,10.776317596435499,5.69973373413086,12.9142732620239,15.3866024017334,11.586927413940401,21.2064323425293,10.9253101348877,25.7518196105957,29.8218994140625,-0.35194015502929704,35.783699035644496,15.206449508667,-10.7422571182251,14.076900482177699,11.7840156555176,19.8704147338867,40.80613327026371,31.8608322143555,-2.87995147705078,9.55660820007324,-9.61372375488281,-5.412109375,-1.59481430053711,-6.85648536682129,-12.076395034789998,-6.32234287261963,-21.8496932983398,-24.4622364044189,-34.425407409668004,-30.414680480957,-18.839895248413104
,sub-0126,ses-03,run-06,cognitive,TPJ,279,cueH_stimL,-6.5523567199707005,-0.37774991989135703,-8.55782127380371,-6.600934028625491,4.20882987976074,5.06665086746216,-3.1966872215271,-13.4062175750732,0.388684570789337,-1.7140815258026103,4.27959489822388,7.777245998382571,12.9126319885254,4.00356340408325,-11.975728988647498,-2.91482901573181,-9.79555606842041,-5.26662540435791,13.113035202026401,-10.153434753417999,0.0339870452880859,3.62169551849365,2.28174209594727,8.42934131622314,11.391040802002001,9.43372535705566,-5.76819372177124,-22.4055957794189,-10.6764984130859,-22.8236770629883,-12.5778388977051,-0.761975288391113,-17.9631385803223,-5.85431575775146,-21.0366191864014,-17.244310379028303,-3.45525288581848,-8.55283164978027,-11.9404039382935,-24.0163421630859,-20.792705535888697,-8.48361015319824
,sub-0126,ses-03,run-06,cognitive,TPJ,279,cueL_stimL,-2.9739410877227797,8.505885124206541,-7.8358736038208,12.8954315185547,0.149795055389404,7.49402189254761,19.1178932189941,-3.31155872344971,13.8844470977783,-7.38599300384521,0.872649192810059,11.989105224609402,13.272910118103,-19.8216876983643,-8.37101173400879,-34.7744979858398,-23.7739772796631,-21.833326339721697,-24.7053718566895,-9.36343097686768,-19.2040863037109,-5.5864953994751,-9.53926944732666,-3.75124406814575,-3.4082050323486297,-24.093936920166,2.3893203735351602,-19.6668319702148,-14.5165042877197,-11.3091335296631,-4.5467643737792995,-13.230918884277301,-2.6375560760498,-2.5254020690918,5.895555973052981,8.84329414367676,-15.118062973022498,-29.408174514770497,-19.8955764770508,-20.0800457000732,-17.4891681671143,-7.3380222320556605
,sub-0126,ses-03,run-06,cognitive,TPJ,279,rating,-1.00130081176758,-4.94611358642578,-1.66123962402344,2.53182792663574,-1.42214393615723,0.296618938446045,-2.0949506759643604,0.11789536476135301,8.48106956481934,13.951603889465302,20.927143096923803,27.5970020294189,32.215343475341804,35.305549621581996,17.6865520477295,12.6771793365479,5.8575725555419895,4.482873916625981,1.6802339553833001,-2.0804615020752,6.95459175109863,0.6155996322631839,-2.38376331329346,-1.61567449569702,-9.06929111480713,-2.91211199760437,-3.6338517665862997,-6.79306602478027,-2.3361382484436004,-2.8288173675537096,-1.7846366167068501,-2.39214611053467,-2.48640012741089,-0.5541571378707889,-2.6815357208252,-2.43093490600586,-4.82216453552246,-2.0147733688354497,-1.85411262512207,-7.94254636764526,-0.906024932861328,3.11912655830383
,sub-0126,ses-03,run-06,cognitive,TPJ,279,cue,1.40913581848145,-7.22383117675781,11.0303058624268,1.3144626617431598,4.28540992736816,2.4315376281738303,1.4908638000488301,0.9063644409179691,8.01559448242188,3.54094696044922,-0.7643833160400391,10.5125675201416,8.51437187194824,4.54879379272461,5.89997959136963,2.6116738319397004,-3.8016195297241198,-10.9149017333984,-14.600616455078098,-14.4263458251953,-14.2815093994141,-12.8407325744629,-11.9902238845825,-11.736780166626,-8.84443187713623,-9.254861831665039,-1.04690933227539,8.248349189758299,2.6272363662719704,0.579291343688965,-8.05373573303223,0.711310386657715,-3.3887171745300297,-2.7262420654296897,3.61827611923218,2.93264675140381,-0.150652408599854,-3.59280180931091,-3.61960864067078,2.2387673854827903,2.22799682617188,6.44943714141846
,sub-0126,ses-03,run-06,cognitive,TPJ,280,cueH_stimH,-9.76005268096924,-9.69373798370361,3.2590692043304403,2.02504539489746,1.29118096828461,1.06623184680939,0.48083972930908203,-15.1716785430908,5.17830562591553,13.9794120788574,0.802181243896484,9.0675106048584,4.22800588607788,7.3482928276062,8.77361679077148,21.674388885498,28.3276386260986,14.3335647583008,16.0289192199707,9.860837936401369,-4.3411865234375,-10.1217842102051,4.29393005371094,9.762147903442381,3.45638465881348,1.34124898910522,-0.47738170623779297,-13.2708215713501,8.00132369995117,-1.1513357162475601,3.9581470489502,9.33689498901367,-3.90079307556152,-3.09795379638672,-3.92262077331543,8.71274662017822,7.7258939743042,4.18951034545898,-1.27633237838745,-14.9568357467651,-16.7057094573975,-19.448371887207
,sub-0126,ses-03,run-06,cognitive,TPJ,280,cueL_stimH,-3.37638306617737,-7.02634477615356,-22.685537338256804,-10.488884925842301,7.9029216766357395,7.00054407119751,12.537138938903801,19.7233810424805,19.9424152374268,29.4856872558594,22.800052642822298,22.525110244751,31.460060119628896,28.701580047607397,23.595558166503896,13.152208328247099,16.632991790771502,4.35764980316162,7.74784755706787,0.8285188674926759,-11.032325744628901,-6.84553527832031,-16.2220573425293,-9.89409065246582,-9.19815540313721,-7.355120658874509,-7.069344997406009,-8.85472297668457,-6.89373779296875,-10.754913330078098,-7.21143245697021,0.831673622131348,-5.62037658691406,-4.57034111022949,-7.68984079360962,-0.135516881942749,4.36310625076294,-0.6225666999816889,0.797290325164795,-7.89522409439087,-8.8568115234375,-9.03989219665527
,sub-0126,ses-03,run-06,cognitive,TPJ,280,cueH_stimM,23.498050689697298,19.6593799591064,5.59068202972412,12.509916305542,3.2593572139740004,3.22363638877869,7.26922845840454,10.2618865966797,26.6126384735107,25.341016769409197,19.482585906982397,10.4497900009155,17.500545501709002,25.3427543640137,27.5366554260254,24.762794494628896,13.0656585693359,14.481138229370101,16.6307067871094,0.859466552734375,0.49820804595947293,1.38698673248291,-4.27939224243164,1.07770967483521,7.31642055511475,-9.77253723144531,-3.3267974853515603,6.446678638458249,26.585472106933604,8.07830810546875,14.8851318359375,-3.2460308074951203,-7.14699554443359,5.64043521881104,22.615053176879897,38.034584045410206,13.4546775817871,-2.55881214141846,7.833978652954099,3.8762159347534197,-13.512718200683599,-6.84288024902344
,sub-0126,ses-03,run-06,cognitive,TPJ,280,cueL_stimM,-9.52829170227051,-9.2159423828125,4.0596427917480495,6.54073333740234,-1.88781666755676,-9.00636577606201,2.43081521987915,3.2705669403076203,7.9564471244812,13.135362625122099,18.8486366271973,30.6361465454102,31.2777214050293,23.1488723754883,21.2974033355713,21.0074195861816,16.220073699951197,10.396259307861301,8.657106399536131,19.2496376037598,15.6781606674194,21.100894927978498,4.36645603179932,-21.828323364257802,5.93939876556396,-10.1304512023926,3.28913450241089,-1.5870056152343797,1.8646335601806598,5.91699981689453,-5.754547119140621,-7.09471893310547,-3.31999969482422,-6.627032279968259,-11.926988601684599,-2.0426197052002,-5.724609375,-19.354812622070302,-16.6914138793945,-20.515781402587898,-14.719585418701199,-12.0741138458252
,sub-0126,ses-03,run-06,cognitive,TPJ,280,cueH_stimL,-6.141254425048831,6.32782077789307,9.25071334838867,9.08738899230957,11.2029705047607,17.5006885528564,14.3935060501099,20.1470584869385,14.195701599121099,19.6273517608643,10.8138847351074,21.5370025634766,10.690446853637699,15.757772445678699,3.0351262092590297,9.36312103271484,5.789236545562741,1.77740669250488,7.35966396331787,7.00493621826172,-7.647624969482419,5.09979820251465,23.375080108642603,24.9868679046631,16.934232711792,14.534068107605,-1.06961822509766,-8.45870399475098,-7.45235872268677,-9.90412139892578,6.2900276184082005,-0.9198842048645021,1.2744436264038101,4.4229836463928205,-2.83590221405029,1.1864296197891202,-1.0941262245178198,-5.91046905517578,-2.5860166549682595,-9.83267211914062,-13.476551055908198,-0.0836772918701172
,sub-0126,ses-03,run-06,cognitive,TPJ,280,cueL_stimL,9.74410438537598,16.740867614746097,-9.05110168457031,3.6434383392333998,7.73779392242432,12.9277868270874,19.4608535766602,6.00197982788086,22.3841667175293,14.5493679046631,23.1156063079834,21.3475017547607,22.3961753845215,15.1492671966553,7.7525949478149405,-2.4305171966552703,4.37438678741455,7.83395862579346,14.0784969329834,24.3545570373535,14.656410217285199,13.698436737060499,16.544452667236303,20.0607948303223,26.1030349731445,23.1272506713867,37.7510757446289,28.3839645385742,24.3405647277832,16.2594871520996,10.4601306915283,13.9122924804688,15.015156745910598,13.098162651062,6.84288883209229,12.1109199523926,7.44105005264282,7.1743659973144505,2.5923233032226602,18.6396713256836,10.281242370605499,8.46505737304688
,sub-0126,ses-03,run-06,cognitive,TPJ,280,rating,5.5880413055419895,5.333770751953121,7.865447998046879,12.5021171569824,9.57600212097168,7.97455596923828,9.98234558105469,12.556312561035199,14.1545324325562,21.6701927185059,15.324664115905799,20.5733947753906,20.6957759857178,19.0319137573242,16.292669296264602,11.7867431640625,6.72685432434082,10.2256956100464,11.856162071228,11.678898811340302,15.349728584289599,10.626222610473599,12.1985025405884,12.539722442627001,9.49013805389404,8.71358489990234,3.50225043296814,5.56997346878052,5.98294830322266,10.1626930236816,10.776743888855,7.441715240478519,9.426836013793949,2.9338431358337402,8.10568523406982,10.4180288314819,4.9024343490600595,5.42850685119629,4.552453994750981,3.0241737365722696,7.72424411773682,9.764894485473631
,sub-0126,ses-03,run-06,cognitive,TPJ,280,cue,-1.48231506347656,-6.95314788818359,4.17706060409546,0.12454032897949198,0.71935760974884,-1.4765090942382801,-1.89627456665039,-1.9088211059570301,-5.00577926635742,-2.3774795532226602,0.51902961730957,3.23912715911865,1.5800256729126,1.5618753433227501,-4.3001217842102095,-2.75979042053223,-5.235421180725099,-9.05096054077148,-6.895111083984379,-5.544780731201169,-0.496109008789062,0.056915283203125,-6.819689750671389,-10.319814682006802,-8.77894401550293,-10.881649017334,-5.40324211120605,-6.69693660736084,-7.883727550506589,-6.98015022277832,-11.0952320098877,-6.5042018890380895,-6.24896144866943,-0.33241677284240695,-5.33012390136719,-5.93318367004395,-10.0129079818726,-5.88768005371094,2.60065746307373,0.43209671974182107,4.27636003494263,6.74605369567871
,sub-0126,ses-03,run-06,cognitive,TPJ,281,cueH_stimH,-2.945556640625,3.81875228881836,6.607089042663571,7.3697371482849094,3.0460782051086404,-3.83876180648804,-13.3751401901245,-17.4297218322754,-9.60679817199707,19.047784805297898,-5.00855016708374,16.871318817138697,3.43293905258179,10.3588371276855,0.577191352844238,0.631818056106567,22.451057434082,25.2581214904785,13.0456295013428,12.745792388916,-6.93025970458984,-3.15610122680664,8.51678466796875,7.66069030761719,11.3803806304932,6.99898862838745,-3.99724197387695,-6.18686676025391,-3.1415805816650404,-2.12099361419678,-1.81518769264221,0.9174728393554691,-9.51060104370117,-17.2716369628906,-29.032339096069304,-8.02147483825684,-3.61241960525513,-1.9501953125,-20.0211620330811,-15.201373100280799,-39.9376449584961,-28.960474014282198
,sub-0126,ses-03,run-06,cognitive,TPJ,281,cueL_stimH,5.37292385101318,-6.95226240158081,-11.992818832397498,4.76083898544312,3.3734116554260294,10.508676528930698,17.8459796905518,-1.50329005718231,2.2178189754486097,25.681438446044897,-0.21027445793151897,9.801371574401859,17.8555603027344,11.5894031524658,12.8664970397949,29.606994628906197,1.5469164848327601,0.955787897109985,-22.4443683624268,-24.621173858642603,-2.2434091567993195,-20.9517517089844,1.5294914245605502,-7.54614067077637,-6.558380126953121,-14.1614770889282,0.557040214538574,-6.41678237915039,-17.3474750518799,-11.288459777832001,-6.0460720062255895,4.52355623245239,-6.675201416015621,-7.64595651626587,-28.3632888793945,-7.20246982574463,-24.7299690246582,3.31264114379883,-2.25286984443665,-13.214488983154302,-8.63645172119141,-25.3034172058105
,sub-0126,ses-03,run-06,cognitive,TPJ,281,cueH_stimM,12.648792266845698,16.1647853851318,-2.44928932189941,10.5524940490723,-3.9914352893829306,4.33003377914429,22.663072586059602,21.095085144043,9.9567232131958,17.052902221679698,15.0609874725342,6.74502325057983,9.54968547821045,7.349788665771481,7.383050918579099,5.29878377914429,25.1495418548584,2.54526138305664,-2.27249813079834,18.0377922058105,3.81600379943848,10.2690649032593,5.416010856628421,13.269558906555199,3.1224851608276403,-2.84601974487305,0.8857624530792241,-14.4418506622314,29.519695281982397,10.938918113708501,2.4090576171875,16.860406875610398,8.85911750793457,7.55409336090088,1.4978351593017598,-7.01918172836304,6.6101779937744105,13.431073188781701,-4.44826316833496,-13.092902183532699,-54.957767486572294,-23.3262634277344
,sub-0126,ses-03,run-06,cognitive,TPJ,281,cueL_stimM,-4.73382759094238,0.700639247894287,-0.0374784469604492,15.2955646514893,-2.12812614440918,-4.90864706039429,-17.077196121215803,17.7316303253174,20.8895206451416,16.3325271606445,17.982595443725604,7.03517723083496,26.019239425659197,1.33314943313599,24.4331588745117,29.4701251983643,34.0114784240723,19.7087154388428,31.563133239746104,32.1808013916016,-19.0617694854736,6.907742500305179,21.048282623290998,-29.6568336486816,28.975055694580103,23.7428092956543,16.3967437744141,53.5086250305176,47.8257064819336,7.7469482421875,14.784803390502901,19.342494964599602,18.2575759887695,9.75558280944824,12.9889249801636,17.3119850158691,-4.68839454650879,16.118549346923803,-30.583471298217802,-23.444932937622102,-26.268404006957997,-10.518308639526401
,sub-0126,ses-03,run-06,cognitive,TPJ,281,cueH_stimL,-4.20645713806152,3.51640844345093,-25.589050292968803,-10.2476959228516,-15.060450553894,-9.97009563446045,-2.14680767059326,-8.84907150268555,-9.61355400085449,-7.1082258224487305,-12.3223400115967,-12.195060729980499,10.5594940185547,-2.45266532897949,-2.75895404815674,-1.3043088912963898,-1.1634213924408001,-8.93977069854736,10.0669746398926,-11.637977600097699,-7.28302001953125,-15.165464401245101,0.611883640289307,-0.8434123992919921,-0.00909924507141113,1.97691369056702,-20.931037902832,-18.4940910339355,-0.6896648406982421,-18.4788665771484,-11.2512969970703,-16.2794570922852,3.31644821166992,-1.9121983051299998,-23.4500541687012,3.3076069355011,-3.0367798805236803,-5.29327201843262,-23.2063331604004,-29.576530456543,-27.7034912109375,-17.052555084228498
,sub-0126,ses-03,run-06,cognitive,TPJ,281,cueL_stimL,5.1997780799865705,17.0799522399902,0.84985089302063,-8.39087581634521,3.76408767700195,15.110602378845199,-1.6983180046081499,-7.39720916748047,-18.4402256011963,0.24361181259155298,1.56655502319336,23.745525360107397,32.538387298584,12.0761985778809,2.4504785537719704,-7.0571804046630895,-4.50415802001953,-10.2710580825806,-10.072124481201199,8.80788898468018,15.1392641067505,18.039981842040998,0.0716400146484375,14.69642162323,6.1925554275512695,11.3284225463867,15.5067138671875,25.2587509155273,7.575201034545901,11.784280776977502,-8.75203704833984,-8.59402465820312,8.032459259033201,22.557186126709,10.737586975097699,20.5155639648438,8.2377872467041,-6.979346752166751,-4.527931213378911,4.21727752685547,11.659120559692399,7.1355686187744105
,sub-0126,ses-03,run-06,cognitive,TPJ,281,rating,-0.0163898468017578,-1.87790298461914,-2.27178955078125,-3.73671340942383,-0.6872482299804691,-6.346660614013669,0.0688610076904297,7.261478424072269,-4.946264266967769,8.08254909515381,3.4658727645874,2.76441383361816,4.40796279907227,10.1931304931641,5.972774505615231,2.13888168334961,-0.567586898803711,8.68386745452881,6.966641426086429,1.2772312164306598,12.7262706756592,2.5913877487182595,10.944228172302198,7.99243068695068,7.89490509033203,6.59157371520996,4.028673171997069,3.45957660675049,3.14208006858826,3.10795783996582,5.0108499526977495,-1.21645545959473,3.7703285217285196,2.143306016922,-0.761006355285645,-4.37449264526367,2.60843563079834,6.7021989822387695,-1.3228883743286102,-3.89989519119263,0.81892204284668,0.761012077331543
,sub-0126,ses-03,run-06,cognitive,TPJ,281,cue,-6.739812850952151,-10.950190544128402,9.92602252960205,0.655519962310791,8.199305534362791,2.31232643127441,-3.02567672729492,-1.24986267089844,-7.714252471923831,0.7026824951171879,-8.28313827514648,-8.66242218017578,-6.945318222045901,-8.83724975585938,-7.89260482788086,-8.34804153442383,-3.65717697143555,-9.02152633666992,-11.189079284667999,-15.468132019042999,-4.80209732055664,-8.196743011474611,-20.438144683837898,-11.343299865722699,-8.02988529205322,-15.677227020263699,-3.7067551612854,-13.9092044830322,-10.6413049697876,-15.6581611633301,-18.776788711547898,-8.30680274963379,-15.0372047424316,-3.68165564537048,7.511273384094241,3.6382465362548797,-5.78399658203125,-21.824434280395497,-12.376951217651401,-2.1845495700836204,-5.6247420310974094,3.0078935623168905
,sub-0126,ses-03,run-06,cognitive,TPJ,282,cueH_stimH,11.246368408203098,-8.15189743041992,9.960142135620119,13.735276222228999,11.4562768936157,14.4697866439819,-5.0805168151855495,-16.7412414550781,-19.892032623290998,-7.07304048538208,1.08200407028198,1.4425075054168701,-2.3729443550109903,-7.38003206253052,-21.935325622558604,1.06236243247986,18.5609912872314,3.6724674701690696,33.890533447265604,11.266117095947301,-9.95236206054688,-37.174407958984396,-14.094573974609402,1.89019298553467,-16.7867469787598,14.5858516693115,-16.0390930175781,-4.1539015769958505,-16.6394577026367,-8.142758369445799,2.3721959590911896,-0.42371749877929704,1.71333885192871,0.323989868164062,-17.3348236083984,-12.7402992248535,-13.0893297195435,9.98896789550781,-15.7754001617432,-14.749457359314,-16.2099304199219,-35.2056121826172
,sub-0126,ses-03,run-06,cognitive,TPJ,282,cueL_stimH,-11.0883121490479,11.6128263473511,-19.1854076385498,-24.3619689941406,-11.9813594818115,7.387850761413571,24.009349822998,0.994422793388367,25.138854980468803,19.8429565429688,-22.460428237915,13.5821800231934,8.33510684967041,3.6891543865203897,14.2541494369507,3.02769303321838,16.549293518066403,1.8881676197052,24.868103027343803,14.5998945236206,4.33248710632324,15.319709777832001,-16.8866271972656,-4.570152282714839,14.462553977966301,-8.62370109558105,-3.48650693893433,-18.988872528076197,14.640717506408699,-14.4517974853516,9.28018188476562,13.9803142547607,18.487434387207,6.3000783920288095,-12.798946380615199,11.6710920333862,13.955547332763699,-7.88380908966064,15.406358718872099,-2.28693723678589,3.21147918701172,-14.157999038696301
,sub-0126,ses-03,run-06,cognitive,TPJ,282,cueH_stimM,24.8747615814209,6.500006198883059,1.1094560623168899,-3.67843341827393,-31.500934600830103,-19.5799674987793,9.239931106567381,9.93265438079834,27.7105655670166,11.2571086883545,5.61193084716797,7.55849981307983,3.2875242233276403,-17.8352584838867,7.439227104187009,0.139179229736328,-2.11822509765625,6.03788089752197,5.71359920501709,10.4510536193848,1.1170854568481399,12.7842655181885,0.244361877441406,-8.91816234588623,-2.3443636894226096,-13.88512134552,9.88468265533447,-0.575740814208984,32.418365478515604,-3.41362380981445,-10.766357421875,-6.21702575683594,43.8235969543457,22.320739746093803,-14.900402069091802,-12.928995132446301,-25.2924957275391,31.1131153106689,19.117057800293,4.42301559448242,-34.3242340087891,-14.2912750244141
,sub-0126,ses-03,run-06,cognitive,TPJ,282,cueL_stimM,4.740928649902339,-10.2909746170044,4.59109210968018,-23.2360019683838,-14.5060596466064,-12.699856758117699,-4.6240701675414995,-16.309982299804698,-8.46804237365723,-6.28774356842041,0.0541543960571289,21.2776775360107,21.9610862731934,16.3595104217529,14.4363403320312,10.2928047180176,24.430444717407198,33.5018501281738,11.826070785522498,0.8516113758087159,14.967060089111301,18.7304286956787,-4.10552883148193,-31.271024703979503,-20.054666519165,21.0903091430664,9.588823318481449,-1.62980079650879,23.8444519042969,6.26643371582031,2.9154262542724596,-12.430469512939501,-17.758468627929698,-8.77226066589355,1.97101259231567,-6.476497650146481,9.46467685699463,-11.8463287353516,-39.49951171875,-20.8531551361084,6.58869171142578,2.68747329711914
,sub-0126,ses-03,run-06,cognitive,TPJ,282,cueH_stimL,-2.68304824829102,8.06913566589355,9.35309219360352,-40.753227233886705,13.084660530090302,-6.47663688659668,12.6058616638184,13.628315925598098,20.8177051544189,9.09984016418457,-1.85563945770264,5.81283235549927,-13.930109977722198,-13.324364662170401,-21.0207748413086,-6.13480710983276,-5.607299327850339,-1.32065486907959,15.6329441070557,6.40871429443359,-4.82934951782227,-0.16586732864379902,3.65224885940552,12.731929779052699,-7.767328262329099,2.7144010066986097,4.013746261596681,-12.551849365234402,3.2324481010437,-11.4541168212891,-0.947795867919922,21.4788112640381,1.41824769973755,13.295022964477502,-9.28397083282471,0.0712466239929199,10.764498710632301,-32.4914779663086,11.1954402923584,-14.6974487304688,-17.6572170257568,8.40219020843506
,sub-0126,ses-03,run-06,cognitive,TPJ,282,cueL_stimL,38.5714263916016,32.259368896484396,-12.0707302093506,24.4539413452148,-2.74306058883667,9.87476444244385,12.543800354003901,-1.23492836952209,15.815877914428699,9.00668907165527,14.237691879272498,33.524791717529304,7.97409439086914,8.777419090271,14.0482501983643,-31.562402725219698,-20.4938716888428,-29.5285205841064,-7.383087158203121,24.089666366577102,7.04080963134766,35.139846801757805,25.462842941284197,36.8461685180664,13.4112720489502,-15.031587600708,15.4113311767578,6.7525634765625,25.2722702026367,-1.3797073364257801,-3.9199161529541002,5.693511962890621,0.8757171630859379,-8.79034805297852,13.032470703125,10.9122867584229,-15.3589744567871,-21.375690460205103,-20.759162902832,0.9942779541015621,12.943361282348599,21.4004135131836
,sub-0126,ses-03,run-06,cognitive,TPJ,282,rating,6.299285888671879,1.3908920288085902,5.43212890625,7.80399322509766,1.4380683898925801,-3.8073167800903303,4.80283975601196,2.72922778129578,3.38050079345703,-2.52435684204102,-3.37135124206543,-0.39014434814453103,2.42540740966797,0.6936798095703121,0.561237335205078,-0.22715187072753898,-2.99030303955078,0.163003921508789,2.52768421173096,1.68780612945557,4.70587348937988,1.1171998977661102,-1.95852375030518,6.1346139907836905,-0.849292516708374,10.991945266723599,-1.25659251213074,2.03521347045898,1.1033735275268601,-3.58000755310059,3.03687524795532,1.4494533538818402,7.056973457336429,6.64111423492432,4.13949537277222,9.66847610473633,1.9088716506958001,-0.0924921035766602,-1.27850818634033,-8.89225673675537,-2.36366844177246,2.2539701461792
,sub-0126,ses-03,run-06,cognitive,TPJ,282,cue,-1.4629802703857402,-5.20284080505371,14.9563589096069,9.80879211425781,7.76578712463379,1.9310684204101598,9.44753646850586,0.0917282104492188,6.79171371459961,-1.1294059753418,8.93286895751953,0.880077362060547,-9.46001434326172,0.18880367279052698,-2.43443965911865,-3.2964448928832994,-8.58250522613525,-1.1431083679199199,-1.3544197082519498,0.281978607177734,6.37903594970703,3.3480873107910196,3.65271949768066,-2.16440200805664,7.35172367095947,11.676605224609402,8.35138511657715,18.191104888915998,3.6091895103454603,-0.469359874725342,-12.9281358718872,-13.483030319213901,-11.2675018310547,-1.3222694396972698,3.30504107475281,-4.237220287323,9.08153533935547,-1.2665979862213101,-11.2335615158081,-16.025859832763697,-1.20860910415649,5.51037693023682
