sub,ses,run,runtype,ROI,ROIindex,condition,tr1,tr2,tr3,tr4,tr5,tr6,tr7,tr8,tr9,tr10,tr11,tr12,tr13,tr14,tr15,tr16,tr17,tr18,tr19,tr20,tr21,tr22,tr23,tr24,tr25,tr26,tr27,tr28,tr29,tr30,tr31,tr32,tr33,tr34,tr35,tr36,tr37,tr38,tr39,tr40,tr41,tr42
sub-0128,ses-01,run-01,vicarious,MT,3,cueH_stimH,-11.914508234023199,9.28957905293551,5.2897106912761105,1.67992546801105,-17.6253464684122,-1.45954196425975,14.428567822786901,21.3573922116203,-0.272180463712738,43.5429890295759,38.8960588307657,66.0844631386881,33.2966584758339,34.0655488822552,29.795056604130203,13.3515993582134,47.743799799559795,16.5664870605669,14.633928871963699,14.7508208189709,5.11874603174043,8.41040520486479,6.6813788272931305,-3.43988451572853,-15.9301265094557,-22.5219134404892,-11.3203281963766,-16.458845797042,-16.4710485195084,-0.855054570594019,-5.3275300101610705,34.048451336097806,-3.69676094767713,-16.207205817683803,-6.355886107419651,-43.6373952838995,-24.011572398143898,-4.383518556670491,-7.07374142162753,-22.0300213861681,-49.7333239072223,-0.858491565250283
sub-0128,ses-01,run-01,vicarious,MT,3,cueL_stimH,-15.0064821979191,-31.9446958014755,-37.759568207389705,-36.0710454199703,-4.144292607083701,-16.4431249339544,7.2923418847109005,-6.2605966115274105,14.236945535457801,4.59618011764488,52.8917237833023,27.557882984694,56.43124095608599,64.6689683026096,68.7554225313565,34.3946677629809,69.6083222759904,39.597415975978606,14.504030833497,-10.502314878969,8.24240205832351,12.1473312577152,-8.03055224754897,-32.0748299686126,-43.41780009761229,-49.5755326683753,-18.709158891996502,-24.848984037020504,7.363375199139969,-20.9038060691184,-1.19172521074618,-28.8717652006532,-23.37864471369,-14.8753142416255,-1.53756207799902,-49.8152777119989,-25.5160446256419,-35.735550513929205,-31.493465055468697,-11.523843046555,-14.4082805087567,-19.6137089645977
sub-0128,ses-01,run-01,vicarious,MT,3,cueH_stimM,-8.84232275499485,-8.317497650986969,-7.69397314763721,36.9154717249165,-15.5787247921479,1.35927431197317,6.07169891345265,16.895649498906,12.0323809295823,48.21246844793821,35.6349312761124,21.8751726006175,40.837024525762104,24.3249876811266,54.5339180928973,60.8007535290395,58.7610756308784,48.467466437522795,47.517477645246494,30.697135408180102,4.13075266476711,-4.65790937159606,8.01008479150651,-5.45906238728743,-1.70954382850456,-26.896836642122,-7.07770769016958,-22.7415962564191,-11.6191835142217,-7.90849021352278,-4.80226342860242,-5.1114540137100395,-40.3522384357286,-32.3145547998099,-23.478700949542304,-10.9822641873775,-24.3339806867401,-9.18129488864608,-13.066933943975899,-26.575517414319897,-13.530771202924699,-9.129966804842539
sub-0128,ses-01,run-01,vicarious,MT,3,cueL_stimM,-16.9292881143936,0.633026161770765,-15.289174076436,1.5984631554062398,9.35293471215038,23.213782342231397,-8.72350181568369,11.0012377128315,-2.87846697926982,22.6036734442195,11.8192617722068,5.92506712805508,7.96710003488881,8.26043481340355,16.909197365504998,3.93019155188127,-1.8433044420198,-14.1346156237116,26.2363244032333,12.846705148527,5.54342366238405,-8.939667703845029,-24.513801190085697,3.74789210961083,10.9850069932686,-0.508819566371385,-9.698193599258198,-4.41844425114669,-37.950589362477295,0.700375854626472,-13.115531475088599,-14.469885122520099,-8.81002466739826,-19.8842856809334,-12.9644276847285,-25.3467922324051,-9.06624069444121,-4.33076890241267,-1.91865334707911,-28.698503466082002,-25.397768304612697,-11.849818285090699
sub-0128,ses-01,run-01,vicarious,MT,3,cueH_stimL,-21.819655153773304,6.56924636937589,-8.82855965306596,-1.04523128024896,-26.8129687427177,-8.46444814890228,6.19710318739347,25.0015203404966,19.3210526519294,25.593539889746104,30.9268956062533,20.3322032341027,26.4625493601325,43.687915828993795,58.719062178229294,67.3884991242424,58.72568300969,43.385939957789,5.28778590236851,0.953009238379606,16.115993753854198,-16.714369812047,5.63766977539289,-22.0914427028505,-28.224197269049895,-25.741436693790497,-32.3214194321981,-21.364541578281,-5.11202969102109,-23.5356668279653,-19.9917168324208,-7.397746138923839,-14.4836347386897,-31.5445222983275,-6.33449036262239,4.771843858076309,-6.86435424089501,-6.318589637855849,-21.951137585054198,-19.430250884815198,-13.5303895231411,30.9718032020888
sub-0128,ses-01,run-01,vicarious,MT,3,cueL_stimL,-39.51093885737679,-1.1217851836988402,-9.979023439885939,9.22471868796135,-7.697101679565789,-11.532028170641802,-14.5857765249509,2.57538717763502,24.851417485751902,26.120648529116696,23.1023938515456,3.2509000888194306,30.0811615928558,31.7079928228459,25.9066321655967,16.4659051762112,44.56688017776871,31.776661398769,31.9814954433419,14.364804281690303,-1.19126487131199,15.059827504889,-5.0365144776308,0.970561939436784,4.12299092126824,7.31472169660578,9.444636642060061,-7.18410168392403,-3.4537240821903996,25.7154965882549,-21.742376764497102,-21.7258519586788,-5.2049503546097196,-33.958489671781,2.92375413279545,-45.243432168305596,13.9119236478043,18.675717567175397,-34.6003439772493,34.06463342539261,8.956656281150401,30.374214135504698
sub-0128,ses-01,run-01,vicarious,MT,3,rating,2.63697175406574,-17.4947084657768,-8.62650470590078,-4.42804686960578,-3.0062418226486405,3.6921660976439905,-3.60821791597173,7.908553802768671,3.7854518205263,15.983007432406302,27.203533278853197,25.2603983391433,28.861581953011104,31.489014073252502,27.578820763946702,23.7050187251404,13.2903412229479,4.00473411074059,-5.05827502291372,-4.58512766857753,-17.823945354219898,-18.954453715181398,-27.0653150860112,-28.905597305447003,-26.1604882460121,-23.753703040464202,-23.905693326698497,-13.1404910886204,-12.743758135178899,-16.468866457339498,-9.35466458149906,-4.14948847191729,1.9955252333821398,-6.049550228210349,-9.608096704271011,-0.794404464669828,2.30412741005894,-3.2212565925702403,-14.084397733965002,-6.830494224584769,-8.253839923813631,1.7902894064756
sub-0128,ses-01,run-01,vicarious,MT,3,cue,8.43876899754286,-2.32244001163908,-7.02594562391402,1.4871106029814198,-10.223400903511198,-1.20276378367819,-16.9436445173701,-2.15631362328561,2.04850124465145,12.856844618359801,7.52864249994583,7.673816644414821,6.3805551576704005,9.10003582112403,-9.81526875844327,-8.623904188698111,-9.24996799212384,0.5553313461554039,-10.0253838975027,-3.26768144455948,-0.9840519953009799,-0.587135222114046,17.3999793570728,12.678744796071902,15.5368873184247,14.228903967690401,17.4397638634703,8.65670003310832,10.0992033153056,5.7115791760035,-1.4760379202585399,-1.2160582862501699,3.71718591853943,-4.34875434171383,-13.450391921108197,-0.26683458512334196,-11.485950016496902,-4.32324420615936,-20.114729220558,-19.5970400854673,-20.716069773368602,-13.860696551261402
sub-0128,ses-01,run-01,vicarious,MT,4,cueH_stimH,-18.586502908808,13.117724304047899,-22.149042369231896,-1.77877984303278,-28.528255666065103,-13.7398356967558,13.134707624414101,35.55270423961021,45.915962894534395,40.406241425730705,49.162237563621396,52.471616613939894,38.372596529496796,40.242189597019205,88.81621750146999,46.47221952644939,66.7283515990045,70.47022297191859,67.3063127370741,20.763296792225102,39.5604912085988,8.3182347145041,17.5807373085734,-1.53623019769739,-7.11091162081053,-4.14012333740975,-14.174481567229302,-3.77051379211272,-3.19680907862903,11.5657406779971,7.941144846526741,-13.639398224406,-54.5755559837504,-8.24741684671796,-46.76107331360371,-4.95728159872591,0.263357488986927,-31.3916920209855,-31.0480077482658,-28.104853202547,-25.298290607335,-28.803004715295803
sub-0128,ses-01,run-01,vicarious,MT,4,cueL_stimH,-32.2677791874443,-51.744257282073896,-19.1564522687382,-29.485408211080603,-31.154240655254103,-19.602499053265,-20.262525562696702,-21.1055427227958,0.0205844257337411,37.5998639078161,57.5827647084734,41.5442065952279,73.59983216903841,110.267292153327,76.0636610140368,88.73644295028379,76.15185795181159,80.7128578952226,66.3366073030105,71.9252195083732,19.9411481349079,33.8571794334163,-7.599939518580269,-2.24250731137834,-6.4173375546074904,-5.57828920426365,-30.488560541190004,-12.4356021715273,-38.8740464020528,-30.7676676085832,-28.0446255012,-36.5340936968937,-45.9000965031678,-40.2997454023389,-38.7743441712844,-16.0145325167506,-24.071777531829902,-17.9637323348897,-19.2677415163795,-10.981958977910098,-5.9254438588904295,-23.542764533345498
sub-0128,ses-01,run-01,vicarious,MT,4,cueH_stimM,-48.564794465072204,-27.451131133159,-20.903211584177498,-30.773038408941197,-3.9061531879137004,-4.32008550740507,0.510797949485951,16.002451905921,19.5365518743805,29.6263274862687,41.3795103298123,68.6976755151252,95.34210560549221,56.780998060948704,79.5465967297087,76.64173325135941,112.60397418997,73.06274053138699,83.54967966344641,48.229809186735494,38.536124257065296,26.3240074370476,9.504505434690198,-8.17792653480898,-41.6513521470482,-20.7593557173332,-38.3579846072581,-8.77384245618618,2.54988167037348,-3.93506331077623,-13.4438791234564,-26.6838235879748,-21.9646059362674,-31.625051275812897,-13.802151807216699,-6.9390973501318,-1.6084642324162,-4.684634699187769,3.44535984681184,-26.324294761803102,-28.5733215071293,-6.6491802593769505
sub-0128,ses-01,run-01,vicarious,MT,4,cueL_stimM,-0.7608259782108571,23.3713151330776,0.295340860515565,3.2114552846729203,9.448835713897651,8.3168387486438,33.012487528978895,15.856032971379001,32.360180033814004,19.961946916143397,27.584259225641798,37.5341317753695,53.539761538327106,55.224446734106294,46.30063793,44.9394312666654,44.064432398383204,34.9236430487707,22.3115283289069,64.5743727227609,13.983118144288499,40.0598896067691,27.527363574618803,8.6759877202646,-7.9598362513396905,-10.157228703138301,-15.3257942671257,-35.572518167775705,-40.0634370005388,-24.5023767455711,-11.537702232698601,-19.0695471475241,-7.6503598523531,2.6374633400037797,-17.2387692263586,-14.8875758327198,5.235689988498019,-8.48332777661293,-8.3836829807738,-29.4392538707753,4.0130654311082,-17.7476130038354
sub-0128,ses-01,run-01,vicarious,MT,4,cueH_stimL,17.3255183358762,10.2977553397971,-24.030853898489102,10.8820498772881,-17.5926873212187,17.7918252489222,10.0426128340315,-0.943128130410082,25.28264297653,7.700200002579111,59.9472979781215,47.3597960949677,79.6236076037757,77.62212432352,66.9906980550424,108.70812964692301,83.74500447653129,87.9158256803962,61.236218734094706,82.7689885900711,84.7823686664949,22.8719972319022,13.530654610054901,17.9882458247967,-24.122986345202197,-14.9903309921189,-22.950911634004502,-11.036600387597101,-21.1958261542335,-31.481686582693897,-8.59368589142811,-23.857800586021398,-23.5950519409206,-33.3607718860473,-27.131577280827102,-3.4673297988425,-19.658142736288,8.44324087659124,-6.430122143256231,7.187813032463349,-15.9218891348933,-21.4385540488044
sub-0128,ses-01,run-01,vicarious,MT,4,cueL_stimL,-1.25463915237603,-34.468203122768195,-12.409450040926599,-14.2125958334482,7.332238200618581,-18.933024833801,-28.5073067846865,-14.9793074852722,29.091751606314503,16.9163323597215,19.1848788477878,64.26859127013829,39.9436616845177,69.3049269584432,55.5177494023203,37.490846795925,41.611476768958795,39.637049007276,65.8934712174215,60.5584975888351,63.4167920812131,38.5255184062,21.592377097439698,-1.7279937214658898,13.2588760749042,-8.90182955399827,-12.0340024500511,-4.41320885121819,9.98317601974934,2.22338513068572,16.5857233650047,27.496368236026,17.4432387026861,-25.5387939903709,-44.8955761967484,-2.7054855212865494,-17.0253603205671,-3.5600637452890997,-14.9590356524121,21.507508333337,-3.88544253038934,5.276044040400611
sub-0128,ses-01,run-01,vicarious,MT,4,rating,6.98898729783766,3.17276499782828,-2.52302606102936,7.131846011418,4.69398593051641,1.1143608193332601,3.75130110094808,13.121217712574598,14.340038432132301,17.0284537878976,23.8231633443116,23.0207206160037,28.8301569598067,24.4910741501692,24.507956636979102,25.4988121892382,20.998455678406103,15.797353863750802,9.90238983132428,8.72548333818801,-3.84895308357331,-21.262585518165103,-22.8723594394376,-8.61179739114004,-10.968357049869402,-21.796884697831,-15.672862618764801,-4.86898577758063,-11.5645243455964,-9.741407517931131,-14.293407667233401,-10.9554838412991,-16.331455207645398,-1.73634904113828,-7.941864696300111,-10.752803786610901,-14.217654634225,-8.71711859395467,-11.43885119192,-10.0935764149499,-9.532551924630189,-10.6122456397158
sub-0128,ses-01,run-01,vicarious,MT,4,cue,-10.8418736639873,-1.4959970440465,-16.844507715832602,-10.6014886641752,-18.0312655597359,3.2845845497241903,-11.3451975238328,-6.9531788904547,-9.41563605358689,-2.10816615443411,-6.448981416044769,-10.967053187451802,3.01329200898744,-6.647266700604839,-1.6820999187077401,7.6665536762238595,-4.72730941854205,7.496438833318059,0.649407491220419,2.53045677765627,11.4020378704743,25.1138728233737,25.9338145442295,15.742560930000698,11.590032118625901,16.693818792862,14.936299985896802,16.8224928154569,-0.5846687553430029,4.42087551176988,3.72125197239699,-3.3610767320262998,-2.8990913448332702,-0.567346539831239,-2.37770717413771,-9.918805207412381,-9.96167713290646,0.49943088901401,-18.7776763840065,-17.6706417458006,-6.92523298001823,-8.18296457805391
sub-0128,ses-01,run-01,vicarious,MT,45,cueH_stimH,-6.531797818595459,-9.638547872156789,0.28985885500094394,-7.891903525812889,19.9036159782953,11.477634847999699,27.5228126066791,20.9470165729591,24.042138787026502,36.332291804944795,34.1862601245692,19.649612944539896,42.43067582609989,36.9032597258646,39.2930900126973,20.593661998684603,43.6602814797005,17.7174538419647,37.972727803885604,6.38380688611487,5.19799548839749,-10.352611214103801,-22.2699469254534,-16.8392685139555,-8.48505754367228,-27.3883960294094,-15.9799683343499,-29.2748813396409,-32.5969667973923,-14.390256603280099,-3.47216092232141,-18.2974120599049,-5.6506962663027895,-21.021490003255,-21.2322958255481,-5.97181324217874,-10.949172286670802,-19.425384012507998,-20.9320300718989,-38.2741868676677,-33.3944107628608,-32.5898967246437
sub-0128,ses-01,run-01,vicarious,MT,45,cueL_stimH,-37.3436850132747,-32.9453838084901,-37.8258122471285,-22.005445993468104,-20.709972179907002,-6.63781833182904,-13.721498915445599,4.365094903213681,15.560749954825,18.9462014358756,35.609399283742,49.048915701446,60.2487919275147,38.259994604372004,53.5445677637632,41.956674706051004,44.725606296192,36.3459642623261,33.9475137217829,2.02713474555275,-0.924050828881277,-11.248731878310899,-19.3412300770452,-33.9290516583202,-19.5433613177812,-24.9980854780981,-27.282645767425603,-22.1416831709712,-20.615555384689397,-16.8616202835727,-20.911349257325302,-17.8944201521331,-21.3702135688245,-11.199043543299402,-14.4701833537145,-14.6373586931975,-11.591208010137802,-17.2798164992928,-22.993324450563602,-13.412264894763501,-14.9350863009706,-14.4081294447863
sub-0128,ses-01,run-01,vicarious,MT,45,cueH_stimM,-9.92730531115279,-4.94951676149113,-14.079782458986099,6.3047544676301595,-5.223808990782099,4.05941106295704,12.7995899435995,19.6999157677078,41.778541020561704,49.645965700256205,50.5402625261055,48.2523567860866,66.65021406550879,69.3603561779905,60.2751721281219,71.5070339105642,73.8332041371438,65.6079508735529,64.0595775762548,29.9616544502672,17.4172313265045,-4.89103467174884,-5.35571747358835,-11.8407721554094,-13.4634262903671,-25.9929554275745,-20.5005293542212,-25.1091976469029,-20.1319534648799,-14.274859593915698,-16.9172088747279,-18.3183467255913,-18.7430801038538,1.1713134153307299,13.7899177371303,-13.814256069602301,-17.7424237462245,-4.1346387963722995,-12.652629436222501,-10.770474394022699,-2.21674202172255,7.583817629968981
sub-0128,ses-01,run-01,vicarious,MT,45,cueL_stimM,-3.7735092875167204,2.07191071008332,10.821230104151,4.54292065410983,21.4905671172852,-4.83199264346283,-6.46133568647658,3.62749625887258,12.580501585366699,4.05490397999477,19.5742423306687,27.8604219489403,31.6419041518792,10.961261678947698,8.62873981715506,11.512666128804,33.6676935611258,32.5113570146974,9.8251908923402,6.2513813262643,-8.95683110358758,-7.3457154287062405,-14.212446376920399,-4.49778075199716,-17.218495341728403,-12.3485337050561,-21.7700517116717,-17.5448484601063,-21.206192128588,-27.1513651851824,-14.4150513088179,-18.536663116267103,-5.47942010098552,-10.950628973808401,-2.697434738051,-24.4236241089356,-23.4697282290726,-40.0107644488689,-21.5733662368971,-8.82915391329524,-8.3920449800749,-7.42919070330026
sub-0128,ses-01,run-01,vicarious,MT,45,cueH_stimL,-11.689512137892999,-7.85146747535126,-16.9533279202465,-4.20032300288565,-3.2630899930083,3.1961145059652103,13.6673131256924,7.04073083843883,17.0095450815995,7.75627604728589,25.3086990514476,25.7159186061375,46.7530593756951,32.6585831981343,45.93562322670999,49.7469836476555,38.283746597032795,36.404124317488495,33.894249402965805,15.5557489954159,11.098952261767302,-13.3162220564589,-38.3552060258114,-30.946276590525,-26.8737421308354,-18.4039315598696,-31.6860231003613,-29.9798089116857,-20.8400901531165,-14.9238222139469,-10.1009312197986,-25.458141978460997,-27.2665308444798,-19.093764240571698,-12.0422948520922,4.771040796732071,-2.61694826920203,-5.51974615437319,-9.371899763316788,-1.54046915341899,-11.756365291257902,6.13857695101811
sub-0128,ses-01,run-01,vicarious,MT,45,cueL_stimL,-32.4358292083465,-19.9326093055496,-17.3690837739271,-17.2868615758894,1.78124461531276,-9.067598143173619,-4.9805161976038,-11.6762979188696,28.000539932585397,26.8398984408607,28.777261911962,32.6307891020486,34.185812012476894,35.738029105933,37.9823348493967,33.106064597479204,23.8142703131018,30.0066826815451,20.2483084471967,9.44038973590404,11.513309263269802,-3.7803297573677,-4.6838892520237305,-4.10325950049038,-2.5912574851977404,-23.8442486327137,-7.1356541159411595,-4.8570069749213705,-12.5744174914664,-3.1219551587522503,-8.170594144806731,10.1718595928257,8.544020423009389,-17.8068269374469,-15.374424249964001,-45.8823471365166,-22.3354763287122,-21.494152954600395,3.9765857679133396,-11.7363745573354,3.10272641033904,-19.0622703114629
sub-0128,ses-01,run-01,vicarious,MT,45,rating,-4.89099221362097,-4.649336968604691,-6.2960572890861295,-3.0477187007053703,-8.83157393075798,-6.84426006396978,0.507580061503258,4.3570447250269,12.7374053093436,17.517137547855597,17.1175443152426,23.4138186828852,20.7143263867578,26.641932339387,31.9749681414985,33.286124885827796,32.2437237180032,19.0884297239243,9.07428383923209,-2.7298698812469304,-6.94234129813912,-19.313160340285002,-18.3083786658771,-23.446928866818,-16.4137227458867,-14.2224874697313,-21.4113312611567,-13.356980162855802,-9.015377439172859,-4.74606488680302,-4.05046018677115,-2.89170056104667,-3.33142781451226,1.01785659857539,2.21286636705311,-3.49185895746534,-4.00939812747223,-8.63534581955405,-7.954464051018291,-5.73997591753406,-5.709385970418969,-4.04606413886017
sub-0128,ses-01,run-01,vicarious,MT,45,cue,2.04379814050349,-1.36331439970689,-12.755769895148198,-9.175735988087109,-4.69682070093336,-8.25135774473533,-0.795621743461062,-6.10179261819061,2.10135797379055,-0.637037726047891,5.48067020020387,4.923232540257129,-0.846501681424675,-7.4305393530355595,-9.75676064666489,-5.9862366519715,-2.1401388738939198,-3.2618551125902404,-4.85020977517674,6.00528935364751,4.57871769739633,6.0029254817568205,9.26339976717624,6.006861272624531,5.298964950721639,8.76656893262994,11.8770600813025,4.9392870921639105,7.16311927079252,2.1971506051262,-1.9620860090998402,-1.3905049222319998,-11.8013843102142,-12.8608772520764,-16.5040407381134,-13.566598698693399,-22.9290579527109,-25.3635385616822,-21.244670005262,-11.9008683357106,-7.3091072814108005,-5.54767663502226
sub-0128,ses-01,run-01,vicarious,MT,46,cueH_stimH,5.7618092946123305,1.40974571077736,-15.4059470650923,-10.7856894332205,-14.0622721443694,-1.3820678461403102,1.3010084900592098,13.512733109967598,15.006394433327598,28.965753490047803,19.494814790809603,11.0408458759608,7.0195227340295805,10.8770829734308,-3.90274818860417,-2.83854221118819,-4.74896543466473,-20.1199736157959,-11.0934428386533,-9.89227823582053,-11.416301359203901,-14.9660977874396,2.51599746633523,-7.92183756930366,-10.0295763730827,6.31257336871877,5.78201651978248,8.5530792172366,-7.3040245169399,3.8038376141937595,9.170267010436632,-12.301862664038902,5.58683820376847,1.30150907927677,-15.467633955722599,2.92941820649995,-24.510252424403202,-14.0846409538119,-22.065784663164397,-13.5674684141951,-11.478471713029199,-5.0241683730121105
sub-0128,ses-01,run-01,vicarious,MT,46,cueL_stimH,-17.2788791231546,-6.47318244396966,-16.8247396585306,-18.834643330651897,-26.1905253323717,-16.981186031537398,-13.947152994893901,0.0363894582255568,-3.8805319711009596,7.30982434776889,18.2006550568807,14.3245262479951,23.7645852744355,21.329745752417,16.169199581704902,21.682675528713304,-0.514779100024552,6.527825355835941,4.3402448840082,-9.546741108946279,-8.01780454372244,-11.372967342867598,-5.441710024942171,5.26981713126474,-7.85353858371809,-3.3996904062854303,-0.775236538437994,-2.18534883493267,5.06230286163316,-2.3188165982989104,-0.8121186432162979,-7.50347653835218,-8.52441293046722,-12.2350336592634,-14.3959619666672,-11.7894748482212,-15.710446263443401,-4.36823597705039,-0.826403511375595,-14.730837524407498,-10.210895947471,-15.534501047695501
sub-0128,ses-01,run-01,vicarious,MT,46,cueH_stimM,-20.093865232188,-1.80682729746671,-4.00139492398126,-2.33217737601192,-12.420833854254699,-13.639996384430999,-7.5196468477879,-2.86514084464328,15.661353797890598,28.688516542796698,12.5496108470272,15.4847143899932,17.4683399520662,20.5300054218683,8.18760292256983,18.113920243697102,5.88629117222901,-5.29735088811245,1.27458087067109,-13.035429082042802,-4.82269923309116,-10.3281878051214,-19.534526717406898,-4.6323098638252,-0.259323333099305,-14.5456433040545,-8.90318887829357,4.0921281367413,1.0229899603013601,-3.2532944620302797,-19.4351828845372,-0.593321738255963,-7.06865713082333,-9.825558228324079,-13.952992079848402,-3.6947653771476094,-9.11200659480954,-17.191330223297697,-34.119474684073,-12.9874153599438,-10.6079270948786,-5.69269862205071
sub-0128,ses-01,run-01,vicarious,MT,46,cueL_stimM,-2.82181337803362,-5.79642515929752,-15.538350968866801,-15.6094296275336,-4.7746571085733605,-11.4023057273157,-3.6064964892822795,1.77356357600636,8.12876611629161,-5.81531035422452,-3.22914897411493,-2.2007398588997598,-6.01267921148772,-0.43418121959341205,-13.0466904716124,-17.0252992597314,-12.0248620144625,-5.466341477188539,-24.6615243408079,-1.7021380287932,-8.79396990980301,5.79543948133587,6.327399030413599,6.52665268049543,-7.02660079382228,4.59978244337244,-16.0980625430824,-18.177595530468302,-15.382235923466599,-15.9099760973019,-3.0721671102447496,-24.7134427801935,-20.3952699313694,-10.7186667958239,-5.35038362223038,-9.49453366246212,-21.3801477995006,-27.478944955618502,-9.59983162024339,-9.84400736597187,-17.0047346746751,-0.252267995789678
sub-0128,ses-01,run-01,vicarious,MT,46,cueH_stimL,13.693534962155399,17.3762304582831,-11.867241409753001,8.37407665382759,-0.41951842627788,14.8740089447793,-3.5927322451523596,-5.318309434916539,-2.64012524947058,2.44056198762515,24.476426448552104,0.42771610853339503,19.717372415226,15.0500013593789,33.3149278276937,43.813996538244105,28.9605171684679,19.4407017971036,21.017817795028,29.866679385181698,16.3652745419055,6.02635233173633,1.6226217646815,-6.62199696624545,-15.9723499020447,-3.80073233071213,-20.135683488612603,-7.72855601512008,-5.0204337264329695,-1.04128601974224,-16.645114563412,-7.4050486983787795,-17.711317746088604,-5.68112903509094,-1.87487217229148,6.36159850791239,-1.23583241757202,3.10264977367874,-0.271419396405449,-1.36113779408027,-0.648666505284083,-1.10996936683497
sub-0128,ses-01,run-01,vicarious,MT,46,cueL_stimL,-11.5035210010276,-7.09108248340103,-22.3422608807791,-19.4530437302368,-16.336686546530398,0.7740986395345161,5.31377916534423,5.651707584200031,12.4532212777726,4.09576557515752,17.2880960969547,37.1740518607065,18.899362807995104,14.9321987764189,11.888736792056802,16.210225841557698,2.5378605533168797,4.02911969074396,9.42124969885765,8.994237981577221,-0.309275606513967,15.6219272243042,-7.39934256084487,-8.725392402213469,5.17083677227091,9.23462920252336,8.75004499777753,8.51650906931131,2.5935370584171404,-6.43519357011281,6.083589335504709,21.4530730567331,-10.757541072818999,0.760736367218485,-5.75145238497969,-15.378662170853401,-4.15653615109523,1.2735857144753602,7.30772498977929,6.91197492841565,-7.4925538256354,-28.4160273509122
sub-0128,ses-01,run-01,vicarious,MT,46,rating,-1.9333190920215602,-0.45955819081531,0.0887167458098901,6.254577419760361,-1.58124006863947,-4.33184797654156,2.01717921174176,-1.8264179979119501,5.00784548172349,1.08851424250209,4.01175749403379,1.55092260665762,-1.7305311791075502,1.22994562780822,4.3115457979093,2.7790175987263,6.18865288319847,4.54760742607979,3.6450681400199803,2.28998640008394,0.768259065428388,-3.6467307615382896,-4.11430682565951,-5.45348530668899,-4.48384973608113,-11.8291969940016,-8.57512327865453,-6.92497615084507,-7.66205950151366,-8.395839656514129,-6.95864747510909,-1.4606973024299499,-5.667863201374639,1.2065602698919,-3.40727232697029,-0.183142597736243,-0.501112861605792,-1.49026839391507,-2.07403156317727,-3.21207776715775,-8.77281399544345,-5.619154548388879
sub-0128,ses-01,run-01,vicarious,MT,46,cue,-3.8106843861792004,-6.79833233843917,-7.352921291955941,-9.213754550280381,-6.8147931819015195,-6.370598247934541,-5.7412721854494295,-7.169378112705259,-1.01072639073822,1.2358389279286799,3.83602900662748,-1.3240122967863002,4.42349494911162,0.962817199648256,2.69299670278784,-0.332907951359495,0.13798986532402302,-6.0509879326807,-5.58677720130386,-2.4098771474848997,3.0963484847694502,7.85813010834617,6.66288335296442,2.35411477808164,1.5701880578921201,3.0477148167512,5.444814644632901,-0.9389140754550309,6.37781353044876,8.42055701293179,8.04286951752715,-1.04025676575558,-2.2632960521672003,-8.70726780126837,-8.04911431738991,-1.5170213995287702,-1.73865644054373,-6.1010634405986295,-4.691932508867481,-9.33494318078369,-6.12586299953407,-7.282639357722171
sub-0128,ses-01,run-02,cognitive,MT,3,cueH_stimH,-29.1539497375488,22.7241477966309,-5.335389137268071,0.562983512878418,22.675561904907198,5.97711849212646,13.946004867553699,48.4575309753418,57.195274353027294,25.2660484313965,12.4228229522705,2.4785776138305695,15.071413040161099,20.816970825195302,29.677705764770497,13.3862457275391,12.570796966552699,21.6937637329102,20.2275981903076,24.1272125244141,25.478628158569304,15.8255262374878,22.937091827392603,-0.5888438224792479,-17.8599529266357,9.89616012573242,-3.9670810699462904,-11.8554954528809,1.00532150268555,-41.5048484802246,4.56271553039551,-12.3824996948242,-10.6927947998047,-16.880027770996097,-21.330951690673803,-25.0875778198242,-0.7693157196044921,11.2596435546875,2.95673751831055,18.386432647705103,8.27617454528809,15.6896800994873
sub-0128,ses-01,run-02,cognitive,MT,3,cueL_stimH,-9.55712127685547,-1.26242923736572,13.896015167236301,-3.3448712825775098,7.72111701965332,9.63141441345215,14.1085662841797,7.78499794006348,12.016239166259801,26.9531955718994,20.0264682769775,16.8433876037598,7.1210675239563,-11.653223991394,-12.954447746276902,6.879999160766599,13.1408243179321,34.8787269592285,19.832950592040998,6.67865657806396,30.9237270355225,27.2475662231445,17.415752410888697,0.427225112915039,-1.96164321899414,-6.54893684387207,0.47981166839599604,-14.102558135986301,3.81903696060181,8.28340721130371,-2.8398299217224103,10.188334465026902,-23.243240356445302,2.7193212509155296,-6.82039070129395,-24.9471092224121,18.0242195129395,0.138957977294922,-15.4706497192383,-1.1061496734619098,-16.539962768554698,0.324783325195312
sub-0128,ses-01,run-02,cognitive,MT,3,cueH_stimM,-12.5823106765747,-1.07013893127441,16.778976440429698,3.8298511505127,3.6007936000823997,35.062244415283196,1.03832268714905,0.9072600603103641,14.9502124786377,15.532320976257301,14.4955186843872,-6.36175632476807,-17.4028949737549,-1.59334444999695,-12.308613777160598,22.572193145752,6.37200117111206,10.942440032959,-3.5687417984008802,-6.935009956359861,7.81555891036987,-10.386332511901902,-13.1319732666016,5.46170616149902,-8.84634876251221,-28.0996360778809,6.069416046142581,4.19256401062012,-27.3791427612305,-49.758903503418,-7.8914623260498,-1.9463729858398402,-16.1362686157227,-3.6525421142578103,-7.36115264892578,-47.661403656005895,-43.3569946289062,-17.513858795165998,-6.70524454116821,-19.7131385803223,-0.706909894943237,-15.4132976531982
sub-0128,ses-01,run-02,cognitive,MT,3,cueL_stimM,10.345710754394501,-15.7240953445435,-22.4145355224609,-11.799168586731,-29.077106475830103,6.14248180389404,13.214829444885302,9.90547180175781,6.253536224365231,9.01580238342285,22.5518989562988,7.20811462402344,16.2097072601318,-2.560133934021,4.141710281372069,11.602052688598599,-18.2847003936768,-11.7219762802124,1.2300710678100601,16.8800964355469,17.1318702697754,15.5617847442627,25.1431732177734,-2.26376724243164,-35.5651702880859,-0.44392204284667997,-6.63681793212891,4.35463905334473,-15.008018493652301,-13.8950843811035,-52.0153732299805,-0.953313827514648,-35.482048034668004,-27.7332038879395,-8.62852954864502,-32.1974258422852,-17.8296394348145,-40.1334991455078,-18.931077957153303,-6.256744384765621,12.4095191955566,10.5959320068359
sub-0128,ses-01,run-02,cognitive,MT,3,cueH_stimL,-12.401073455810499,11.367774963378901,-27.1073703765869,-1.88895678520203,2.22832465171814,3.51049399375916,22.1767654418945,33.2974281311035,16.065494537353498,42.0331039428711,29.505714416503896,45.6762275695801,44.1116218566895,22.2339363098145,13.7789402008057,18.483831405639602,13.5567798614502,-3.5729737281799303,15.2082691192627,-5.96274566650391,26.191486358642603,42.094783782959,28.831954956054698,-8.41542339324951,9.22879791259766,-11.183851242065401,-27.5307312011719,-11.315228462219201,-11.4873580932617,-9.71628665924072,-21.4875755310059,-16.6540699005127,-2.9832592010498,-20.8050155639648,-19.180561065673803,8.81327819824219,16.087547302246097,6.81683254241943,34.2808837890625,-9.5723237991333,27.722349166870103,22.832086563110398
sub-0128,ses-01,run-02,cognitive,MT,3,cueL_stimL,-12.7587280273438,14.3913049697876,11.7103786468506,3.8502826690673797,-11.828179359436,16.409423828125,27.702262878418,22.606744766235398,17.6770801544189,1.70376312732697,6.070678234100339,20.008092880249,21.0733489990234,7.153625011444089,1.42349791526794,25.702697753906197,4.96294498443604,33.8361587524414,28.4321613311768,36.1759834289551,-9.258049964904789,-16.247259140014602,-5.89845275878906,5.051965713500981,16.262306213378903,-7.664504528045651,-4.61193513870239,-24.9021530151367,10.40074634552,-15.0086231231689,-28.2180347442627,-5.75097751617432,-10.1570625305176,-24.695096969604503,0.889020919799805,-19.167160034179698,-18.438549041748,19.8520355224609,-0.37251091003417997,-16.3018798828125,18.0496788024902,39.558799743652294
sub-0128,ses-01,run-02,cognitive,MT,3,rating,7.87967157363892,-2.2614924907684304,0.19513356685638397,2.1609954833984397,-0.0224533081054688,2.50268840789795,-1.34251594543457,21.305072784423803,13.019634246826199,27.534605026245103,29.020639419555696,23.543941497802702,33.4276542663574,27.8719100952148,41.3701629638672,38.497810363769496,26.112606048584,19.1813640594482,21.254198074340803,10.6648321151733,4.21106672286987,-6.7725105285644505,-18.2333087921143,-18.2577533721924,-6.1650562286377,-10.2088928222656,-4.42596101760864,-11.527452468872099,-2.13997554779053,-0.020594596862793,-4.56458187103271,-3.98893141746521,-5.3051929473877,-12.756037712097198,-6.86004209518433,-4.83553028106689,1.64483547210693,-6.8556232452392605,7.24082374572754,-2.3438444137573198,-1.9534397125244098,-4.40144729614258
sub-0128,ses-01,run-02,cognitive,MT,3,cue,6.868252754211429,4.36121988296509,0.349258899688721,-9.62784957885742,-0.801299095153809,0.45280265808105497,-1.9567756652831998,-1.80882501602173,8.156093597412111,2.3866581916809104,9.3983154296875,5.09490776062012,0.322810173034668,9.94920921325684,3.16765594482422,8.93399429321289,5.91641998291016,20.148639678955103,9.32698822021484,-6.4822273254394505,2.23049736022949,-13.531951904296902,-3.6821746826171897,-17.458438873290998,-10.9200592041016,-26.954530715942397,-2.37940216064453,-1.4537768363952601,0.32527065277099604,12.9800682067871,6.043524265289309,10.4622344970703,5.00616931915283,15.6887378692627,2.93701267242432,1.2623009681701698,0.437008857727051,1.64615416526794,4.73616695404053,16.137825012207,-6.6159152984619105,-2.4967641830444305
sub-0128,ses-01,run-02,cognitive,MT,4,cueH_stimH,3.67040252685547,-13.3619842529297,3.1114730834960898,-30.8621978759766,27.221021652221697,2.47965908050537,-14.191175460815401,14.255872726440401,1.39438259601593,4.1237096786499,41.127777099609396,1.4079179763793899,4.98849296569824,25.311025619506804,15.620979309082001,13.048454284667999,9.23764801025391,-2.9241285324096697,4.8876242637634295,-5.169615745544429,-5.5301213264465305,-7.08119821548462,-1.30040311813354,2.72809743881226,-15.0356540679932,-25.148395538330103,-21.729913711547898,-30.274635314941396,-20.633510589599602,-51.419189453125,-16.0501079559326,-37.692440032959,-50.055091857910206,-38.5472297668457,-11.653377532959,-28.4986953735352,-24.0128879547119,4.5435791015625,2.88803672790527,-15.018360137939501,-4.70619344711304,-19.268018722534197
sub-0128,ses-01,run-02,cognitive,MT,4,cueL_stimH,-38.4026641845703,-35.7406730651855,-14.725645065307601,-6.919925689697269,-2.03241348266602,7.96068000793457,-11.784290313720698,-0.319786101579666,7.76666927337646,-19.2309665679932,-5.86581039428711,-4.23550701141357,-12.472191810607901,-5.93092823028564,10.8275756835938,7.935290336608889,-9.99658107757568,16.6789398193359,11.341345787048303,18.116325378418,-12.9593334197998,-8.15311717987061,-0.962624371051788,-3.5482664108276403,-8.812803268432619,-1.2929115295410198,-28.0124835968018,-31.7626953125,-28.4646377563477,-10.657416343688999,-28.3425483703613,-32.091442108154304,-53.020843505859396,-30.578161239624,-52.7063789367676,-35.4359283447266,-40.354698181152294,-39.896064758300795,-28.4773292541504,-6.94315910339355,-20.0690956115723,-11.5892486572266
sub-0128,ses-01,run-02,cognitive,MT,4,cueH_stimM,7.568378448486331,1.6781234741210902,-2.03887176513672,7.306200981140139,11.0706462860107,45.323360443115206,16.213426589965803,28.2368602752686,24.6649284362793,34.678741455078104,8.56745147705078,17.1343173980713,0.18971920013427698,19.203567504882802,48.0531120300293,26.9695014953613,27.051156997680696,13.755128860473599,-10.837363243103,28.849355697631804,-12.6345376968384,-11.8087406158447,5.69341945648193,-9.11587238311768,-7.10544586181641,4.3181481361389205,-28.249254226684602,2.74846649169922,-0.5920467376708979,-3.2519378662109397,-38.590202331543004,-14.182777404785199,-28.892986297607397,-26.48193359375,-6.40296936035156,-0.190361022949219,30.3364524841309,0.47307300567627003,9.10622024536133,-9.34419631958008,-8.37030696868896,22.158727645874
sub-0128,ses-01,run-02,cognitive,MT,4,cueL_stimM,34.705417633056605,24.227838516235398,7.56407356262207,27.296222686767603,18.845285415649396,-4.271375179290771,38.1003303527832,-13.429637908935499,8.99971961975098,22.8235130310059,32.2502212524414,24.838562011718803,37.548698425293004,30.5951614379883,17.4505310058594,-2.8897852897644003,-7.13672971725464,-21.068510055542,7.89013528823853,-0.0376701354980469,9.797098159790039,-9.93775177001953,-12.847286224365199,6.77331829071045,-9.56543922424316,17.435173034668,-9.94322204589844,-25.764268875122102,19.5483722686768,-17.3367748260498,-24.5424747467041,-24.5328750610352,-35.87791061401371,-46.4953956604004,-12.5135679244995,-12.4277610778809,-31.4253635406494,12.7819881439209,-1.0295524597168,-6.96413803100586,4.037628173828121,20.9229431152344
sub-0128,ses-01,run-02,cognitive,MT,4,cueH_stimL,16.0609436035156,-1.4886579513549798,30.4032669067383,15.315166473388699,5.24243688583374,30.6118335723877,2.11484670639038,22.2541236877441,10.0723752975464,12.3995838165283,19.106885910034197,23.1431503295898,37.908729553222706,18.7441425323486,37.949836730956996,28.6242485046387,3.39863467216492,28.601436614990202,22.5472412109375,8.545009613037111,32.856193542480504,27.375745773315398,17.4807281494141,39.9123878479004,-0.897686243057251,-3.65682649612427,-5.73373031616211,-7.21844816207886,13.7541046142578,-11.767026901245101,2.3923225402832,-16.046148300170902,-5.9833812713623,-6.32678031921387,7.2493896484375,22.143812179565398,18.2410202026367,-1.0411415100097698,5.92311668395996,16.139207839965803,22.513282775878896,22.6465225219727
sub-0128,ses-01,run-02,cognitive,MT,4,cueL_stimL,-31.3671875,14.5702266693115,-3.9828472137451203,-2.46735382080078,8.53922271728516,-18.7933254241943,10.3827219009399,16.2630653381348,17.877124786377,1.48115646839142,13.580833435058599,18.4106979370117,43.2553215026855,3.65763521194458,23.5138206481934,6.80033254623413,24.983858108520497,16.5006084442139,2.88767623901367,16.422082901001,14.0213203430176,-4.05300426483154,6.6512975692749,17.2748584747314,9.97788906097412,1.93857192993164,-3.30162477493286,-8.33458805084229,-19.9395732879639,-38.3431282043457,-2.49556446075439,-36.211799621581996,-26.6826095581055,-30.001974105835,-13.4911766052246,4.74837112426758,-19.3891296386719,-6.87225341796875,16.429193496704098,10.998291015625,12.7439126968384,18.5611324310303
sub-0128,ses-01,run-02,cognitive,MT,4,rating,5.2961049079895,8.09550189971924,7.13159418106079,7.26332235336304,0.564400672912598,15.9691219329834,10.847252845764197,15.2327270507812,23.0952854156494,21.4247817993164,22.2670574188232,24.5172653198242,25.766578674316396,20.0116271972656,12.969034194946301,19.2968215942383,10.237131118774402,15.5582447052002,19.691331863403303,16.0112228393555,14.5088653564453,9.87271785736084,9.89240837097168,0.909861981868744,5.53157234191895,3.5833415985107404,3.20234346389771,-0.572917699813843,-2.67792558670044,2.73502731323242,2.5699851512908904,-2.2567944526672403,0.0688886642456055,-9.07376480102539,-8.51580905914307,-4.93659782409668,1.98250675201416,5.09669780731201,10.283464431762699,-0.857707977294922,6.21714019775391,-4.21779251098633
sub-0128,ses-01,run-02,cognitive,MT,4,cue,6.10935926437378,-2.2134661674499503,2.13249826431274,14.547844886779801,12.0991945266724,4.30776596069336,-6.85746765136719,-7.84879398345947,-23.147048950195302,-10.250305175781198,3.3867959976196302,-3.9182519912719704,-15.804790496826199,-2.55459785461426,-5.76049995422363,-0.24875831604003898,8.24114990234375,19.2612800598145,5.19947814941406,21.6187553405762,26.6901340484619,21.9490051269531,11.8190860748291,3.8116779327392596,-9.85813236236572,-17.4736328125,-13.906170845031701,-17.9174633026123,-4.16926860809326,-11.360347747802699,-6.3891301155090305,-13.009786605834998,4.8962984085083,9.408403396606449,-2.80063581466675,-10.7445831298828,-3.4120426177978502,2.6907780170440696,3.69110727310181,6.242465019226071,15.2548160552979,6.72650146484375
sub-0128,ses-01,run-02,cognitive,MT,45,cueH_stimH,-0.00107574462890625,-7.52935791015625,11.3854312896729,8.889162063598631,17.1085567474365,24.8867721557617,19.1022453308105,31.8836326599121,43.6198310852051,45.0854377746582,40.2556495666504,25.7561931610107,16.3287467956543,8.294553756713869,-5.74060487747192,8.52474689483643,7.615737438201901,13.054796218872099,-24.2735595703125,0.26424109935760504,-10.0032615661621,-17.018089294433597,-23.622215270996104,-41.029857635498,-39.6137046813965,-25.042856216430696,-16.6916007995605,-31.9416103363037,-26.2246875762939,-32.1969375610352,-40.9831199645996,-30.439153671264602,-39.3496551513672,-28.967872619628896,-22.938692092895497,-30.3149337768555,-5.73968696594238,18.6824798583984,-10.2092132568359,3.8030166625976602,3.5001254081726096,10.130859375
sub-0128,ses-01,run-02,cognitive,MT,45,cueL_stimH,-32.900390625,-33.5297012329102,-21.049884796142603,-10.750481605529801,-3.1271142959594704,2.45759224891663,-2.4696247577667205,-2.668532371521,-5.63405561447144,14.754493713378901,6.8704509735107395,-8.06744289398193,-28.108863830566396,-16.4932250976562,-27.8475723266602,3.7084436416626,-5.94918489456177,8.92665863037109,-3.46935367584229,-6.376574039459231,-15.570599555969201,-7.77916812896729,-17.2518901824951,-22.216733932495103,-37.1024932861328,-39.149097442627,-37.7105560302734,-27.7028408050537,-39.583797454834,-12.0743846893311,-38.758056640625,-14.005652427673303,-31.230831146240202,-18.0170459747314,-22.201370239257802,-18.1600399017334,-17.7182636260986,-7.000555038452151,-17.695388793945302,-23.0768127441406,-3.39706420898438,3.1466827392578103
sub-0128,ses-01,run-02,cognitive,MT,45,cueH_stimM,12.661641120910598,-12.476673126220698,22.4159145355225,25.6943683624268,45.443519592285206,50.1366996765137,32.4323692321777,38.646900177002,38.787899017334,31.4975185394287,24.0743598937988,24.904914855957,8.514951705932619,-1.09142255783081,11.041707992553699,20.4558086395264,13.5445117950439,18.0962162017822,-9.77202033996582,-23.970703125,-14.5315589904785,-30.2001113891602,-25.0853462219238,-25.303199768066396,-36.138603210449205,-16.7534446716309,-5.582767486572269,-5.4453849792480495,1.6070652008056598,-11.4825191497803,-12.4500999450684,-9.34753799438477,-24.4452438354492,5.39444732666016,-1.061767578125,-3.4553375244140603,-6.10422515869141,-11.7861232757568,-14.2887563705444,-0.609609127044678,-18.7463779449463,-24.913822174072298
sub-0128,ses-01,run-02,cognitive,MT,45,cueL_stimM,30.2959938049316,20.0785007476807,9.36330986022949,22.4636344909668,6.76628112792969,-6.17339897155762,5.535443305969241,-11.1756935119629,23.411802291870103,4.84510374069214,41.2461166381836,26.556510925293,44.611686706543,22.505657196044897,11.329647064209,14.605411529541,7.3558349609375,7.61764907836914,18.8624114990234,12.3005123138428,19.1355133056641,7.82920169830322,-4.41645050048828,-13.3642292022705,-12.713259696960401,-10.3707237243652,-12.327037811279302,-21.686109542846697,-16.784648895263697,-30.6338920593262,-33.162769317627,-25.2633457183838,-27.556510925293,-34.592830657959,-22.5073680877686,-16.9816970825195,-27.8438568115234,-22.352947235107397,-23.7026252746582,-18.6630592346191,-8.36993789672852,-10.919151306152301
sub-0128,ses-01,run-02,cognitive,MT,45,cueH_stimL,-19.77121925354,-9.102804183959961,-7.9127092361450195,-9.2454948425293,1.7426002025604201,-3.5380117893219,8.31743621826172,7.617271900176999,-4.37529134750366,19.0798568725586,34.222995758056605,30.2811717987061,8.45545387268066,15.7241630554199,28.016611099243196,22.476026535034197,24.0516662597656,29.1666450500488,6.57662153244019,28.6576137542725,10.217491149902301,7.916667938232419,8.26508903503418,-3.0007128715515097,-5.90371322631836,-12.7039289474487,-20.7907886505127,-23.750509262085,-21.208827972412102,-5.92636966705322,-11.2682466506958,-21.3975734710693,-23.1141510009766,-18.3672561645508,-22.8466987609863,13.934443473815902,-0.9879989624023441,-0.278840065002441,7.20575475692749,3.64952850341797,10.321499824523901,11.2802906036377
sub-0128,ses-01,run-02,cognitive,MT,45,cueL_stimL,5.03679656982422,-15.901119232177699,-15.579647064209,-12.7771282196045,-10.810384750366199,-9.60437297821045,-2.4849905967712402,-1.38563251495361,-0.811678647994995,3.1480956077575697,15.483670234680199,5.1107072830200195,9.45422458648682,5.59037446975708,24.1766090393066,4.6275515556335405,11.7777519226074,17.0141353607178,13.8304080963135,0.793774247169495,-16.2549171447754,-24.5249729156494,0.334255218505859,-7.18632507324219,1.02891063690186,8.172458648681639,-17.3556861877441,-43.477123260498,-14.8590030670166,-26.8810844421387,-18.0649852752686,-7.20220279693604,-16.0780334472656,-18.740291595459002,-18.3904762268066,-21.9016304016113,-0.555652618408203,-13.4248657226562,-1.07616996765137,10.128173828125,18.4549674987793,1.31916284561157
sub-0128,ses-01,run-02,cognitive,MT,45,rating,8.29193115234375,-0.39011368155479403,0.730097651481628,5.455801486968991,-1.26480960845947,-5.17619037628174,-1.39325523376465,2.9285659790039102,8.629871368408201,15.669914245605499,15.5678195953369,20.2262954711914,24.900222778320302,24.1839752197266,25.3008193969727,21.3796997070312,16.969312667846697,17.943691253662102,18.4460296630859,7.108426094055179,7.452325820922849,-4.02595853805542,-8.859137535095211,-8.59514904022217,-11.5285387039185,-6.4922981262207005,0.397086560726166,-2.2794859409332298,-9.24559020996094,-0.993817806243896,-5.17221879959106,-2.8579864501953103,-6.27718734741211,-0.8719205856323241,-9.2717170715332,0.40477430820465105,5.33785486221313,6.09022426605225,5.71994400024414,8.79857158660889,0.25927734375,3.9356689453125
sub-0128,ses-01,run-02,cognitive,MT,45,cue,1.75378823280334,3.40145778656006,2.3412928581237797,0.597612380981445,3.5862455368042006,-1.69356918334961,-2.4850616455078103,-6.2880544662475595,0.48508262634277294,6.308669090271,4.472864151000981,11.7444000244141,8.49541282653809,8.3974437713623,-2.24397468566895,-2.5001239776611297,-1.40626525878906,9.27254867553711,4.16300964355469,1.48249816894531,0.99241828918457,3.54203414916992,-1.0462532043457,-11.624370574951199,-20.3542556762695,-22.2725982666016,-13.7201023101807,-11.3521394729614,-5.61715126037598,-7.376116752624509,-0.9451928138732909,-6.28408336639404,2.74496936798096,2.7453062534332298,5.42397022247314,3.93238663673401,4.02111911773682,-4.76743459701538,10.4865236282349,11.6322574615479,7.69527959823608,-2.57289981842041
sub-0128,ses-01,run-02,cognitive,MT,46,cueH_stimH,-0.0422439575195312,1.0362148284912098,12.948753356933599,0.18473386764526398,12.122730255127001,1.5330619812011699,12.9541330337524,19.286066055297898,17.134183883667,28.4430637359619,35.4743156433105,42.218776702880895,44.9940795898438,24.359891891479503,26.2036819458008,27.1793003082275,3.06283044815063,19.3777256011963,13.5831918716431,6.72509908676147,2.74574017524719,12.489630699157699,6.93562316894531,-11.0544376373291,-8.39785480499268,-14.767677307128901,-10.333288192749,-16.345064163208,-16.6418190002441,-7.369232177734379,-2.60033798217773,-1.08882141113281,-4.46341896057129,-6.58197784423828,5.394220352172849,0.265979766845703,-4.116859436035161,-9.30626678466797,-1.09532833099365,-4.68720245361328,-2.4119119644165,8.02056503295898
sub-0128,ses-01,run-02,cognitive,MT,46,cueL_stimH,-18.3326568603516,-15.307021141052198,-7.56307601928711,-9.88411712646484,3.7096359729766806,-4.659056663513179,-7.18544673919678,2.04905557632446,-0.27284431457519503,12.0789108276367,23.6582431793213,13.5492515563965,10.482213973999,20.688102722168,33.453914642334,29.9599208831787,7.747283935546879,19.6299819946289,19.7902736663818,7.02479457855225,16.0711078643799,10.7944087982178,0.5706552267074579,-5.1693696975708,0.101409435272217,-13.2691593170166,-21.1731948852539,2.64633631706238,-17.6651458740234,-4.90740776062012,-9.16777992248535,-1.94582843780518,-0.786261558532715,-4.60195732116699,-19.6847991943359,-4.808069229125981,-10.504779815673801,-1.8442707061767598,-8.22032165527344,4.30916023254395,-10.7126121520996,-6.16837310791016
sub-0128,ses-01,run-02,cognitive,MT,46,cueH_stimM,5.15499687194824,-0.972553253173828,14.8690757751465,10.0589351654053,12.117582321167,15.1835994720459,22.986837387085,22.839857101440398,20.9798278808594,28.962085723877,29.9262809753418,24.1532764434814,37.2318916320801,23.0662326812744,10.0426511764526,8.75233268737793,27.491601943969698,27.3473281860352,26.856664657592802,4.7800931930542,-17.7488784790039,-31.2288627624512,-13.4164581298828,-24.105998992919897,-24.128231048584,-28.405822753906197,-15.060289382934599,-15.7409820556641,-4.79811668395996,-14.084190368652301,-24.682662963867198,-18.638515472412102,-21.5010452270508,-20.9388809204102,-14.476966857910199,-7.05259704589844,-0.262405395507812,0.23554134368896498,-5.619628429412839,-22.722213745117198,-28.834533691406197,-12.3937282562256
sub-0128,ses-01,run-02,cognitive,MT,46,cueL_stimM,3.3250942230224596,14.807638168334998,12.954933166503901,6.9881901741027805,-2.9142992496490496,-14.3587322235107,-16.466938018798803,-9.591245651245119,-12.9135055541992,7.19331359863281,-0.448364734649658,2.6563196182251,6.61914253234863,23.541894912719698,25.6843376159668,21.571735382080103,11.9938440322876,21.3870811462402,20.3964233398438,22.9732875823975,16.8687210083008,4.35970783233643,19.3964233398438,5.3088679313659695,7.45799350738525,11.6889133453369,-9.79886150360107,-5.45879697799683,-1.97735905647278,-20.1926517486572,-12.880147933960002,-17.674352645874,-17.7109279632568,-21.787813186645497,-17.5567207336426,-12.690781593322802,-9.02680969238281,-9.773012161254881,-22.3238582611084,-18.674030303955103,-18.5726013183594,0.625846862792969
sub-0128,ses-01,run-02,cognitive,MT,46,cueH_stimL,-21.341016769409197,-11.8184986114502,-2.1652812957763703,-4.93437004089355,-1.74113380908966,3.54215812683105,2.12886190414429,5.56221723556519,20.273878097534197,26.283206939697298,30.8795318603516,29.7811584472656,29.6727828979492,37.780677795410206,45.2916145324707,25.8174152374268,39.756263732910206,40.725746154785206,26.9457359313965,37.673988342285206,14.1329669952393,10.680900573730499,-0.319603204727173,19.1225967407227,-12.365177154541,-7.1017951965332005,-1.9257702827453602,-18.3316402435303,-13.810283660888699,-4.83576011657715,-7.91967105865479,-10.4314260482788,-12.6658515930176,2.25959205627441,-8.59207916259766,-2.14299345016479,2.0303764343261697,1.22194671630859,5.52386283874512,20.4495964050293,15.914756774902301,22.4160099029541
sub-0128,ses-01,run-02,cognitive,MT,46,cueL_stimL,-17.0739364624023,-9.83668422698975,-8.101955413818361,-7.06285095214844,5.442517280578611,14.7014598846436,6.41333293914795,23.6866970062256,14.0212659835815,16.555982589721697,9.78978061676025,13.551378250122099,21.868803024292003,25.7276420593262,26.0233421325684,18.93044090271,26.0086479187012,17.4013404846191,27.631280899047898,19.3696002960205,9.43166923522949,11.366849899292,10.5601968765259,8.03843688964844,-10.9352779388428,2.01411533355713,-12.4755439758301,-22.248846054077102,-10.979944229126,-17.8186359405518,-12.8780698776245,-14.8139810562134,-13.6783905029297,-14.9088306427002,-10.543478012085,0.831417083740234,-8.81309509277344,-15.138664245605499,1.2233314514160198,-2.50390625,0.9903583526611329,9.10428047180176
sub-0128,ses-01,run-02,cognitive,MT,46,rating,8.80703926086426,5.85994911193848,8.55587768554688,7.549667835235599,11.6793127059937,8.38017272949219,11.0367584228516,11.7240943908691,12.807962417602502,14.027210235595698,13.017198562622099,7.59567642211914,10.2582702636719,8.02474975585938,5.61331558227539,12.533233642578098,14.234312057495101,14.5760936737061,14.875669479370101,14.4014015197754,12.528881072997999,12.1631374359131,3.94436264038086,-0.49345171451568604,-2.87900447845459,-6.11895942687988,-0.913845777511597,-2.56575989723206,-0.5018486976623541,-5.1639289855957005,-1.4231773614883403,2.50608348846436,3.39858341217041,-0.0983297824859619,4.00350284576416,1.1870701313018799,3.1060342788696302,4.13679599761963,5.38005065917969,4.84712886810303,-0.584402084350586,4.871063232421879
sub-0128,ses-01,run-02,cognitive,MT,46,cue,-2.07944488525391,5.52759313583374,-1.04133605957031,6.582852363586429,-6.736993789672849,-6.1182861328125,-11.570899963378901,-12.932186126709,-13.910259246826199,-10.4853668212891,-9.01067543029785,-9.36227607727051,-6.7541999816894505,-0.008905410766601559,-8.61136436462402,-9.65508460998535,-5.06735610961914,-2.0421142578125,2.36660766601562,3.4263877868652304,-0.773242950439453,-1.59258651733398,-12.1683769226074,-13.694591522216802,-15.562803268432601,-12.4373340606689,-14.629717826843299,-5.59440612792969,-6.0603232383728,9.7057580947876,6.96173191070557,11.395763397216802,4.69503974914551,1.2893819808959999,6.664172172546389,6.61791276931763,7.46570920944214,8.33403587341309,1.2343635559082,-3.9349827766418497,-2.1680018901825,-1.31622314453125
sub-0128,ses-01,run-03,pain,MT,3,cueH_stimH,42.4377593994141,4.26971912384033,3.23082733154297,4.08084487915039,27.228647232055696,30.8269309997559,0.640995979309082,50.88667297363279,-2.9000835418701203,11.646460533142099,8.16750049591064,-5.8360280990600595,-13.6059885025024,1.4535707235336297,-10.5814456939697,-11.6017093658447,-26.8157558441162,-35.8650512695312,5.94582366943359,-4.59276962280273,-4.80561828613281,-10.389167785644501,14.645831108093299,-18.7989273071289,1.94673895835876,-12.5654382705688,-9.02994918823242,7.475670337676999,-16.8022575378418,-6.08679914474487,-51.634674072265604,-34.9087295532227,-31.7683944702148,-30.6051540374756,-20.387004852294897,-23.0316524505615,4.06223392486572,-20.281995773315398,3.94643831253052,1.83618593215942,-8.33116245269775,20.291324615478498
sub-0128,ses-01,run-03,pain,MT,3,cueL_stimH,16.388067245483402,19.5927848815918,0.808990478515625,9.50226879119873,-5.930852890014651,50.2783050537109,14.410533905029302,16.9814414978027,-18.431472778320302,-2.8896894454956095,-26.0430908203125,11.556166648864698,-11.7098445892334,-15.033305168151902,15.776205062866199,-4.3864865303039595,-13.8701934814453,12.2974109649658,-7.97207164764404,-6.18222570419312,-15.898249626159698,-6.6705007553100595,-3.6347503662109397,-15.299792289733901,0.871787428855896,-28.4094181060791,-17.947252273559602,8.990316390991211,-15.765235900878901,-31.753324508667003,-33.3325729370117,-15.681781768798801,-46.976490020752,-18.6804294586182,-27.0176162719727,-4.06902933120728,-53.8955955505371,-17.597690582275398,-29.9378318786621,-10.381429672241199,-2.81167602539062,-7.90003967285156
sub-0128,ses-01,run-03,pain,MT,3,cueH_stimM,-32.5491561889648,-13.869710922241199,-27.0607738494873,-1.4003998041153,-31.1227912902832,-22.5785350799561,-23.271671295166,-21.6756019592285,-13.8032970428467,-7.8236198425292995,-12.5199193954468,-13.1247901916504,10.916728973388699,8.80550479888916,7.71791839599609,14.530294418334998,-0.614118576049805,8.59959602355957,-5.64856672286987,6.91545963287354,-19.379545211792,-2.6330504417419403,-79.5361099243164,-21.3669471740723,-31.4147415161133,-15.2927980422974,-24.1252975463867,-4.73205280303955,-2.55202078819275,-9.134721755981449,-33.9837036132812,-4.546104431152339,-21.4381790161133,-13.5685176849365,20.967481613159197,-12.470600128173801,-2.00464344024658,30.268651962280302,29.6656837463379,47.529136657714794,18.253765106201197,7.57650375366211
sub-0128,ses-01,run-03,pain,MT,3,cueL_stimM,6.97197723388672,-21.872314453125,8.41742706298828,35.0006332397461,-11.054578781127901,-3.81836557388306,-26.6165428161621,-29.17356300354,-1.9123439788818402,-11.4917163848877,-19.3612213134766,-29.5011768341064,4.66142272949219,-15.2004137039185,-34.9968948364258,-24.1051139831543,-29.921564102172898,2.17575216293335,-14.584178924560499,-25.735651016235398,-34.4247665405273,-39.9519462585449,-52.1910057067871,-20.6853103637695,-0.583482265472412,-12.092191696167,-13.3116807937622,-12.648319244384801,-31.726623535156197,-17.8782119750977,-54.2273025512695,-37.684173583984396,-55.3159332275391,-38.344108581543004,-60.077266693115206,-29.250045776367198,-18.986129760742198,-29.8443984985352,-36.4621086120605,-16.722854614257802,-17.633945465087898,-28.5424880981445
sub-0128,ses-01,run-03,pain,MT,3,cueH_stimL,7.89145565032959,-47.7402114868164,-20.0079040527344,-34.3450126647949,-37.1843376159668,-9.03816223144531,-9.06743621826172,-1.1145114898681598,-6.301160335540769,-6.126784324646,2.8381900787353502,-8.18805313110352,-0.341299533843994,4.732032775878911,13.308006286621099,-14.6803855895996,-8.72492790222168,-29.6395530700684,-31.510320663452102,-25.597164154052702,-9.32205200195312,-19.558452606201197,-29.253150939941396,-33.739997863769496,-0.5644142627716059,-22.348295211792003,10.2980585098267,-19.395244598388697,-18.2807579040527,-18.1889610290527,-7.02515745162964,3.2458100318908705,-37.0482940673828,-24.0801315307617,-32.771759033203104,-37.633514404296896,-9.49216365814209,-55.6531791687012,-17.1327018737793,-30.236026763916,-27.048433303832997,-8.08701801300049
sub-0128,ses-01,run-03,pain,MT,3,cueL_stimL,-34.1834144592285,-11.201576232910199,0.698999404907227,-7.663805961608889,17.1229362487793,-19.9193515777588,-41.265045166015604,-2.97386884689331,-23.185518264770497,-1.84151887893677,2.58730745315552,-15.001392364502001,34.8367958068848,22.379943847656197,9.92863178253174,-17.1734886169434,8.94011878967285,15.4292669296265,-21.1795864105225,18.0740585327148,-30.0589199066162,-37.298553466796896,-41.9723052978516,-33.4351272583008,-46.5880661010742,-68.50997924804689,-48.9300117492676,-21.419818878173803,1.64325380325317,-18.9154834747314,-5.19763231277466,6.54958152770996,1.09116268157959,-16.4364414215088,-2.9015274047851602,-2.488525390625,-12.3463134765625,-23.299968719482397,21.6820964813232,7.6125054359436,-12.147082328796401,2.49213409423828
sub-0128,ses-01,run-03,pain,MT,3,rating,-1.6350622177124,10.999174118042,5.3299503326416,14.6743173599243,13.0784435272217,8.984354972839359,19.3127136230469,21.894554138183604,23.6109275817871,22.102882385253896,29.6295890808105,25.0763721466064,22.305885314941396,27.5573654174805,21.1801815032959,22.9960403442383,1.47127342224121,8.71201324462891,4.33463191986084,-10.0772247314453,-8.77444362640381,-10.4380340576172,-12.3589153289795,-6.0356769561767605,-9.581013679504391,-4.491127014160161,-4.37654685974121,-3.42298269271851,-2.01348376274109,1.5790948867797898,0.33792877197265603,8.614428520202638,0.8032684326171879,5.83668947219849,10.5123558044434,11.2076511383057,7.4887113571167,5.12751197814941,10.546159744262699,-7.9088306427002,-0.842419624328613,-7.5065593719482395
sub-0128,ses-01,run-03,pain,MT,3,cue,4.8617043495178205,-7.047070503234861,-1.1091108322143601,3.9370725154876696,-4.4642438888549805,-1.4368607997894298,2.54104423522949,-3.01866412162781,0.800506949424744,13.7928647994995,-6.09383249282837,-1.47141242027283,-0.151628494262695,2.88623666763306,4.13407516479492,2.31339931488037,14.423834800720199,5.88446140289307,9.55125331878662,-6.002227783203121,7.600642204284671,7.797332763671879,4.4695577621460005,-3.60705161094666,-12.4907169342041,0.864028453826904,-5.14679718017578,-2.4316213130950897,-0.412014007568359,-9.69021797180176,9.04478549957275,-0.231771945953369,1.61413717269897,-9.97072887420654,-15.597372055053699,-2.7669670581817596,-9.68698310852051,-5.2333884239196795,-1.0611147880554201,-23.287185668945302,-7.3222970962524405,-34.2747802734375
sub-0128,ses-01,run-03,pain,MT,4,cueH_stimH,4.429401874542241,-14.1835613250732,26.224008560180696,31.081050872802702,26.410232543945302,26.403503417968803,4.23373985290527,18.3149185180664,0.9092988967895509,32.5590171813965,-22.265796661377,20.3471069335938,8.15074348449707,-10.1186790466309,2.28995656967163,-2.8730864524841295,25.000696182251,4.8127589225769,13.503892898559599,36.2299575805664,-14.2413673400879,-20.0976638793945,0.25936222076416,-9.21158981323242,12.9754981994629,-10.7368907928467,-4.23021936416626,0.9217500686645509,-24.0841770172119,0.666911542415619,-7.444537162780759,-4.82013893127441,-18.9319095611572,-9.70116233825684,-10.8110523223877,-19.9866046905518,-3.08118343353271,-37.9364242553711,-27.5126037597656,-47.1643867492676,-1.29342198371887,-15.573753356933599
sub-0128,ses-01,run-03,pain,MT,4,cueL_stimH,6.166767120361331,-12.8165616989136,-19.004991531372102,-7.53684902191162,-7.86417007446289,11.4770450592041,-2.68494272232056,15.355245590210002,15.9797801971436,14.9610443115234,1.3217887878418,8.285154342651369,1.93734431266785,-23.2101898193359,-22.5684928894043,-3.77547335624695,2.40228128433228,-10.9149837493896,2.4670352935791002,-23.4219264984131,-22.7366504669189,-21.335748672485398,-0.39616096019744895,9.033447265625,1.0084240436554,0.0417558550834656,-1.32173895835876,9.224365234375,-13.805325508117699,23.258516311645497,-24.0519523620605,2.9961550235748304,-27.2074337005615,-52.302829742431605,-56.7201957702637,-47.80000305175779,-43.3113136291504,-33.544849395752,-14.7603597640991,-0.359650611877441,11.042606353759801,23.090206146240202
sub-0128,ses-01,run-03,pain,MT,4,cueH_stimM,-40.9298706054688,-4.02474021911621,-35.3578643798828,-46.799221038818395,-28.8259162902832,-47.2356758117676,-49.6794586181641,-26.057010650634798,-4.6305074691772505,-39.5308418273926,-11.458104133606,8.70834541320801,-5.71668910980225,24.157299041748,13.344959259033198,9.901506423950199,-10.480459213256802,-36.9061508178711,-2.74120593070984,-16.4311561584473,3.6480150222778303,-12.582720756530799,-15.053595542907699,-22.9448413848877,-22.7106113433838,-9.84727191925049,-36.345420837402294,-41.3085899353027,-57.566436767578104,-26.441654205322298,-48.1262550354004,-29.6344890594482,-24.654251098632802,-4.97394752502441,-5.156664848327639,-5.91241788864136,-7.61949062347412,8.72372341156006,-18.5649948120117,-10.2871246337891,19.6581535339355,8.92739105224609
sub-0128,ses-01,run-03,pain,MT,4,cueL_stimM,23.3470859527588,16.869873046875,13.9484252929688,12.759336471557601,7.5791740417480495,17.5843544006348,-39.0473861694336,-20.950059890747102,-27.6968212127686,-2.6987245082855202,-13.1499118804932,0.624471187591553,-18.4808311462402,7.2388200759887695,2.9732024669647203,-24.2515563964844,-8.90437698364258,-23.777879714965803,-28.4818477630615,-20.174383163452102,-28.276582717895497,-23.107240676879897,-31.3093605041504,-13.927186965942399,5.148967266082759,14.5138473510742,-25.715639114379897,-19.1049118041992,-23.2071838378906,-18.1381874084473,-17.4162693023682,-8.421706199646,-21.119457244873,-10.5795783996582,0.9798400402069091,-60.242805480957,-29.960313796997102,-27.7549648284912,-23.9333190917969,-2.20771408081055,20.3571472167969,-24.519554138183604
sub-0128,ses-01,run-03,pain,MT,4,cueH_stimL,24.335018157959,1.16105651855469,12.014862060546902,-29.3717823028564,24.147668838501,-25.5344295501709,8.496645927429201,9.26795959472656,-12.5078725814819,5.32823324203491,0.916474342346191,0.6610774993896479,-5.51666021347046,15.7159204483032,-9.47689151763916,20.957706451415998,-16.070777893066403,-17.6508712768555,-3.54874157905579,-25.4700813293457,-15.1226482391357,-29.6612491607666,-44.7669677734375,-23.632152557373,-33.1382675170898,-11.009425163269,15.8467407226562,-10.205176353454599,-11.1182956695557,-13.2764205932617,-6.42771577835083,-25.669446945190398,-12.4690685272217,-21.9969158172607,-43.8483543395996,-5.60205078125,-14.227271080017099,-0.370925903320312,-27.1785354614258,-8.52572917938232,-16.4296951293945,-7.287522315979
sub-0128,ses-01,run-03,pain,MT,4,cueL_stimL,-3.2522621154785196,26.3298034667969,24.5349464416504,7.6713581085205105,22.880407333374,12.0327501296997,23.6520805358887,-5.933476448059079,-24.124731063842802,-34.1239204406738,7.2036228179931605,-11.6790161132812,-19.358106613159197,32.154708862304695,15.031846046447802,9.42595100402832,21.8092231750488,16.2166538238525,28.7580070495605,4.3476266860961905,8.04909420013428,-28.761365890502898,-26.9996337890625,-38.021644592285206,-42.160552978515604,-27.8124885559082,-23.6985702514648,-16.7373123168945,-27.2872467041016,-13.698543548584,-3.10572576522827,-39.0810089111328,-17.583152770996097,-29.855052947998,-14.6494598388672,4.92578125,-45.4872436523438,-8.62591934204102,-32.472213745117195,-36.591381072998,-53.976192474365206,-28.3386878967285
sub-0128,ses-01,run-03,pain,MT,4,rating,16.2813129425049,7.79294729232788,11.5212230682373,15.180763244628901,8.64079093933105,9.4432897567749,17.258844375610398,23.1306171417236,27.556983947753896,32.059268951416,38.824367523193395,33.8927001953125,36.066932678222706,36.3351440429688,22.7327556610107,23.600711822509798,22.569883346557603,14.9740238189697,5.5118923187255895,5.1407732963562,-4.256280899047851,-5.93750238418579,-7.11557960510254,-6.67453384399414,-10.6421327590942,-8.540256500244139,-10.5757141113281,-7.217883110046389,-2.79153609275818,-5.6828317642211905,6.28151512145996,-4.16926670074463,5.503839492797849,6.18790149688721,7.465581893920901,21.628183364868196,4.22143745422363,7.62801551818848,-3.9680168628692596,5.48917484283447,1.5672683715820301,-15.1621761322021
sub-0128,ses-01,run-03,pain,MT,4,cue,-2.12716913223267,9.648393630981449,-0.5145769119262701,15.3528566360474,7.183627128601071,1.56196403503418,-9.102654457092289,-6.140314102172849,-7.25360774993896,8.30635643005371,17.241380691528303,2.86306834220886,3.2430567741394003,13.539976119995101,-0.42714333534240706,-1.58131122589111,-9.80144119262695,-12.8319606781006,4.38843488693237,-8.56557369232178,7.063733100891111,-5.9781999588012695,0.97507381439209,8.64356517791748,2.97165393829346,6.907684326171879,-0.24654912948608398,-3.18722653388977,-5.61865901947021,-2.51216983795166,-1.83125948905945,-4.62195587158203,8.42097473144531,-6.3704400062561,1.78437805175781,9.95925903320312,-0.820203304290771,5.4727268218994105,-6.733454704284671,1.40124464035034,-5.07606601715088,-3.6487841606140097
sub-0128,ses-01,run-03,pain,MT,45,cueH_stimH,-13.5438938140869,-5.607574462890621,-17.7248764038086,15.0822410583496,16.035934448242198,37.8103256225586,26.0385360717773,19.9711685180664,19.265335083007802,4.17651462554932,-1.4807825088501,-1.5736613273620599,-12.447279930114698,-13.863299369812,-8.46890830993652,1.57958579063416,-2.24301218986511,-0.28660416603088396,13.711305618286099,13.3733358383179,16.3517532348633,21.1734504699707,7.293560981750491,13.268679618835401,-9.16233539581299,7.54981565475464,7.26574516296387,-8.07522010803223,-15.4078969955444,-21.8010902404785,-17.3752326965332,-14.884617805481,-21.3151473999023,-21.6584625244141,-25.324239730835,-4.69147539138794,-11.5000667572021,-8.64188385009766,-17.153491973877,-7.79692077636719,-1.96506524085999,5.59676742553711
sub-0128,ses-01,run-03,pain,MT,45,cueL_stimH,33.394683837890604,18.7828140258789,11.0137071609497,-7.265803337097171,14.864706039428699,21.8674850463867,19.074010848999,6.87084197998047,-5.23063087463379,3.62506508827209,-15.1475439071655,-16.6445827484131,-9.66901206970215,-9.7110595703125,9.35675621032715,9.7308349609375,14.0590286254883,11.328162193298303,26.5749320983887,18.8335552215576,16.0329074859619,-7.158642768859861,6.83051300048828,1.3923451900482198,-18.0578441619873,10.029032707214402,-2.99116158485413,-3.21381783485413,10.3571186065674,-0.00592339038848877,-23.4963760375977,-17.8758506774902,-23.8778762817383,-30.1640682220459,-37.0178680419922,-23.328866958618196,-26.4991512298584,-21.216083526611303,-26.1424217224121,-2.5093760490417503,-0.11832427978515599,11.1562919616699
sub-0128,ses-01,run-03,pain,MT,45,cueH_stimM,-5.04167032241821,2.0701313018798797,-20.9156589508057,-32.8976058959961,-19.0540237426758,-14.6679229736328,-1.8691787719726598,-0.5105695724487299,-1.20094132423401,-6.053165435791019,8.2160120010376,9.85987091064453,6.12680721282959,9.42902374267578,-2.5877821445465097,26.132713317871104,14.4007663726807,7.35742378234863,-13.294200897216802,-11.968152999877901,-10.027803421020499,-1.59563636779785,-8.93648815155029,-25.598262786865202,-12.088759422302198,8.00081634521484,-10.844907760620101,-24.120910644531197,-6.53235626220703,-13.517454147338901,1.5733208656311002,5.53728485107422,13.610882759094201,0.903152942657471,5.2618513107299805,-2.5230894088745095,7.12459373474121,9.29042816162109,26.7777366638184,19.265789031982397,12.1879730224609,6.50070953369141
sub-0128,ses-01,run-03,pain,MT,45,cueL_stimM,-2.6956844329833998,15.1400604248047,-0.0408477783203125,11.155946731567399,-3.8071327209472696,-9.95441246032715,-16.523258209228498,-7.572174072265621,-23.005193710327102,5.153478622436519,-0.80463695526123,-18.9365615844727,-22.6400489807129,-11.9494094848633,-19.2162551879883,-25.035120010376,-22.667818069457997,-5.125667095184331,-18.680311203002898,-22.5957870483398,-20.5011024475098,-12.098237037658699,-10.003231048584,-13.26220703125,-5.22997903823853,-4.5736794471740705,-9.07772064208984,-16.906837463378903,-27.412363052368196,-15.442689895629899,-23.4131813049316,-26.132892608642603,-36.659820556640604,-32.094207763671896,-57.2289924621582,-39.7261238098145,-32.1383094787598,-26.3669815063477,-18.1857604980469,-9.19949340820312,-21.8892936706543,-20.7117919921875
sub-0128,ses-01,run-03,pain,MT,45,cueH_stimL,0.0999202728271484,-1.79870986938477,-13.486553192138699,-30.8077087402344,-14.9501495361328,-13.307427406311,-11.8555498123169,-12.416454315185499,-1.42022657394409,-1.0644502639770501,-6.9333391189575195,-12.990474700927699,-16.3444747924805,-15.1269798278809,4.8036031723022505,-5.23321771621704,-9.32589626312256,-25.346239089965803,-22.4395389556885,-22.266798019409197,-30.2178421020508,-30.296501159668,-33.6287879943848,-23.959947586059602,-21.7105560302734,-14.5175790786743,3.27617454528809,-1.47371971607208,-9.093377113342289,-16.8584270477295,-13.877417564392099,-13.8946361541748,-21.215467453002898,-27.9417667388916,-12.3270902633667,-12.561763763427699,-40.7066802978516,-14.9879331588745,-10.472047805786099,1.54807066917419,-12.6994190216064,3.8318619728088397
sub-0128,ses-01,run-03,pain,MT,45,cueL_stimL,-5.83744812011719,13.1641998291016,8.07106399536133,4.52057027816772,-0.719544410705566,5.65665054321289,-17.7523174285889,-2.02782773971558,-5.34346389770508,-12.8306446075439,-17.5272636413574,-17.2617588043213,10.3833503723145,16.5957298278809,22.978624343872102,31.057550430297898,17.2296543121338,19.214334487915,-8.249341011047362,-16.7542724609375,-28.387863159179698,-22.4426670074463,-35.6650390625,-35.0067329406738,-42.0793914794922,-33.8342056274414,-19.8218154907227,-25.111993789672898,-11.4075584411621,-29.2491664886475,-21.4579982757568,-27.0921611785889,-13.1295690536499,-8.21999073028564,-5.732219696044919,-14.4951171875,-9.15715789794922,-14.6879663467407,-12.7702693939209,-13.767396926879899,-23.5004539489746,-10.8941402435303
sub-0128,ses-01,run-03,pain,MT,45,rating,3.15456771850586,3.09707880020142,6.179603099823001,5.376214981079099,6.7340521812439,11.7969369888306,11.0564279556274,22.309226989746104,31.119287490844698,30.0015182495117,30.0927848815918,33.9816513061523,32.516815185546896,34.104866027831996,28.814552307128896,24.535945892334,17.447381973266598,10.213210105896,4.497233867645259,-5.09991216659546,-2.886399269104,0.38090938329696705,1.7507133483886699,-0.426778793334961,-2.61644196510315,-4.061834335327149,-7.58745002746582,-2.80235528945923,-0.297697305679321,0.36248373985290505,3.16189098358154,1.6450128555297898,-3.1564292907714804,2.02539730072021,3.39467859268188,6.15506887435913,10.089654922485401,6.1807537078857395,0.826085448265076,-0.540235996246338,-4.80222225189209,-7.45551872253418
sub-0128,ses-01,run-03,pain,MT,45,cue,8.5477294921875,15.7201280593872,7.7301540374755895,12.8713436126709,10.9058513641357,2.93486642837524,4.17996740341187,8.90022945404053,7.380291938781741,17.7634525299072,15.023197174072301,15.656098365783699,5.1534571647644,9.80902481079102,11.522701263427699,8.2379322052002,4.82131767272949,-0.826659202575684,4.51986265182495,-1.1940116882324199,-3.3091583251953103,-6.92197418212891,2.76451301574707,-1.17504739761353,9.09311580657959,-5.6454119682312,-11.6730308532715,-2.66824197769165,-3.06324434280396,-6.7325124740600595,7.485662937164309,0.528256416320801,-4.54488945007324,-6.307541847229,-0.336474895477295,-5.720288753509519,-5.47160339355469,-5.31476163864136,0.008237838745117191,3.0399603843689,-5.8396296501159695,-13.6260833740234
sub-0128,ses-01,run-03,pain,MT,46,cueH_stimH,-21.3358325958252,-2.57099723815918,-18.4743041992188,-8.03771591186523,10.4890737533569,24.409107208252,17.1037769317627,14.208966255188,9.80564117431641,-0.569344520568848,-3.1610488891601602,-9.05751800537109,1.1697134971618701,-7.06779146194458,-4.86639595031738,-5.0515456199646,4.905917644500731,-6.28668975830078,-5.762277126312259,-4.3775520324707005,-5.14293050765991,-0.6026434898376459,-0.958846092224121,-1.4477264881134,-13.3072290420532,-4.67586803436279,1.16360759735107,-11.0067462921143,2.6483919620513903,-3.9521093368530296,-20.024097442627,-4.52906036376953,-11.8437404632568,-15.375465393066401,-12.4794225692749,-9.77142810821533,2.77214670181274,-5.10392665863037,6.766169548034671,17.8379173278809,-1.27862882614136,3.84312057495117
sub-0128,ses-01,run-03,pain,MT,46,cueL_stimH,-3.56997513771057,15.2207136154175,-5.6154351234436,16.4061012268066,7.113826751708981,10.497062683105499,6.98828554153442,1.5483155250549299,11.0966320037842,-11.233644485473599,-10.577420234680199,0.6789779663085941,3.72122573852539,-0.572711944580078,-1.95049858093262,1.90021967887878,-4.80945634841919,0.167891502380371,20.5553283691406,36.873344421386705,23.2517929077148,25.9720630645752,20.3548603057861,0.676904737949371,6.25820398330688,8.96938514709473,-1.43002891540527,0.39956101775169395,-8.4205379486084,-0.49860429763793895,-14.261940002441401,-6.265765190124509,-19.8854904174805,-6.49455690383911,-1.81010293960571,2.18774318695068,0.54569149017334,5.5062050819397,11.126451492309599,4.09351634979248,9.14901351928711,9.13847351074219
sub-0128,ses-01,run-03,pain,MT,46,cueH_stimM,-16.528734207153303,-26.122554779052702,-26.7301464080811,-19.751600265502898,-29.5014152526855,-31.2989120483398,-28.0438175201416,-5.9772477149963406,-27.3405647277832,-3.76538872718811,2.31672191619873,-1.32355642318726,3.78349900245667,-7.03387641906738,0.33010524511337297,3.14754104614258,-12.9621124267578,-20.9870681762695,-12.6851205825806,-17.0588703155518,-16.2721366882324,-15.9232273101807,-21.1873779296875,-14.9196767807007,6.15967798233032,-11.6809406280518,-12.1424474716187,-41.393497467041,-35.897148132324205,-33.616989135742195,-17.9220962524414,-19.3040809631348,-20.679517745971697,5.4944748878479,3.50949764251709,-5.42793846130371,2.2435545921325697,6.1391706466674805,2.4813461303710898,4.18675994873047,-20.7255020141602,-26.1801948547363
sub-0128,ses-01,run-03,pain,MT,46,cueL_stimM,-5.532489776611331,-8.77045440673828,-7.82505798339844,-8.93362045288086,-19.8994960784912,-23.7334671020508,-18.7805290222168,-26.6727085113525,-15.7318572998047,-20.9807968139648,-18.846750259399396,-15.474607467651401,-8.60323905944824,-12.8033199310303,-15.044090270996099,-27.0270137786865,-34.4902381896973,-17.6540260314941,-35.2992553710938,-18.027173995971697,-34.3268623352051,-23.6763534545898,-26.6338157653809,-21.0070476531982,-22.1697082519531,-15.511225700378402,-11.9777183532715,-14.4495487213135,-12.4285621643066,-16.9027404785156,-16.7939434051514,-17.653488159179698,-25.2904930114746,3.66294002532959,-22.8530349731445,-17.5910358428955,-18.713077545165998,-3.9786262512207,-13.4371871948242,-3.6077651977539102,-12.5285186767578,-7.41539096832275
sub-0128,ses-01,run-03,pain,MT,46,cueH_stimL,17.0838584899902,-3.40327072143555,12.109710693359402,-4.847044944763179,-5.34156560897827,5.6759467124939,-14.288100242614698,-14.2672452926636,-15.1812210083008,-21.038782119751,-12.3082761764526,-9.65402412414551,-2.52433848381042,13.1288261413574,1.68139863014221,5.97148132324219,-5.751116752624509,-12.5871067047119,-16.563785552978498,-22.341112136840803,-24.3898811340332,-45.596809387207,-20.487922668457,-19.578058242797898,-28.364198684692397,-1.6026587486267099,-4.1664147377014205,-13.716704368591301,-25.6664009094238,-7.48647403717041,-9.00589084625244,-33.6509437561035,-15.084965705871598,-16.4475002288818,-11.669300079345698,-20.4077205657959,-18.1142559051514,-11.236419677734402,-25.3464012145996,-12.7604637145996,-5.80799198150635,8.45426654815674
sub-0128,ses-01,run-03,pain,MT,46,cueL_stimL,-5.47469711303711,0.9794769287109379,-13.0754880905151,15.391294479370101,-10.2806348800659,1.15653228759766,0.25725030899047896,-1.3588924407959,-5.8452639579772905,-3.59500789642334,1.8110861778259297,3.14187288284302,-11.255596160888699,12.2386112213135,11.0859851837158,8.470217704772951,8.41329097747803,-16.3270244598389,-8.55611896514893,-15.5791683197021,-12.9722805023193,-31.1107749938965,-30.7310009002686,-26.7491283416748,-34.5764579772949,-24.508670806884798,-22.0593795776367,-27.4029598236084,-6.86461734771729,0.0272579193115234,-1.2989249229431201,2.90258836746216,3.04942035675049,10.6943492889404,0.34812164306640603,-8.82568359375,7.36638641357422,9.47723007202148,-3.1878108978271498,8.1358470916748,11.312870025634801,32.7439804077148
sub-0128,ses-01,run-03,pain,MT,46,rating,-0.376840829849243,-0.572614073753357,-1.2982542514801,-1.3651003837585403,-1.75455975532532,-1.75205373764038,-6.709896087646481,-4.64070320129395,-3.1502583026886,1.51226997375488,-2.9368162155151403,-2.9072632789611803,4.72431945800781,4.26701354980469,3.8972573280334504,7.846524238586429,0.49730014801025396,1.9759101867675801,-2.0774974822998,0.9619779586791991,0.362272262573242,-6.5243854522705105,-7.226473808288571,-7.0882830619812,-6.13258838653564,-3.8329336643219,-10.2340965270996,-1.89588844776154,-1.32540202140808,2.29903984069824,5.20541191101074,0.839280128479004,4.23159980773926,4.946410179138179,3.40635395050049,5.50428915023804,2.4876155853271498,-0.0296688079833984,-3.0339198112487797,-5.22261333465576,-7.94976043701172,-8.30282306671143
sub-0128,ses-01,run-03,pain,MT,46,cue,-0.9485073089599609,-7.30406951904297,-5.532440185546879,-5.535067558288571,-3.79391646385193,-7.76621341705322,-2.7368474006652797,-1.4801318645477302,2.3108355998992898,5.15990924835205,9.71162033081055,6.45316505432129,5.68631649017334,0.870856285095215,5.21920299530029,3.3300991058349596,3.51251983642578,2.9587249755859397,3.11041688919067,-2.1275653839111297,4.992040634155269,8.90439510345459,6.2689905166626,-4.575316429138179,4.40458106994629,-4.53434371948242,-4.36716508865356,-15.5300121307373,-5.4278683662414595,-18.025436401367198,-16.048526763915998,-10.2755165100098,-8.667690277099611,-11.284078598022498,-7.10486173629761,-10.559121131897,-1.69726634025574,-5.925283908843991,-1.10540294647217,-6.9484601020813,-9.96496677398682,-19.620698928833
sub-0128,ses-01,run-04,pain,MT,3,cueH_stimH,12.398885726928699,-10.246883392334,-5.905471324920651,3.19558334350586,0.898354530334473,11.3201265335083,5.90085411071777,5.2350931167602495,9.92349624633789,23.8410949707031,4.65120506286621,-1.1883373260498,9.38137054443359,17.9656085968018,28.021076202392603,42.9455795288086,35.1439552307129,28.3815021514893,4.56218910217285,32.3801460266113,23.674514770507802,11.6132545471191,19.1440124511719,34.4096031188965,42.443290710449205,47.559352874755895,7.52718353271484,29.2069530487061,7.15834617614746,12.1413669586182,-3.7779655456543,-4.55070304870605,-4.73345756530762,-24.441709518432603,-10.344564437866199,-9.6054630279541,-17.0294723510742,-14.675559997558599,-19.1290168762207,-4.05650901794434,12.9401245117188,-1.42062759399414
sub-0128,ses-01,run-04,pain,MT,3,cueL_stimH,-15.4583129882812,-19.1718063354492,-19.3089294433594,0.80497407913208,-3.7030797004699703,1.92015743255615,0.7167649269104001,3.89849495887756,-0.636103630065918,26.145498275756804,18.7344436645508,23.8236026763916,18.8853988647461,-14.861708641052198,19.1929607391357,-14.3134660720825,11.7262535095215,-14.757990837097198,-2.20177984237671,6.73114204406738,2.1869487762451203,-3.6758279800415,-30.0689811706543,-37.072669982910206,-24.5636901855469,-27.233402252197298,-13.7163028717041,-27.9224872589111,-39.9029502868652,-3.9421768188476602,-28.8583908081055,-24.765480041503896,-52.1579742431641,-31.1416664123535,-27.9525871276855,7.81076431274414,-27.441207885742198,-20.5414962768555,-31.1004981994629,-33.0511703491211,-46.261165618896506,-28.024244308471697
sub-0128,ses-01,run-04,pain,MT,3,cueH_stimM,-0.982265830039978,-3.6186904907226602,-36.011501312255895,-8.17387580871582,-5.867346286773679,-16.0536594390869,-20.915540695190398,-13.634890556335401,-1.06002569198608,-17.1653938293457,-30.2705459594727,-43.9490089416504,18.7862987518311,-30.658483505249,-0.46671676635742204,-16.81884765625,-15.786745071411099,4.42562580108643,25.9302654266357,19.5220260620117,6.01837062835693,-27.303092956543,-1.9706325531005902,-12.913763999939,-5.07891654968262,-5.57410430908203,-23.9692726135254,-34.0411033630371,-5.42428207397461,0.619863510131836,-22.0046272277832,-33.2523040771484,-19.543533325195302,-11.6907215118408,8.114917755126951,0.14208412170410198,-10.9332008361816,-6.23194885253906,6.4579982757568395,13.5078773498535,28.6949443817139,6.11647129058838
sub-0128,ses-01,run-04,pain,MT,3,cueL_stimM,9.53837871551514,24.3861656188965,8.99849319458008,13.1875152587891,-6.49814605712891,-0.567211151123047,-26.4620246887207,5.24967575073242,2.78591918945312,10.5317440032959,-6.85232925415039,-2.79292440414429,-29.169303894043,32.3031005859375,10.3550891876221,6.1258864402771,-0.875268936157227,-20.974079132080103,-23.769189834594698,-47.3093452453613,7.86110877990723,-4.04302978515625,-2.5549936294555695,-21.595642089843803,5.02101707458496,6.4469928741455105,12.745960235595698,-5.14027404785156,-2.7642860412597696,-34.6030082702637,-20.4466648101807,-29.511226654052702,-33.42041015625,-22.4271183013916,-12.310474395752001,-7.4381198883056605,-23.6065101623535,-14.638692855834998,-13.8877601623535,6.9262580871582005,-9.69829940795898,-5.15235137939453
sub-0128,ses-01,run-04,pain,MT,3,cueH_stimL,-8.85856628417969,-35.7123565673828,29.093688964843803,-11.888035774231,-4.332725524902339,35.2421875,8.25935745239258,12.301412582397498,-8.403697967529299,-3.2945806980133097,17.936580657959002,16.032587051391598,15.387882232666,5.54022884368896,19.6008567810059,24.5712738037109,-3.5718002319335898,-15.6930675506592,-9.493062973022461,-4.4226980209350595,-21.2115631103516,-47.727596282959006,-13.9089365005493,-8.9440393447876,-13.71484375,-26.5463695526123,-22.2835121154785,-24.8353576660156,-3.63850784301758,-33.1124992370605,-14.9041805267334,-39.759757995605504,-5.503021240234379,-7.2564201354980495,-5.3292236328125,-38.325920104980504,-16.144088745117198,-2.50628280639648,15.912872314453098,-4.13518524169922,2.4899444580078103,2.0394439697265603
sub-0128,ses-01,run-04,pain,MT,3,cueL_stimL,-35.2906494140625,-22.9132785797119,-30.2981853485107,5.31486129760742,-0.390078544616699,1.07488059997559,0.9628272056579591,-11.6768884658813,-12.5200452804565,-21.838008880615202,-40.5083999633789,2.34344100952148,-3.94194412231445,0.18670272827148396,-15.329994201660199,0.832233428955078,-3.8217926025390603,-9.966230392456051,-16.614324569702102,-22.6133842468262,-8.10414886474609,-8.48089218139648,-12.5875339508057,-22.8799781799316,-34.2956504821777,-11.877002716064501,-22.7040519714355,-1.27958488464355,-17.8332500457764,6.06402587890625,-17.2664394378662,-27.2226505279541,-21.7999801635742,-34.7916488647461,-26.1308326721191,-17.9247055053711,-41.201202392578104,-21.8689804077148,-25.7377624511719,-46.134117126464794,-39.2832489013672,-46.0640716552734
sub-0128,ses-01,run-04,pain,MT,3,rating,-2.68584156036377,1.6470484733581499,3.2017683982849103,-5.25128316879272,8.15178108215332,14.261077880859402,10.039755821228,7.37030553817749,15.4915599822998,21.1015529632568,27.2143955230713,40.245304107666,29.994619369506804,29.3074569702148,31.281921386718803,33.3914375305176,23.0168781280518,17.1844043731689,12.998345375061,5.8958101272583,6.46387243270874,-6.704882621765139,-15.724840164184599,-9.764665603637699,-9.24234867095947,-11.276852607727099,-0.0506746768951416,-18.0356884002686,-1.3979778289794902,-3.4547786712646498,2.23457908630371,-6.09874057769775,-3.0049057006835898,3.7007656097412096,-2.4707407951355003,-3.52034950256348,-5.591167449951169,3.58151602745056,-0.9312133193016049,1.75597536563873,-7.54908561706543,-6.25047302246094
sub-0128,ses-01,run-04,pain,MT,3,cue,-11.2853240966797,2.2685394287109397,10.648826599121099,-1.7884216308593797,7.08540344238281,7.03549957275391,1.3224906921386699,8.96824264526367,22.8463153839111,27.3668022155762,5.43138885498047,12.349681854247999,21.594055175781197,32.3204193115234,26.607498168945302,22.020881652832,9.05398178100586,0.517845153808594,0.438446044921875,-6.53315734863281,-14.1893310546875,-11.9452972412109,-16.7454452514648,-19.8375549316406,-14.622642517089801,-1.92985725402832,9.59550857543945,25.3074741363525,31.859378814697298,25.1948165893555,10.437715530395499,0.10850715637207002,14.9829196929932,20.9683151245117,19.4632720947266,14.1720657348633,5.97418212890625,8.076169967651369,9.27240943908691,-0.787811279296875,4.94928455352783,13.4171228408813
sub-0128,ses-01,run-04,pain,MT,4,cueH_stimH,-9.82004547119141,3.3417339324951203,-8.58446216583252,11.342529296875,4.41429090499878,-7.592968940734861,-19.4998683929443,-7.425533294677731,10.7150611877441,-6.199909210205081,-4.59447860717773,21.7807102203369,-9.64286136627197,1.11573600769043,-1.3596515655517598,-9.83034706115723,8.7136287689209,22.143812179565398,21.951719284057603,-13.0356788635254,8.89625549316406,8.743053436279299,46.6960792541504,2.57917213439941,32.3710327148438,34.6780395507812,8.10768508911133,1.7755966186523402,19.200635910034197,-6.24537467956543,-14.4073848724365,2.5582256317138703,-8.35639762878418,-36.305854797363295,-37.305213928222706,-48.319496154785206,-19.5881271362305,-35.5793495178223,-22.479045867919897,-31.270606994628896,-14.8096923828125,-9.26144027709961
sub-0128,ses-01,run-04,pain,MT,4,cueL_stimH,-19.8048133850098,-2.36302947998047,-19.373844146728498,-20.6605834960938,-5.4510612487792995,15.1532316207886,29.4316482543945,29.803899765014602,24.895671844482397,38.209678649902294,6.68409061431885,27.6835155487061,43.7273826599121,18.0253219604492,40.9070816040039,11.5552473068237,22.449520111084,3.9445753097534197,20.0120067596436,26.1932430267334,43.043251037597706,14.5420532226562,29.3365859985352,-18.719575881958,-11.3484306335449,-18.9155311584473,29.284065246582,8.595363616943361,24.338491439819304,-5.500911712646481,-26.2057952880859,-28.52565574646,-26.4866771697998,-24.969406127929698,-34.342941284179695,-36.4201622009277,-35.352081298828104,-33.751106262206996,9.99698352813721,0.102231502532959,-14.125752449035598,24.051631927490202
sub-0128,ses-01,run-04,pain,MT,4,cueH_stimM,-13.5368871688843,-19.7563781738281,3.99851608276367,-0.678760528564453,-16.6057929992676,13.044132232666,-53.0639991760254,-36.466869354248,-28.2565059661865,-27.3462829589844,-34.334323883056605,-40.091526031494105,-23.361946105957,-66.67984008789061,-39.628425598144496,-56.6650810241699,-7.5094308853149405,-37.629463195800795,-3.09147453308105,-24.5475673675537,-36.190357208252,-20.8359680175781,-16.1923046112061,-47.8099899291992,-32.9235153198242,-21.203182220459002,-15.9283294677734,-4.4075756072998,-26.7963676452637,-18.5246334075928,-44.235626220703104,-30.9671630859375,-39.210166931152294,-38.8373603820801,-18.8948059082031,-29.289175033569304,-40.423942565918004,-48.5625610351562,1.90010070800781,-6.06092166900635,2.1471929550170903,-4.53561592102051
sub-0128,ses-01,run-04,pain,MT,4,cueL_stimM,-15.277952194213901,4.79511404037476,-9.90674877166748,-11.078132629394501,-11.4626197814941,4.21291160583496,-16.823308944702102,16.3235130310059,44.9501800537109,9.98422622680664,11.980552673339801,-0.451056480407715,-22.797969818115202,-20.5842170715332,9.920797348022461,14.5020246505737,10.871498107910199,-10.820802688598599,1.16422080993652,11.149696350097699,-17.782052993774396,-16.0750331878662,2.49111938476562,4.23917102813721,8.39982795715332,2.77039337158203,-17.9532566070557,4.32820701599121,-2.6349925994873,12.147325515747099,-27.864131927490202,-15.5904216766357,-41.3960952758789,-51.5712471008301,-21.037420272827102,-35.1572113037109,-23.1120204925537,-34.6383895874023,-49.6683578491211,-2.61592292785645,-5.63360404968262,-12.933330535888699
sub-0128,ses-01,run-04,pain,MT,4,cueH_stimL,-27.9652481079102,-18.1370410919189,-11.0664825439453,-0.39281368255615207,-7.272064208984379,8.67398262023926,-14.349283218383801,2.22051095962524,37.5594329833984,9.13419342041016,-2.4153413772583,10.3693218231201,-5.9845285415649405,-22.041015625,-10.3104200363159,10.025872230529801,-14.3835391998291,6.197033882141111,-12.4334774017334,-26.8356037139893,5.837530136108401,-24.2798023223877,-30.2947425842285,0.20917797088623002,-23.7706413269043,-11.472352981567399,-28.945585250854503,-36.2599639892578,-47.5847015380859,-28.308649063110398,-30.5973777770996,-22.8451080322266,-11.327018737792999,-19.1691856384277,-23.912727355957,-5.56436920166016,-24.4663391113281,-38.959037780761705,-40.307380676269496,-46.7560005187988,-19.5949592590332,4.930511474609379
sub-0128,ses-01,run-04,pain,MT,4,cueL_stimL,-24.0501022338867,1.28411674499512,32.5291175842285,45.884979248046896,29.333984375,27.223991394043,35.1898651123047,37.6834945678711,9.337483406066891,34.6821670532227,3.88607215881348,-6.80280208587646,19.626756668090803,5.07240867614746,20.6810836791992,15.989036560058599,35.0050048828125,51.4945755004883,39.423038482666,19.041225433349602,-12.321424484252901,-11.546855926513699,-26.485136032104503,-26.8463459014893,6.98408317565918,1.47570991516113,-3.2371883392333998,10.2952251434326,-0.54383659362793,-0.008855819702148441,11.511741638183599,22.9294357299805,4.0197257995605495,-14.9177894592285,-9.69451522827148,-34.7931594848633,-33.665374755859396,-18.7779655456543,-13.388465881347699,-20.4201736450195,-4.34068298339844,-1.13377380371094
sub-0128,ses-01,run-04,pain,MT,4,rating,1.4038374423980702,-4.12537574768066,-4.982343196868901,-2.22043657302856,5.1780095100402805,7.76766204833984,9.78443431854248,21.086715698242198,22.1715812683105,14.023940086364698,24.6852912902832,27.2331523895264,25.715394973754897,34.8255844116211,25.3611145019531,22.271125793457,20.419956207275398,22.3052158355713,12.187643051147498,1.92317485809326,-2.14319658279419,2.8683929443359397,5.1647439002990705,16.190505981445302,2.41382598876953,8.51423931121826,14.7151546478271,-1.25020027160645,7.75543975830078,8.196178436279299,12.727175712585401,11.485358238220199,6.03969573974609,6.3931097984314,-5.9062361717224094,-7.68363857269287,-0.9711637496948241,4.6480398178100595,-5.960415840148929,-4.70523977279663,7.987347602844241,-5.57946109771729
sub-0128,ses-01,run-04,pain,MT,4,cue,1.02915954589844,-0.38648223876953103,2.7209854125976602,-14.7698173522949,1.41450500488281,3.3135414123535196,10.263053894042999,2.54878425598145,12.493812561035199,4.81671714782715,10.2733917236328,12.1059303283691,7.327947616577151,16.286180496215803,15.944332122802699,14.848819732666,11.232547760009801,12.6954078674316,6.82929229736328,-0.6968231201171879,-1.8805236816406203,-11.681060791015598,-6.28978729248047,-15.8857421875,-11.416248321533198,-4.51774215698242,3.8511810302734397,-11.949462890625,-3.7929053306579603,-3.59964370727539,-16.431175231933597,-12.698881149292,-10.7163829803467,9.58275985717773,-6.46885871887207,-1.17154693603516,4.32910537719727,5.9256916046142605,8.57648658752441,9.341207504272461,7.83782291412354,21.6506652832031
sub-0128,ses-01,run-04,pain,MT,45,cueH_stimH,-0.961872100830078,-17.0805816650391,-8.6820125579834,-11.2185611724854,-11.8629837036133,-11.9434976577759,-9.01334762573242,-8.17462158203125,-7.33556938171387,-1.4534616470336899,5.06874465942383,7.3050222396850595,26.3768005371094,4.13470077514648,15.259218215942399,25.058406829834,16.572717666626,21.2175235748291,34.6118545532227,19.438983917236303,20.2211952209473,33.8740615844727,29.0207004547119,42.751045227050795,20.267591476440398,33.3317527770996,16.5081100463867,13.5387840270996,31.248664855957,22.4741363525391,10.2869434356689,-11.1241703033447,-8.26537704467773,-9.29424095153809,-12.024375915527301,-24.546272277832,-26.6593742370605,-23.2712097167969,9.41475677490234,-17.8441410064697,-3.9275970458984397,-1.8619270324706998
sub-0128,ses-01,run-04,pain,MT,45,cueL_stimH,-35.88722610473629,-6.713470458984379,-19.589187622070302,0.441984176635742,22.8415012359619,37.4418296813965,27.411190032959,45.5420951843262,54.844108581543,49.3245849609375,33.6649398803711,25.606714248657198,23.910585403442397,15.2226734161377,11.831199645996099,26.044303894043,9.06134605407715,25.2875022888184,13.8633346557617,22.664735794067397,25.5497016906738,20.934127807617198,47.63948059082029,25.739128112793,22.5486164093018,23.3018016815186,27.5085639953613,15.9433937072754,8.71712303161621,6.779241561889651,-9.95377349853516,-19.8450336456299,-20.8114967346191,-12.416446685791,-2.33026885986328,-1.90109634399414,-3.8682098388671897,2.6665802001953103,15.8739795684814,1.20669746398926,10.1765918731689,-6.447054862976071
sub-0128,ses-01,run-04,pain,MT,45,cueH_stimM,-4.66176414489746,3.99042510986328,6.195980072021481,-2.6575813293457,-3.19571495056152,-11.3699216842651,-14.8789157867432,-24.1400337219238,-18.835767745971697,-34.572765350341804,-39.3122673034668,-37.001953125,-23.2001800537109,-23.3883895874023,-19.3482265472412,-8.576076507568361,-21.187686920165998,0.637229919433594,-22.414892196655302,-22.5481872558594,-12.2360591888428,-27.4619255065918,-22.130325317382802,-21.924949645996104,-21.161865234375,-18.955135345459002,-16.246780395507802,-18.829975128173803,-54.7927856445312,-39.530555725097706,-39.520637512206996,-42.508514404296896,-31.021070480346697,-30.651353836059602,-14.4538745880127,-29.9390487670898,-36.1901359558105,-35.6203765869141,-13.946651458740199,-17.683214187622102,-20.6227760314941,-19.6671371459961
sub-0128,ses-01,run-04,pain,MT,45,cueL_stimM,18.7236328125,-6.846203804016111,16.532545089721697,-1.0894088745117199,-0.588516235351562,24.581045150756804,8.54013919830322,31.5492477416992,32.5386772155762,20.0794734954834,12.5722761154175,9.9759521484375,0.611825942993164,-3.2782244682312,21.9298267364502,28.3985710144043,11.327745437622099,14.3498010635376,17.925205230712898,5.853197574615481,-4.22841262817383,2.26325607299805,1.90568351745605,29.7469501495361,19.6008987426758,-0.73432731628418,27.0286026000977,4.9289436340332005,-0.30983161926269503,-7.9557609558105495,-21.735130310058604,-14.175840377807601,-30.382627487182603,-13.5755710601807,-23.286367416381804,-14.1275215148926,-18.8647022247314,-17.225849151611303,2.5680561065673797,-9.25654602050781,3.8505191802978502,-2.24843978881836
sub-0128,ses-01,run-04,pain,MT,45,cueH_stimL,-16.342262268066403,-12.7387962341309,-15.2160186767578,-7.27583503723145,-13.7908477783203,1.5281887054443402,13.3712739944458,31.4848232269287,8.72114753723145,12.4503793716431,17.7600269317627,5.61449766159058,-24.7344665527344,-20.3602046966553,1.39947700500488,0.23754310607910198,2.32767105102539,-12.185691833496099,-17.9220371246338,-29.737867355346697,-29.1641693115234,-19.3134860992432,-28.6150970458984,-18.489414215087898,-13.2802467346191,-39.328948974609396,-26.5620994567871,-39.499763488769496,-10.145627975463901,-40.101749420166,-42.4457550048828,-34.2416839599609,-25.4572448730469,-26.781814575195302,-32.955699920654304,-30.2672271728516,-25.3727111816406,-21.0783538818359,-9.67451858520508,-22.4513244628906,-8.14607238769531,-6.525577545166019
sub-0128,ses-01,run-04,pain,MT,45,cueL_stimL,14.1715335845947,8.67171096801758,29.427433013916,41.403148651123,29.4901275634766,34.586471557617195,26.064599990844698,21.823688507080103,1.84101676940918,24.837032318115202,34.410186767578104,14.604839324951199,7.204547882080081,27.0757694244385,33.506664276123,36.399818420410206,41.5910987854004,35.5414810180664,29.375955581665,39.0509643554688,31.5745525360107,11.990119934082001,7.22304534912109,21.5801811218262,12.4251365661621,21.781326293945302,33.8178863525391,42.926872253418004,25.6310920715332,38.975349426269496,15.9273414611816,20.8486251831055,-8.35997009277344,-5.23183822631836,-11.388710021972699,-15.5392608642578,-17.6684265136719,-8.40531921386719,-7.69742584228516,-16.1898727416992,-16.7293395996094,-5.43145751953125
sub-0128,ses-01,run-04,pain,MT,45,rating,-3.89679455757141,-4.1736364364624,-1.1288309097290001,-0.3864442408084871,6.1362886428833,10.115880012512198,13.5271053314209,17.6099815368652,21.689752578735398,28.3680210113525,30.909730911254897,35.5307769775391,40.1873168945312,43.013877868652294,40.700775146484396,34.8621025085449,34.480770111084,28.9190692901611,16.460027694702102,9.96141529083252,3.73246431350708,4.33504819869995,0.5779643058776861,0.44877767562866205,4.90265274047852,8.161046028137209,9.72801113128662,12.786885261535598,9.39508056640625,10.2421455383301,6.62705421447754,14.935039520263699,11.1203880310059,5.20889949798584,4.3719363212585405,-2.55404281616211,0.415658950805664,-4.00072336196899,-5.67738342285156,-0.347102135419846,-0.854660272598267,-0.18281030654907202
sub-0128,ses-01,run-04,pain,MT,45,cue,-6.02896881103516,-4.68347930908203,-0.39629364013671897,-3.9916534423828103,-6.063629150390621,11.203746795654302,8.57566833496094,24.7936668395996,24.564630508422898,26.2723274230957,20.6667194366455,14.120445251464801,10.846519470214801,13.016094207763699,11.218376159667999,7.48001861572266,1.7744979858398402,-1.4499893188476598,-5.29625701904297,-14.5904083251953,-13.0897216796875,-23.453758239746104,-24.1011428833008,-16.7170295715332,-17.847854614257802,-2.55604362487793,-8.95780944824219,-4.36855888366699,10.879375457763699,0.688201904296875,-12.609779357910199,-11.5976829528809,1.13498306274414,-3.94205856323242,4.12105178833008,7.501728057861331,5.32072448730469,-3.65886688232422,-0.980535507202148,-7.83146476745605,-2.06917977333069,-1.36730575561523
sub-0128,ses-01,run-04,pain,MT,46,cueH_stimH,-19.4410724639893,-13.3994674682617,-14.072848320007301,-13.9049558639526,-25.0430927276611,-25.125728607177702,-16.3450489044189,-20.7487907409668,-19.1668968200684,-14.343769073486301,1.7821159362793002,-2.22596263885498,-16.876564025878903,-9.96511650085449,-20.181871414184602,-3.47523021697998,-0.33453369140625,-9.28900527954102,4.54316711425781,12.376972198486301,-2.92216873168945,1.02130126953125,20.955862045288104,18.1158771514893,16.6580600738525,18.9357872009277,28.1070346832275,13.841590881347699,18.661146163940398,16.996639251709002,-11.717710494995101,-4.43169403076172,-20.5101413726807,-4.09434127807617,-17.195743560790998,-15.9901866912842,-6.03969573974609,-5.06022644042969,-28.4103889465332,-7.22397422790527,-6.88011169433594,-1.3612136840820301
sub-0128,ses-01,run-04,pain,MT,46,cueL_stimH,-14.6116933822632,-7.84586334228516,-12.2671699523926,-12.312090873718299,-7.8254108428955105,-10.760857582092301,6.195519924163821,17.2951583862305,3.1741945743560804,20.716625213623,8.31489753723145,15.668803215026902,12.0807771682739,9.05418395996094,2.2004451751708998,0.5854896306991579,-11.5648612976074,2.45861053466797,18.128940582275398,18.7124633789062,-3.0156841278076203,-2.61062431335449,11.6067237854004,1.99785041809082,-1.98571968078613,4.78521347045898,-13.809450149536099,-36.499324798584,-17.7076358795166,-17.9920768737793,-30.5186080932617,-23.097457885742198,-14.534393310546902,-23.173152923584,-18.8069381713867,-30.7486877441406,-13.4239044189453,-25.3090171813965,-15.1405649185181,-9.5677433013916,-29.7301216125488,-26.8834381103516
sub-0128,ses-01,run-04,pain,MT,46,cueH_stimM,-1.85779404640198,15.289947509765598,26.1028099060059,4.4156389236450195,3.22857713699341,7.470446586608889,8.13520812988281,-0.807576179504395,-8.40152931213379,-4.79905557632446,-11.753791809082001,7.49012756347656,0.88414740562439,-0.428678512573242,-4.65475654602051,-13.915224075317399,2.87234878540039,-6.5634450912475595,-1.5650138854980502,-11.4293737411499,-13.3029146194458,0.33116245269775396,8.63385581970215,-1.2549533843994098,-6.956974029541019,9.654378890991211,-8.07991409301758,-1.3122749328613301,-23.9101715087891,-28.1221351623535,-21.0363845825195,-23.6022605895996,-6.66092681884766,-15.532838821411099,-12.7883720397949,3.7295742034912096,-7.34718894958496,-4.68313217163086,16.0289173126221,-0.575479507446289,-0.28396320343017606,-0.234940528869629
sub-0128,ses-01,run-04,pain,MT,46,cueL_stimM,12.9050607681274,0.898924112319946,0.10076308250427199,-10.933876037597699,-3.6608123779296897,-11.9287853240967,-11.552833557128901,-0.458184957504272,-1.4275894165039098,12.407665252685499,-3.2886152267456095,1.70027208328247,5.80030822753906,-19.206974029540998,-10.3891944885254,-15.9578523635864,-11.1752376556396,-8.64261627197266,-11.1955413818359,-2.71422624588013,-17.0191688537598,-13.9326591491699,-25.878860473632802,-10.160120964050302,4.87368965148926,-27.0559768676758,-22.420944213867198,-22.3214435577393,-22.1001052856445,-12.964542388916,-17.382766723632802,-21.661066055297898,-37.756278991699205,-31.841388702392603,-22.332405090332,-20.6658210754395,-12.803060531616199,-19.9658508300781,-17.7671852111816,-5.28811454772949,-20.140781402587898,-5.04011726379395
sub-0128,ses-01,run-04,pain,MT,46,cueH_stimL,8.66365051269531,9.85525131225586,17.5223999023438,3.54880905151367,4.693946838378911,14.380428314209,4.00171232223511,13.370677947997999,12.609355926513699,9.61243724822998,1.14873218536377,-3.6224579811096205,-6.87283849716187,10.4031953811646,-9.56790924072266,3.90444660186768,-0.60484504699707,-14.815149307251,-17.996990203857397,8.443393707275389,4.78923606872559,-15.7558498382568,-2.9136333465576203,-6.05300426483154,-12.2732696533203,-10.5359153747559,-5.28161239624023,-27.8894958496094,-24.4630336761475,-12.776224136352502,-8.49627685546875,-2.66822242736816,-4.8120613098144505,2.9554061889648398,-10.711021423339801,-8.02585601806641,-2.4374542236328103,-14.7139205932617,-3.80727005004883,-5.07511901855469,9.84067916870117,-7.5249519348144505
sub-0128,ses-01,run-04,pain,MT,46,cueL_stimL,-11.2956447601318,3.0424575805664102,2.54118919372559,18.3546867370605,-5.35201072692871,11.715233802795401,-2.81233501434326,6.37426662445068,-1.4647760391235398,5.36219596862793,-3.17597389221191,-7.435626029968259,-9.490194320678711,-1.41722297668457,12.7532253265381,9.27928733825684,20.0330219268799,15.869764328002901,17.032735824585,9.711320877075199,21.1988162994385,9.42525672912598,11.5995121002197,-3.78765106201172,-8.08812141418457,1.0685977935791,12.0023517608643,11.898170471191401,22.4969291687012,18.602746963501,9.78255653381348,16.5745143890381,13.966773986816401,11.2169952392578,1.1775016784668,15.2371063232422,5.218048095703121,15.425056457519501,7.49347686767578,1.0864791870117199,2.79864501953125,-4.3504638671875
sub-0128,ses-01,run-04,pain,MT,46,rating,-8.70109367370605,-9.46763801574707,-11.487791061401401,-13.4296064376831,-7.893981456756589,-2.09573316574097,-4.11089038848877,-8.26334476470947,-5.067546367645259,-6.98891448974609,-6.60273933410645,-4.6800422668457005,-5.638065338134769,-8.97109985351562,-11.158233642578098,-9.76007080078125,-6.86396026611328,-3.7998428344726602,-3.6560459136962904,-2.13160514831543,-6.69051122665405,-7.77005243301392,-18.0270748138428,-17.147930145263697,-13.8224773406982,-23.0064849853516,-15.3482990264893,-21.593482971191396,-15.132713317871099,-13.116096496582001,-7.59994888305664,-12.1225328445435,-9.17383575439453,-13.872424125671401,-14.9592370986938,-10.09499168396,-9.68285846710205,-7.38225650787354,-11.223827362060499,-8.07253170013428,-7.92493772506714,-7.11263275146484
sub-0128,ses-01,run-04,pain,MT,46,cue,-0.008575439453125,0.7431259155273441,-5.49405670166016,-2.8136367797851602,0.636726379394531,5.88042449951172,14.3540496826172,18.0663566589355,25.8982009887695,21.3631687164307,18.8011226654053,17.167875289917,16.8062477111816,15.3674583435059,10.7467575073242,12.780128479003901,6.52346420288086,7.45713806152344,5.55854034423828,9.64476013183594,-1.08203125,3.29940795898438,-1.4435310363769498,-5.16378402709961,-11.0993995666504,-9.17043685913086,-2.52099990844727,0.493728637695312,1.7103734016418501,-0.8774337768554691,4.902442932128911,-2.19466400146484,5.16282653808594,11.9670944213867,8.17331695556641,3.7957534790039102,6.3943367004394505,5.48496437072754,10.7033443450928,4.250501632690431,4.1870698928833,1.00368118286133
sub-0128,ses-01,run-05,cognitive,MT,3,cueH_stimH,-17.9734125506233,-37.3627301993617,8.59240578659994,-6.2391743003233895,8.17879685998666,16.0632309716364,-0.576687899474822,24.563985689730895,30.5690722215598,34.2158195514918,6.76433484111904,3.8296745262420697,5.25028804524984,-15.665982925262599,2.8676943516392797,19.1305315457788,1.08116138936927,30.2912319672488,-17.0575181898716,20.6419288121551,-4.95529280348341,-17.193542494163,-23.9269214796888,-43.3294326987982,6.36850875175928,-2.24522823406966,-26.9688780391726,-24.5264233280865,1.3295374347703799,-23.933442102207497,-0.10404867853276299,-20.394574342109898,-40.8217254366425,-29.248256029758394,-29.0600235994667,-36.213108810418795,10.1131872058375,-39.1730350030072,-23.750374575837196,-13.377780641169501,-23.32196007566,18.915015166272198
sub-0128,ses-01,run-05,cognitive,MT,3,cueL_stimH,-20.2759782484344,-18.4872306117137,17.6602168038255,13.290590298855,37.3726334105026,18.9827714625913,-24.5231264204537,16.8874766624104,16.486810926355698,-1.29665730477978,2.66021932119552,12.633838560441301,14.553990466952,-1.9262571898340801,15.2339770524004,-2.2392259788882996,-6.6790629519194695,-9.59052486525602,23.688375901262198,21.915768720370302,3.05896406256908,-9.4247461232497,-2.6507823351522797,7.22311542753576,2.1136519069684603,-22.6107686952561,-3.07865741901443,-7.90158549855206,3.13114850871865,15.3173000019576,-5.52139848147478,0.161370814474203,12.9663599142838,18.9739639533979,-14.212493622063,49.5848254547902,2.85886138541157,-3.58101545731017,15.1672623861366,1.01329132045558,-3.5351525945110103,10.6580720634161
sub-0128,ses-01,run-05,cognitive,MT,3,cueH_stimM,1.17794930794982,12.871741702040401,15.121747100359599,-3.18415736545287,1.10084776297155,-19.7358621046289,-7.54417943845275,3.6026991466030096,17.0327685707906,11.661263713115599,-12.52894187635,-8.03334213687535,16.2156635468651,14.383059951204698,-21.466958559649196,-9.117317471078199,-1.9820209230082801,5.57932819515549,12.5351746183943,-8.8980135954621,15.990868911833198,20.5550867569437,-3.96943185187605,14.066200329983001,-20.577262256338397,-7.987889571495369,-4.80204914341858,-28.9092152719839,-20.7800347738642,-35.8805644598836,-33.4733392912849,-19.5848291211506,1.26670871497525,4.166468361864521,8.89878615480176,-16.441907765966498,-2.91695291771801,-7.05386991938645,-27.766031626528,-39.4607727251116,-48.5235570195541,-22.2667602361951
sub-0128,ses-01,run-05,cognitive,MT,3,cueL_stimM,14.0635847626185,-6.25336821474336,3.58233439020954,4.7350970276832305,9.012311474918778,-12.4259457218905,14.6378745504948,-9.77971485018152,15.5267039595268,15.7717620114972,14.7044121031122,12.164877529800801,0.877080541518385,8.17264082288609,10.1044334747527,23.820781180443696,-6.38823257978515,-4.9922984991968,-17.525417716818303,-13.7042983357905,-3.790360489983,-6.2505510474588,-15.515655562514999,-29.3034527178121,-9.648070943152119,-6.43068505727316,6.55351503793393,-9.47947276783524,-1.74479505470131,2.6251828575251,-23.4993370402776,-12.7507903377589,-0.32000160120627197,8.69604253662226,-13.7673456935007,-8.98619562332572,1.70590292219412,-3.6849828124005497,8.714938978496361,-11.9493075461558,14.371938254341801,-14.138245019232901
sub-0128,ses-01,run-05,cognitive,MT,3,cueH_stimL,-12.6154745087573,-20.7368180565086,-13.565044266410801,29.924396484623298,-3.72300379279272,6.2082498715481504,-9.731602516991169,27.8221226158892,41.5902748074733,28.8090248215907,-8.59760449133812,20.010890148540398,35.6175789973668,21.039156821211396,29.992622599970797,14.581818065797,32.7111073626894,22.2900592019265,-11.171113360394198,-8.21969506338738,15.5472000006617,18.115525812778,-16.7486768628263,2.44109226738314,-11.0822886995265,-2.7002356467014503,-14.7473315156829,7.89046645034441,-25.7712766672681,-36.0187682893825,-1.66633610343344,0.108487260625498,-16.952757158542198,11.702888982669,14.2166108103599,10.5599373863701,-14.7638550000312,-23.485735465888098,-6.93809616671998,3.04275168314621,-26.1014187146906,-1.97923778148165
sub-0128,ses-01,run-05,cognitive,MT,3,cueL_stimL,-46.049887486113704,0.260228728573907,7.82468290263971,-13.9343811828861,3.99156353693439,12.4397739232625,3.5625875544593706,6.833015615457669,-2.61088809228615,-22.8992114630341,-26.1822224570693,-9.67711222352897,4.09540477409321,-11.1170329588622,14.247604033968999,-2.61224359409587,-0.22575726307275798,11.826071216985099,14.6638549636078,-19.0324219245288,-21.4898012275203,-3.2052519461823303,-6.546318196143639,-18.3372922748222,-20.0219658381585,11.5320709076776,-20.201367871537197,0.5915222351311811,-26.0704812871388,-8.13842850178398,-13.9266303737729,-7.88448275251942,-8.072688742502871,-9.25523677273868,-9.60893586791298,-8.27612314106629,-10.025231924069901,-13.5040025842662,-46.644705775046795,7.822725235482,-29.880735275594603,-58.604490085291395
sub-0128,ses-01,run-05,cognitive,MT,3,rating,-10.975782978976701,-8.20313707676783,-12.2004558367555,0.7954050942931479,-7.192009991632,1.40087152741761,4.00156158535084,-0.273922945021692,11.280481227805,10.617113140303301,19.428327726066502,22.805598464923897,12.984622293718,14.131658638218301,12.7005984172539,9.94195910109092,8.07823076549669,8.59150170366567,-2.51425778933925,-3.59632037907369,-11.2729727410407,-0.11416671067327,-4.17078643727116,-13.0537170431402,-17.775323477479898,-19.603689341946,-15.4615787619394,-4.818434707877651,-11.8351952153857,-27.791700874520302,-18.375179775097397,-23.973995099825302,-17.7655066170979,-4.30093878478015,-13.5658856843809,-15.403347244693501,-11.1542679244123,-6.87791355832805,-5.98899562267931,-7.946914097637629,-13.101619985704902,-5.31490885346238
sub-0128,ses-01,run-05,cognitive,MT,3,cue,8.37711365994052,9.988854352579581,3.36259888435799,26.4051465822912,17.825666314207,18.6776241198274,-1.25992701908475,13.321075606612899,7.63938043935236,1.33470347203259,21.691695669805302,9.70966762075389,-14.2747227843863,9.84294503241985,15.890039206517,14.380487090778699,20.5314241067605,25.501562525703697,6.68445078856188,24.223579671244696,30.901996655500803,16.9915783314748,26.8604597837259,17.657467604561802,2.13285961505767,-2.88347156869946,0.30842630430592305,-9.84323304777976,-11.473036687644,-9.861571971067189,1.81503853104078,-2.5958660552192203,-4.4348996753686505,11.640305405301001,17.5290663800136,16.0839381536037,8.913597861018971,12.029007604228498,9.72926669542876,1.08214084391047,0.214158489718927,4.005523029227
sub-0128,ses-01,run-05,cognitive,MT,4,cueH_stimH,-10.357461374952699,-10.068519985030099,-38.8033147441715,-3.33861591281173,2.45801277031192,0.679312937807762,4.23000597376611,25.837195336627197,5.3799779347500705,-1.07067320248435,20.1048390896088,-25.788613631220397,22.2556725426476,-4.38138419346774,2.4174640262462996,1.5174403545405302,-15.2027249528385,10.957177927809598,-11.4240942568672,-20.574987374878,-12.8653819787858,-1.81230150388221,-36.0537200934743,-10.8288964674676,-13.2772737916606,19.9919166310888,-9.71957063405602,3.8677307704794104,-23.141685829234,-1.04991982820418,-4.72242463223893,-9.56614664334394,-41.6219845941359,-57.676408086916894,-13.5570321789545,-41.1297258717838,-25.5069328443429,-36.6542008360581,-2.19775856568695,-45.514430592299604,-23.1442517029627,-33.5039016699071
sub-0128,ses-01,run-05,cognitive,MT,4,cueL_stimH,-3.06714954273107,-2.31713781996032,-23.8606966019502,35.6403003311588,-7.807273225276621,26.734856749071398,25.2685500393925,9.97255456078011,11.6918585744224,8.16380620569958,-0.7316503871680992,17.2016529110726,1.1024978575388797,-4.8085396630837405,1.404199392983,-29.8348443502701,-6.04478931998211,-11.083820797492,5.43457478142368,3.6886738473174705,-23.2152478977704,4.8798180624241905,-10.5199443350385,-14.6580374569859,7.82822610490826,23.986576173970604,1.7230007111950703,-13.6709411780839,-6.72537439167737,-7.49085821578668,15.2699475783054,-10.937592078580598,12.546130934317699,-11.748418453087302,-1.79513028864142,16.5517165827007,30.1041456856966,-26.824855532782397,9.695893937149402,20.0238007782297,-4.90331992078642,3.90699800442579
sub-0128,ses-01,run-05,cognitive,MT,4,cueH_stimM,-8.44712243862201,6.7186442052198,24.1826582985958,-17.409915835718902,-22.3134804847375,7.84903924762771,16.6320102090556,-6.787488600200829,-7.35060689211964,8.02986236720704,-4.81073718936348,14.018995311027698,41.9948826790043,-7.236079129506151,21.1604498015188,-23.853939927266303,6.064474907600371,-24.4540078724363,-6.845945740951559,-11.625577313065,2.2049250641967,-41.2528793308942,14.344912063211,-1.30577234075919,-7.74742451390567,-35.7791026648465,-25.45693352217,-20.085550297471897,-44.403533195904295,-8.76878759477633,-12.607255218578999,-33.9189318918664,-16.763417777113,4.63553886881587,-10.011591744796599,12.474168529353198,-9.81436610673521,22.2064286499435,-4.05511998726564,3.11747665611837,1.20190671902689,-14.200950378230901
sub-0128,ses-01,run-05,cognitive,MT,4,cueL_stimM,-8.3033555309145,-17.989704740601198,11.800676475569698,-10.9538555243244,4.96002958583693,-0.18175537981329198,-24.0853739652264,16.837207352899,4.73450573121859,32.982824733724605,15.9936562975338,16.6008421210709,12.235778701338198,-14.0870125880286,-8.78321513624392,9.70786952016716,9.578492306350359,-2.91298756354938,-12.6721894530474,-18.0443764900171,-3.77172027484305,-15.669422202315099,-25.1717516119061,-14.347640192896499,-21.5611230495077,7.42059174105163,-26.775865299092604,-17.4141361194335,-27.1143770606604,0.771097422149206,-25.111657862698003,-23.8266606733949,-48.159282104804106,-34.7225569259703,-2.87989232948791,0.28010682461423403,-31.031752621242298,-4.519574000784679,7.27946991449789,-17.489736951918303,22.2824879159319,15.9399872204181
sub-0128,ses-01,run-05,cognitive,MT,4,cueH_stimL,-6.62624356437911,-17.8622328077971,-5.664009086499339,2.93382148509525,10.4450454788972,16.5900125701304,-19.748320070201,13.017063343570301,-14.9303611236966,14.8256257186387,-2.20609539257892,9.23658231812524,-3.28724246835684,14.0009427366808,-7.6126117821139205,-5.24368255355835,31.4757105473126,21.6936294008262,23.9863454218989,-27.1019103931427,-2.5777989484524504,-11.756405939286498,-24.2572025609203,-21.193827005527197,-12.069013977801399,2.20856341442703,-27.554777018513303,-2.6357238137723,-33.7709273485554,-18.5781469736555,-22.3079703462361,-8.90406765550482,-33.265874023321096,-9.535074301152589,-28.983172186068696,-27.2687316563717,2.7415787225080197,-4.40506311348198,-12.535561912223802,-14.2092242853582,13.5373225142515,-16.756316185936903
sub-0128,ses-01,run-05,cognitive,MT,4,cueL_stimL,-2.6657968405909602,-24.05481867497,-3.99613028199391,-12.040320025820902,23.6376270390068,12.630561852899001,-15.536661621397,-26.4615219092649,7.82381615024958,-1.1089484727230101,-1.65284572524115,-6.30870504640755,-24.404490128376004,4.00943613262583,-26.473817896969102,-12.6462819670002,-22.553044969134998,-48.91471028275679,-8.561360222780829,-7.663167165503241,-33.9110054234579,-24.8032494718805,-22.109693236643,-25.496566298175896,-11.1243240098299,-21.2544468115335,-2.60204751436033,-14.6669120980522,-3.1506927011889396,-13.8808510721896,-13.398367766554001,-4.33825916207607,-0.421364511618521,-33.8506348453275,-38.482156501508705,-40.943782387638294,-43.370649250668,8.38789179614793,5.15988652200261,11.4125349206751,-12.761379886054002,-17.6505579998829
sub-0128,ses-01,run-05,cognitive,MT,4,rating,-3.15925229951458,-3.76153321338397,-2.72336504459269,-0.8955137448254721,-4.923850083970501,-4.55203005327842,-1.1300411382953701,3.6207099938684304,1.10312369954838,19.7993819281985,2.80265621283451,14.186346133167401,2.6266350903426696,7.47262118645162,3.6807710821379196,6.5298015084919205,4.86466973659617,-1.6074283912898302,-1.59915720329898,-8.96956090721798,-9.46053406415217,-8.74804687098764,-1.26940741675788,-7.27091404746051,-3.7837517589737097,-5.15111736584258,-11.609275902809,0.35499601511894896,-12.3553545123457,-11.584578631605801,-29.3741622034322,-19.741984433183998,-15.393082857739902,-12.905636117963299,-7.44407816509272,-6.027944475566911,-3.169265494231,-8.808762756125631,-4.69074902035887,-10.152179212067301,-6.380041341057369,-1.53183729777665
sub-0128,ses-01,run-05,cognitive,MT,4,cue,-6.414275177961099,2.1614984477499397,7.059775047260731,8.88064145483412,17.1445665975656,11.266990506565799,5.617364844750051,10.263296077183,13.5767577073845,6.50833730893604,2.64206490776581,-1.2010074750078799,-5.799878866162571,4.1302293652210995,-3.8683794697528193,12.473831513584098,4.25849366635325,16.948687516607002,8.00288487179722,9.219891288780811,29.322465329907697,9.59121123900326,20.9817519417911,12.106851081669099,20.4735079394908,-0.285100998694258,6.12522816709699,-4.9886849589225,-13.6934060411998,-8.4932512301015,-0.60423532655559,-11.7512243555513,0.24676852971600197,-3.0855463941018395,-1.9288299052591398,5.66548478609972,22.6584036402683,8.69372388773427,16.3848474261486,-4.8622998699619195,0.0977434249456564,-3.98876607372331
sub-0128,ses-01,run-05,cognitive,MT,45,cueH_stimH,-26.3545914676406,-25.653431118003503,-19.2868529878449,-19.665807905936198,-13.2945088633793,-23.8692422920778,-0.23303039377150198,20.254235144676198,22.6474075827993,11.4346325443698,21.4946503849214,3.0732587956539303,13.180888624821598,5.048456314714589,4.85881344386523,6.57078196368781,-1.4955246549658001,24.1602863789644,-0.0709402162875252,3.7075435535746197,11.8854637624131,3.8743377500693397,0.9197553165250641,1.39159110853232,-21.050572079738604,-11.283737964735598,-6.243096415312119,4.85153979780004,4.43410778063622,-17.0444794641419,-20.518153581721002,-17.865067428832,-40.1356057739229,-31.4961810063702,-27.676937982217602,-28.8518664374467,-23.5914200675596,-22.4804977180898,-19.938519332343898,-24.5180884591875,-31.4449905638807,-4.815039475392401
sub-0128,ses-01,run-05,cognitive,MT,45,cueL_stimH,-21.5819718756995,-18.0144464403122,-6.6150808611477006,19.2052437093205,9.24875353674231,11.965062407523199,16.6827072451412,7.39520524491616,17.715034337605697,5.036983052548861,6.581387657867969,3.19876419170526,18.222826180388502,2.79548199796431,0.0270955923016132,0.5503598524846639,-5.76603424476228,-4.37120050243253,5.27094593045065,2.43217675124476,-20.992017849912397,-26.1147632653439,-20.5074833427925,-21.8032649256284,-12.6146350807359,5.90172434445261,-23.5591155002288,-5.551737358514509,-19.5360359963508,-24.407574408067102,-19.2165698348142,-7.592399564253089,-18.8510486611187,5.8723363427704,14.0200585433025,7.934376096893099,10.7503668388182,-11.0620258683124,-4.45619754368925,-11.9710853042576,-21.627206935250303,-23.39733582851
sub-0128,ses-01,run-05,cognitive,MT,45,cueH_stimM,-9.340941968939699,-17.9728813304987,-9.567526254861232,-19.913187920995,-17.6094294169747,-18.440823482484802,-1.27923292507744,-4.28382977823725,-14.106626656432901,5.96343527921353,-4.27905035233998,-8.60393056329901,17.604205311189002,5.04660993924175,10.880904996259801,13.344288263561198,25.589923337905198,14.576459814490098,21.703007448927302,3.35599077826186,16.6730018088142,3.5629048632691402,0.31046292678184195,-20.0330105268828,-26.767418596184697,-8.29609479392177,-14.784075700105,-28.732503576842998,-33.1936489424577,-35.38600120245071,-20.8786320579425,-21.474087508451397,-15.026555191305,-15.204287507328301,-6.11948995368688,-4.55463423703634,-4.56612311718123,-5.997694711459861,-12.810813410116301,-30.120104062293898,-23.846665172878605,-19.3655630251317
sub-0128,ses-01,run-05,cognitive,MT,45,cueL_stimM,-8.708365957622009,-6.07970516678599,5.63450461531635,-5.37045427316935,6.99161141971107,-1.52786316293193,-7.45333822328748,9.10180694548975,18.842805438901102,-4.721827435687519,9.92902658783993,8.07157570193176,10.157678809392001,-6.41385715449912,0.5134611995913279,-3.55126252582975,7.885820022723191,-2.50362474005384,-10.551398891601801,-12.7887676433905,-10.6851305929279,-29.637292852424697,-26.1229755486913,-25.664241294200803,-18.391781357551398,-21.3258496616281,-8.42546571828433,-19.016998714171102,-28.6685419840624,-32.4288516555281,-16.8890480913716,-31.5789117094175,-26.937015321867598,-12.631335138210401,-5.27751459117247,-5.757388177399191,8.71557136451573,-8.50578564449132,-7.65534891627033,-18.7443023339425,-5.726329941243731,-11.425918262850402
sub-0128,ses-01,run-05,cognitive,MT,45,cueH_stimL,-5.209032644801651,6.28141384849883,3.2113006001801003,8.981681719065051,-0.483632018341344,-4.83951551376697,16.1867933261861,-1.6500099730006998,-10.247024713986699,16.4622680413433,-0.34128250151006295,16.2217072336709,7.12081973951646,6.17715255444777,8.15500813973189,14.155032395046401,2.48117314341281,-17.7665337189596,-3.7854911400186904,-19.311975538627202,-0.10591676627636601,1.77375772023621,-34.7913650212687,-24.4760765499953,-23.4363388483932,-24.857006911754198,-9.91380065812039,-22.0977627825635,-21.9540886402676,-19.957079279607502,-29.730975425817103,5.6371624110020395,-18.2498019052827,1.94102085164123,3.63600017154426,17.386446277844602,5.23481799595741,-2.08256827426141,-7.484688830773861,-31.833543159598698,-25.283786338430602,-22.4307360443327
sub-0128,ses-01,run-05,cognitive,MT,45,cueL_stimL,-13.2846595334514,-19.2963506190169,1.9278705811018797,-15.416626455494402,-1.8461892494653502,-5.180575911695231,-7.08231363431824,0.616879008239614,-13.2352209545055,-6.50874329796216,0.9080144767131729,-8.86314018537665,4.14355575570629,8.19929726639276,8.801104849272571,8.97283418266517,-7.184575496040179,16.6573343929441,-3.8092978800465,-4.2551435711073395,-15.348988358166899,0.21602309958204702,-14.875493194367198,-13.4121979192258,-18.9022136153633,-13.259285304398198,7.9522775438958,10.394425202618901,4.87647987906664,4.5261251600699,-5.614312986468179,-11.7197159859249,-12.0169707549655,-35.8749649177363,-5.54600601387904,6.73613637257532,-14.3168775370101,-5.260951201698799,-1.98685544231737,-10.8840960165981,-8.70224021788743,-21.0642393062984
sub-0128,ses-01,run-05,cognitive,MT,45,rating,-6.58846803009617,-10.334541142381301,-7.83373990569157,-7.077748474901919,-9.88996743053892,-7.19439879351532,-4.24186168541511,-3.93490558656994,2.9872912551117,12.529738947211301,11.0085174124485,12.810996690635099,16.7486750429738,16.635957938703598,14.873664120686099,11.428946744546302,12.8207748091718,8.02024103825812,5.5069761474457595,9.368467904853448,5.08315553064845,3.0458654140973103,4.6792729312505195,-2.65799095257742,-17.407937551644498,-11.1442839176772,-17.0353435866381,-13.4047778029549,-13.527312536056302,-16.4880738230688,-17.737705197896698,-9.37107037594633,-10.277872937500101,-7.875873882412161,-3.9584133335592697,-6.419056534596041,-1.1708560304783402,-4.67180555586572,-0.99112750314651,-9.075917685152211,-4.53377697061012,-7.318977348245619
sub-0128,ses-01,run-05,cognitive,MT,45,cue,9.213076178002849,10.820164180689302,13.4738686989027,18.065450673271602,11.63592025868,13.400029735206802,14.1898942555761,10.06381150527,9.33357181443441,9.57532874418615,7.08084628673655,5.35818352063149,-0.00126305987282649,8.37178007591564,12.1152779952366,14.0389082545612,15.6616040096089,13.4420410121719,17.382416231302802,10.3647229740404,16.8860901436493,12.5377799042429,6.93890683854665,3.23523502678282,-3.77957689601185,-8.52951032293032,-11.282599707759,-21.5318441362373,-17.2574237074807,-10.3003892886267,-6.409428674487599,11.2971497117536,-0.8352359833805629,5.66779575889498,13.312437340942301,15.5550010547851,10.797456548446501,11.199180589698901,6.66788910285692,-1.67687024745646,5.71613880912272,-5.353633565369861
sub-0128,ses-01,run-05,cognitive,MT,46,cueH_stimH,-18.7061591275501,-9.50719992790391,-20.617864162299,2.48351512745744,-9.33565637378833,-9.24903308755692,7.5981715262866105,1.94253117452331,14.009426395437501,27.599252198140398,15.7682915947283,12.866671559240698,10.530141456376699,17.2268994936626,14.6287331389921,12.101116070068299,22.3318680970676,16.7500990675741,20.700504492671897,17.4264723867167,-2.51917049110405,-0.38811059505041207,-13.866394537276198,-8.12869384476462,3.09272842890913,2.3429153243405,-0.253444464886086,2.96532024310602,0.296135449094228,-2.60109993524536,-5.05956353197507,-15.440614445025101,13.5467771717114,-27.6668172529357,-32.5682312264256,-19.577550447801897,-18.074527667563103,-25.018472605967602,-19.263105055140397,4.2660962972836,-11.1738421252544,1.7331449171488202
sub-0128,ses-01,run-05,cognitive,MT,46,cueL_stimH,8.26049342984506,8.0484393786558,-1.7055741537285598,8.071032219630231,3.4105594402258803,14.786545392660901,6.26427217051214,14.4319149279934,5.38694319790159,15.2514301240662,18.2942764432039,20.5443605570987,15.5927645941224,17.921538857273603,28.8816943954327,30.9527879113908,39.8108439009262,17.7783356385649,21.7049887832158,28.827989390136,7.0800120247943905,10.5075163055757,5.46690333685038,-2.43275125416517,8.88992153398185,-2.84266091444345,-2.72723243014127,-0.10515234597355301,-2.10114170049129,-4.37663799604731,-8.36078706983984,-18.335773070600602,0.152391284698449,-4.18640118247248,5.987048731972849,-10.4705247625576,6.461343386335041,-5.8588718452888,-8.664318971404361,-8.93381433284708,-8.400609728832709,7.332258607316049
sub-0128,ses-01,run-05,cognitive,MT,46,cueH_stimM,-6.1408849584092495,-14.935551092365198,-15.0479849407898,-21.649313734531802,-13.3320232441684,-9.28574678484136,-10.2996979177358,-6.13320317942907,1.11298874943151,1.90554355510413,-2.12354274641855,-3.11204651701913,6.352156836684481,9.92517915688007,14.353055083353,17.1573597438842,16.1094285278899,3.35120981311589,8.50225138426025,21.4855460989454,13.2336857302542,8.98023594846142,-8.142314562748881,-9.0929028557547,-6.00640699339077,-10.4490654037046,-13.386127135127001,-18.818092327538398,-11.416223506658499,-5.08097353825224,-11.7753544712099,4.75661987255958,-6.03849905546836,-5.92842190750692,-2.19442778248614,-6.7940831586802,0.123769933069015,-11.2128423725496,-1.48145700696646,-18.55145128066,-0.5736045382390329,4.27352000277323
sub-0128,ses-01,run-05,cognitive,MT,46,cueL_stimM,-3.3527632049234803,0.0725067405127122,3.8813758955876403,-5.55907344776253,11.659221671354599,29.352685491195,23.6633448692595,27.0200945695229,18.163453288699802,18.6455995006695,9.05820295222828,33.0691372721067,25.9685579909928,22.163927131900802,25.8740108952024,34.878363619228,23.4989415885143,28.7504133869839,34.830305339549,9.54828022946417,7.553719333492709,-9.53694710770363,-5.86709937176453,6.198935870159629,-7.3189240693366395,-1.19946125239048,10.183806854858698,-7.44837407100397,-0.5376222311641851,7.6671207076004695,2.42202326858393,-0.366800285026699,-2.2715712775726296,6.61627553891025,-0.5689946250883,-1.25136523149007,7.33326919463153,0.46935288179645,10.4327939683392,-0.948195914557195,-7.45110844001668,15.707573879421501
sub-0128,ses-01,run-05,cognitive,MT,46,cueH_stimL,-6.3804133981181,3.58335340095478,-7.911248736150121,13.347236872813099,3.1157834470829098,4.14526804793748,-4.53744535155299,8.72316749361797,12.5694167220894,20.1895921893771,24.046377515145803,24.5396860241973,14.4193616416016,20.7441242230087,5.8642123351253295,33.332893551167395,13.6162125150934,21.8002555584679,30.316899813572103,4.37942861542835,6.3942581250113,-9.807977650370152,-12.673278995329499,-13.5494890850224,-5.80206695071313,-9.44034932182547,-1.7565072985572499,-12.818602013165,-9.93370412291676,5.38285122967751,-9.83184854886695,1.02637682265218,9.88413200338891,0.329822370320649,5.33948702640557,-0.8294146848471851,-0.415687817728336,5.01196309073687,3.51622216266166,-2.6682380714129903,-6.65109549549063,-12.9757560808509
sub-0128,ses-01,run-05,cognitive,MT,46,cueL_stimL,-11.8607668917099,-18.4770112090709,-3.13323406913988,6.47134992990868,3.0630313064299703,-11.0901095817936,4.863726125564849,-9.52255291547949,-1.5811777617051297,13.8753280385429,-1.6025844830454798,11.218818852720599,13.133604072556698,2.5752356002232797,9.7241285473417,13.7673690384263,16.1358004191655,24.971040061687003,7.536052532583799,13.2699046019449,11.506783915375099,5.73078996773532,7.199097128299909,-1.03823412597511,6.35929360842502,-13.6541585776425,-1.51392020842794,-2.67851020108714,-2.1286425510390203,-2.72291734122546,1.6151895692873302,5.52357405699226,-9.816215369217652,-6.61890191843644,-7.01360545300921,-13.9526108669172,-11.105531365147,-10.428172751078,-9.72972527529712,-13.042526623577,-29.685723767996503,-38.000290839298295
sub-0128,ses-01,run-05,cognitive,MT,46,rating,2.0667385850257,1.2872096758921598,3.0350438659799903,4.48942638363304,2.7320317386793302,1.47563378861246,5.48152788612759,0.0907250968127364,6.5955948055109,2.39225961894329,-2.61435376077595,2.24798033349062,-7.111893150862071,-7.30988285738738,-3.0820171718592,-2.4987946133086,3.87734613662121,3.52139036646922,5.67011877501549,6.0109481898912795,6.87885130620558,8.763607796528719,4.637301951971169,3.04274428375668,-1.6511876649625803,-1.45834011914525,-7.2851571374027895,-3.9284502902482004,-0.10579251011951299,-4.47858243591404,-6.47916368485999,-5.58377149489812,-4.75723587927556,-3.11860782638443,-3.3445421960017097,0.920613326220396,1.6104310232923897,0.593458450739653,1.14184737211382,-2.7100884493152497,2.88236749149646,0.19563809991700304
sub-0128,ses-01,run-05,cognitive,MT,46,cue,7.690129915437749,6.54861953563558,9.16681565876322,17.4635167161126,3.9782497766297595,4.946654392273571,3.7381082020904,4.698280964365059,10.820795618357,5.45979849420272,6.1838202705344605,4.24591447873544,1.4768241590046103,4.7030487653429,5.93593763111725,6.04270195126984,7.9254689161463,9.983522110635109,6.89237994103055,6.11904045646298,5.8310400357787895,2.1889531598825203,6.59934239181414,4.21637882192689,2.1417433021755703,-1.12634861422873,-3.7718392994702796,-6.5993585637508,-0.345019976129587,-5.95295350725422,-2.5090365137694,-6.125882161364809,-1.03898449250275,4.42574091593843,2.39051870064022,5.04593965078436,2.47848864583977,3.78280936534052,4.638665750028809,-6.21485830462349,-6.254042966450701,-1.58214286257362
sub-0128,ses-01,run-06,vicarious,MT,3,cueH_stimH,4.590988968426769,17.2102804433342,2.6183985018303098,1.82885430105861,-1.04509792834816,12.3965337597226,-7.304110605321321,35.7015658669726,36.096035320001995,33.7529777481676,23.3271310783164,32.9615999467745,40.2899715171589,32.6146735709163,11.441964352058498,19.0127008205239,12.194557760436599,16.4694536417882,-15.159904503740098,4.78607821130696,-15.0475019731641,-9.72068135150227,0.5713781858927521,17.785318146920602,10.7806622714116,4.040080693495661,0.19997706020477302,-1.18012954317583,-6.07779633639369,-19.5793468254589,-12.5858570398705,-6.96009172164298,-12.691415220055301,-14.6826611238037,4.4043061077994405,-32.1320550400107,-2.68289600868941,-17.538496212404098,-2.7287334130789196,5.799517526196491,-33.3766142474325,-1.8575960276017702
sub-0128,ses-01,run-06,vicarious,MT,3,cueL_stimH,-17.6873193963717,-17.3049653081812,-7.38215126036456,-13.233493352857499,19.380087631335897,-1.21262097320169,-4.4132544346106295,34.8992811321695,11.6023022589178,21.7859337888076,-1.52821541889273,27.485135996137398,21.733878535063802,39.376990100082295,41.3412010774314,36.7060610046494,33.9976040267068,41.1915604237604,19.0604449941335,18.8656376895881,7.27355179478704,-12.063672123879002,-17.954004568892802,20.106372581533602,4.75126921448556,10.5410270290379,-20.8945716994712,-29.376711958385897,-9.984932994943609,-21.9986234770288,-8.56097096254333,-9.64233497473091,-2.4412655280773397,14.424178283014099,16.4468319954663,2.34109305992787,14.379093443856098,47.5246338791681,2.98554725633886,33.7244303388906,18.436659074787702,-5.447831743212991
sub-0128,ses-01,run-06,vicarious,MT,3,cueH_stimM,-11.613590276958801,19.4200991581757,-3.8207155830483597,21.561054358836603,10.1451813692969,19.0508172610392,0.6717509030642851,27.516145311111497,12.5666298862745,12.419805545141198,41.8844089184404,50.56099307272329,18.151023952992002,31.8765495300963,50.2321702965831,30.4069614283745,27.386086423615602,29.174885049250804,13.332982688623801,0.5897492042369891,46.9510339415635,12.8674200693921,-8.976469863221359,17.9142004900023,-20.5790829922921,-20.229231002086802,11.857420285086,-6.78635383984149,-5.23051048120238,-20.6750933696347,19.214876524140802,-3.4064530707027503,6.255584992347861,28.0617384324581,-20.940251802407502,4.980398148826461,20.7876238737489,20.4011738450697,0.15751045458184199,16.280405338214802,1.8228948785277501,-4.49543223930448
sub-0128,ses-01,run-06,vicarious,MT,3,cueL_stimM,-1.16268159723697,-0.3644889231778621,14.974347765448801,-14.1093655475826,-23.895069118526003,-12.8123972409077,-20.3438246516383,-15.186883898115198,25.6039288752768,16.0557933344266,71.2858351133516,69.9032254106191,43.7454763803777,60.2451477430254,72.9002275561498,82.82807836970629,101.06206431624202,44.2147408887672,58.2791516032371,46.28354081325279,44.105981947414506,22.7974398185043,2.00827900173174,-37.9397893520616,0.962678928814435,-6.30032328364315,-11.6010089997765,9.63056992221143,-16.843341224003197,7.4908820608136395,10.0979959381979,-20.677747558935103,5.12591860750813,-34.3436657329378,15.7395853728739,-6.35344102021801,29.3888541615038,-25.174126483341396,-20.6084801598795,-14.777887158029802,-5.7982132676872,-10.004934061452099
sub-0128,ses-01,run-06,vicarious,MT,3,cueH_stimL,-3.70099927529029,-1.3083790999728,18.9696405284918,-11.128021827932198,16.939975116359598,23.178097932288605,-11.477019862179501,-11.1918117363502,20.5880223006495,32.678048635101106,31.2912610606954,38.0168942935664,57.253207796317604,64.85765579678299,76.6458963069857,48.647122692927596,60.2905277300232,109.882541947847,76.5494264009812,61.7018127697392,61.748983449556704,42.0489632783464,46.3939010538272,39.2072573994198,31.701217330282503,7.024310250096541,-9.78894557383867,2.36652715189115,-39.5197599972019,2.6975605366997004,1.41096423818062,-50.5020150826614,-29.5191104273822,-20.9670308084161,1.16593200033342,23.4157238635989,10.501048479939099,37.3703696606821,6.16426230149857,11.241680396769599,34.3881057863344,-15.1288543604814
sub-0128,ses-01,run-06,vicarious,MT,3,cueL_stimL,-24.0732274781532,6.528056758650581,-7.42148273801677,-27.036825960440304,-27.2543957790662,2.97809557509681,-4.0630883730301,-7.5168921034903,47.190244099824,32.2126954511677,29.300394195549803,16.1772766122095,57.461038363168,47.085098405328,54.11983202329039,73.815472174066,85.420236046349,48.0690065410612,50.33619016012429,29.265581683211998,13.9905504486287,57.5188569487716,17.429204988034197,0.921749250819511,-29.914978891967102,-29.370805441995202,-25.9473011778403,-29.7415127404055,1.6853006635692,-10.3783969129515,13.790103408410001,1.74957915302533,6.81423519985615,6.4260102207197,16.0114165211908,5.553283991923079,0.575040183882852,19.7221936309552,2.00100936244551,4.05403315950002,18.0800369347393,29.0419760699617
sub-0128,ses-01,run-06,vicarious,MT,3,rating,-3.13484309462936,-2.00493838230478,-3.3445806166787304,-0.832528891823795,-9.731351526616981,-5.9286794597366,-5.68192895161484,2.8103376849071,2.05157100492594,19.9760850213164,22.539782454807803,23.4335304731078,35.5483512795258,33.1550350335625,31.708755477351303,17.210305771291402,18.5970170428956,-0.937423986568525,1.80199811460875,-19.077770617183003,-8.41021443714855,-21.172482115890897,-15.619624832121401,-12.424491321395,-16.5780631394495,-13.24878181139,-14.3616253700493,-11.021700777663,-11.205364734965999,-11.9782683905557,-16.6415519190585,-4.4727435575451,-11.951302788476,0.8687562790494101,-5.12479940018668,-8.39420595511606,6.24030394866855,4.29965662421957,4.03167568420832,-2.6160961983152897,-5.2631925902555,-6.853314007954639
sub-0128,ses-01,run-06,vicarious,MT,3,cue,-11.8587564684471,-10.558643589605401,2.28790158446235,3.61653489335643,2.29409127756783,14.396630992722399,22.241706717824602,4.92758123658525,8.20081664072526,12.7069874062654,2.93372679036095,17.002804938513698,14.8174263671155,22.2498183190823,4.5825568972556905,16.2513771115675,-3.43212737140301,20.4726942008206,7.1632518831526,5.017333620827889,22.6206446230087,17.2947288866279,10.6794313783911,11.009784265572698,14.065670416325801,16.251675791008502,14.547517877650499,10.896113976066301,9.23401084222948,1.13699945728054,8.770088948375209,10.8598554971243,4.240610453899721,6.756629110459781,5.3890996025174704,13.9100787211131,14.633022151314002,20.605575074392604,8.2906697008037,18.262734156138603,-1.8398474223045802,-14.779507726438698
sub-0128,ses-01,run-06,vicarious,MT,4,cueH_stimH,13.4653752802633,43.677711293275394,-21.1744961419766,26.530356087492,50.76918994420179,5.54397131364175,36.1500800344105,10.672180593100801,29.1760986490941,15.5682936996391,55.930116388491896,66.1597014843519,54.202973757275295,100.46780334563,49.392751825788004,75.6788382201226,66.37074701013721,67.0641880037587,49.97168417474,85.25278333758679,50.0438758403498,32.3109007653378,42.047618356423,12.9061914196395,27.4429185692068,-23.5004491893865,3.78201126532019,-52.083451293465394,-23.8925239533478,-22.3411540236393,-14.923716526944402,-4.88803705310687,-63.347562314229705,-39.9713612594908,-29.662655304477,-8.869370586482,-3.8028726327603195,12.221897945727001,28.4453583087808,11.587630755601099,33.1832531439955,41.337061980746604
sub-0128,ses-01,run-06,vicarious,MT,4,cueL_stimH,28.150417203221103,0.32251994264126005,-3.21940969185062,-10.252023373399698,25.764470018597997,3.0273809990440297,9.51587649426153,47.49901210284371,4.66509539836364,41.2488952821461,13.2338200823895,55.8646618999572,33.2142028299762,62.626313036694604,82.579654024757,78.7550115008428,99.6628439517396,87.57996110453692,60.1288767081341,50.0310626223222,36.135248717901,31.0267314375141,2.13917525797577,9.49417199558782,10.111359825139099,-0.151001878933203,-18.1575442387797,4.655250653637781,-21.601281276061503,-13.0197110850941,-16.4446895036072,-11.2019689392048,4.37238111881673,13.2137223420279,1.3459561815395,1.69312876673812,5.862420786624769,10.4622468315779,-8.94480541233646,23.694283394740502,11.51031358602,-11.000470332602598
sub-0128,ses-01,run-06,vicarious,MT,4,cueH_stimM,-24.3018052013944,-8.19785998670653,-8.65788846873991,-10.8776526079392,0.16395869973848998,-11.835411849750303,-5.1426525212903496,15.8907175730618,-8.77887387708595,5.68123497346753,54.057978855228605,39.9536782797197,52.2096967671319,49.1748447748447,52.448357719699004,90.0046117425621,66.3901781471139,82.3083000882975,64.1972933785204,56.6270843140038,48.9357881329322,36.9280292127011,8.733440954616091,9.110722340243571,13.4493830757989,-11.9385865494823,13.442277200257498,10.074145973170301,27.475464290629997,-0.5658871417878759,11.1456733032544,27.9243717094775,13.8754177725863,0.271828119751071,-13.114507243675599,-9.553636596512359,18.0360211485975,10.2242662882491,6.85573307290341,-6.56595575725355,-2.2091391044115203,-8.53336899826479
sub-0128,ses-01,run-06,vicarious,MT,4,cueL_stimM,-15.625160634361999,-20.1590765760155,-32.9116427050097,5.445715855182401,-40.270574684357705,-15.955767273494802,-11.674293085941601,-25.887068009877602,41.5332388669875,32.6372972141681,42.540305833848,46.611581526901205,65.0216034002048,79.9722955920565,80.6053094966081,101.75319047669399,92.92573779596572,119.256430137051,107.303311141014,90.67931409571258,73.81944899358521,53.946767831718205,26.307913295904697,26.690061386402,-26.6244618704073,1.1379095395216698,-12.401295468178198,31.451538125397395,-3.64579962498492,31.138000161215402,28.079894790239802,13.9816977424529,0.224553214146923,-24.447594619538602,-1.4456734103613897,-16.822259911599602,-27.042836899512,-25.362423704956303,-1.29692529443383,-36.1283499059812,-6.406253919548769,-3.7418589020127704
sub-0128,ses-01,run-06,vicarious,MT,4,cueH_stimL,-11.512972100497198,-8.67795280347414,-3.4425023538066806,12.4126611859663,-23.205266325289802,-1.9390863260578302,-27.8638595052092,-2.84704486357235,7.44595877157636,20.7915522778076,52.872346501102,23.4533832921379,75.9769000277898,70.464963249065,66.7559225204842,61.5441368056977,75.3501598527537,104.60424819241699,71.9674724872401,71.41828143410379,77.9358880121524,58.5863607391826,43.983067642763004,34.5991966861007,7.9205233439433,5.37075343023559,-19.4355450728937,6.283380433596151,-18.3982262120982,-1.8655746340945403,-7.76961575812979,-63.12838668544371,-37.85131920406929,-50.8690465405512,-18.178059691275898,-12.2395000824629,-1.9375638320035402,10.737765540680302,8.65455384752992,-0.8730168440326659,33.9121361959128,19.6954806546053
sub-0128,ses-01,run-06,vicarious,MT,4,cueL_stimL,-20.896392956054896,10.6378423927461,0.6518946788061291,26.623361277329803,5.220371101955269,19.594390741229102,2.1793009346593704,16.1886718393904,0.42576496321079,32.0372230790918,60.5561410854536,62.8441716448316,58.6446703555877,63.1076915366183,69.0099636829986,78.1119218060624,87.8953376804619,56.89370816997,136.956742999924,76.38339283140009,72.0426173451188,32.3568836842589,44.9764052638283,20.4154451227038,33.7586513540071,11.1793875228249,6.17380853399961,1.73215832216652,11.3192946868669,-0.7686887400838209,-17.1071013741381,-5.460577603256009,6.2543566755805395,-14.131612316635001,20.6627432000405,15.3759319545321,19.2872920645829,28.3785879021462,14.170491587295698,10.0969205175894,17.097338833107198,9.9951394842608
sub-0128,ses-01,run-06,vicarious,MT,4,rating,3.57121145107671,1.41993209173577,2.83208192036614,0.30878776455796997,-1.4335489620896797,-5.00655244497474,-0.657971947273445,1.43947011986307,3.63922146495598,8.397422440691411,16.2232134395361,15.7790537043723,18.445875784466104,22.3180122535422,20.6840823667524,16.955976721365303,8.10929912148975,10.453182792484801,4.34097942575944,-5.10915795532737,-3.00367115870354,-0.848697274230011,-6.21195082697495,4.37611500800801,-0.18900393777674301,-12.3477328494137,8.44848348675765,-9.17208243183558,-7.30700619634808,-0.37813221027674,-5.8373275824605795,1.2132855809867702,6.59426799918691,-11.4852152569783,1.3028277147946399,-1.09459347858767,-7.08338158151661,1.32327293254548,-3.3941476413778298,-6.23637872264087,-8.587981893156481,8.306627699813651
sub-0128,ses-01,run-06,vicarious,MT,4,cue,0.7440960918882521,5.22193795193947,2.49175464510962,21.3607636360337,5.019421313063339,15.8971501389107,7.49069742772039,13.298843672494302,5.49608807115889,2.0844131800415098,14.545874587886901,-9.37992818985185,16.8714354602953,1.93726571766871,8.52537665894504,7.5993635673497,5.89662801682855,15.355130389707801,12.973192974214301,3.1607744315416904,11.974322344990098,21.2002130132139,19.449349203380603,12.362468753975898,16.7262710340101,8.59200874213953,11.315720023060601,6.86514639365027,4.081460012352251,4.71024566805825,7.02465609824114,8.095430995879871,18.9190449744602,-10.0941996680377,2.06857796357981,-6.3320958016093805,20.6307925562474,19.6930733542641,-18.6328615928452,22.058878339910397,-5.859212695693429,-10.265695277598699
sub-0128,ses-01,run-06,vicarious,MT,45,cueH_stimH,1.8798318647781298,12.384707815332401,-17.1549443099667,4.07844508870224,12.2968247559254,11.0136450883405,17.4256554088499,12.140241382236098,21.7466971413167,31.719983178762604,36.875183885934604,40.6845650389108,57.9934322612573,54.9368208782183,52.50565583165879,50.6290693396776,32.3535580408519,28.6486949353082,19.507289387934698,13.432877172454601,2.09639824146055,10.384697708050199,20.417882934642698,-8.04043946575379,7.29716090373418,-21.080309926764397,-2.78468934121436,-31.854084443249,-0.323267294827639,5.338231860478441,-6.470430740547731,-34.4921178168888,-24.981049139520398,-3.32919751266927,-5.15550689766679,0.0237128562163793,-1.44870954153613,6.95422892980919,6.181905550709209,10.0824439628714,6.95167748839357,-5.32854414136218
sub-0128,ses-01,run-06,vicarious,MT,45,cueL_stimH,-10.3209675723153,-18.8185127114504,-3.0987866098779397,-23.0940856301596,-11.109209760926099,-15.2212704070558,-10.5279343552651,11.768263567128699,-0.683457919436903,22.444066905575,34.766181987779795,45.2863963424654,48.107273344781,41.8648018600421,59.3181213166352,58.664715009980796,60.2830423758547,44.049679693648,26.6305985249332,8.16968264545633,5.10212928031415,4.9796444846080705,-4.608289046320429,-4.89794568630981,-4.18873890159292,-0.194394478973716,-5.764344806721151,-38.716875530764604,-25.9217899255702,-17.6005510523015,-11.658549384153499,-11.9402266463887,0.7081814299703909,-8.35572504670733,0.32502547250453195,2.3614465260180495,4.13997912546573,26.542798412621398,1.07289903100712,1.78219715323908,6.222228916808279,6.423049850031299
sub-0128,ses-01,run-06,vicarious,MT,45,cueH_stimM,0.819127639069528,-11.721180774944902,-4.226846200127899,3.9839445108309306,6.1412479111690494,-1.7988474942803099,-8.410154339097119,10.3896720883706,20.312000461316604,25.0851888020795,19.035862228587998,37.3793335537613,29.603584063875605,37.0772348940071,50.5292368442706,52.5210394862047,51.35988516797529,58.3227884876217,25.1574695811229,38.1717064382693,32.0834077607958,12.035191231185602,-5.94752010098218,6.733040831923059,0.45000862380795503,15.1930603035761,4.68192450062474,-3.7893507027752,8.80908564049916,-20.8236405929723,-16.874974294470597,-8.00895614539446,-0.12363286730384,11.648948186330301,2.34184324089735,10.897843343957,-9.070585425975061,-19.2367084242889,3.6475851986175,-14.660343637558999,-14.4526189665506,-8.16438024814809
sub-0128,ses-01,run-06,vicarious,MT,45,cueL_stimM,-12.3879425242955,-13.1364060934513,-15.2943690430513,-3.46113705130624,-14.282672905423802,-4.4822231729422,-4.03078841280936,9.933547239234448,8.514011448181831,30.544212764889604,49.0622777658353,59.5093930503467,71.0689840220183,71.4016543974921,69.5836128831165,88.54155519742291,56.014370273283504,68.81759771647769,54.751371104360295,41.8975416737167,28.229411791215302,18.3777035627626,-17.5068618532898,-16.1697571488483,-21.698326758912398,-20.3179429232952,-34.951270307565,-14.8769254279774,-14.1776283070362,-10.427915682880501,-5.2693372031073,-9.85828079125722,-15.180758489079,-20.2032682811902,-12.6091430250918,-18.5817911400268,-2.04516416477325,-13.672554037235301,-25.560249790943104,-25.639449714978,-11.271314042810099,-13.9516641042648
sub-0128,ses-01,run-06,vicarious,MT,45,cueH_stimL,3.5864601539847403,-2.12942711916649,1.5831492909264901,-16.0925288459602,-9.76195597714275,-3.73593419902623,-16.9649876185287,10.377446162695,4.6978003544122195,30.6595794861561,29.778668920690798,50.2772347764581,48.6881462865406,56.9836166075283,73.52914159670149,65.2211547066216,65.854177437318,41.8235834149469,68.1932753869926,58.0228859670487,57.7517350764275,51.3646371067045,32.6026482672428,34.7533605491559,6.29223891800414,3.44766570087676,-15.1193786489649,4.2641015317315905,1.2566133316535602,-14.346884340209,-0.26351367070099696,-2.38600529082737,-4.3238075054979195,-4.69305751220867,1.88614245174775,-2.3648900919897202,11.748243925680999,-5.05291202858048,9.752534642912519,3.79265986158414,1.1343715126838,4.87433556901565
sub-0128,ses-01,run-06,vicarious,MT,45,cueL_stimL,4.0470383155824,-3.9496667354934596,5.289250217010769,6.2268377308366905,-24.5984887406077,-2.5546387908777,-18.4286583149947,6.33034624279747,15.447673656772,21.0050242397387,41.0106214562735,52.6327216266928,41.9644295160928,56.9333400920626,56.85521900753861,58.5436451775047,77.00835944769901,70.7403991764332,67.7392533819483,34.6883060770923,43.9569044626541,18.4038210003119,13.9118201358289,21.637558131593398,-9.265162922204802,-6.42942505719514,-23.1542276691048,-16.9868601558309,-5.798513473946941,-6.921590259964651,-0.11382315066166,4.00347874583785,12.432774325718698,9.38061333657664,24.4094787126491,-0.0470794499513651,7.483231637953,-1.74406222149324,16.0813207180716,15.723843903584099,0.502670235163491,9.65490490757192
sub-0128,ses-01,run-06,vicarious,MT,45,rating,-2.4856631240744202,-3.44200592428639,-3.31428728389451,-7.28185353336232,-9.47276775441016,-10.822445672232401,-7.825383757722171,4.697395469931751,2.17978445523077,10.948378211683,17.1764904654417,25.8097375081282,22.4505443418611,19.058633966469603,22.2432640231004,18.735852588600302,18.415211870511104,16.383885943376402,8.56850622784099,1.6210992670265298,1.1621856114381999,-1.61746999917325,-7.01830786267313,-6.80078805117257,-7.91296907380242,-8.468235361456209,-10.6978147364207,-10.884732180237698,-9.97470918908302,-7.7321653261668395,-4.18409829687893,-2.1863736954699298,-3.11166390534694,-1.2833250553366498,1.28880224363737,-2.4787006295997003,2.9265699783205097,3.6874786727815803,-0.5600125467926129,7.41131156759116,2.0184489721981,9.56816999111927
sub-0128,ses-01,run-06,vicarious,MT,45,cue,2.48376625326056,6.4391132441572205,0.6605140316133629,4.1831407831093,9.99022527959139,6.98061761220042,7.0519200839347995,9.394175694583119,8.0915760869144,5.13670418564904,11.5521922453961,7.28166076237397,11.6178817686664,5.98445769635805,8.04182626947897,10.824506392584,9.81859334932731,5.8961927785643695,5.75912085229335,12.825742042014301,14.1251748501458,14.527097558185199,-2.05423098064255,6.90170687293012,6.49380414398744,5.622632264715099,1.8400732860924398,2.44102772319712,0.0880834233910111,2.55609184005348,11.2456336819904,0.9034871448967751,11.927785961135699,8.92809467024839,9.34940378906004,6.915914942114309,4.174813776758641,-0.5155142131193,5.1315807495235495,3.33703280239595,-7.32756015428995,9.504407304580788
sub-0128,ses-01,run-06,vicarious,MT,46,cueH_stimH,2.74928346076678,-3.2689167506915404,1.7325707696045198,9.80290428124545,4.38523987951699,3.6814522621184502,-5.06015150843936,-2.88066683453302,0.45176640930838896,11.136711662355198,29.368302816088,8.40983089943535,13.7005084550598,1.78113381769763,1.6616151411267501,-19.8273808726621,-7.63918295997974,5.6565083463468895,5.5126460483200095,8.12566139368238,-13.833743505706401,-4.01926881611866,2.62473895722933,6.177767962585469,-10.5353473083232,-20.1860542236659,-12.5415626068278,3.31843163920689,-14.689520044151301,-0.22405269773153896,-5.016812369472969,-26.3070190439392,-27.459820139781197,-25.028989301256498,-31.713036841220102,-16.0073571459018,-17.9636522117477,-9.55915721380316,1.5061491046932802,15.6834347695504,13.962933058098303,-5.011929303662
sub-0128,ses-01,run-06,vicarious,MT,46,cueL_stimH,8.7536229782128,-4.63167380422688,-2.69375533074264,-13.563829960210303,-0.33688335198886,-2.47149498893873,0.556481986151344,14.7658875103649,10.2618633010819,9.938832651090449,11.2225836824679,4.90120685447829,1.19570315532148,15.184686749776402,11.6286469977015,4.201839597034271,12.172576121888198,11.3670814906777,-13.326844040687499,0.422468399530941,-4.55948125001054,-7.87323050427899,-0.987029520874522,-1.8836462145497799,5.355160414153571,2.63589688640968,-1.6989939313983402,1.36521058975579,2.38181022672648,-14.574463956286,-3.09150329060452,-4.54332616794019,9.2292637883563,2.4075711217900095,1.3064751650586297,-13.7811135346472,-7.844794925341231,5.758321751106879,6.15696910871053,-4.59641421216478,9.55468951508987,3.21617244830388
sub-0128,ses-01,run-06,vicarious,MT,46,cueH_stimM,-14.698941474839401,8.68650488814438,-17.6467374831702,-10.4235807632622,-2.12156455650774,-2.77049952352333,-19.479927193629397,-1.6736304335992398,-7.86401003124334,16.6869429706957,2.04963929898048,1.24395515091052,-11.711089592544699,-3.6428261866563396,-3.70952342267246,-11.5011093698168,-8.89953369635892,-2.42157123361029,-2.9656343203436695,-3.97919268187227,6.0264312318909505,-2.3655795010685,-1.90655966808981,5.9626766556357405,7.381342924011769,-3.5061133956244803,12.3334541530003,2.4467607364089705,-6.994251877351361,15.416279284054802,-1.15942443143442,-6.375809955901049,-4.14076349117768,-0.5852214470706228,0.748092696193147,1.3612066972911598,-10.1300953247529,-6.53071712952117,-8.603048401154501,7.03986044477809,-9.88356391786277,-1.15006313425951
sub-0128,ses-01,run-06,vicarious,MT,46,cueL_stimM,-5.924497304519369,-0.22606873095462804,-4.29681426251538,-0.662047392557452,-4.82640635720829,-3.4501137224749603,-1.53594564600254,21.2805418827798,7.143670190206819,17.135785482332,27.857961573991602,21.573604994236497,35.0770559620464,42.5224191194901,15.2050767971596,32.3707437497242,24.117469228837198,18.2454196893542,16.5999927635311,0.22868022863635198,1.99559122945921,-23.9302480890134,-9.25766292371911,-19.033120006564697,-6.8020662064732695,7.961865654174429,-4.344797130676549,9.69545985605712,-1.2186297853523702,5.093664386055691,-1.5812642113118702,-2.65990439490431,-17.8173800240304,-18.091577495381802,-14.481001813624301,-22.925327444748202,-13.983567281588199,-13.2047277803126,-4.804865037261361,-7.4188737190486105,0.5703036208411449,-13.933293727918501
sub-0128,ses-01,run-06,vicarious,MT,46,cueH_stimL,9.7177483716572,8.11725607831395,5.72373473971802,-3.1255834583954902,-12.396373552377698,10.1838002420815,10.4006302794244,-8.65155234037209,7.42799779839795,0.836569297437557,16.307251904623,13.299755629294902,13.139538183565199,2.65993072765571,18.2580575290249,18.2167226432727,16.1362226626563,11.4200719424386,8.17411789853777,22.550922321444503,15.9829455671429,41.9643769930639,24.243564472494803,11.8320420948911,6.10749878182642,2.3394794882277203,-7.76787681174317,0.5864486033930029,-4.36123328092638,-11.8632253634037,-8.36125426530541,-6.09939984905913,-8.02617367938436,0.197126895631673,9.02213836847445,-3.9289564793254304,-9.76185449221803,-4.0040442302661905,-9.910783591405561,-1.66218776375112,14.2958795095488,-9.51026511657702
sub-0128,ses-01,run-06,vicarious,MT,46,cueL_stimL,-1.3004825002746,-5.382019211019701,-5.23763174207628,5.28990205867336,5.11345674677771,-5.34145623371456,-0.8495724020394759,6.20361198332006,6.93414742541057,11.682653199230002,18.186151180672102,22.045112145970002,5.702000534770759,8.00530897759336,18.2593581846814,18.9218536320239,8.39919482126265,13.822918025454099,14.058450464967,25.65138271712,27.966402439194898,8.179725271658059,4.65782039368645,-13.098834582777199,-1.6429447500798202,-1.6216847379651398,3.63879760321227,-5.87749074907045,-9.87330561230716,0.18744590967776897,-8.13985003990245,2.1937042070089903,-5.9968414270211605,-1.01731600935407,-28.137197902808104,4.04655386075107,-6.76171391249737,-0.37389158653220705,10.9833277645981,-12.2844875433378,3.54045160764552,-1.9220795827576798
sub-0128,ses-01,run-06,vicarious,MT,46,rating,-4.90999558211625,-0.470296296347325,-5.04363075952116,0.317752462794683,1.37334154741048,-4.39633178268747,-0.41099834938296503,-1.20914808129951,-1.1038422849090401,-3.3741693229007703,-2.92013406976278,0.0891523427187977,-3.2615361124079705,-0.517170747769171,-1.20480032294667,-5.46818759198541,-5.22801350921268,-2.98270283026968,-0.958028014200771,-0.128866598203519,1.47839934703081,-5.258750033213059,-1.43452577114993,-2.11416158111905,0.39340176555202094,-1.5373481598193202,-2.51031944203212,-2.00706464395972,0.13289045653929699,-2.6946243295088195,2.3634136549903797,2.27689458854223,1.5774604144078201,5.6527369830084,-1.0260388914012502,-0.42217125625708507,-4.98501856453271,-6.03584534749541,-2.9852533937156203,-0.23793286562698104,2.53460550330004,-1.9047867036931398
sub-0128,ses-01,run-06,vicarious,MT,46,cue,1.5688032300397199,7.862352579391019,7.8937678481536695,-0.24796645979796103,9.23138123627224,-1.6918479185555,1.32258276475701,-1.7939665490847099,7.70599358985445,5.74366074325938,-1.7752224125223701,-1.2529134479813602,5.75727532941836,0.12056531220707199,-0.605747967599054,-2.95216206911031,-6.99779838770034,-0.16784489410834902,-8.68777341590345,0.642458288264926,2.0825789709462197,-1.36303687775857,2.05067994510583,0.8969064969287249,-2.9983498159239703,-0.0525763237244572,2.9596083841702403,2.9867505526108395,6.0298432704272695,0.9865999145847858,-3.98818020839873,-4.56531048584142,-11.944459223718901,-4.83503233412585,-10.1768814584373,-3.9292165209505,-6.43477415583606,-7.535092888130619,-10.499371679552699,-15.096454905982,-13.4163454829866,-5.70831479690354
sub-0128,ses-03,run-01,pain,MT,3,cueH_stimH,16.8535289764404,28.4830760955811,29.373474121093803,11.6740808486938,35.2049789428711,-10.619253158569302,-12.487709045410199,-6.05063247680664,-31.0069179534912,-22.7397861480713,-7.50054931640625,-25.4276809692383,6.92363739013672,-30.1419143676758,-15.0836791992188,-29.2487258911133,-4.43415069580078,-12.8021850585938,-25.8794631958008,-20.5364379882812,-6.84369659423828,-18.8224487304688,-32.5130081176758,-23.0003128051758,-1.8626174926757801,5.70000457763672,-4.37238311767578,-32.8954544067383,-29.7081985473633,-5.93769073486328,-29.7493362426758,-47.214805603027294,-15.0006980895996,-33.8335647583008,-16.602367401123,-34.0802612304688,4.735595703125,-14.152235984802198,1.60696125030518,-5.14564514160156,-35.0633697509766,-43.6461524963379
sub-0128,ses-03,run-01,pain,MT,3,cueL_stimH,-32.2913246154785,-27.653682708740202,-23.0499801635742,-41.590660095214794,-8.33318710327148,-24.999191284179698,-29.511817932128896,-12.898571014404302,-14.722547531127901,-27.7478408813477,-53.1865463256836,-27.567195892334,-17.292047500610398,-4.0506796836853,-17.5145511627197,-2.8202805519104,3.9831666946411097,-29.8335037231445,9.39171600341797,16.4025955200195,3.1260423660278303,13.1156673431396,5.95485019683838,9.075358390808109,9.6711483001709,7.8301105499267605,-8.869466781616211,-11.8819675445557,4.908592224121089,-32.6781044006348,-28.4217319488525,-5.84424591064453,-23.0168075561523,-4.196754455566411,3.68671989440918,13.462833404541,-23.2632179260254,-11.098270416259801,-9.14629364013672,-34.7084922790527,-21.2849349975586,-44.4599494934082
sub-0128,ses-03,run-01,pain,MT,3,cueH_stimM,-18.0510177612305,-21.3392486572266,-10.1859569549561,-13.592209815978999,-31.013109207153303,-24.7005500793457,-18.189975738525398,-1.45318806171417,-1.7705278396606399,1.24202728271484,12.912200927734402,-13.0768394470215,-7.582626819610599,-13.2817029953003,6.690411567687991,6.66523218154907,16.935432434082,-6.43535041809082,-6.16996669769287,16.0539150238037,-1.72835350036621,10.572124481201199,-30.319992065429698,-40.617584228515604,-22.047250747680696,-37.1363067626953,-62.8383255004883,-18.147670745849602,-20.6443557739258,-10.892284393310499,-21.4913024902344,-0.27498817443847695,-23.5843658447266,-13.087911605834998,-19.6369342803955,-7.33190727233887,-9.44526290893555,11.6531276702881,5.67819595336914,13.308372497558599,-6.28009033203125,-6.04337310791016
sub-0128,ses-03,run-01,pain,MT,3,cueL_stimM,-21.044246673584002,-13.2622489929199,-21.5033988952637,3.63105010986328,9.00381565093994,9.830118179321289,6.23028564453125,-9.31419086456299,15.118377685546902,15.5348777770996,16.5005416870117,-5.32886075973511,3.91516876220703,9.78604984283447,42.219795227050795,1.7080293893814098,4.35826110839844,-2.40310287475586,21.257633209228498,6.90364074707031,-7.2281198501586905,-0.15168762207031197,32.155834197998,11.186531066894501,-15.477302551269501,-3.6982021331787096,-15.4853839874268,-42.191520690918004,-49.9068946838379,4.55254936218262,-23.185501098632802,7.26495170593262,4.92645263671875,-7.634258270263669,-5.07583999633789,-3.4304962158203103,-19.7079391479492,11.416116714477502,17.3079528808594,20.7882347106934,29.7571754455566,5.7499361038208
sub-0128,ses-03,run-01,pain,MT,3,cueH_stimL,14.453441619872999,-21.0030612945557,29.801256179809602,2.79241132736206,24.680004119873,19.5270843505859,13.220701217651401,24.541147232055696,-1.61609482765198,16.4845180511475,-5.652873992919919,-2.80805563926697,-11.0247459411621,6.36210441589355,33.724372863769496,44.03169250488279,27.2745895385742,30.026987075805696,15.4018297195435,31.7284965515137,-15.2196807861328,-56.1847610473633,-0.0594291687011719,-4.143114089965819,9.62276649475098,-2.17239379882812,-13.1927938461304,-19.8384742736816,7.68940734863281,-31.5284271240234,-8.88833618164062,-5.47072410583496,0.35664749145507796,-30.8522605895996,-8.25833129882812,-8.21317291259766,16.3868713378906,12.1421585083008,40.7987518310547,21.8341903686523,-20.3277683258057,19.3675842285156
sub-0128,ses-03,run-01,pain,MT,3,cueL_stimL,-0.706676483154297,-28.6280307769775,-25.367811203002898,-18.0081996917725,-22.740869522094698,-43.085731506347706,-1.67031276226044,-7.78378057479858,-23.1013450622559,9.70898914337158,4.439923763275151,22.809873580932603,17.231246948242198,20.1661968231201,-1.2366886138916,11.633941650390598,22.106071472168,18.223110198974602,7.993427276611331,13.269203186035199,12.982063293457001,37.8073501586914,-27.164697647094698,-17.6240196228027,-1.87877559661865,11.583984375,14.68017578125,9.56310272216797,17.0794677734375,16.099365234375,-11.9821929931641,-3.21428108215332,18.3898334503174,-31.0684242248535,-11.099979400634801,-30.823917388916,3.15424919128418,-6.64799308776855,-4.39021968841553,-33.430652618408196,-9.082761764526369,-28.24658203125
sub-0128,ses-03,run-01,pain,MT,3,rating,4.1926565170288095,4.29616641998291,6.540870189666751,0.438544750213623,6.00286769866943,-0.42687201499939004,12.268402099609402,15.9038915634155,13.1089744567871,17.064336776733402,23.7059764862061,32.654285430908196,30.6035652160645,36.0401191711426,28.330368041992198,22.158695220947298,1.9794921875,-3.28636360168457,-12.4795207977295,-20.902053833007802,-9.31442737579346,-15.867593765258801,-6.67222023010254,-7.49315595626831,-9.59636497497559,-13.0120239257812,-14.0384368896484,-13.685519218444801,-6.01483821868896,-0.6886248588562011,0.2117919921875,-12.328277587890598,-21.083293914794897,-8.72445869445801,-18.063785552978498,-10.905269622802699,-12.9796409606934,-19.0269832611084,-8.44694232940674,-8.73712253570557,-4.10640287399292,-5.72187805175781
sub-0128,ses-03,run-01,pain,MT,3,cue,3.4298553466796897,-3.51339721679688,-1.76484870910645,4.04442596435547,-0.02569580078125,4.18230247497559,6.28142547607422,5.69333648681641,11.4137496948242,9.90130233764648,21.3895626068115,22.453933715820302,23.5492095947266,6.7489328384399405,19.3546257019043,17.0708427429199,13.6177272796631,5.16489028930664,-1.12808609008789,1.64830017089844,-11.698020935058599,7.32487487792969,12.1003074645996,1.02036666870117,11.7957229614258,17.9936141967773,23.1729011535645,11.1524600982666,-0.38147544860839794,10.4787349700928,1.90326499938965,-0.863651275634766,-5.93389892578125,-17.9314918518066,-11.0203218460083,-18.4563255310059,-16.6398944854736,-18.6622085571289,-6.87494993209839,-11.906211853027301,-14.7875270843506,-16.474142074585
sub-0128,ses-03,run-01,pain,MT,4,cueH_stimH,-8.42207336425781,1.0230641365051298,4.85434913635254,-0.40543365478515603,-10.6516246795654,-5.38883399963379,2.91265869140625,-18.258321762085,-25.565124511718803,-24.520326614379897,-10.7289924621582,-12.848621368408198,-34.5482025146484,-29.9553108215332,-29.4673957824707,-41.0805549621582,-33.1649017333984,-27.8655891418457,-38.9518928527832,-30.7278938293457,-27.1561164855957,-44.0086555480957,-10.827503204345698,-27.3896369934082,-46.427848815918,-27.3057746887207,-32.6258392333984,-39.5804328918457,-7.8159065246582005,-31.2817230224609,-19.4769172668457,-33.158035278320305,10.8980255126953,-19.8769760131836,-19.2880859375,-8.308408737182619,4.62101173400879,11.7522239685059,-5.07191467285156,7.99107360839844,-6.3510646820068395,2.80461502075195
sub-0128,ses-03,run-01,pain,MT,4,cueL_stimH,-31.7297630310059,-38.412391662597706,-15.079078674316401,-17.008674621582,-6.97757339477539,-7.91276550292969,-3.1866455078125,3.91081619262695,-18.4577465057373,-20.715839385986303,-23.272424697876,-16.718971252441403,-20.0848751068115,-27.679279327392603,-14.058841705322301,-11.1044054031372,2.4869613647460898,21.666193008422898,4.05154800415039,15.313846588134801,3.9022536277771,0.28764152526855497,18.7133884429932,8.338344573974611,-11.9460964202881,-14.0414752960205,-24.0911655426025,-6.3035888671875,7.7906379699707005,4.55067443847656,-18.863862991333,-4.0138435363769505,-2.46892166137695,-4.0406990051269505,-11.288938522338901,-8.75102424621582,-5.178466796875,-10.473651885986301,-9.87160491943359,-4.24320602416992,7.4793815612792995,-20.491313934326197
sub-0128,ses-03,run-01,pain,MT,4,cueH_stimM,29.8145217895508,9.21523666381836,21.5341014862061,-2.84295701980591,-18.708084106445302,-11.2330923080444,-15.581291198730499,7.479803562164309,1.2237114906311002,-7.7002058029174805,11.7915258407593,-5.93909788131714,-10.7780847549438,21.4135456085205,6.2087497711181605,17.6372013092041,30.3472023010254,21.332851409912102,-6.08502960205078,-11.0125560760498,-4.12534523010254,-10.9569091796875,-18.2094631195068,-27.1031799316406,-24.069887161254897,-24.8332405090332,-25.412538528442397,-35.171688079834,-25.965425491332997,-20.4765777587891,1.1715278625488301,-0.43946456909179704,15.5215969085693,-20.384231567382802,12.4219627380371,-0.799944877624512,-12.9067802429199,-7.8108234405517605,-32.093860626220696,1.20744705200195,-6.820709228515621,-4.04864501953125
sub-0128,ses-03,run-01,pain,MT,4,cueL_stimM,-15.6335868835449,-25.6623420715332,-37.464881896972706,-0.16990661621093803,-16.9197044372559,-17.377178192138697,7.37090873718262,-14.6128444671631,-32.5902137756348,-11.652350425720199,-27.131126403808604,-24.688158035278303,1.7692568302154499,-6.21353530883789,3.5811100006103502,5.63912296295166,-13.7975120544434,-28.7858238220215,-8.44026565551758,-12.168251037597699,4.4064769744873,-37.600349426269496,1.37446308135986,-13.3994750976562,-21.494998931884798,-30.5712890625,-38.2633056640625,-6.15795707702637,-21.094562530517603,-50.732383728027294,-50.81294250488279,-5.25092506408691,-20.8741130828857,-36.7597999572754,-42.214527130127,-12.3274383544922,-7.296039581298831,-25.2622337341309,-17.5866317749023,3.1453466415405296,-8.269313812255861,1.0967321395874
sub-0128,ses-03,run-01,pain,MT,4,cueH_stimL,-20.615032196044897,29.4016933441162,21.2196979522705,-2.43821382522583,13.8986148834229,-11.3120021820068,-23.159278869628896,-2.57665586471558,-27.899730682373,-15.856861114502001,-21.020055770874,-4.10718679428101,-4.71414041519165,-7.56199169158936,30.577838897705103,-19.094856262207,-9.35746669769287,7.60559272766113,-27.9587936401367,-12.511302947997999,-35.3650894165039,-6.8699836730957005,-8.167568206787111,3.7530479431152304,-3.8923015594482404,-20.218677520752,-24.188720703125,-37.7229156494141,-18.834026336669897,-40.6738128662109,-37.4052238464355,-21.614294052124,-40.7398719787598,-19.144931793212898,-15.326812744140598,18.4215202331543,-11.626312255859402,18.0135231018066,9.35636520385742,15.3567314147949,-1.97629356384277,-0.834136962890625
sub-0128,ses-03,run-01,pain,MT,4,cueL_stimL,-18.005878448486303,-1.12374687194824,-6.633389472961429,-17.015037536621097,-27.2634296417236,-35.3284111022949,-20.9926357269287,-14.4148035049438,-5.79802465438843,7.62049007415771,-5.99114561080933,21.4896297454834,6.528564453125,16.775671005249,26.1815757751465,30.022436141967802,14.5320463180542,28.329460144043,2.45417404174805,0.678096771240234,-13.1261940002441,-10.8559131622314,-20.2443599700928,-40.699390411377,11.457390785217301,-14.136812210083,-16.1909065246582,-17.8137092590332,26.127269744873,27.4087944030762,22.983722686767603,11.496217727661099,-7.97905158996582,2.08407783508301,-5.04561042785645,-8.770872116088869,-18.6511268615723,-4.99515819549561,-20.425163269043,-19.9347648620605,-4.293922424316411,22.630813598632802
sub-0128,ses-03,run-01,pain,MT,4,rating,-4.6430354118347195,-10.2662649154663,-14.844207763671902,-9.15143966674805,-10.9766368865967,-7.90972661972046,-3.0973744392395,8.84963417053223,7.00390720367432,14.896354675292999,8.77586936950684,16.764030456543,26.524944305419897,23.150562286377,22.0443115234375,9.17969512939453,12.6853675842285,7.7938346862792995,-2.76576042175293,-13.987907409667999,-9.90642738342285,-9.58026885986328,-12.2272262573242,-6.157790660858151,-11.734031677246099,-10.4395618438721,-9.81143760681152,-17.3886680603027,-7.33180141448975,-10.189382553100598,-10.1602478027344,-14.9783229827881,-15.8306350708008,-10.576242446899402,-17.4120998382568,-16.4787731170654,-15.1369886398315,-10.4572601318359,-10.2126007080078,-6.90195083618164,-10.142702102661099,1.3580255508422898
sub-0128,ses-03,run-01,pain,MT,4,cue,1.60986709594727,3.64619064331055,-0.892480850219727,-4.328138351440431,3.43912124633789,14.828676223754899,20.7047481536865,18.3430080413818,13.8062419891357,12.103675842285199,25.4185009002686,25.129558563232397,13.7383499145508,14.633465766906701,11.8141193389893,14.356220245361301,13.8560123443604,12.1026458740234,-2.4300765991210898,5.793853759765621,7.11320495605469,4.283905029296879,1.5200614929199199,9.47021865844727,20.623676300048803,14.693702697753901,19.995071411132802,10.9834308624268,5.72541618347168,21.7386817932129,8.191356658935549,-5.522333145141599,-3.49967002868652,0.329921722412109,1.5418901443481399,-13.8486881256104,-1.96644401550293,-6.33878898620605,-20.5599899291992,-12.9831600189209,-11.5957555770874,-0.49177944660186795
sub-0128,ses-03,run-01,pain,MT,45,cueH_stimH,-4.28915214538574,-6.86126613616943,1.43375205993652,0.396578788757324,-2.4690055847168,-16.9143581390381,-24.0281085968018,-37.593353271484396,-48.833854675293,-53.734947204589794,-46.897056579589794,-47.768272399902294,-35.6702423095703,-39.3051300048828,-41.155845642089794,-41.272544860839794,-41.793907165527294,-46.392173767089794,-37.1212921142578,-31.014846801757802,-36.4259796142578,-29.942214965820302,-34.097366333007805,-31.872879028320302,-50.7680244445801,-51.8105049133301,-33.706863403320305,-48.448448181152294,-42.443443298339794,-42.118370056152294,-43.515098571777294,-57.6542358398438,-48.6254806518555,-31.8092994689941,-35.0334892272949,-35.667064666748,-9.4310417175293,-26.071264266967802,-13.1291847229004,-10.8495454788208,-31.2442836761475,-24.060920715332
sub-0128,ses-03,run-01,pain,MT,45,cueL_stimH,-27.964044570922898,-39.0669593811035,-38.2118377685547,-34.3725967407227,-33.518875122070305,-38.6724243164062,-33.123104095459,-17.0432567596436,-14.5156536102295,-39.998420715331996,-32.935031890869105,-26.901987075805696,-27.770919799804698,-5.52328634262085,12.5446100234985,7.65577602386475,-3.5687899589538596,4.34377765655518,-9.8587007522583,-19.4001026153564,-3.6563558578491198,-3.5782861709594704,3.0237045288085898,15.72412109375,-7.3778982162475595,-11.036397933960002,-26.179510116577102,-36.1867523193359,-36.845428466796896,-32.8560600280762,-30.8050727844238,-46.2180404663086,-42.091316223144496,-48.1714096069336,-46.259765625,-33.6129684448242,-34.333343505859396,-16.9968128204346,-28.4790935516357,-23.8388175964355,-11.8603343963623,-15.967479705810499
sub-0128,ses-03,run-01,pain,MT,45,cueH_stimM,-18.7585678100586,-17.1348628997803,-17.9774951934814,-23.867633819580103,-1.18112754821777,-16.4455585479736,-22.1982364654541,-21.384456634521502,-2.2404508590698198,-17.4517097473145,-15.891956329345698,0.684459924697876,-5.91770315170288,-6.77862358093262,7.261348724365231,-11.8146419525146,-12.46448802948,-24.643627166748,-11.567963600158699,-13.137214660644501,-29.752508163452102,-41.6901702880859,-32.258514404296896,-52.6874313354492,-47.452507019043,-59.1819038391113,-32.247528076171896,-40.2419013977051,-20.3968563079834,-16.6539745330811,-15.7897529602051,-9.57648849487305,-30.3697166442871,-33.652561187744105,-49.934009552002,-41.6084022521973,-39.31740188598629,-25.8027172088623,-11.4305152893066,-4.6193733215332005,-0.279754638671875,-20.4550819396973
sub-0128,ses-03,run-01,pain,MT,45,cueL_stimM,-20.328483581543,0.9365997314453121,-11.903663635253901,-6.79803466796875,4.08364915847778,9.98726749420166,12.0473537445068,7.92282629013062,12.0626401901245,-18.2166366577148,-9.58213138580322,-0.710532188415527,-3.3462963104248,6.1966457366943395,12.345795631408699,1.3957334756851203,-3.92043590545654,-10.59055519104,16.5776634216309,-11.941154479980499,-14.715381622314501,-9.61607265472412,-14.477393150329599,-14.239368438720698,-19.684741973877,-29.869901657104503,-24.328622817993196,-25.4662055969238,-40.598884582519496,-33.682521820068395,-34.4252319335938,-26.386671066284197,-13.465057373046902,-7.568805694580081,0.35376739501953103,-7.3170166015625,-6.674053192138669,-2.12407684326172,-7.56298494338989,-2.4048376083374,23.996887207031197,23.549940109252898
sub-0128,ses-03,run-01,pain,MT,45,cueH_stimL,12.5088768005371,4.3933601379394505,17.0937080383301,0.14122152328491197,5.97444915771484,-3.78107452392578,13.1371917724609,10.0730094909668,-4.95298290252686,7.32033443450928,-1.84994792938232,-2.22642636299133,7.25280475616455,-2.26127147674561,3.16641616821289,16.5052375793457,14.397120475769,28.9909992218018,22.3815727233887,9.30119895935059,-0.775028228759766,-14.8634128570557,-25.841007232666,-28.6517276763916,-19.555549621582,-3.2937126159668,0.24291610717773396,3.43826007843018,4.93365669250488,-24.4774379730225,0.48091506958007796,-12.5526638031006,-9.39407730102539,-8.367725372314451,6.710296630859379,2.8594970703125,5.71226501464844,1.26503753662109,-2.74349594116211,4.22528839111328,-11.8247241973877,-12.8948459625244
sub-0128,ses-03,run-01,pain,MT,45,cueL_stimL,-21.8293342590332,-20.623638153076197,-20.5706672668457,-9.43284225463867,-24.265321731567397,-20.228811264038104,-17.536151885986303,-19.7592391967773,-2.23271894454956,2.3302838802337598,2.24673938751221,11.771720886230499,12.023449897766099,5.09721088409424,-8.577365875244139,6.3377780914306605,8.36045551300049,10.757179260253901,-13.630470275878901,-9.74733924865723,-28.087726593017603,-30.8437652587891,-31.3283424377441,-43.4240036010742,-25.0156421661377,-26.4132232666016,-28.1711578369141,-26.7519683837891,-18.1045093536377,-23.97021484375,-29.8215484619141,-28.5073070526123,-42.293159484863295,-45.09211730957029,-25.922472000122102,-14.8678760528564,-20.8278923034668,-18.5381488800049,-16.1203002929688,-30.969177246093803,-14.1897583007812,-35.8543586730957
sub-0128,ses-03,run-01,pain,MT,45,rating,-8.11895847320557,-8.183383941650389,-12.0661630630493,-18.3270950317383,-11.551854133606,-11.5620765686035,-9.8413143157959,-1.06138181686401,-4.175071716308589,-0.7141952514648441,3.47664928436279,-0.65369987487793,4.221563339233399,8.43059539794922,0.22125244140625,3.8297119140625,-2.97161102294922,-10.920005798339801,-17.9715785980225,-26.5783348083496,-26.9685249328613,-18.6129989624023,-21.077434539794897,-19.503662109375,-18.745189666748,-20.7014465332031,-21.9051723480225,-17.2924518585205,-18.872522354126,-22.874765396118196,-17.322246551513697,-17.7631950378418,-20.2778701782227,-17.508159637451197,-18.716396331787102,-19.6124858856201,-20.4011554718018,-21.3125076293945,-14.2420501708984,-11.4561185836792,-2.1331539154052703,-4.66592121124268
sub-0128,ses-03,run-01,pain,MT,45,cue,-9.47526931762695,-6.41976165771484,-3.79774856567383,-10.9995651245117,-4.10913848876953,-2.1916351318359397,-1.3526077270507801,5.78734588623047,12.2292575836182,11.534618377685499,18.558889389038104,15.102674484252901,22.4275951385498,12.344265937805199,20.1902828216553,14.070167541503901,16.3629112243652,10.7175254821777,14.6055908203125,7.66307067871094,-4.0946044921875,-0.0004730224609375,-1.1401329040527302,-6.30647277832031,2.20602035522461,15.6499786376953,6.7334480285644505,5.36236000061035,5.04972648620605,0.230674743652344,-16.5360012054443,-18.3168506622314,-13.0483055114746,-23.3816452026367,-10.7232694625854,-8.45270442962646,-22.932607650756804,-17.5337886810303,-29.690374374389602,-25.5579814910889,-23.786434173584,-13.5694093704224
sub-0128,ses-03,run-01,pain,MT,46,cueH_stimH,8.92605400085449,-0.860125541687012,-5.29639339447021,10.0270299911499,12.1054039001465,0.10242462158203099,2.06889915466309,-18.1926193237305,-20.9013957977295,-25.0747013092041,-26.9726448059082,-32.984607696533196,-21.8608283996582,-23.1359748840332,-28.0700569152832,-25.8627815246582,-35.117420196533196,-27.5888557434082,-28.9116096496582,-26.6467170715332,-18.4655647277832,-36.8151741027832,-29.4943733215332,-37.1452522277832,-31.0295295715332,-23.5034065246582,-27.4738655090332,-26.7604866027832,-37.8532600402832,-20.7646369934082,-24.3747444152832,-38.019256591796896,-31.387319564819304,-28.542156219482397,-16.270013809204098,-19.130178451538104,-5.03924369812012,1.48955917358398,-6.47916221618652,-7.01120567321777,-13.840426445007301,-12.4709415435791
sub-0128,ses-03,run-01,pain,MT,46,cueL_stimH,-27.918746948242198,-29.8777027130127,-27.6240921020508,-37.9359855651855,-10.4992790222168,-6.078521728515621,-18.4514560699463,-13.1010208129883,-26.4230308532715,-32.3022613525391,-29.7006950378418,-33.088409423828104,-26.0779972076416,-15.085071563720698,-6.36616706848145,-5.851731300354,20.9046535491943,-2.97449159622192,0.869582653045654,-0.8376741409301759,0.973064422607422,4.06578874588013,3.11373233795166,-9.73296356201172,-1.4019231796264602,-5.977153778076169,-25.4145584106445,-16.023443222045902,-9.8248291015625,-21.948759078979503,-8.198497772216799,-9.43375015258789,-29.1046485900879,-20.670322418212898,-19.8501968383789,-18.7860889434814,-13.776538848877001,-14.2075099945068,-11.355821609497099,-11.0807781219482,-29.175123214721697,-30.280445098877
sub-0128,ses-03,run-01,pain,MT,46,cueH_stimM,22.391277313232397,13.104139328002901,-4.31729507446289,-16.348014831543,-10.0813999176025,-8.85468769073486,-25.8607902526855,-10.4908504486084,-6.6404538154602095,9.012593269348141,0.91139554977417,16.637527465820302,18.6658687591553,29.9867324829102,22.4759254455566,12.882209777832001,1.10961055755615,-12.0453815460205,-16.717914581298803,-21.570257186889602,-20.2753982543945,-14.1919002532959,-14.061149597167999,-37.450756072998,-23.790063858032198,-29.3502540588379,-39.854850769043004,-33.9133834838867,-12.6958770751953,-6.36328887939453,-7.642375946044919,-4.19069862365723,3.32840347290039,-18.821491241455103,-10.8042316436768,-17.257640838623,1.08535766601562,8.2407398223877,-4.64715957641602,-8.90236282348633,-5.95306396484375,-23.3331832885742
sub-0128,ses-03,run-01,pain,MT,46,cueL_stimM,-1.7968136072158798,4.20417785644531,2.26445770263672,-2.16927337646484,4.22682666778564,-6.59550905227661,-7.57452487945557,2.43027091026306,3.26599550247192,4.33111429214478,-4.50039863586426,1.71854543685913,9.55086708068848,5.18628597259521,14.7400159835815,-7.08833503723145,7.01265811920166,5.6815080642700195,-8.31482696533203,1.6352863311767598,-20.9408683776855,-5.3297586441039995,-12.749077796936,-1.7810764312744098,-19.2839202880859,-23.3902702331543,-34.8604202270508,-24.602970123291,-24.134273529052702,-25.0706405639648,-28.5727100372314,0.479701995849609,-5.99983215332031,-12.092777252197301,-12.115177154541,-20.5752868652344,-19.2142448425293,-0.799518585205078,-13.051549911499,-6.846544742584231,9.81453609466553,20.5061721801758
sub-0128,ses-03,run-01,pain,MT,46,cueH_stimL,-4.98393249511719,-4.752647399902339,-2.35242986679077,-5.5587630271911594,-18.8388347625732,-17.8273963928223,2.7226076126098597,-4.27284812927246,2.21647882461548,1.22692632675171,4.71007585525513,5.60276365280151,2.44075083732605,10.130098342895499,-8.54319095611572,0.18232071399688698,6.057766914367679,10.9358615875244,6.80690002441406,2.56674385070801,-13.279634475708,-31.5922679901123,-22.4902839660645,-27.1928825378418,-27.149246215820302,-31.979455947876,-10.4622840881348,3.9080142974853502,-3.56314659118652,-4.80606365203857,-13.3825016021729,-10.914623260497999,-17.5340881347656,-3.54661178588867,4.03764343261719,-0.271194458007812,-4.87644958496094,-2.54522705078125,2.84978485107422,-0.212104797363281,1.3941574096679699,-0.146932601928711
sub-0128,ses-03,run-01,pain,MT,46,cueL_stimL,2.99343872070312,-5.91755151748657,-4.04539775848389,-10.3370990753174,-25.363817214965803,-12.4484920501709,-14.100323677063,-4.69254970550537,4.61372661590576,-8.96084880828857,5.2961721420288095,22.8379611968994,15.1986179351807,13.825800895690902,-20.3605003356934,-2.29035067558289,-10.7601652145386,-10.7429676055908,-12.1775760650635,12.239917755127001,3.2989120483398398,-2.3955535888671897,-18.230779647827102,-26.4856986999512,-21.2053375244141,-12.685314178466802,-11.7674903869629,-7.29288101196289,-7.94522476196289,-1.3043384552002,-14.7257423400879,-13.6194915771484,-27.557798385620103,-22.287769317627,-20.129217147827102,-28.552078247070302,-13.2319488525391,-19.2882080078125,-11.2088146209717,-31.6684226989746,-33.2902221679688,-22.682653427124
sub-0128,ses-03,run-01,pain,MT,46,rating,-2.6014623641967796,3.6259994506835898,-2.72993230819702,-3.5390441417694105,-9.07682037353516,-5.814838409423831,-8.75106716156006,-6.3878879547119105,-6.749689102172849,-8.453235626220701,-11.0997753143311,-10.105811119079599,-3.1841201782226602,-4.19025039672852,-2.73074340820312,4.3527946472167995,-5.32828903198242,-9.79694747924805,-12.6927852630615,-17.551193237304698,-16.9469242095947,-12.2792749404907,-12.2914342880249,-7.538587093353269,-12.9343843460083,-12.0061779022217,-13.0176649093628,-10.0945987701416,-10.184776306152301,-13.136005401611301,-15.8764743804932,-14.2195329666138,-13.8192138671875,-12.678936004638699,-11.154570579528801,-11.441584587097198,-11.6427879333496,-13.205039978027301,-7.04199028015137,-9.6358642578125,-6.49436283111572,-4.30238723754883
sub-0128,ses-03,run-01,pain,MT,46,cue,-1.61151123046875,2.3561897277832,-1.75549125671387,-2.76339721679688,-6.10562896728516,-6.1536579132080105,-4.64427947998047,1.28582763671875,11.6387615203857,14.4406089782715,19.721715927124,17.9944286346436,19.16477394104,13.844341278076199,9.03582763671875,13.877046585083,16.817998886108402,14.114147186279302,11.160106658935499,13.2372894287109,6.68617248535156,1.06620788574219,1.19001770019531,7.57001495361328,15.4104537963867,16.6132659912109,9.51972198486328,5.3628425598144505,9.72482299804688,6.8092937469482395,2.5666675567627,1.03827095031738,-9.90109062194824,-7.961725234985349,-12.0849151611328,-10.3711948394775,-13.8270931243896,-19.900531768798803,-18.931324005127,-13.8197174072266,-14.9521484375,-10.475381851196301
sub-0128,ses-03,run-02,vicarious,MT,3,cueH_stimH,1.5492935180664098,-11.0078887939453,-5.97162628173828,-4.13047647476196,16.4100036621094,-21.702018737793,-4.1017570495605495,8.23134517669678,8.22384548187256,9.504557609558109,7.59725141525269,36.2282371520996,27.5019035339355,27.4997482299805,39.4608306884766,20.882061004638697,0.5004024505615229,-5.98499202728271,5.05566120147705,0.641347885131836,3.0869426727294904,5.9619255065917995,9.461198806762699,-15.184436798095698,9.98949432373047,18.4552726745605,11.440958023071301,19.2557125091553,12.2880325317383,-7.10685729980469,-5.21227645874023,-5.2607421875,-1.11236572265625,-1.74834823608398,-7.588520050048831,12.296607971191401,6.07255554199219,-10.6225738525391,-7.98764419555664,0.7227520942687992,-16.3187084197998,-9.62739181518555
sub-0128,ses-03,run-02,vicarious,MT,3,cueL_stimH,-14.301429748535199,2.48326683044434,17.2266464233398,7.3959527015686,6.0481472015380895,-2.52845406532288,11.3189086914062,-4.65217876434326,14.604866027832001,5.56520652770996,12.216392517089801,30.5025253295898,25.9693489074707,13.926456451416,12.5643148422241,0.45553016662597706,5.93991470336914,7.6067476272583,-3.58362770080566,27.4756736755371,6.79492950439453,-28.822883605957,0.15149307250976599,-5.1878604888916,11.8764400482178,18.9566764831543,23.4839973449707,11.5426998138428,12.9146118164062,26.471481323242198,12.779884338378901,-4.28333282470703,18.3552093505859,0.8336029052734379,13.2047271728516,-6.0064697265625,24.4422225952148,22.124439239502,15.964466094970698,-2.19698715209961,-15.352752685546902,-29.9389991760254
sub-0128,ses-03,run-02,vicarious,MT,3,cueH_stimM,-5.107872009277339,-12.054097175598098,-9.16568183898926,-7.77579689025879,-9.17672157287598,10.5235958099365,-13.8221530914307,-10.821946144103999,12.061754226684599,32.7893409729004,32.7325668334961,35.7773284912109,34.421863555908196,54.4080085754395,56.0512275695801,65.4522171020508,19.0842456817627,10.700017929077099,-11.5667057037354,-4.64287757873535,-8.77825355529785,15.3411312103271,-4.149591445922851,-6.877252578735349,-14.774078369140598,-20.928119659423803,-30.0278015136719,2.8353652954101602,-8.71537590026855,3.62905502319336,-10.4935359954834,-6.46560287475586,-19.7822284698486,2.0855598449707,-6.8421459197998,-31.713109970092802,-28.381971359252898,-23.507749557495103,-9.91401290893555,18.1096038818359,9.53859710693359,-3.3019180297851602
sub-0128,ses-03,run-02,vicarious,MT,3,cueL_stimM,-2.5959196090698198,-13.2202558517456,-2.44894313812256,4.01983642578125,-1.0444307327270501,-10.5586977005005,-18.2920761108398,-9.91194152832031,-13.3281517028809,12.696856498718299,3.6141071319580096,26.1739196777344,26.2060604095459,1.34543418884277,14.1032104492188,-9.30437278747559,-1.1853675842285198,-15.6618175506592,-16.530878067016598,-20.2139835357666,-7.135406494140621,-5.964786529541019,-0.0968360900878906,31.5231113433838,9.28020095825195,-6.09960746765137,-8.49056243896484,-32.7009620666504,-14.573230743408198,-14.6980438232422,1.47394180297852,0.090728759765625,8.771839141845701,32.5532569885254,6.41027069091797,2.249267578125,-44.282196044921896,-12.520782470703098,-19.6456565856934,-18.8384094238281,-15.648681640625,-16.742317199707
sub-0128,ses-03,run-02,vicarious,MT,3,cueH_stimL,-4.3286018371582005,-0.8273862600326541,-9.85014629364014,-7.6350793838501,15.5196447372437,-7.59004402160645,15.9130096435547,12.288703918457001,29.7404270172119,59.035884857177706,56.618648529052706,66.5884323120117,69.9489059448242,65.711799621582,58.2566986083984,30.3116760253906,54.49897766113279,52.8894271850586,14.3513336181641,-7.92419242858887,-7.97598648071289,-6.65617179870605,-5.781951904296879,-8.42681312561035,17.471118927002,-14.152576446533198,1.0989933013916,-22.0567283630371,-3.3653583526611297,-6.7706413269042995,7.72453308105469,-2.78409194946289,3.153076171875,-10.497520446777301,-29.7998886108398,-20.6840209960938,-8.60206985473633,-5.92179298400879,-16.3584136962891,-26.1597003936768,-17.5495262145996,-23.436754226684602
sub-0128,ses-03,run-02,vicarious,MT,3,cueL_stimL,13.0210113525391,-12.212379455566401,-2.2023696899414102,-26.2290916442871,15.769510269165002,-1.81613802909851,-10.6735382080078,26.560449600219698,2.40107154846191,30.370386123657198,10.333679199218802,5.78757572174072,9.64853191375732,36.834098815918004,6.59667205810547,29.642410278320302,5.5505542755127,-11.1007814407349,-14.068972587585401,-34.1313323974609,-23.8285827636719,20.291374206543,-4.07111549377441,25.2885055541992,15.9629573822021,-13.734476089477502,2.1871318817138703,-27.208660125732397,-25.031784057617198,3.80003929138184,-16.1075706481934,8.42486953735352,7.809696197509769,4.08744621276855,-30.7882232666016,-9.48698043823242,-13.4653263092041,11.2294673919678,-5.54531478881836,5.5714111328125,3.00601196289062,-29.238967895507802
sub-0128,ses-03,run-02,vicarious,MT,3,rating,4.25764560699463,0.8542649745941159,-4.634979248046879,-11.3078441619873,-10.105525970459,-1.5842313766479499,6.5825481414794895,14.512645721435499,11.1216106414795,27.5580883026123,15.2277679443359,17.6752815246582,17.5718193054199,8.56342315673828,0.564186096191406,-0.89013671875,-1.8565368652343797,-10.6323394775391,-13.0406150817871,-21.9355297088623,-18.910747528076197,-5.950200080871579,-11.791596412658699,0.18019485473632801,-6.06259822845459,1.86257076263428,-6.43469142913818,-8.94869804382324,-14.0700778961182,-14.566716194152802,-18.349100112915,-23.1475009918213,-20.231277465820302,-26.223464965820302,-8.6909236907959,-19.6815204620361,-15.6894006729126,-10.8787689208984,-1.69167423248291,-6.77169227600098,-8.54675674438477,-3.18845272064209
sub-0128,ses-03,run-02,vicarious,MT,3,cue,11.0777263641357,7.62557220458984,-2.88772583007812,4.85303115844727,7.39239501953125,11.680931091308599,15.032588958740199,10.308341979980499,18.6163234710693,21.0323886871338,18.144479751586896,12.3875064849854,4.51267433166504,3.6892318725585898,12.9853973388672,8.28205871582031,21.3605422973633,19.1699066162109,15.6870727539062,20.8483734130859,20.0946655273438,16.025100708007802,25.9434967041016,27.669334411621104,21.7322692871094,30.1012287139893,6.16510200500488,11.527409553527802,8.39399147033691,1.14448356628418,0.33381462097167997,-6.481536865234379,-11.463231086731,-2.1249198913574197,4.78744697570801,12.299295425415002,14.848731994628901,18.4500637054443,21.503791809082,21.5010299682617,15.8306303024292,17.468692779540998
sub-0128,ses-03,run-02,vicarious,MT,4,cueH_stimH,26.113868713378896,-6.757526397705081,6.3690357208252,17.328689575195302,19.633102416992198,-7.14233112335205,-4.72110176086426,11.827128410339402,38.8720588684082,32.8492584228516,56.9029655456543,63.733428955078104,30.9424476623535,65.66403961181639,71.5592041015625,77.57086181640621,34.106594085693395,27.0934371948242,49.915798187255895,9.53220176696777,11.1795492172241,-0.49659538269042997,-3.45819187164307,-13.868106842041,-0.23801803588867199,22.3940753936768,19.8466777801514,2.11910057067871,19.5485000610352,29.7346458435059,5.154823303222661,-2.4689178466796897,14.7579879760742,29.061325073242198,16.1007041931152,19.1026840209961,29.942810058593803,14.3860473632812,-9.45107555389404,4.79839181900024,-6.28092908859253,-15.821041107177699
sub-0128,ses-03,run-02,vicarious,MT,4,cueL_stimH,18.5064716339111,14.8460025787354,11.5226631164551,23.2124729156494,7.890850067138669,8.54200744628906,2.6240787506103502,13.2179107666016,14.036928176879899,47.813446044921896,-3.0197615623474103,27.7633075714111,33.2445678710938,28.552133560180696,18.5139789581299,17.8928489685059,62.490440368652294,14.4297733306885,37.6506500244141,-8.36497592926025,-9.71882629394531,7.64613151550293,6.589593887329099,15.3860740661621,0.519260406494141,-1.49524307250977,19.3186569213867,18.192363739013697,7.603240966796879,28.3754730224609,3.0840492248535196,12.0564308166504,13.713600158691401,21.0954437255859,12.9834136962891,8.59066772460938,0.20783996582031197,31.362815856933604,-5.71712875366211,-11.6612224578857,14.186927795410199,7.441943168640139
sub-0128,ses-03,run-02,vicarious,MT,4,cueH_stimM,17.555549621582,-11.598917007446301,8.70882606506348,-6.352654933929441,2.26652717590332,29.7419929504395,-10.8455753326416,14.031200408935499,7.82435655593872,30.4171543121338,56.039127349853494,24.5520324707031,54.050209045410206,64.7012405395508,68.0182571411133,59.5935745239258,59.3280029296875,48.925697326660206,24.189477920532198,30.752344131469698,-8.13714981079102,22.135156631469698,5.471477508544919,5.08219528198242,-6.35742378234863,-4.40612602233887,-1.60943603515625,-19.4782123565674,3.34689712524414,3.29233360290527,-17.4200229644775,4.561254501342769,-11.5594425201416,16.1809616088867,0.7976913452148441,-23.2176361083984,-26.150562286377,3.2287445068359397,0.758563995361328,-4.110809326171879,-0.865478515625,-19.811443328857397
sub-0128,ses-03,run-02,vicarious,MT,4,cueL_stimM,-4.008977890014649,-0.9022841453552249,13.9040775299072,-6.63899421691895,-7.12170171737671,5.53578948974609,35.0217514038086,34.9709434509277,28.990699768066396,29.481399536132802,33.9865493774414,40.1419906616211,50.3054389953613,50.662025451660206,49.2678070068359,48.6090888977051,32.3761672973633,46.0433883666992,54.8678207397461,25.4475955963135,5.33868217468262,9.653627395629881,-2.53192138671875,21.2874126434326,5.24606704711914,14.401136398315401,1.21854400634766,7.832916259765621,6.59000396728516,6.58591461181641,7.3635749816894505,20.952693939209002,8.86835098266602,13.2544288635254,-13.992881774902301,3.8299102783203103,-20.216064453125,4.46554946899414,-3.1489486694335898,-2.1643218994140603,7.372894287109379,-3.4583358764648398
sub-0128,ses-03,run-02,vicarious,MT,4,cueH_stimL,0.318812370300293,15.368428230285598,4.4796857833862305,-4.9551506042480495,-1.5181996822357198,16.0643577575684,8.21633338928223,30.818868637085,29.4008407592773,29.4258117675781,57.5546684265137,70.5301132202148,87.2220458984375,62.301441192627,69.9957809448242,84.70526123046879,68.4683990478516,48.0679244995117,33.2518463134766,14.561107635497999,-4.47662544250488,10.1851081848145,18.6392993927002,2.40800285339355,14.7204322814941,23.7883625030518,25.99049949646,24.0160865783691,23.348031997680696,34.4946823120117,26.0059280395508,22.2408447265625,29.4907569885254,-4.52307510375977,4.75649642944336,8.55055236816406,-11.026374816894501,-15.5140199661255,-23.6525230407715,-10.759307861328098,2.79984855651855,-11.047733306884801
sub-0128,ses-03,run-02,vicarious,MT,4,cueL_stimL,24.9902038574219,3.1534805297851602,-32.953033447265604,23.672666549682603,-21.712646484375,4.36340427398682,15.948622703552198,18.7795791625977,21.9396953582764,36.789608001709,34.814075469970696,52.6381301879883,47.2553901672363,44.1066207885742,92.06774139404301,72.8713302612305,56.181068420410206,42.580085754394496,42.199676513671896,24.4872131347656,7.68658256530762,-7.3216056823730495,12.8889007568359,24.1049289703369,24.1085586547852,10.9345455169678,25.4144077301025,11.4976348876953,-14.791734695434599,18.2553558349609,-1.14163398742676,14.742626190185499,4.733190536499019,10.025674819946301,13.307647705078098,1.31486511230469,45.9939956665039,14.298362731933599,5.03861999511719,-1.5255050659179699,9.98031616210938,-4.57868194580078
sub-0128,ses-03,run-02,vicarious,MT,4,rating,9.52304458618164,-0.247881174087524,-12.2918100357056,-1.8980126380920401,-1.05173492431641,3.70044994354248,3.27168607711792,2.4403030872345,11.9029712677002,11.5195159912109,11.189746856689501,15.4719772338867,12.996360778808599,-0.9406509399414059,11.0240936279297,-9.8306884765625,-2.23143768310547,2.1149787902832,0.471103668212891,-1.60603141784668,-5.9388523101806605,-4.21829700469971,-4.12417554855347,-5.29506301879883,2.83392333984375,-0.134803771972656,-3.52339458465576,3.04031085968018,-6.62441873550415,-11.9721031188965,-13.0324001312256,-11.8423099517822,-11.2895164489746,-6.11212873458862,-9.45817947387695,-6.7774343490600595,-6.72981071472168,-9.4654426574707,-3.6476402282714804,-8.07677555084229,-7.65866327285767,-8.06774520874023
sub-0128,ses-03,run-02,vicarious,MT,4,cue,17.3258323669434,11.4641799926758,8.3516845703125,14.8298759460449,8.53537750244141,11.8080902099609,15.0353546142578,11.9732208251953,11.2297782897949,14.563699722289998,5.67127227783203,-3.1644515991210898,15.579639434814501,10.916015625,9.426736831665039,24.115558624267603,23.1094245910645,21.989994049072298,32.605499267578104,16.809890747070302,21.9798583984375,27.30908203125,18.379074096679698,13.588531494140598,12.0296096801758,18.6328525543213,13.2573852539062,17.256637573242198,5.4485354423522905,4.22059345245361,2.05923080444336,9.40831565856934,-1.06469535827637,-10.08948802948,10.3059406280518,8.872358322143551,9.73739242553711,-0.8314971923828121,-4.11471366882324,5.69188594818115,6.51024675369263,10.5305299758911
sub-0128,ses-03,run-02,vicarious,MT,45,cueH_stimH,0.43233489990234397,-3.2714462280273398,-5.006988525390621,-9.9979305267334,-11.374516487121598,-19.2887783050537,2.3443603515625,-4.61061429977417,-2.08553791046143,10.6255207061768,5.516643524169919,26.6678657531738,6.752667427062991,17.7658519744873,14.0098705291748,10.9061641693115,-1.1720457077026398,-6.2682399749755895,-13.291055679321301,-13.6031761169434,-10.550299644470199,-29.917701721191396,-7.0212078094482395,5.001672744750981,-3.42062759399414,-15.8575191497803,-5.30862808227539,-3.5859432220458998,1.83823013305664,11.924308776855499,-4.37860107421875,-7.224666595458981,4.014793395996089,-2.28061294555664,-8.80019760131836,-10.2907028198242,1.1740417480468799,-2.0739593505859397,-25.266859054565398,-0.47458434104919395,3.52298545837402,-3.8391876220703103
sub-0128,ses-03,run-02,vicarious,MT,45,cueL_stimH,-12.240459442138699,12.855507850647,11.4589672088623,12.1720590591431,6.8636178970336905,15.5334930419922,19.145549774169897,4.255201339721681,-1.57055854797363,5.7467155456542995,26.1890754699707,22.635055541992198,23.0191116333008,32.3835029602051,23.423885345459,12.961681365966802,2.8545370101928698,1.31074333190918,-1.36586952209473,-7.81213474273682,-4.7302360534667995,4.62449645996094,17.6150798797607,13.054319381713901,-1.72802925109863,-7.00048828125,6.87990379333496,27.224685668945302,20.854045867919897,13.611949920654302,-11.7434692382812,-13.909442901611301,3.07143783569336,-6.8546142578125,1.01370239257812,1.70353698730469,8.21199035644531,34.1211471557617,15.7206382751465,-8.6123046875,-8.164661407470701,-7.75462245941162
sub-0128,ses-03,run-02,vicarious,MT,45,cueH_stimM,11.2970838546753,6.58160305023193,-14.1573429107666,-12.221118927002001,-11.012672424316401,-14.0557146072388,-8.45313549041748,12.7711868286133,16.144454956054698,36.547607421875,40.061119079589794,46.8846778869629,59.9271659851074,56.0783920288086,46.8445014953613,48.10530090332029,42.9867553710938,22.2037162780762,3.00956344604492,0.20890426635742199,-13.425678253173801,-18.2744026184082,-13.872577667236301,-24.2993049621582,-30.7475261688232,-10.498006820678699,-14.3308372497559,-7.4588336944580105,-21.6736354827881,8.04027366638184,0.774311065673828,-1.31569862365723,11.1839275360107,1.1729774475097698,-9.374753952026369,-26.4382629394531,-17.128982543945302,-2.9682216644287096,-3.42974853515625,14.6304779052734,13.692596435546902,34.494129180908196
sub-0128,ses-03,run-02,vicarious,MT,45,cueL_stimM,-15.3863191604614,-19.461618423461896,-10.7020845413208,-3.6556177139282204,-13.2168416976929,-2.4994935989379905,-3.6373519897460898,4.2129402160644505,8.83525466918945,24.2334175109863,22.204345703125,28.5503959655762,30.4780254364014,34.153377532959,42.9949951171875,16.9532070159912,27.575696945190398,12.4646797180176,0.719646453857422,-15.797901153564501,-18.1579265594482,-7.13289451599121,-3.22105026245117,3.9502239227294904,12.561014175415002,-2.58156394958496,5.49348640441895,-0.571025848388672,-6.7418708801269505,10.0440673828125,5.695098876953121,5.20111846923828,17.625696182251,9.41947937011719,-2.08404541015625,3.98153686523438,6.93096923828125,1.89073181152344,-20.0463714599609,-3.0875625610351602,-6.13018798828125,-21.5155868530273
sub-0128,ses-03,run-02,vicarious,MT,45,cueH_stimL,-23.2794399261475,-15.2232675552368,-18.496601104736303,10.43137550354,2.74180841445923,-10.6582155227661,1.4828071594238301,12.4960327148438,29.605760574340803,55.0955810546875,46.921070098877,51.828128814697294,58.1755561828613,55.9344596862793,55.26509094238279,42.0429649353027,32.0574607849121,6.90429019927979,-8.55228233337402,-5.64613342285156,-47.2690200805664,-18.4804916381836,-23.2641525268555,-3.14594650268555,2.27784156799316,6.7461452484130895,-6.752544403076169,-9.88054847717285,-12.0442790985107,-10.4169273376465,-11.450691223144501,-11.424457550048801,-24.9720153808594,-35.7951431274414,-33.0670166015625,-39.9898834228516,-45.1048812866211,-31.1476783752441,-36.393882751464794,-39.539665222168004,-17.992094039917,-26.7088508605957
sub-0128,ses-03,run-02,vicarious,MT,45,cueL_stimL,-0.8461761474609379,-6.48735809326172,-4.43566131591797,-16.2008438110352,-9.40263557434082,-11.0901098251343,5.68409729003906,13.4784936904907,2.61359786987305,1.4288387298584,26.887498855590803,24.1833419799805,24.606735229492198,42.6129493713379,34.2883262634277,30.663143157959,13.5137042999268,12.987977981567399,-16.8576126098633,-42.271656036377,-23.442337036132802,-11.996950149536099,-11.8106155395508,15.118038177490199,10.545919418335,3.8252506256103502,8.4887228012085,3.67723846435547,-9.86120986938477,-4.9119148254394505,-3.78765869140625,-2.64938545227051,-2.2651748657226602,20.0266075134277,4.81832504272461,2.3245849609375,-3.5642414093017596,-12.6040725708008,-0.290439605712891,-10.7345428466797,-10.4139404296875,-18.9253005981445
sub-0128,ses-03,run-02,vicarious,MT,45,rating,1.65500211715698,-8.22483158111572,-9.36898612976074,-9.85509204864502,-5.44803524017334,-6.91488075256348,1.7453334331512498,-0.430290460586548,-0.358016490936279,10.297445297241199,10.9395656585693,9.82685852050781,7.48249053955078,1.19041442871094,6.29254150390625,3.040771484375,5.090003967285161,-8.48831176757812,-6.744792938232419,-10.9164066314697,-12.2944622039795,-12.039188385009801,-13.497511863708501,-11.8960571289062,-7.2159128189086905,-2.72515106201172,-6.89638233184814,-8.24965476989746,-15.911163330078098,-14.9431142807007,-13.8379392623901,-21.964069366455103,-18.307861328125,-18.3756103515625,-19.0339317321777,-17.369722366333,-16.0646705627441,-14.0015411376953,-11.4969568252563,-11.0168981552124,-8.5050048828125,-6.97418117523193
sub-0128,ses-03,run-02,vicarious,MT,45,cue,12.602367401122999,13.050544738769501,10.384361267089801,8.40359497070312,1.01016235351562,0.9952011108398441,7.32081604003906,4.42902374267578,16.1751499176025,11.5358600616455,8.2856273651123,5.21563148498535,7.23702239990234,-1.0769252777099598,3.85171890258789,9.16624450683594,17.6402587890625,10.2703399658203,16.499465942382802,11.2554931640625,8.24462890625,8.24183654785156,0.667770385742188,2.12447357177734,9.77710342407227,2.7073326110839804,-3.3542327880859397,0.145139694213867,0.96583080291748,-2.31863212585449,-8.768129348754881,-8.475282669067381,-3.5227432250976602,-2.6958580017089804,-0.7180328369140621,2.904052734375,6.5263786315917995,12.1194972991943,16.9814186096191,16.196729660034197,11.438882827758801,14.6829376220703
sub-0128,ses-03,run-02,vicarious,MT,46,cueH_stimH,6.03889465332031,-8.12686920166016,-8.75392913818359,-11.9331741333008,-5.718011856079099,-25.907413482666,12.4702301025391,-6.42728042602539,2.90733861923218,9.40007209777832,12.458459854126,-7.6685476303100595,3.2541329860687296,11.495767593383801,-1.67230224609375,18.0870895385742,2.04441261291504,0.8677082061767579,7.9380998611450195,13.240406036377001,9.48556518554688,10.6424865722656,9.34176063537598,-3.6964225769043,9.60007095336914,10.4688282012939,8.681301116943361,10.225286483764599,21.645032882690398,23.7384719848633,17.1538581848145,7.281108856201169,24.1555290222168,20.2072639465332,28.407344818115202,10.810150146484402,16.4881286621094,8.95475769042969,-11.1500768661499,-15.8987064361572,-7.749621391296389,-8.30448913574219
sub-0128,ses-03,run-02,vicarious,MT,46,cueL_stimH,1.5511169433593797,-12.2387256622314,12.145521163940401,4.24802303314209,17.6535625457764,25.279493331909197,12.5258369445801,14.626583099365199,19.2996559143066,0.943729400634766,7.84568977355957,10.649240493774402,11.3874568939209,-11.2599925994873,3.1862773895263703,-3.9286441802978502,6.4836101531982395,-9.77183628082275,7.6918220520019505,12.7907266616821,4.93340301513672,2.5438060760498,2.21410369873047,-5.41605949401855,-15.8917579650879,-1.5771656036377,-1.80261421203613,5.20423126220703,6.52017974853516,9.17113876342773,15.165424346923801,7.1086921691894505,-10.734806060791,6.021484375,-8.53767395019531,8.90243530273438,7.87852478027344,20.3964996337891,13.3401832580566,-1.5011100769043002,2.1853218078613303,5.14747047424316
sub-0128,ses-03,run-02,vicarious,MT,46,cueH_stimM,1.23296308517456,-9.189453125,8.48124504089355,-6.645203113555911,-8.83939170837402,4.43129444122314,-9.88916873931885,-18.879076004028303,1.9504101276397698,14.8601684570312,-1.7247390747070301,1.4986248016357402,4.62648582458496,11.3689479827881,6.09222507476807,-9.34571075439453,5.62418365478516,-4.65382385253906,-0.0590057373046875,1.6120300292968797,1.5214538574218797,8.93221855163574,16.1287593841553,-0.504928588867188,4.91980743408203,-10.167537689209,-27.5034255981445,-27.4844951629639,-18.040096282959002,-21.2772006988525,-10.7749195098877,7.96523475646973,-7.04732322692871,-7.3680305480957005,-20.601886749267603,-21.7948341369629,-17.6849670410156,-20.668043136596697,-17.325050354003903,-19.8602294921875,-7.64432525634766,6.65604400634766
sub-0128,ses-03,run-02,vicarious,MT,46,cueL_stimM,-7.61477088928223,-15.6993818283081,-1.9943156242370599,-3.4875078201293905,-9.05439567565918,8.17471599578857,5.860796928405759,8.92070960998535,18.8333129882812,9.35640716552734,-1.95634460449219,18.821365356445302,23.2394104003906,16.344585418701197,0.733661651611328,4.90836715698242,15.823831558227502,8.62885284423828,17.2941036224365,-0.0523529052734375,18.137580871582,21.0532455444336,7.88463592529297,6.42040824890137,27.5473232269287,14.347625732421902,6.74952507019043,5.256195068359379,-17.5179405212402,2.71556854248047,11.3651695251465,18.660564422607397,14.0787506103516,6.652606964111331,-8.54183959960938,-3.9768829345703103,-10.826343536377001,-4.0114021301269505,1.7553901672363301,4.19189453125,4.75279235839844,4.770721435546879
sub-0128,ses-03,run-02,vicarious,MT,46,cueH_stimL,4.50526237487793,20.669231414794897,14.4461421966553,16.6602001190186,18.9003067016602,28.8532028198242,31.476951599121104,29.1713943481445,47.76835632324221,26.0363597869873,36.6102752685547,23.160215377807603,23.8252735137939,32.1162490844727,9.74746513366699,7.2943010330200195,28.4342422485352,12.5497703552246,11.3422298431396,27.362854003906197,18.0758781433105,8.79526519775391,24.4778900146484,30.9221038818359,27.2150478363037,20.1715621948242,19.2022647857666,22.259180068969698,13.667886734008801,21.7063102722168,14.104766845703098,7.81298828125,23.5003089904785,22.216110229492198,17.322921752929698,15.8766326904297,1.94207382202148,8.70365905761719,11.7823877334595,10.4397716522217,-4.80354881286621,-0.319814682006836
sub-0128,ses-03,run-02,vicarious,MT,46,cueL_stimL,-1.65472412109375,-7.59547424316406,-3.71491241455078,-22.5236282348633,-5.07845878601074,-9.34022617340088,-10.234670639038098,9.61238765716553,31.252986907959,14.361621856689501,12.526603698730499,15.725711822509801,21.239351272583,34.900821685791,26.8158473968506,9.41223049163818,7.77108383178711,-2.3996915817260698,1.8632972240448,7.60627937316895,15.020240783691401,12.004825592041,21.287036895752,26.907293319702102,30.2481517791748,30.2196922302246,19.444614410400398,-4.34611511230469,7.43395233154297,-2.62883567810059,-7.554546356201169,19.3006153106689,-1.526123046875,-0.6766357421875,3.48122787475586,-15.3991851806641,3.17839241027832,-0.418121337890625,0.318874359130859,-15.4785690307617,-9.496826171875,-6.67443084716797
sub-0128,ses-03,run-02,vicarious,MT,46,rating,2.8489925861358603,7.69946575164795,11.085322380065902,10.071290969848599,7.55795526504517,11.0858707427979,8.228152275085451,8.42806720733643,5.2831306457519505,1.53380966186523,2.3177299499511697,0.210258483886719,-2.18154907226562,-2.3404541015625,-2.9879913330078103,-4.26165771484375,-3.23562622070312,-1.30045318603516,0.759510040283203,-3.0266704559326203,1.1982936859130902,-3.8986265659332298,6.10428905487061,-1.5571613311767598,-3.3530559539794904,-5.0831441879272505,-7.694061279296879,-11.553628921508801,-16.8776168823242,-12.5845184326172,-12.7117300033569,-15.4710083007812,-15.821082115173303,-13.632701873779302,-18.2406539916992,-12.02086353302,-15.788116455078098,-6.96437835693359,0.77687931060791,-5.2791690826416,-6.061876773834231,-2.68535614013672
sub-0128,ses-03,run-02,vicarious,MT,46,cue,8.25593757629395,13.605899810791,10.2235641479492,15.1399269104004,17.114456176757802,9.56601715087891,11.4678955078125,6.568401336669919,5.765010833740231,4.76065254211426,-0.490938186645508,3.9247035980224596,3.22066879272461,8.12641143798828,14.291576385497999,23.5507621765137,23.8435935974121,23.1513366699219,32.1515502929688,28.9349517822266,28.6036682128906,27.186340332031197,30.7412261962891,23.7741546630859,16.7770690917969,11.885292053222699,12.865247726440401,3.4140405654907204,3.8760962486267103,-0.971935272216797,14.530611038208,14.9660701751709,19.0928344726562,14.3686809539795,24.499958038330103,9.24927711486816,17.3121681213379,17.057550430297898,11.722808837890598,8.7806568145752,21.2907829284668,15.2962560653687
sub-0128,ses-03,run-03,cognitive,MT,3,cueH_stimH,35.7125663757324,-4.45184993743896,18.1536426544189,-2.34048318862915,5.43214225769043,-3.7352523803710898,11.3775720596313,18.792797088623,13.1529054641724,25.3155078887939,17.735460281372102,14.744853973388699,12.6244430541992,24.3217277526855,21.2167472839355,19.4791641235352,5.913946151733401,34.3162612915039,-0.905389785766602,14.492103576660199,16.5316543579102,5.3055477142334,6.203741073608401,16.5699844360352,-18.5335330963135,2.0484676361083998,-4.89043235778809,-17.0162620544434,-28.214191436767603,6.86154556274414,6.34809875488281,8.71822357177734,12.3663063049316,17.424877166748,-0.528717041015625,-1.6796951293945301,2.38815307617188,11.6659088134766,12.3364524841309,2.3285064697265603,11.333976745605499,24.6854553222656
sub-0128,ses-03,run-03,cognitive,MT,3,cueL_stimH,-11.7100496292114,20.3820762634277,19.4565467834473,9.2842903137207,25.667016983032198,2.09740877151489,21.776832580566396,11.2189140319824,27.904798507690398,14.7613620758057,-3.4800472259521498,11.2411241531372,12.5993299484253,20.931711196899396,35.1400833129883,15.390777587890598,21.7824897766113,14.0948495864868,-2.37809276580811,26.731714248657198,19.6691360473633,29.244825363159197,33.7317390441895,22.264778137207,2.73733139038086,-4.00322723388672,-11.7892379760742,12.397346496582001,0.765415191650391,-7.65602111816406,22.9626579284668,4.2275390625,-29.5561599731445,-3.4322471618652304,9.96281051635742,21.3613662719727,19.510776519775398,13.720706939697301,17.567893981933597,29.3504371643066,5.9651374816894505,-6.552082061767581
sub-0128,ses-03,run-03,cognitive,MT,3,cueH_stimM,-17.2336692810059,-8.75569248199463,-21.2941112518311,-5.795612335205081,-22.898757934570302,-8.57782459259033,-11.297646522522,-20.1524658203125,-7.99252986907959,-17.6847839355469,6.233112335205081,-10.1457462310791,21.579216003418,1.7762761116027799,28.482738494873,14.136131286621099,-15.311134338378901,11.151927947997999,7.211255073547361,-6.435430526733401,-1.18294215202332,-9.47743511199951,-2.24982357025146,-9.388406753540039,-18.9085540771484,-29.123371124267603,-19.440692901611303,22.676223754882802,-2.5704116821289102,-27.2621765136719,-20.507495880127,1.4026794433593797,15.9687080383301,3.50094604492188,1.8003311157226598,-12.8977851867676,4.015785217285161,-12.596961975097699,28.2882232666016,13.2240562438965,-11.9517879486084,8.24696159362793
sub-0128,ses-03,run-03,cognitive,MT,3,cueL_stimM,2.96002197265625,-25.2676792144775,8.83378219604492,9.24117469787598,10.2273950576782,16.7411804199219,8.42787265777588,11.014871597289998,8.66907691955566,14.269890785217301,-11.6764678955078,-4.13329124450684,0.7804646492004391,4.45219135284424,5.9874439239502,7.9364185333252,-2.47559928894043,32.089836120605504,14.6284656524658,6.855998992919919,22.2002277374268,4.865760803222661,13.266944885253901,12.378421783447301,-9.246461868286131,-2.2332534790039102,7.26655578613281,-28.2098197937012,-9.06882476806641,-12.0297317504883,-13.056427001953098,-10.1626739501953,-2.18415069580078,-6.167572021484379,0.842220306396484,20.5979099273682,7.06489753723145,14.0812473297119,4.14281940460205,-0.047607421875,-40.804969787597706,-0.960033416748047
sub-0128,ses-03,run-03,cognitive,MT,3,cueH_stimL,-31.7827091217041,-27.608896255493196,-38.119071960449205,-30.523130416870103,1.47908020019531,-37.8198738098145,-21.2960243225098,-5.55283069610596,-9.54224014282227,-6.62619972229004,-18.288784027099602,-1.67523336410522,13.5441370010376,1.7791643142700202,-3.0208778381347696,-19.1763515472412,2.5573453903198198,-13.618021011352502,-15.8283863067627,-28.3624839782715,-26.665086746215803,8.97251129150391,-3.45116424560547,6.674137115478519,-6.538818359375,-34.405445098877,-16.4279098510742,-11.0090599060059,-22.7815780639648,4.22145462036133,2.44387817382812,-38.076911926269496,-13.001338958740199,-17.1968574523926,-28.7836380004883,-28.922115325927702,-38.2511100769043,-10.842803955078098,4.9200325012207005,-6.667022705078121,1.4658393859863301,-12.0953521728516
sub-0128,ses-03,run-03,cognitive,MT,3,cueL_stimL,-0.426872730255127,-11.8271827697754,-7.740299224853519,20.2270183563232,5.07149314880371,43.5883941650391,6.77857875823975,-13.7929944992065,-0.16198635101318398,10.6102781295776,-7.03047275543213,7.2364997863769505,-2.6848530769348105,-7.04749345779419,10.9385433197021,19.026014328002898,26.5231399536133,26.3944149017334,7.86848640441895,0.704013824462891,1.39442443847656,-9.512186050415039,-13.153461456298801,10.6403770446777,-12.6895694732666,-26.5089492797852,-9.19416427612305,5.588726043701169,16.026920318603498,5.33476257324219,0.7836685180664059,10.7540740966797,35.8474617004395,13.823753356933599,42.5040893554688,4.000396728515621,-11.507634162902802,11.518428802490199,-9.48946666717529,5.6165275573730495,-11.037944793701199,26.6460285186768
sub-0128,ses-03,run-03,cognitive,MT,3,rating,2.84879684448242,10.7057952880859,9.39790725708008,-2.67090606689453,5.63390350341797,6.775882720947269,20.6369247436523,26.2663726806641,25.8694000244141,28.256404876709,26.8892440795898,28.7018013000488,25.0343933105469,28.524612426757802,0.267532348632812,8.34889793395996,-0.145519256591797,-1.9735794067382801,1.78631401062012,-7.226079940795901,-0.13852453231811498,3.7006683349609397,5.19343614578247,1.61362338066101,4.004737854003911,0.6030668020248411,11.2180795669556,-4.05619621276855,-5.340022563934331,2.7745208740234397,-3.91141986846924,6.691561698913571,5.90964126586914,1.2899169921875,4.91143798828125,-5.27563190460205,-0.18412256240844702,-11.933295249939,-11.234972953796401,1.2307558059692398,-0.6244518756866461,5.75970554351807
sub-0128,ses-03,run-03,cognitive,MT,3,cue,-11.1061687469482,0.050140380859375,5.8784041404724094,-1.6349716186523402,-10.8350143432617,-6.248310089111331,-1.0833778381347698,-4.2684326171875,4.01365661621094,-1.35850524902344,-9.94278335571289,-3.43682861328125,9.28400039672852,-2.00417709350586,11.000694274902301,4.93464660644531,13.3592529296875,0.6220703125,-1.38789367675781,10.9451293945312,3.54930877685547,9.62018966674805,8.82385635375977,11.860466003417999,15.125692367553699,18.816663742065398,5.0467357635498,2.49311447143555,-6.5662937164306605,-0.37819671630859397,-7.38239240646362,4.00482940673828,13.4343576431274,-10.3688068389893,9.49885272979736,-3.1378021240234397,6.83950042724609,23.469890594482397,3.7726211547851602,11.253903388977099,14.1706886291504,-5.885910987854
sub-0128,ses-03,run-03,cognitive,MT,4,cueH_stimH,1.55567979812622,13.982541084289599,0.997814655303955,-26.8715629577637,3.81974411010742,3.78508567810059,-15.517637252807601,-13.044193267822301,13.356309890747099,1.37782955169678,-16.6110534667969,-2.16794109344482,9.75633430480957,-9.17776679992676,-2.6978597640991198,-2.76002883911133,-16.050800323486303,-11.711963653564501,-40.817985534668004,-22.5195426940918,-19.2961540222168,-15.704853057861301,-16.221698760986303,9.90255737304688,-19.2326774597168,-13.938983917236301,-7.45454597473145,-26.3972473144531,-18.0149154663086,-1.51238632202148,9.85880279541016,-17.4335632324219,11.2437591552734,-3.70863723754883,-4.153587341308589,-14.4393653869629,-33.4752426147461,-20.7618370056152,-27.0243759155273,6.26885223388672,-7.17406463623047,-31.935256958007802
sub-0128,ses-03,run-03,cognitive,MT,4,cueL_stimH,-0.994785308837891,-3.80759143829346,-2.95717668533325,-3.74347591400146,-10.937225341796902,-21.3508415222168,-19.647575378418,2.92577219009399,14.6680355072021,1.3796877861022903,-23.444656372070302,-21.382526397705103,0.551807403564453,-23.762300491332997,-2.7091732025146498,1.0864553451538101,-10.9385299682617,13.5701160430908,-8.4372091293335,-7.93403816223145,-21.4041900634766,3.6539974212646498,7.150640487670901,16.4644508361816,-20.7304859161377,23.890583038330103,17.6303482055664,-16.406837463378903,-10.032325744628901,-20.2368545532227,-0.748256683349609,-16.8545417785645,3.5102081298828103,-6.705596923828121,4.76250839233398,15.890483856201199,-15.8157806396484,-5.8430671691894505,-12.798576354980499,1.57635879516602,-2.4779815673828103,-6.926395416259769
sub-0128,ses-03,run-03,cognitive,MT,4,cueH_stimM,-8.81920909881592,5.64336633682251,-6.04393815994263,-11.335695266723599,-2.85824584960938,11.4514617919922,5.162232398986821,-3.2482528686523398,1.71238565444946,-8.76700401306152,-0.49276256561279297,3.5463714599609397,-4.07254362106323,-11.7736215591431,-14.201069831848098,-13.6498851776123,-11.374623298645,11.0085868835449,1.06285381317139,-20.5928516387939,-13.957262039184599,-24.1615180969238,-16.483219146728498,-37.0583992004395,-13.302085876464801,-4.49321746826172,-8.47185897827148,11.836830139160199,-28.5385475158691,-21.4648284912109,-33.2134284973145,-8.52175140380859,-22.3949317932129,-32.8956527709961,-31.795856475830103,-42.094631195068395,0.298446655273438,-16.6552124023438,-16.711841583252,-11.3601417541504,-10.7682304382324,-24.2932968139648
sub-0128,ses-03,run-03,cognitive,MT,4,cueL_stimM,-7.30034637451172,-8.04559421539307,17.064674377441403,23.1464405059814,10.817254066467301,13.041463851928699,-8.46093845367432,-14.885763168334998,-13.6390724182129,-5.10280704498291,-10.9389801025391,4.33291339874268,-13.987778663635302,-6.413333892822269,5.591732025146481,-1.6764643192291298,7.22929573059082,-9.02857398986816,5.5005168914794895,9.44661331176758,1.35137557983398,29.0171604156494,3.5318984985351602,-3.35533714294434,-3.1464633941650404,-22.5913486480713,-13.572959899902301,-10.894416809082001,-14.785980224609402,-18.990432739257802,-30.1451950073242,-31.664085388183604,-33.5619735717773,-20.549770355224602,-23.9259948730469,1.84670448303223,-16.8302917480469,2.2820186614990203,-12.931330680847198,-21.374267578125,-20.8878955841064,-7.040462493896481
sub-0128,ses-03,run-03,cognitive,MT,4,cueH_stimL,-0.268010139465332,12.0359687805176,7.175776481628421,24.755958557128896,-9.88286972045898,17.1212196350098,-12.313234329223599,11.696361541747999,15.8798208236694,-9.20378398895264,13.5063562393188,19.1142959594727,21.4807529449463,1.24042892456055,22.3839416503906,14.153429985046401,6.7843532562255895,10.338934898376499,-1.37163734436035,-18.076259613037102,0.693706512451172,19.94553565979,20.6645889282227,20.5868644714355,10.6342926025391,-10.5100250244141,8.88866424560547,17.3184432983398,4.791709899902339,-8.420497894287111,-0.0966682434082031,-7.93168640136719,3.26556396484375,-6.2706184387207005,0.36191558837890603,3.8805084228515603,12.969188690185499,5.97728729248047,41.2398719787598,16.9224262237549,36.3328704833984,52.191566467285206
sub-0128,ses-03,run-03,cognitive,MT,4,cueL_stimL,1.9127879142761202,17.0485153198242,14.1383228302002,27.9812889099121,-2.21629905700684,0.0437080860137939,-7.81339550018311,-26.2369213104248,13.011121749877901,-23.367897033691396,5.65221643447876,-9.01577949523926,-16.3653945922852,16.8143405914307,-8.15566158294678,-14.451429367065401,7.22061634063721,-8.43240547180176,5.09910583496094,3.96524429321289,-8.737903594970701,-3.23691940307617,-15.225830078125,-14.8971118927002,-17.9151439666748,-45.9999465942383,-8.1871337890625,-11.740377426147498,-28.8354091644287,-4.31670188903809,1.15779113769531,3.97598266601562,4.66208267211914,-12.741147994995101,8.000637054443361,5.158638954162599,7.185959815979,-11.336421966552699,-3.81943130493164,-5.721429824829099,-11.2968425750732,-7.04886341094971
sub-0128,ses-03,run-03,cognitive,MT,4,rating,-1.12445259094238,-5.00056457519531,-1.47893905639648,-16.8438186645508,-8.11693572998047,-2.23009490966797,-7.07628631591797,4.35326385498047,3.9763755798339804,17.213279724121097,16.5804481506348,20.4356956481934,21.7058296203613,12.6583099365234,13.9245948791504,3.5463047027587904,4.23546600341797,-3.45947265625,-0.859607696533203,-1.68681144714355,-8.97197532653809,-8.56802368164062,-9.29270267486572,-13.7140474319458,-1.5349137783050502,-1.21094977855682,-16.032159805297898,-8.73523426055908,-11.2100515365601,-10.4900941848755,-9.36394691467285,-13.0539398193359,-5.694515228271481,-11.0285396575928,-3.0017757415771498,-1.50842714309692,-0.0898280143737793,0.500867426395416,2.32121086120605,2.3610315322876,1.0598244667053198,-6.07637739181519
sub-0128,ses-03,run-03,cognitive,MT,4,cue,4.38372039794922,4.7327737808227495,-2.08166599273682,9.77094078063965,6.836307525634769,6.094402313232419,3.6236419677734397,15.666637420654302,6.08100891113281,5.41790771484375,10.5239715576172,-3.1172943115234397,11.084358215332001,1.02218627929688,12.8603096008301,8.22264099121094,9.30808258056641,9.11812591552734,5.004600524902339,6.93313980102539,6.61362457275391,4.03311538696289,6.66001892089844,-3.49589157104492,1.9232292175293002,-2.2582817077636697,-6.90317344665527,2.67780876159668,6.921611785888669,-1.9439373016357402,15.251118659973098,1.65329551696777,0.824477672576904,6.751025199890139,9.32081508636475,8.351612091064451,2.71200561523438,4.11322784423828,1.6893024444580098,-7.15329551696777,3.5472126007080096,7.621551513671879
sub-0128,ses-03,run-03,cognitive,MT,45,cueH_stimH,-0.80586051940918,9.59512042999268,-1.67840480804443,-2.00917959213257,-0.684069633483887,6.85561275482178,1.92752504348755,13.6498222351074,19.3414573669434,23.8478469848633,24.5946884155273,33.4788818359375,2.29483127593994,14.364369392395,12.3152618408203,4.36248874664307,5.45965671539307,4.06341648101807,-7.65607452392578,13.3236703872681,-11.7420120239258,-10.1406936645508,-17.5410537719727,-15.808387756347699,-3.0027379989624,-5.44049835205078,-6.42606353759766,-5.62287902832031,-1.7239151000976598,-8.726345062255861,-15.5336456298828,-22.287483215332,-5.91886138916016,-0.582801818847656,-18.215755462646502,-8.92018890380859,-10.4603385925293,-6.25605010986328,-20.2473678588867,9.38307952880859,-5.7843017578125,22.9597434997559
sub-0128,ses-03,run-03,cognitive,MT,45,cueL_stimH,14.136678695678699,20.031667709350604,17.634256362915,7.8701810836792,9.132134437561039,8.80650043487549,17.357307434082,8.94109153747559,10.342329978942901,24.4322509765625,19.6032123565674,8.4565601348877,9.49304580688477,4.50979995727539,10.1451683044434,13.0431966781616,5.936420440673831,13.9370021820068,2.9209823608398398,10.9821319580078,1.2244300842285198,7.38120269775391,-3.1463241577148398,-13.400627136230499,-20.4134922027588,-1.6792907714843797,2.5452880859375,-1.6873664855956998,14.3067626953125,-1.08145904541016,-18.098991394043,-15.8577117919922,-12.547813415527301,-8.72206497192383,-7.04427337646484,-6.35008239746094,2.28775024414062,-3.16561508178711,2.4189682006835898,-1.9621276855468797,-11.0738792419434,-9.7547607421875
sub-0128,ses-03,run-03,cognitive,MT,45,cueH_stimM,0.7499790191650391,-4.47257900238037,-11.4436769485474,-13.969950675964402,-10.408226013183599,-2.6265010833740203,21.6190357208252,7.2328376770019505,40.470954895019496,10.2967224121094,24.4263343811035,10.8984594345093,27.8002414703369,16.7174777984619,35.7528686523438,19.304035186767603,14.3104515075684,6.848796844482419,-9.0222110748291,6.573655128479,3.77779269218445,-15.117576599121099,-6.9373455047607395,-8.1197681427002,-13.016822814941401,-6.06327056884766,-13.7986106872559,-10.0497589111328,-23.635871887207,-13.265022277832001,-15.109169006347699,0.697315216064453,-22.3569869995117,-4.6234245300292995,-20.3282585144043,-13.7444267272949,-19.0040588378906,8.31665802001953,8.73058700561523,6.77816390991211,21.1005916595459,26.0221214294434
sub-0128,ses-03,run-03,cognitive,MT,45,cueL_stimM,-0.264900207519531,19.5695552825928,9.93832206726074,14.153712272644,9.65158271789551,27.1337394714355,46.5063552856445,8.23967933654785,4.0398702621460005,2.18051910400391,15.738767623901401,8.11709403991699,21.414813995361303,15.9360132217407,23.1287460327148,13.568775177002001,11.0894613265991,2.67758703231812,5.446109771728519,17.9041709899902,-10.9101219177246,-7.50337219238281,-16.0759544372559,-15.340425491333,-12.351037979126,-25.5842800140381,-4.36845397949219,-13.404102325439501,-5.0119514465332005,-28.7037658691406,-33.6916122436523,-11.169914245605499,-17.4575729370117,-26.6403961181641,-6.2530403137207005,-4.98233413696289,-4.20790672302246,2.8517951965332,-1.4974079132080098,-4.85107421875,-5.83265686035156,17.903766632080103
sub-0128,ses-03,run-03,cognitive,MT,45,cueH_stimL,-16.5190048217773,-20.7638206481934,-18.8001708984375,-21.6040954589844,-20.779827117919897,-22.483619689941396,-8.15179347991943,-22.7531223297119,-5.24539566040039,-6.7848372459411594,5.09387016296387,1.2910680770874,-1.31765151023865,4.19049072265625,-4.23832321166992,-18.7814826965332,-16.2038955688477,-14.375448226928699,-2.3610687255859397,-8.14466094970703,-23.828260421752898,5.86790466308594,-10.6259117126465,-14.9167804718018,-8.99304962158203,1.0902099609375,4.1617546081542995,-7.93109130859375,-6.87149810791016,-19.104850769043,-12.1831817626953,-12.537315368652301,-4.93935012817383,-16.7950057983398,-9.38206481933594,-16.0727233886719,-7.13936996459961,-10.616783142089801,-0.632537841796875,-13.3404712677002,-23.2535972595215,-22.6720180511475
sub-0128,ses-03,run-03,cognitive,MT,45,cueL_stimL,8.38100433349609,22.7434234619141,7.43573760986328,26.029788970947298,33.9903411865234,29.9375438690186,23.6531791687012,23.5501823425293,12.7536277770996,20.131519317627,13.795536041259801,7.2622385025024405,14.951060295105,4.61188554763794,9.447938919067381,1.77069664001465,-1.41456460952759,-17.092357635498,-17.900011062622102,-12.5422706604004,-13.1612377166748,-26.4979362487793,-6.17372894287109,3.1209259033203103,-4.191209793090819,13.204109191894501,-1.22383880615234,4.5891838073730495,-4.74299621582031,1.87971496582031,11.1726417541504,16.9633941650391,13.800342559814501,17.1152305603027,15.556053161621099,9.29629230499268,4.25400924682617,10.320410728454599,-5.46595096588135,-3.65788078308105,9.0572566986084,24.6515808105469
sub-0128,ses-03,run-03,cognitive,MT,45,rating,-0.667362213134766,-1.7294921875,-1.82333755493164,1.0019607543945301,3.53852081298828,8.26261901855469,11.713111877441401,11.937164306640598,19.216854095459002,18.083652496337898,21.560626983642603,25.2828750610352,30.3216896057129,22.9498291015625,17.9909763336182,16.8436813354492,6.570392608642581,1.1739463806152302,1.0806846618652302,-3.0341243743896498,0.5766253471374511,2.71808624267578,2.8540086746215803,-1.02958548069,2.9736189842224103,6.0499992370605495,4.20784997940063,-1.36822986602783,-0.510050296783447,12.208638191223098,8.50321197509766,11.2909297943115,9.19130992889404,12.619363784789998,10.9506492614746,6.07455825805664,4.09316444396973,6.12516164779663,3.3526847362518297,1.54714155197144,2.3477747440338104,5.936309814453121
sub-0128,ses-03,run-03,cognitive,MT,45,cue,-6.79707336425781,-2.69187068939209,-8.31969165802002,-6.32396697998047,-6.828304290771481,-2.8588714599609397,1.22117614746094,-7.606388092041019,-2.76040649414062,-3.95488739013672,-10.766204833984402,-1.9129638671875,-5.01714324951172,-5.164588928222661,5.58707427978516,-4.79789733886719,-5.246070861816411,1.21938323974609,-5.06017303466797,-2.29949569702148,-3.73351287841797,0.747997283935547,-7.303524017333981,0.33660888671875,5.3717536926269505,-2.6934757232666002,5.92227745056152,2.9542179107666002,7.0749416351318395,-2.49173355102539,1.5850243568420401,1.44914436340332,-1.65304851531982,-12.6728181838989,-5.60144901275635,-4.7243537902832005,-10.5912971496582,-7.47466707229614,-6.378789901733401,1.51832294464111,-10.968037605285598,-5.56709957122803
sub-0128,ses-03,run-03,cognitive,MT,46,cueH_stimH,1.5351071357727097,-5.02169609069824,14.3227806091309,16.344802856445302,7.5855607986450195,2.30886316299438,15.3981285095215,14.4260358810425,38.4857292175293,26.115943908691396,26.159523010253896,19.1539916992188,18.3285980224609,21.3334655761719,39.0546875,40.1902847290039,30.0426406860352,39.7129898071289,25.2289199829102,11.5707035064697,23.1075820922852,7.84291839599609,1.27114105224609,-2.1832084655761697,0.251361846923828,7.77309417724609,-8.98174476623535,-17.5841598510742,-13.1700286865234,-16.502368927002,-19.3616027832031,-2.08425903320312,0.894496917724609,-8.69451522827148,0.0677299499511719,-5.31438446044922,3.06966781616211,-10.3529357910156,-5.67073059082031,1.5359802246093797,-3.02886962890625,7.1829719543457005
sub-0128,ses-03,run-03,cognitive,MT,46,cueL_stimH,19.1078033447266,27.0544738769531,21.676992416381804,17.7890625,10.6025381088257,14.8840017318726,24.196247100830103,19.0081634521484,23.108722686767603,25.2893333435059,19.2096061706543,21.5768928527832,25.706470489502,26.662542343139602,25.562335968017603,4.94631099700928,25.2174453735352,21.489027023315398,34.59619140625,15.7632961273193,16.2698707580566,11.599735260009801,-4.674644470214839,-11.393035888671902,-4.544837951660161,-12.2284507751465,3.9063873291015603,-5.226104736328121,-9.64514923095703,-2.01207733154297,-3.7513198852539102,-6.810222625732419,-11.3781585693359,-4.34083557128906,-22.7914848327637,-13.178627014160199,-13.9613723754883,1.6036148071289098,-8.06510162353516,-24.010927200317397,-24.071613311767603,-12.7347507476807
sub-0128,ses-03,run-03,cognitive,MT,46,cueH_stimM,15.688702583313,15.0555763244629,3.81275701522827,-1.02371263504028,1.13034820556641,16.2986145019531,19.6918029785156,42.4722442626953,18.380535125732397,12.736156463622999,19.6114139556885,18.093826293945302,32.774181365966804,19.9818439483643,24.214351654052702,16.0968170166016,19.7788581848145,16.4450798034668,20.6395568847656,6.43821573257446,10.838409423828098,-5.0443058013916,-2.1517486572265603,-7.432186126708981,-0.7659988403320309,-13.9356536865234,-3.14579391479492,-18.7304992675781,-23.1650085449219,-16.4258155822754,-1.3225059509277302,-7.310565948486331,-0.640312194824219,-6.20279693603516,-6.24170684814453,-9.16111373901367,-27.9003753662109,-15.2697296142578,-15.350311279296902,-11.913587570190401,-13.0630950927734,-13.1057815551758
sub-0128,ses-03,run-03,cognitive,MT,46,cueL_stimM,3.7834854125976602,-2.75586605072021,0.7825164794921879,11.867189407348599,-1.02951240539551,15.718647956848098,4.055433273315431,19.0500602722168,28.202022552490202,22.8439407348633,27.8336181640625,17.9230918884277,25.2040176391602,15.760525703430199,18.6911296844482,22.1812419891357,26.5298385620117,24.076248168945302,18.6629848480225,5.08141326904297,5.869756698608401,-0.887359619140625,-4.022911071777339,1.9473571777343797,-3.20008277893066,0.6740570068359379,-6.273906707763669,-3.11773681640625,1.2210044860839802,-19.3226089477539,-18.795166015625,-10.2445373535156,-9.81399917602539,-20.3092079162598,-11.5236053466797,1.58090782165527,1.4104843139648402,0.178924560546875,6.76028060913086,-5.79443359375,-0.954540252685547,1.3338928222656201
sub-0128,ses-03,run-03,cognitive,MT,46,cueH_stimL,-36.1139793395996,5.8609733581542995,-5.67953109741211,-1.0016285181045501,-1.33976745605469,-15.782982826232901,-7.7908039093017605,-5.10683536529541,7.42362499237061,1.64144349098206,17.1455669403076,8.88414287567139,7.02740144729614,18.8559398651123,4.44897842407227,5.222808837890621,3.9780943393707298,-1.95391464233398,-15.0074901580811,-4.30175018310547,-17.352474212646502,-28.6310729980469,-37.812744140625,-28.6447410583496,-21.4846343994141,-16.1714935302734,-22.7837219238281,-11.977424621582001,-18.0219650268555,0.659812927246094,-22.346477508544897,-18.260452270507802,-15.6130523681641,-33.6174125671387,-32.2170181274414,-33.9308547973633,-31.768615722656197,-23.5599746704102,-40.1090316772461,-29.9908962249756,-17.4287014007568,0.34083747863769503
sub-0128,ses-03,run-03,cognitive,MT,46,cueL_stimL,-0.660177230834961,23.450611114502,8.53633117675781,25.0224952697754,36.0089988708496,25.2763328552246,26.1236400604248,23.2168998718262,28.1583251953125,34.3625717163086,27.3442211151123,36.8800849914551,19.6054458618164,55.208099365234396,40.183200836181605,37.333946228027294,14.7384481430054,3.91449785232544,-13.4106292724609,-17.6466293334961,-22.111017227172898,-14.461891174316401,-3.7597808837890603,10.334312438964801,7.11702728271484,-1.92137145996094,-1.9077949523925801,-0.526348114013672,-1.34573745727539,-0.161491394042969,0.608463287353516,10.2750701904297,22.2036018371582,11.7814331054688,21.0669536590576,14.617494583129899,13.241060256958,12.032000541687,7.6408376693725595,10.3214168548584,8.33733177185059,15.2748422622681
sub-0128,ses-03,run-03,cognitive,MT,46,rating,8.32254791259766,2.4073257446289102,10.5836715698242,14.394390106201199,8.99449920654297,10.4883460998535,13.4451370239258,11.1520729064941,13.9453277587891,18.3153305053711,15.1244964599609,16.7547874450684,19.009578704834002,14.7624359130859,19.380540847778303,22.0951099395752,14.504762649536099,17.1769752502441,14.920280456542999,18.7526073455811,18.3000106811523,18.3582916259766,15.627345085144,10.9495372772217,7.936279296875,10.858002662658699,13.9280614852905,10.003493309021,12.8406200408936,11.793470382690401,9.202802658081051,13.8627119064331,11.8613224029541,9.19526290893555,11.2147998809814,12.523313522338901,10.712806701660199,9.41900062561035,9.07462310791016,8.26927757263184,8.93738746643066,3.51053285598755
sub-0128,ses-03,run-03,cognitive,MT,46,cue,-5.446466445922849,-4.87280464172363,-4.6665353775024405,-0.912530899047852,-18.873989105224602,-10.4872550964355,-16.0716133117676,-16.4744186401367,-11.226806640625,-5.19324493408203,-13.526741027832001,-6.9947509765625,-15.359966278076199,-16.5202102661133,-10.0711822509766,-8.48077392578125,-11.0821075439453,-9.23107147216797,-12.1433906555176,-15.0888252258301,-7.624420166015621,-17.241676330566403,-15.0780487060547,-8.0545654296875,-11.193152427673303,-10.5520896911621,-12.9571075439453,-14.231727600097699,-7.611614227294919,-7.8886222839355495,-7.06036806106567,-9.48694229125977,-12.2929744720459,-9.59529113769531,-4.34525203704834,-12.852287292480499,-8.8436279296875,-14.020531654357901,-7.657320976257321,-14.7951049804688,-7.95581340789795,-4.6246166229248
sub-0128,ses-03,run-04,cognitive,MT,3,cueH_stimH,0.516212921767429,22.594777476606303,20.074440330352,37.0870455506324,-14.113489373415899,3.93963230281363,10.5036187088392,16.357832026746,31.487629873533898,6.45034902460778,3.2212084792008198,22.3562425400693,-10.4308611314287,24.518808919517998,7.92025558317693,12.822956882849699,20.207320458751898,2.98191377238705,18.3134039396785,-20.3182533213765,-3.0923951084499,-14.657861850721801,8.50864193084775,-19.9625373131504,-6.70327753239188,0.2761246274379,11.292429237051198,-6.846066233263089,-4.51799874323246,0.322724178433433,-13.974801816602099,-2.00819102143998,6.56414916336686,-17.1583470593978,2.8532871695905095,-6.92537987506328,0.15569046925027302,6.70712300869259,16.4093496443687,-23.249260102734198,-9.42432792253531,-3.1044884988645602
sub-0128,ses-03,run-04,cognitive,MT,3,cueL_stimH,34.2839355632802,0.9833169055685881,28.459015092083302,17.0373650292054,17.386906328937698,7.459706441370679,19.520485491212,18.6960176034661,22.5371351466247,22.3368129414679,-0.8783138125203259,-5.33239055596454,4.530303150647031,12.385031487572599,11.526370443692999,19.7025927666832,20.0438787176079,18.823570315936802,34.6691931900463,6.90830355918699,21.1704129449879,14.818985587867699,-11.7393371142541,9.00842331961386,0.21700550848568897,-23.552229716758298,-11.0941759108585,-9.971776316301481,2.66613286333368,1.9228462230745,-28.4161123214438,0.5671862445557171,8.906689174894439,-29.3715363317129,4.06833041608225,12.320992631513699,-12.498662972639801,-13.897831143436902,-20.655459019124102,-29.503206157941698,-45.7039629841127,8.01767100843167
sub-0128,ses-03,run-04,cognitive,MT,3,cueH_stimM,-16.4350207274505,-18.022894638680302,-8.67298150396622,-19.9123195221738,-23.0037306144685,-1.36285358583128,-22.339554090018602,-26.5528813313001,17.8583848879282,-5.404207829066629,20.222401460391396,20.9141145671084,9.31128208559474,16.6041548060228,2.49006117243187,28.0568427784857,9.65083294969627,20.4509999712801,13.1993168206537,-17.2298009249587,-5.719925794068769,-5.9443695122518,-11.4066500298746,-2.4383268750475295,6.73926840129349,-7.048329871313549,-13.8048488449889,18.2914591875816,4.79515746170243,-4.85046676638796,-6.11240165811765,2.52975404968223,-1.5281457839286297,-4.443594941248611,-15.7549342209457,-10.125888315247,-0.0883552261359331,-4.83218285832653,-6.13601958528715,-11.7009729721927,1.99217501818927,-25.384201378502002
sub-0128,ses-03,run-04,cognitive,MT,3,cueL_stimM,15.9836692139792,3.2296690189946498,1.7375458756907702,15.672933498641,7.00503846645699,21.858695242234603,-7.84747076589533,7.412983492856469,16.1452648226815,5.3095181030764405,32.2235249567822,-9.53649933572251,0.606990875867364,3.5677531998145002,17.6912085190172,-0.912909040085179,9.34655199573692,3.12043674114165,-25.040657323501,3.4757484723520804,6.363293979696679,15.934896059078,15.398172200478001,21.7935686741338,-8.16263804302574,7.62500835808579,-9.38942194450795,1.7981176354854598,-14.1777987919033,0.7865005654308009,-26.653520162286895,-15.829545759260002,-16.5874229891634,-13.131086338166801,-40.693885882439396,-36.1359566291366,-20.945080382512103,-46.8076605498155,0.121032567415857,-21.449881041965302,-3.4143174125869,-21.2322468089832
sub-0128,ses-03,run-04,cognitive,MT,3,cueH_stimL,18.3181565727196,16.1262129751515,-1.6921101421837101,19.3693154615271,15.7591513197014,27.4136021226738,12.333661027338,23.0698263186277,5.27903552098776,5.374933515625139,0.0974339356633431,-6.30813588818874,4.8583029032210705,13.2895176039156,24.2752025335467,14.861317604820002,33.2902193069054,39.0482710389545,21.6801045233361,25.178309295275604,27.793128099402498,11.090330096644498,9.59917491098989,21.0568904217519,1.3710038267690101,-3.26326064519156,-1.86510646019447,-17.611123429200102,-15.4018876257826,-18.8332895617547,-2.8648457185318303,35.273504479561204,-3.13035293684381,-29.3575356176844,12.6429543216456,-3.3914466475247504,3.6087077417282902,-5.3711982832908705,26.8344005498167,-1.73236687303157,11.5548402973316,6.0570595356703
sub-0128,ses-03,run-04,cognitive,MT,3,cueL_stimL,7.61084279696545,-9.96849416524759,-1.68328478158209,10.810668972732401,-30.5489875703508,-25.7575847174884,-39.4616237190275,-17.3769578794476,8.4176238881308,2.79169397914468,-4.502775860167589,-31.507559499326202,-15.792822827936401,-15.3080784691863,7.02041103027542,-4.93730602346391,17.2653094463503,-2.14422945745148,0.666661238754271,20.0150815173201,17.4119076694772,16.9024796059014,2.5467765190929903,-8.26576130376321,-26.8196909704917,1.61697851960975,-24.3485117769493,-20.977581985114398,-37.0398648253149,-13.675775615900301,-12.6207007497469,-18.443563208856197,-24.369391332880802,-14.0246060061358,-24.908026866428102,-24.1714330798834,3.85978239527656,-13.8778576091432,11.2216737046943,12.791028330583101,12.0864099918487,-3.72257704432608
sub-0128,ses-03,run-04,cognitive,MT,3,rating,-13.146238844289801,-12.287471096926598,-9.840578415704401,-7.074967340986039,-5.10878791411872,-1.61851148720815,2.2790541312735804,11.0424739770718,17.0040446981087,18.3821787559906,18.4868408117045,22.2772172804051,29.453157217414304,24.3387032386868,21.483583993604398,19.8830793617993,7.175178831107219,-5.103149848878759,-2.2691883148349503,-9.25016238735388,-2.09081789257495,-1.13147367749558,4.07452913747175,7.88262012388623,-1.5583893574299899,1.9047525623131698,-4.62804772404268,-0.440757211985825,-8.89852720160976,-4.2195907625072495,-9.157686277489699,-8.130850568466151,-8.61584216612119,-5.93324976913522,-7.635014247978231,-7.934676351347919,-1.3383178464353702,6.47400481662928,-10.973329735768301,5.24917989757896,-5.307389730862781,-8.26026056870097
sub-0128,ses-03,run-04,cognitive,MT,3,cue,-2.2063221690763197,4.8990806260309006,1.7470507814038403,7.49494106929991,20.007250897587603,9.771405681760001,19.9449371974492,24.032807748947395,21.281775790142397,18.8700396630771,23.6670069286234,14.5590618531687,8.89088207501818,-2.15670177555468,0.508066545033795,1.89001772058456,3.8626752562831603,5.65926164173352,-4.40319387084173,-0.9376292414693991,-1.8471500959108702,-5.6621267787016,2.7104528014061295,0.9920746729931891,-13.645193295845,-9.64869617927743,-14.4130006325758,-8.27523184803801,-7.99390872255613,-17.1987256833943,-4.26282841689454,-7.537735751836281,-1.44906219984406,1.6870485949626397,10.6440609660101,4.58681751672355,1.4251388551128403,8.27433318453417,5.517408651801291,12.785474505949098,15.638220922948598,8.57889135253424
sub-0128,ses-03,run-04,cognitive,MT,4,cueH_stimH,19.9052884963253,5.3425302067892995,13.0839129723386,28.298855384598102,9.12556515103747,-4.33668113464444,-4.800590559462219,24.401995213974104,9.930551620871869,-9.29589082693215,17.5812667099096,-9.962283602486071,8.38143425959079,18.368017685431102,41.4334662201656,3.21410058367611,5.548047568162071,3.0980071452409303,22.710239159296304,-0.5248567501019821,44.838860459064705,22.190464223375002,24.5014287557574,31.6947812278767,23.8587885905312,12.372971344827,-0.192377865999761,-12.8431417376122,-10.9405566427448,-7.72366787472479,-16.0152242767053,2.82421122775831,-13.893300034219802,-8.42589300166609,36.7938099385441,-10.5078211957329,10.8302886734979,11.932448921170401,6.0202676419256695,16.455747147863,-3.87701392605345,2.2285545486609704
sub-0128,ses-03,run-04,cognitive,MT,4,cueL_stimH,1.9738766738443898,-15.900286786446,-11.8573040824142,-13.754507704763698,13.726821437569498,24.187104516602396,9.258759293111169,-0.318993406278267,0.0224798895768479,-16.487094127197498,-26.6846764433804,-11.8365233015869,11.393980225065901,-11.0626725045453,-7.89649793678513,12.227384094295699,19.3706651468676,-2.37857999221654,0.9034786063793321,11.2424673891587,1.1694549578954099,-5.196665484592231,-6.803714217376781,-24.7030719306923,-32.5792452038352,-25.8334739502657,-9.623600346711882,-31.833958100250896,-5.1006907485056505,-12.3531339037552,0.9851633984155649,24.2251711292374,10.754746802397301,-19.7189450102276,-6.38147812527928,0.5771649867479809,-3.0713117873555804,-7.61275949339898,-3.7645036103871297,-16.092061590444697,-23.134149142315103,-46.9106638861121
sub-0128,ses-03,run-04,cognitive,MT,4,cueH_stimM,-7.1610474206565,-34.9525482436058,-37.847276718071,-0.14362097883715197,-9.39378115208562,-10.2752176218721,4.36926621788506,10.8003147822246,10.785775736473902,-4.71637360360164,48.605839812632595,14.7532923737202,35.6695433793895,14.696346830313802,43.7111288353452,39.1870717215136,47.96206847478889,22.085882604334103,26.5725363838801,31.5935173684857,9.22381150162008,2.47259059729027,25.365947602806603,1.33673647815496,15.0833952130344,16.8667255477542,26.4623216181489,7.27205201770818,20.1177917908043,-0.7308951137237341,-2.5821078583163,-1.7577499603226598,7.773572899785889,0.16800002897738098,-4.34022957452144,17.3699877158652,3.3697541608587,37.7166967924508,22.769198855564,28.2842222434995,6.131780092825919,14.313002797562001
sub-0128,ses-03,run-04,cognitive,MT,4,cueL_stimM,15.379552996927499,-14.934999856986401,-3.58967181408999,12.4562500978623,7.39191210415129,-7.0759820354823395,-17.0947908644297,-11.6046449441812,6.473183027047241,19.827719808990103,6.69476399051182,6.25387926578629,4.71500827342167,11.9814845254277,23.812005597344303,30.8903815366648,27.122149982504897,-6.557399357832309,23.690940400783,12.2583792814439,35.227094878147,4.78455906434188,25.1104880658986,39.7836477196816,28.435364379545803,39.0646287790605,20.058851586226698,16.897477456263598,-11.0277704639296,1.56755295943261,-23.603365742928098,-6.29377204845659,8.26534303594712,6.14970422248004,0.410009089326223,-7.441459270988519,-18.226574529957198,-1.50945773089093,-49.4992591029004,-14.599011170410499,9.21520466216558,18.9545957259007
sub-0128,ses-03,run-04,cognitive,MT,4,cueH_stimL,-16.958349956391302,7.9993341387006,-22.788806346509105,-2.6415312886180202,-22.10556165944,6.02596827081073,-14.4413172729334,-9.55739100228725,-16.6744836715344,1.58298631709957,-18.177055563504602,-10.1303288944579,-11.4507120196782,12.203247851366301,23.9729630285807,5.89967706213277,-13.864347695952198,-14.8868380418958,18.3796232636248,12.940280053024699,15.1789395874929,38.6016871016669,-24.9548176283778,-11.567543031658198,-5.499409762363009,-11.553588816492901,-11.461583401962098,-1.45909136403588,4.813393619326781,12.734818411793698,0.7118538203527741,-2.42074144967917,-4.91427370338916,-21.040822219894302,1.82833907476277,-13.599909011224899,-10.380975407529801,9.03116847645872,17.874287812978398,-1.6530873125391699,17.7767305463668,8.21682232516549
sub-0128,ses-03,run-04,cognitive,MT,4,cueL_stimL,1.23664485293937,8.59066964837302,-7.2919574311226,-24.4879376180794,-28.5611840323982,-1.29441716059439,-12.9283215051227,-16.4653591854141,34.8686697339114,-24.5937649745806,-8.96975039895573,-5.76728453328254,22.3513309040489,21.0241129164141,8.996349453126,33.0794299802573,21.394528182280602,30.5412370854278,1.74738351261668,-0.22773248132130702,0.471250219987265,-6.0591600798264,15.2626254638329,-22.542191460983897,-18.5261678184629,7.21452136944875,-11.735122274011,-2.70195437921964,-17.2212761324217,1.6855042327398402,2.36111000472473,-16.7758106644375,-1.90885828686235,1.4823608054936002,6.6453186497753896,-16.5803238150289,-16.8464363535942,-25.149519095288,-36.0591836507234,-11.894384938701801,-4.99254256309114,-22.367156020299397
sub-0128,ses-03,run-04,cognitive,MT,4,rating,8.13937507997884,15.4093369375027,9.778289821614369,20.3004860982096,16.2972945776862,11.8721883944399,17.3256121840903,20.2188828409925,12.521097265007999,22.818733648660604,14.139351267774698,22.882825695043696,20.8366332340667,18.8729817651204,19.1283020527929,21.2851849457597,20.163962825968103,11.315176411252999,14.006391716810699,6.92688947636709,12.7676255127411,8.052510090314259,10.5800365165081,3.1758742523949097,1.09553829142158,2.8278637901329304,1.71919439437557,2.30366865281167,1.8651569812426299,-4.67373354141217,0.5649802759647969,-7.1456181186342,-3.7871007603321405,-4.74380253768772,0.8870943852783469,0.210172852608377,-10.869472485986499,5.663471208585349,-0.848829147899687,-5.085502204775111,-13.4785494360571,-2.0809478336769303
sub-0128,ses-03,run-04,cognitive,MT,4,cue,-6.9475191819570306,11.114262822723001,-2.84440544515372,13.7460099053863,4.55444005182051,12.832762316033499,3.0401854038689304,-1.7070488400455401,-5.516875653530611,-6.85836784702571,-1.48941505675315,6.46421262457754,10.524002000521099,8.14162004494435,5.719237652441991,5.90852619941312,24.862959086349896,22.864553661369,21.5856694466662,20.2454391335113,17.7333926701387,-3.3411347716824706,1.01951747724142,0.5573844670803699,7.58115673422757,-2.2702772611307003,-5.1910941880086705,13.301223929470698,10.585294835836699,3.42562933033279,7.05441443507268,5.28688620765372,12.0285671501141,10.6929087824271,28.2288392812081,13.011462845183999,13.8352018631641,1.4866128331638202,15.966016238861801,12.2126035803738,18.1194553667173,2.9034313890044903
sub-0128,ses-03,run-04,cognitive,MT,45,cueH_stimH,29.619247983965998,11.7543178804058,18.7729423249807,9.9966616349261,19.323157339492397,10.521816436469301,11.887746218917801,7.672878119610879,16.4775511535818,13.3818268892889,7.3723451377158895,33.7802217053572,0.0294787583221141,30.6311730025742,18.389657574207803,18.7536808797937,5.59678582574397,9.18573553295875,-10.983137576507099,-9.671354529031591,-0.5264853346849779,-23.8240927125284,-17.4529775227786,-13.7505173183552,-8.66921115866799,-5.152885779459861,3.58796362648211,-5.3056516523939,-12.284776535164498,-14.1428737251817,-16.8915769278053,-8.08620551750513,-9.46033421519572,-7.8886827100817,-13.0323795132674,-13.2378228093563,-0.43068675691573904,-11.173177298456302,5.0759831056788896,0.453133651928225,5.217580256672241,7.1588230144187905
sub-0128,ses-03,run-04,cognitive,MT,45,cueL_stimH,0.6261025493114101,-7.58906518854466,-6.749447085425089,-6.29428248548774,2.2755443811614997,3.0319795536058303,7.5203092357367005,18.8366535521857,12.006913393861,1.9494539686041599,25.423650641908303,13.509288073593499,30.312601364296604,15.586526181210301,8.16795591476762,11.209426236267701,0.9558684389772,20.406726088760102,13.3094269939383,8.117658863159111,-8.35674286308421,-22.712638025268504,-19.3359375129324,-12.901904643527,-10.2322149384012,-19.7614708803092,-16.6951265002962,-25.6343328632865,-9.05773219334569,-32.536938148460194,-19.935062737736896,-16.3208013109855,-4.0500048550063905,-2.5925070285947203,-8.07979571293373,-4.17862236114038,-10.7750999544171,-4.50198406531388,-12.322752948637,-24.199443503218998,-19.572254126892602,-9.94280084948747
sub-0128,ses-03,run-04,cognitive,MT,45,cueH_stimM,-11.5820325663422,-8.4203515765515,-6.0537872212645105,-2.61802713318306,-5.736783881384491,-8.27232873198687,-3.36235936046138,4.56297706635695,19.201981591635498,12.9477596582179,16.1868318029701,35.877036649428895,23.899524975889,21.9718872954112,28.4769057644923,25.3782701201198,15.254519210141499,18.584401272892002,5.53523812741388,1.07626415127384,-8.589197679033639,-2.25717858207835,-9.666877360225751,-4.90888614162653,15.2150578332273,4.61426577716253,17.317701418173698,1.9616285826047901,-5.74192915527331,12.8181407076968,4.938888035020129,11.5337693983909,-10.731102749054001,3.1961458149493303,-14.8842979942444,-11.2341517707116,0.240830302950357,7.63757745584311,9.72227782066535,10.0639394776336,19.7198930509548,13.373669185987898
sub-0128,ses-03,run-04,cognitive,MT,45,cueL_stimM,8.91288898319043,7.228681036968879,15.4716957242365,-3.67580986786843,1.06338963919284,-11.407526104941402,2.70217471962013,7.6677935320524,-2.07236767044694,18.812975421231698,16.1661242897035,18.812730474287104,3.40441539295045,21.0504701935666,14.033291818099801,27.5068659502113,8.00705456722674,10.2416807494886,-9.61045627896473,-13.145308193951198,-1.79185444193533,13.138960433169801,13.301986574395402,18.499488945843197,10.2207534460968,14.8253746820383,0.705754019649484,4.75940399720563,-0.849551199102152,10.0464341830367,-24.3492674454459,-9.356277448787392,-13.8667195942682,-6.615918747369309,-3.85747934254308,-17.8461136026613,-14.688538365129302,-16.3761395250966,-18.077740688669802,1.50875505208096,-1.32912809439073,-6.23014498604579
sub-0128,ses-03,run-04,cognitive,MT,45,cueH_stimL,9.23618625069064,0.277476954931505,-7.45118499188948,5.79689128037954,25.4172073106003,15.722650024732001,3.99617360343565,8.53083332061707,5.64115694740327,2.52982050467681,-3.13780240727628,-9.88446319051714,0.723459119549648,16.9675159208375,1.6828322085017198,22.452246679620398,11.461365567311999,20.7425472895281,-12.1563532109043,-11.003321055231499,-14.2156371680825,-17.914813518648103,0.938467883396596,-10.7982256849244,0.937530384051096,4.58674493975371,-9.63098181180975,-5.69837876766788,-22.594921865676604,-15.503425036503598,-20.8217581875958,-18.4356924222518,-10.0609283295342,5.278882059556371,-1.15241488606818,6.63107398820452,-8.22992647263574,-2.14553481079357,1.74590882258542,0.750674801825303,3.12503817886432,22.0645305921679
sub-0128,ses-03,run-04,cognitive,MT,45,cueL_stimL,6.47913304225417,3.05602781791316,2.7119704892542003,17.350927934536802,-4.661470931850831,-6.29760296071892,-9.83569938488589,-2.2171033767456803,16.1943418380605,3.97784774886801,-1.0406359574294102,-3.85520491331302,7.56321062232139,8.73886828082786,12.187578807784801,2.80796059927369,-1.01786180872602,-7.58954451552358,-7.17053332841208,10.0036971667466,6.59164025638643,11.1574244169402,-11.0555006004854,-16.8165290746033,-18.051118777444,-16.167259874363598,-40.3050809551082,-3.72488984768416,-28.549715241098298,-13.6037412646579,-12.0904873450421,-19.2514386978666,3.85750494039589,-13.1327072944271,-14.3669016551419,-28.9156383549717,-10.382939584532501,-31.0159816001373,-18.326029768715,-20.6053890823866,-27.587482221283,-10.3600876544299
sub-0128,ses-03,run-04,cognitive,MT,45,rating,-1.90640750868964,1.24084821720407,2.8556439323047997,10.944654719668,9.47373764113001,8.244431575272209,12.762873521752601,19.008785510499,17.6057118225201,25.9130998356151,22.084148627753603,28.7712956169637,24.7706325910578,22.830036111365,24.1366520331393,23.300972872845698,19.5298596911062,11.7618332278603,6.23670699169446,-1.71439974752692,3.4546526516151204,4.66449815374967,7.05514005577257,3.38831020360158,7.10112336659341,1.2508069525991299,-2.14360752163328,3.20535266190794,4.797661382974059,-2.14798019105675,-1.47728501103972,-1.0675142952336198,-4.04527501189601,-6.723266127627231,-6.34890766836362,-2.6777164557715096,-0.776153457493466,-3.1356709042321698,2.9117101432702204,1.8319751428036202,-0.0114858864919949,1.3584651246612
sub-0128,ses-03,run-04,cognitive,MT,45,cue,-2.9991652585781003,3.6758577168706297,-0.20351692589477102,8.16763703613488,4.81349109848472,10.5972152188216,2.09338821651105,1.6216191135149398,2.0400513103134,4.79185555815787,6.09612566719841,4.66749396748896,-1.6857555308396501,2.33097198055283,0.19688122481912698,-0.16934062650096302,6.3035945986551,4.35095306245156,6.092025144664191,11.493879417907698,1.6835451007168,3.80434016092149,5.36885996946707,-2.80604836193839,-5.37744020706883,-2.1001583863631104,-4.3579008919071205,-15.6793377351,-10.8327575371268,-7.47000937740493,3.70469155401173,0.0701456110850351,4.18295488008831,7.4109330934035,10.0748182759557,9.771195616983949,12.9196306949889,2.31875272612534,9.99751757156249,12.5545447195931,5.7608412295587,4.948981680411849
sub-0128,ses-03,run-04,cognitive,MT,46,cueH_stimH,14.259646286861,10.6755558434086,4.56863147371388,6.585489324004099,-8.85734280030974,-6.431918538842191,20.6335275534453,-3.03778673216461,8.88972421262649,18.6127149072458,9.15728517434063,-0.0455218391213075,4.62032398539956,13.102245498264999,20.172128590425398,12.6771675047945,22.153628694436303,11.4537438255617,17.3422098841445,13.608471367585599,7.2437039037792506,-6.0361709708177695,-8.91174507616625,-3.6614317040875797,-13.3811151082321,-17.961250404440104,-7.99505913289451,-14.6418758042715,-6.85871332734874,-0.803348742476892,9.473868991430699,10.809458448081902,-7.42140687556786,-3.31206371935119,-12.310455590488699,-7.67057528628302,14.492438121170599,7.32919696111414,13.4761391708165,8.16188555573859,8.33959601951978,23.158693723241
sub-0128,ses-03,run-04,cognitive,MT,46,cueL_stimH,12.9311213192622,4.41687542931954,-9.49881917478564,-3.41708540845622,-10.022089684678802,-9.48757483840525,-0.5740250235507889,-1.5375316799140302,2.37562415414687,-1.61718534896826,-6.911727655068099,13.941611844333101,20.5546214819662,3.75183474287185,16.5999952508229,8.54685796917346,22.991338172831398,10.9806960251475,13.5317597654496,12.230017089616,-4.28116749639788,-15.0727923434055,-22.377867769489605,-19.525202156076396,-14.042422413664,-17.8997596831687,-21.812026056765102,-9.69561490191529,-7.62873551185703,-17.7936731823287,-6.44372017209882,-7.1395147901527904,6.708382270138269,6.70956683317817,11.403180983128399,3.33641404658123,-2.6248483462139,17.24609950779,-9.182512594193241,-6.9558382672017,-15.9020450604675,-7.1135467868645
sub-0128,ses-03,run-04,cognitive,MT,46,cueH_stimM,-10.5719251466958,3.60800525616503,-28.133251080250396,-18.1601177162413,-3.0362820365322993,-12.7237252834513,-12.8627115630585,3.8605007692185898,5.463741658157231,25.1088187985391,17.124909143937,15.7133711546801,12.0244296391037,23.7090398219281,22.838023416078702,37.1214512844594,17.6302268800942,24.9348043573002,18.7571141909437,3.5669820204282003,21.593218490368802,-7.63590142344399,0.5286750183495721,-7.07243257890527,4.2652513749912995,-9.177955703952641,13.379482884428501,-3.2320266802692097,6.7805810310425905,13.7755650234431,6.021501218663301,-12.097590086454598,-12.678545582495598,-18.723089356962603,-8.61478012504241,-5.589170869394279,-3.4269307072867,6.24165672398806,2.5644728233556005,4.9222730611703,1.2302637312499098,-6.457215368752509
sub-0128,ses-03,run-04,cognitive,MT,46,cueL_stimM,-11.0808070566195,-5.7478098933017,-9.80246877900666,-1.0427661508006898,-3.52062660492929,-10.2243132271332,6.1094679928839,-13.914444340527101,-5.30127110142665,-2.01674638804997,-19.900671780523602,5.0317415235215,-12.0086333262684,14.145061987182801,8.654755078447241,28.8215144028337,35.1003619152703,20.0526348733656,20.340503541108898,7.01708802523741,15.184175079529801,4.31652673799132,-6.496784799488441,-5.66873328432735,-4.533000878877781,-20.6787014605452,-10.900564251532302,5.166760035258299,-7.2762713206970595,13.1878620073616,3.47864152306148,-6.15686868500796,-11.870805555432,-20.823461673343502,-10.114465749570199,0.145491171680995,7.900983718894699,6.86236128268671,17.3740493400291,4.804311222744889,-0.0942244836980359,-18.5626372690453
sub-0128,ses-03,run-04,cognitive,MT,46,cueH_stimL,14.2368746208902,10.493447844073199,4.517512897058009,-15.3248447983648,-2.71333998415891,1.8812983806409198,0.21964313401780397,9.10214123665614,12.2874528792536,-3.54200555027072,-10.848351689632,-7.705858047407959,20.5898608083518,16.9779090109898,8.25016218829126,23.308545827562998,17.0488302284856,20.8963418269783,3.7607994911269103,1.9878014870473302,6.74425930643561,-6.18863210532049,3.9558686179434703,15.116045980455999,7.866969092877951,-1.78978718458353,-3.5785455809012,-7.09327142891113,-4.83007665760661,6.31080240703879,-7.6779325502650595,-2.14821361788455,-3.6177322876309903,4.14138443568384,2.13367343475114,-0.44302907748561404,5.32447125688686,0.820788752283126,5.48861805648009,-1.6010064464491,16.174840072164198,16.4550594690419
sub-0128,ses-03,run-04,cognitive,MT,46,cueL_stimL,-11.203509796690199,-12.6345877153194,-7.86013070030004,-12.8266954729639,-14.177861076121,-6.7646353621971205,-10.818277153287498,-0.21892897695225697,4.00915244548333,-16.3520010180779,6.265493266115691,7.58059486632406,10.997929653384599,14.507182833308802,15.9479011781426,12.640444912145199,11.295712902279599,24.265521483375398,36.464984232656896,17.209028383948098,6.22928532748753,4.238352306618,2.99999163958563,1.03947239366875,-5.5721273925784,-25.6297046419553,-17.8213268421023,-11.9199541595224,-2.8096761962566204,6.0411048561596,-10.0619001449942,-12.0864747457098,0.207111268567232,2.51485426921326,-2.3944729311638198,3.53769394076315,-3.3675495092274703,-2.73398559477286,-16.5799166814098,-21.158306722861603,-6.85739068619879,-19.814726942477698
sub-0128,ses-03,run-04,cognitive,MT,46,rating,-2.7620721518498903,4.26085537866992,3.58680326514957,9.08302033155553,7.3083439776136,9.16361001815949,6.11669658106972,10.0970475863795,6.87158462952379,4.53109541014972,2.81941412382743,7.03354079429144,5.69314240546135,6.8928995052118704,5.755119781901599,3.29933137431287,1.44193425807946,-0.16382848772189001,2.16811806171699,7.72411423886448,11.388616113698498,4.9570775465680095,6.2707538113236705,3.8097301918745696,3.34042985589684,0.365240806590652,-0.715868201869203,2.32219678389365,1.98187273172121,-3.50520358121529,-3.0287790105353998,-3.2484342092938103,-3.2553874204594,-8.783833945519099,-4.53365159746556,-2.3726639510040597,-0.143215815799998,4.3405357918518,5.7550240714317,9.86526647800265,-1.2252829864832802,-1.9513671813755
sub-0128,ses-03,run-04,cognitive,MT,46,cue,2.7617188054384796,-1.5161634213998703,-0.28753612990460903,0.20768646048886802,0.18222855653849102,-0.0955142830113533,-7.81782576626881,-6.30211438225461,4.93128202846698,4.50205060401474,8.017304819113049,10.3405058381066,5.775093655240441,4.760144163802151,5.4862652888810395,4.79189331353432,6.82653255274176,-0.0379927273314991,0.3825487824121939,4.29472566029271,1.58792953549786,-1.2792342737801201,-0.781306443814636,-2.2764979990277796,-5.80053597633906,-6.38114309244652,-7.6560378511497,-1.9002456071198899,0.270573136357105,-4.706628939342879,3.3433407551141,-0.9079816122683159,1.2408350526576102,11.537946301298499,4.16967553389464,15.142550091121302,16.4452755299859,13.957280699944699,25.188865170106002,13.7970876855309,16.4799876730849,10.5662635679593
sub-0128,ses-03,run-05,vicarious,MT,3,cueH_stimH,19.897611618042,8.383913040161131,20.8287029266357,-7.11549949645996,-0.339101791381836,12.5582494735718,15.5994606018066,30.3339862823486,40.051689147949205,17.9153614044189,25.7578125,27.5963516235352,30.4141998291016,38.107551574706996,35.7005577087402,14.560890197753901,2.5155248641967796,24.7131786346436,14.9480133056641,-15.989744186401401,-20.1678409576416,-20.3569316864014,10.759683609008801,22.6750049591064,24.743404388427702,3.29936599731445,13.286014556884801,4.82929229736328,10.1171455383301,0.559299468994141,-22.755733489990202,-21.5173187255859,-23.2331619262695,-17.88720703125,6.453582763671879,13.132467269897498,-7.36293601989746,13.355104446411099,7.155389785766599,-27.496166229248,-13.8806419372559,12.2593650817871
sub-0128,ses-03,run-05,vicarious,MT,3,cueL_stimH,13.1445417404175,21.460275650024396,6.0519437789917,-6.7942419052124,-20.719623565673803,18.1559085845947,0.5591716766357421,15.428341865539599,16.9555625915527,46.116912841796896,47.081748962402294,44.493446350097706,64.3859786987305,62.1543464660645,58.2833862304688,58.3540191650391,39.546802520752,32.199142456054695,24.3789501190186,6.39063835144043,6.60792350769043,13.318382263183599,10.6132659912109,17.547784805297898,-2.4920883178710898,6.83026123046875,-4.4007396697998,2.5880584716796897,-10.4342994689941,6.62112045288086,-27.8738498687744,-29.053783416748,-56.6619529724121,-32.603958129882805,-39.7002105712891,-22.7519912719727,4.9447021484375,15.285308837890598,2.5242462158203103,13.369964599609402,16.5270919799805,-9.20547676086426
sub-0128,ses-03,run-05,vicarious,MT,3,cueH_stimM,-16.548023223877,0.5299701690673829,9.83151340484619,-13.158808708190902,-18.5742092132568,-16.302686691284197,4.647785663604741,23.4404354095459,35.7894058227539,33.8890914916992,38.7089691162109,62.7275276184082,28.851869583129897,55.4887924194336,53.362945556640604,70.7544860839844,44.692653656005895,33.173553466796896,-23.362604141235398,4.24911880493164,-24.1852912902832,1.93058776855469,-13.5441608428955,-22.095867156982397,-2.2939815521240203,8.28407096862793,20.896419525146502,34.904586791992195,-8.84038734436035,7.850555419921879,5.70015907287598,-16.3608074188232,-5.00591659545898,-10.0438766479492,13.194437026977502,0.41802978515625,4.11370849609375,-18.970630645752,-27.3389911651611,-0.44102096557617204,-38.3772087097168,-2.7182159423828103
sub-0128,ses-03,run-05,vicarious,MT,3,cueL_stimM,9.07713317871094,16.581153869628903,9.04542446136475,-2.5803165435791002,1.15623426437378,16.5651779174805,18.6807079315186,35.682487487793004,39.613533020019496,57.7969360351562,51.3937873840332,49.1165924072266,66.4141464233398,54.0158882141113,63.6318511962891,54.8183441162109,42.3227119445801,38.4557876586914,45.03788757324221,18.9860000610352,-0.643428802490234,7.45491790771484,-8.93630790710449,11.307316780090302,6.8133029937744105,-1.5640373229980502,-17.153760910034197,11.199474334716802,33.292083740234396,12.9382781982422,-0.41590499877929704,-15.9773101806641,0.0943050384521484,-9.19182968139648,-26.892728805542003,-6.2260017395019505,-11.8411102294922,-10.504646301269501,-6.314239501953121,-7.34870147705078,1.837158203125,24.782882690429698
sub-0128,ses-03,run-05,vicarious,MT,3,cueH_stimL,18.229049682617198,18.738910675048803,27.82932472229,40.6481056213379,27.4550476074219,38.296844482421896,23.746696472168,8.59342193603516,32.7863082885742,33.5462799072266,32.542293548584,25.865297317504897,52.5640640258789,55.6779594421387,59.9133224487305,57.7446632385254,31.1571865081787,46.772125244140604,38.694751739502,12.411878585815401,20.3542919158936,-1.584228515625,1.37939453125,-8.72936248779297,-15.016599655151401,-7.40529441833496,7.38901710510254,1.5888595581054699,13.9751453399658,16.7616004943848,19.3969421386719,28.6062316894531,33.738414764404304,15.843647003173801,-6.08871841430664,-5.31334686279297,3.4075775146484397,15.976306915283198,6.03779792785645,-8.841856002807619,2.0815229415893604,11.591489791870101
sub-0128,ses-03,run-05,vicarious,MT,3,cueL_stimL,3.3389129638671897,4.44599914550781,7.54623794555664,-21.362613677978498,-3.65771484375,38.2479858398438,18.290941238403303,18.0707473754883,52.8508415222168,29.493589401245103,31.985549926757802,48.677791595459006,51.89653015136721,42.177341461181605,37.4023017883301,33.675567626953104,28.9601097106934,50.1713714599609,13.221886634826697,19.518928527832,16.1048889160156,-12.626094818115199,-33.173610687255895,27.5319938659668,-2.7343921661377,-25.0237979888916,-26.082523345947298,-17.7467288970947,5.07151985168457,5.20952606201172,-4.60993957519531,30.8578605651855,21.8307666778564,-4.2047233581542995,32.337310791015604,4.485082626342769,-15.018207550048801,4.06718444824219,6.872650146484379,4.52915954589844,-4.16069030761719,-4.54206085205078
sub-0128,ses-03,run-05,vicarious,MT,3,rating,3.88750076293945,4.99461936950684,8.13868045806885,10.168720245361301,0.20379137992858898,5.96750545501709,7.91465759277344,18.7261238098145,22.4591407775879,33.606990814209,48.674686431884794,46.3434181213379,36.7530632019043,33.2088241577148,17.2605361938477,7.301422119140621,0.7293472290039059,-0.483673095703125,0.467899322509766,-2.18574333190918,-1.7656364440918002,6.32280778884888,7.845636367797849,8.15214157104492,10.022277832031198,15.478778839111301,14.027444839477502,9.53206634521484,5.86886215209961,3.58893084526062,6.79914951324463,-3.21092414855957,-1.91696882247925,-13.0194807052612,-4.4787702560424805,2.525954246521,7.744318008422849,3.00113582611084,4.12280941009521,13.624884605407699,4.0707836151123,11.318666458129899
sub-0128,ses-03,run-05,vicarious,MT,3,cue,-7.57797813415527,8.07448196411133,11.9182586669922,6.215373992919919,14.2497711181641,18.534622192382802,13.2910575866699,10.6651039123535,17.565773010253903,-4.82088851928711,0.450960159301758,-8.174892425537111,-4.89211845397949,6.85987663269043,3.6108245849609397,-7.38136291503906,-14.040275573730499,-12.2999610900879,-4.742942810058589,-0.4261474609375,6.471099853515621,16.1946716308594,6.35505676269531,10.2942581176758,-1.5877571105956998,13.8335227966309,6.059698104858401,4.37960147857666,-14.754789352417,-15.177783966064501,-14.9828481674194,-18.9947891235352,-7.04320526123047,-7.07112121582031,-8.54349899291992,-0.483123779296875,-5.13924789428711,8.38269424438477,-2.0431575775146498,9.52078723907471,5.66479587554932,2.6683979034423797
sub-0128,ses-03,run-05,vicarious,MT,4,cueH_stimH,-3.7050991058349596,0.47266721725463895,17.5170402526855,5.523517608642581,-24.1137580871582,-29.246919631957997,3.10933303833008,6.007512092590329,1.8421249389648402,52.1011428833008,19.8950424194336,64.8369293212891,55.875160217285206,29.6054363250732,37.512687683105504,13.597469329834,12.598332405090302,-0.36107826232910206,14.2981834411621,10.119213104248,3.7941436767578103,-38.224250793456996,-36.2475929260254,-31.8202304840088,-14.2590847015381,-10.8747844696045,-28.1105804443359,-5.11062240600586,-0.644390106201172,-16.9958801269531,-45.3232917785645,-21.520690917968803,-32.938796997070305,-24.248352050781197,-21.658977508544897,-4.43261241912842,-2.8317203521728502,6.833856582641599,19.0471572875977,-1.56109809875488,-6.00487279891968,4.67303466796875
sub-0128,ses-03,run-05,vicarious,MT,4,cueL_stimH,-12.9236526489258,-15.994239807128901,-39.962211608886705,-32.282829284668004,-12.8577117919922,-35.271324157714794,-17.2103881835938,-0.321060180664062,15.3697242736816,7.486446380615231,14.531596183776902,45.3239631652832,48.0485763549805,45.87068176269529,43.7835922241211,60.9686965942383,56.845130920410206,51.3931732177734,51.7093353271484,41.88037109375,33.041717529296896,12.581188201904302,3.23241424560547,6.44484519958496,-2.05329704284668,-8.97672653198242,-27.7495956420898,-41.796291351318395,-27.1071510314941,-25.740909576416,-15.425149917602502,-18.011604309082,-32.5521011352539,-38.848640441894496,-13.7912445068359,-18.0287246704102,-19.9687805175781,-2.6324234008789102,-12.3363189697266,-9.47029876708984,17.6801605224609,16.3638210296631
sub-0128,ses-03,run-05,vicarious,MT,4,cueH_stimM,-13.935665130615199,-5.798870086669919,1.4786496162414597,17.691339492797898,-3.18779444694519,2.85600137710571,19.966350555419897,5.22439098358154,-5.68213129043579,40.2759780883789,5.32973718643188,69.89163208007811,45.1866035461426,41.7666625976562,56.7767486572266,50.63191223144529,67.73044586181639,41.272274017334,45.5283317565918,7.0156364440917995,36.666259765625,3.2997932434082,-19.1908779144287,-18.057710647583,-39.6872062683105,-22.795888900756804,-13.8455104827881,-24.0015430450439,-12.010484695434599,-23.673273086547898,37.961032867431605,-1.38595008850098,16.277166366577102,-16.4960899353027,-20.989244461059602,11.6479644775391,-0.547737121582031,9.45703887939453,3.18767547607422,11.7785911560059,3.5991420745849596,-22.360797882080103
sub-0128,ses-03,run-05,vicarious,MT,4,cueL_stimM,-11.786888122558599,6.4314460754394505,19.7117652893066,-4.225703716278081,5.44452333450317,-27.254713058471697,-40.574920654296896,4.6195182800292995,-12.575434684753402,38.22556686401371,32.1192970275879,23.6840801239014,40.9334754943848,66.4627304077148,66.49362945556639,77.5475540161133,78.0417022705078,66.477897644043,74.0434341430664,44.995399475097706,-1.85879993438721,4.17189025878906,-39.154613494873,-59.843620300293,-41.943023681640604,-21.1258430480957,-32.0577621459961,-3.32917022705078,-8.87845039367676,-17.8858814239502,4.919519424438481,-23.4607620239258,-35.5756225585938,-9.64542388916016,-27.8563613891602,-12.7897262573242,-30.7582702636719,5.85300445556641,-6.65790557861328,2.60580444335938,-7.805755615234379,-16.1748962402344
sub-0128,ses-03,run-05,vicarious,MT,4,cueH_stimL,9.16735935211182,-7.10819911956787,3.3128080368042006,-8.80598545074463,9.61081504821777,2.30814933776855,5.01698112487793,-18.1115741729736,4.65809059143066,22.1793327331543,5.25250577926636,22.7818431854248,30.849178314209,37.0094451904297,31.772682189941396,52.41242980957029,38.729988098144496,40.8973159790039,43.85612487792971,39.838592529296896,16.0300807952881,-13.4914894104004,14.819896697997999,-37.6315040588379,-27.2979736328125,-38.2322120666504,-35.202308654785206,-25.8075466156006,-0.8633098602294921,-26.8869476318359,-22.1501407623291,-4.929113388061519,-19.7504501342773,-17.669319152832,-3.68592071533203,-11.6322021484375,-15.0136871337891,-22.3039054870605,-0.573880195617676,-23.331598281860398,-15.860812187194801,15.8697052001953
sub-0128,ses-03,run-05,vicarious,MT,4,cueL_stimL,-63.5145874023438,-10.1055145263672,-20.241397857665998,-4.908470153808589,-14.2869091033936,-3.3320703506469704,-17.833065032959002,-1.0399599075317398,18.4231910705566,35.2182273864746,41.75587844848629,53.816162109375,72.8777694702148,49.1723098754883,56.8603286743164,39.660926818847706,32.0612144470215,20.1298656463623,23.2623100280762,18.7539310455322,5.36473083496094,-6.17380714416504,-11.260936737060499,-25.0617752075195,-9.111368179321289,-30.861026763916,-45.84211730957029,-36.766792297363295,-16.5783557891846,-33.8330459594727,-10.2913055419922,-33.9764556884766,-27.0331649780273,4.39885902404785,-8.71933746337891,-4.31591033935547,-24.333812713623,-21.0122299194336,2.37908172607422,-21.928894042968803,-10.6499786376953,21.1888732910156
sub-0128,ses-03,run-05,vicarious,MT,4,rating,5.72468376159668,-3.67526245117188,-3.05954551696777,4.9314279556274405,-2.99732899665833,-0.7953567504882809,0.320507049560547,-0.27442288398742704,-0.44971996545791604,8.40483283996582,17.099981307983402,14.413167953491199,15.7282371520996,16.8624877929688,9.23908233642578,5.363006591796879,-1.5261154174804699,-4.92494201660156,-9.20805740356445,-18.2912368774414,-18.158031463623,-2.11276483535767,-8.84195518493652,-5.60955047607422,-4.71635246276855,0.39975833892822293,1.3404130935668899,-3.8731458187103303,-3.18913841247559,-3.8764491081237797,-10.5154123306274,-11.9519453048706,0.34885740280151395,1.16794586181641,-1.36096668243408,12.2937984466553,-2.2833709716796897,-2.9735736846923797,1.1290168762207,4.7191476821899405,10.5714225769043,5.867938995361331
sub-0128,ses-03,run-05,vicarious,MT,4,cue,-6.6782321929931605,-13.3745975494385,-1.31492614746094,-14.636486053466802,-5.37572479248047,-3.22718048095703,-7.689849853515621,-12.194393157959,-4.25303268432617,-7.8198757171630895,-14.5153713226318,-11.7352733612061,-8.459789276123049,-3.68798828125,-1.6765861511230502,-9.04912948608398,-5.995586395263669,-11.883037567138699,-4.449974060058589,-5.38005065917969,-9.49501037597656,-8.20631408691406,-3.62661743164062,-7.51097106933594,-11.524818420410199,2.9415321350097696,-2.4383716583252,0.653298377990723,-5.450180530548099,1.96252870559692,-18.2418651580811,-16.180400848388697,-16.320745468139602,-8.75800323486328,-2.09766006469727,-3.62509727478027,-4.57627010345459,-10.491203308105499,-12.8079471588135,-24.0333251953125,-14.2213134765625,-8.24613189697266
sub-0128,ses-03,run-05,vicarious,MT,45,cueH_stimH,4.33230257034302,-26.338092803955103,6.411389827728269,-3.67660903930664,16.3099632263184,10.7219552993774,40.1518096923828,19.4099731445312,17.7338581085205,50.35380554199221,32.369758605956996,39.975860595703104,40.210968017578104,53.698524475097706,35.4860954284668,44.90010070800779,13.019142150878901,14.261024475097699,-3.61531448364258,-25.3238544464111,-24.250623703002898,-26.8815765380859,-22.551279067993196,-21.4262104034424,-9.40068435668945,13.1290969848633,1.1428108215332,11.4237403869629,-5.61093902587891,1.97731018066406,-24.0562210083008,-28.847003936767603,-22.8204193115234,-19.4685211181641,3.7394027709960898,20.919002532959002,11.6365509033203,5.39787101745605,-0.0402822494506836,7.06278991699219,-7.75714635848999,-6.971893310546879
sub-0128,ses-03,run-05,vicarious,MT,45,cueL_stimH,-8.16996765136719,0.728458404541016,-0.49958658218383795,19.2367935180664,-0.283448219299316,14.9669809341431,5.56986427307129,23.835819244384798,24.842348098754897,29.999155044555696,30.2483100891113,42.1210823059082,45.2268409729004,40.0247802734375,49.248138427734396,60.5686721801758,48.719032287597706,25.2089004516602,11.859657287597699,12.013954162597699,0.7666549682617191,-4.84179306030273,-3.08142852783203,0.0233707427978516,-12.924564361572301,-16.7990379333496,-22.246868133544897,-10.1498050689697,-10.7145519256592,-27.028621673584,-16.820533752441403,-26.809072494506804,-12.4939727783203,-17.343797683715803,-35.003372192382805,-20.332839965820302,-4.113006591796879,5.189849853515621,19.2785949707031,14.442665100097699,28.7379722595215,21.963472366332997
sub-0128,ses-03,run-05,vicarious,MT,45,cueH_stimM,-0.445858001708984,-2.3651371002197297,-9.011186599731449,-9.18574333190918,-15.4627628326416,-3.3656229972839395,9.677435874938961,19.092752456665,18.248027801513697,35.6227607727051,27.1280841827393,47.1516723632812,37.508750915527294,53.1525764465332,54.056301116943395,37.60976028442379,34.4941558837891,14.438697814941401,12.6975002288818,-14.710558891296401,-22.7957191467285,-27.325624465942397,-23.2099666595459,-24.812992095947298,-16.4625453948975,-23.5947284698486,5.19538688659668,8.71125030517578,16.0642070770264,9.60819244384766,12.948568344116199,6.504156112670901,12.3040075302124,-10.1489105224609,-1.39452934265137,-13.4105682373047,-9.20365905761719,-7.578998565673831,-16.8716888427734,-2.47270393371582,-18.1379661560059,-12.7248268127441
sub-0128,ses-03,run-05,vicarious,MT,45,cueL_stimM,27.371414184570302,12.9694976806641,43.163455963134794,28.7509765625,11.1118907928467,13.703369140625,14.9271678924561,32.202205657959,23.380187988281197,37.4556999206543,41.5207672119141,42.8926124572754,72.8617172241211,46.869571685790994,46.017204284668,41.7287445068359,37.0010528564453,23.860670089721697,12.618516921997099,9.8271369934082,-19.5451984405518,-17.0275917053223,-11.9283390045166,-19.379343032836896,-25.242435455322298,-17.725414276123,-27.1130180358887,-7.01530265808105,-7.5315647125244105,-14.0830345153809,-2.50084114074707,-12.690975189209,-16.474195480346697,-1.6067390441894498,-28.6360378265381,-22.0506782531738,-27.1905670166016,-37.2238006591797,-24.490646362304698,-26.845237731933604,-6.15325927734375,-1.5037918090820301
sub-0128,ses-03,run-05,vicarious,MT,45,cueH_stimL,8.11316394805908,19.526508331298803,25.1681346893311,24.5600051879883,39.313991546630895,27.8877830505371,35.461677551269496,36.2150840759277,26.8578567504883,41.9994049072266,42.1428108215332,41.7747459411621,54.550163269043,50.4826431274414,38.8894386291504,53.000335693359396,39.259063720703104,30.812311172485398,10.1294479370117,-3.16620635986328,-10.6422805786133,-17.732013702392603,-0.815277099609375,-7.5299186706542995,0.16963005065918,-14.3803806304932,-9.796998977661131,-15.182910919189501,-12.4841842651367,-0.538341522216797,-3.49105453491211,6.785648345947269,5.30167770385742,6.25688171386719,1.10953521728516,3.9829254150390603,-12.5304107666016,-0.451145172119141,0.7769069671630859,20.4742450714111,12.539405822753901,16.366596221923803
sub-0128,ses-03,run-05,vicarious,MT,45,cueL_stimL,20.279708862304698,10.2652435302734,5.541423797607419,3.3147125244140603,3.34152603149414,1.8972969055175801,9.22684478759766,16.6507186889648,44.0851898193359,37.244194030761705,44.4251823425293,53.219635009765604,43.1769828796387,51.4803619384766,51.267578125,42.9500503540039,41.489997863769496,31.6593704223633,17.696710586547898,14.8630523681641,-6.72763538360596,-13.143030166626,-26.8945255279541,-31.599239349365202,-26.224843978881804,-24.698183059692397,-13.018360137939501,-12.5628242492676,9.77753448486328,14.3869113922119,15.2680492401123,12.5200939178467,6.36735534667969,23.5724067687988,3.47144317626953,6.620624542236331,15.287097930908198,-6.33599090576172,5.443817138671879,4.06111145019531,9.65226745605469,13.275993347167999
sub-0128,ses-03,run-05,vicarious,MT,45,rating,7.403533935546879,8.0590991973877,6.682101249694821,11.8392009735107,8.17849159240723,11.8844947814941,12.243213653564501,12.985231399536099,22.3602733612061,21.4224910736084,30.022785186767603,24.2405624389648,29.0025749206543,29.480094909668,22.882301330566396,13.477447509765598,2.49810028076172,-4.83734130859375,-1.6171569824218797,-3.8986530303955096,-7.74792575836182,-0.843252658843994,3.04032611846924,1.7754197120666497,-0.20311355590820301,2.97530841827393,8.8129301071167,6.48209667205811,6.9950447082519505,1.85803604125977,-1.67012977600098,-8.49030303955078,-11.2748355865479,-7.16885948181152,-15.4410839080811,-4.97366142272949,-10.9385452270508,-1.44496726989746,-1.86193943023682,4.002342224121089,-5.64219617843628,6.44596862792969
sub-0128,ses-03,run-05,vicarious,MT,45,cue,2.36583137512207,-3.82753944396973,3.67908477783203,-1.50210952758789,-4.969627380371089,4.26970672607422,6.50684356689453,3.14611053466797,-1.6219387054443402,0.794068336486816,-5.090096473693849,-3.5545368194580096,-6.0139484405517605,-6.5591945648193395,-4.77441215515137,-6.52607917785645,-7.194427490234379,-8.02539825439453,-2.4996795654296897,-4.80555725097656,2.7406768798828103,15.2080688476562,7.066009521484379,7.79373931884766,2.79351806640625,8.02168273925781,3.1168670654296897,6.35519981384277,-0.0850176811218262,-3.14594292640686,-4.06425476074219,-4.771453857421879,-12.0396900177002,-10.0539512634277,-10.7389869689941,-7.3064479827880895,1.39708137512207,9.717729568481449,9.34796714782715,7.91567611694336,8.03598690032959,6.62104082107544
sub-0128,ses-03,run-05,vicarious,MT,46,cueH_stimH,12.5246257781982,17.2077484130859,14.872830390930199,9.55129528045654,11.001832962036099,6.0658864974975595,2.80642795562744,2.1069755554199197,8.09818077087402,0.646942138671875,6.79158687591553,7.2335515022277805,10.5593681335449,3.6159095764160196,-3.4849681854248,-1.85529899597168,-9.5276517868042,-4.54597282409668,-1.23996734619141,-21.5843715667725,-2.36776733398438,-19.0468158721924,-1.19726753234863,-3.9875030517578103,3.67657470703125,-9.50876617431641,-8.470493316650389,-12.596546173095698,-4.33845901489258,-14.818244934082001,-21.3167114257812,-29.5352096557617,-11.5463180541992,-6.99519348144531,7.62754821777344,0.680150032043457,-3.0549259185791002,-5.54604721069336,11.3204498291016,5.03524398803711,17.5192756652832,10.3133201599121
sub-0128,ses-03,run-05,vicarious,MT,46,cueL_stimH,-14.370324134826697,-28.063499450683604,-28.7502040863037,-13.368183135986301,-0.943286895751953,-7.52203369140625,1.94700813293457,9.31460857391357,13.1333351135254,1.45088005065918,6.53298187255859,8.779417037963869,20.5432224273682,25.064884185791,22.413610458374,31.0176486968994,18.2086067199707,33.222583770752,13.0223731994629,5.45646095275879,16.5404396057129,21.012130737304698,26.8881721496582,19.9876441955566,4.40992164611816,0.593132019042969,-8.47536659240723,-17.880788803100604,-24.6165714263916,-31.668809890747102,-14.219606399536099,-16.7364177703857,-0.7564239501953121,-5.350921630859379,-11.849220275878901,-2.15016937255859,-11.7993774414062,-8.75679016113281,-3.7982025146484397,15.9877243041992,18.2444076538086,3.48635482788086
sub-0128,ses-03,run-05,vicarious,MT,46,cueH_stimM,2.9345417022705096,9.68550968170166,-1.5674948692321797,2.12989616394043,0.6315326690673829,-5.869216442108151,7.36940240859985,5.5221233367919895,5.9426555633544895,3.89719343185425,4.9757390022277805,13.2621002197266,6.338915824890139,8.02370262145996,16.6745319366455,8.82121658325195,20.4213600158691,9.32107543945312,2.8565902709960898,-1.2230844497680702,-3.9392910003662096,-6.590946197509769,10.0169544219971,2.46763801574707,9.27827835083008,-7.27302360534668,-12.132936477661099,-2.2786636352539102,-12.6354103088379,-1.97358512878418,0.0452651977539062,-1.9318752288818402,10.1230840682983,2.7442741394043,19.5519104003906,0.248016357421875,-1.13166809082031,-11.123260498046902,-18.022310256958,0.0586929321289062,-15.0441036224365,-6.28111457824707
sub-0128,ses-03,run-05,vicarious,MT,46,cueL_stimM,3.8781585693359397,2.21109199523926,-9.30958366394043,-20.482408523559602,-12.738823890686,-25.9555931091309,-2.3050541877746604,-5.2701559066772505,8.7054615020752,19.0707225799561,18.657995223999,20.8453216552734,28.0282135009766,20.8270645141602,26.6862907409668,28.057558059692397,25.869176864624,14.4494686126709,17.555130004882802,16.5053462982178,4.37516498565674,3.54508018493652,-7.794132232666019,-1.3441057205200202,-17.498390197753903,-8.163730621337889,-10.600568771362301,-13.308574676513699,-18.506139755249,-8.01473999023438,7.23271942138672,-7.95473480224609,-8.88261604309082,-16.8809814453125,6.16690826416016,-1.4333190917968797,-13.086181640625,-6.94007873535156,-7.03815460205078,3.2338409423828103,1.2216796875,7.97449493408203
sub-0128,ses-03,run-05,vicarious,MT,46,cueH_stimL,-5.999554634094241,-5.35238933563232,8.70938301086426,20.112773895263697,15.4311046600342,14.9706382751465,16.343185424804698,16.8316745758057,15.493471145629899,12.7550210952759,15.060333251953098,7.84283447265625,13.1141366958618,7.333124160766599,14.6469821929932,14.062992095947301,7.49539756774902,9.77202796936035,-0.946516036987305,15.0008888244629,11.7728614807129,12.529685974121099,11.658561706542999,8.031398773193361,-11.380287170410199,-5.69262886047363,-14.4911346435547,-21.0940570831299,-24.007301330566396,-17.4558448791504,-10.3247203826904,-0.66937255859375,-4.6539421081542995,-7.05339050292969,7.034786224365231,-2.4521255493164102,-11.597381591796902,3.0038414001464804,16.6519870758057,12.3708763122559,23.3276805877686,21.554677963256804
sub-0128,ses-03,run-05,vicarious,MT,46,cueL_stimL,13.1292877197266,7.264835357666019,-4.86017608642578,-3.49721145629883,-8.5561695098877,-11.502315521240199,-3.35875606536865,-0.989920616149902,6.875019073486331,7.29881381988525,6.23246145248413,13.409898757934599,14.2384185791016,10.060452461242699,6.10008335113525,1.42184925079346,16.613641738891598,-1.76089000701904,15.321546554565401,4.3925895690917995,0.0165004730224609,-0.433529853820801,-3.1241664886474596,-9.93113708496094,1.19418907165527,-0.0165061950683594,-3.34909439086914,-13.9643707275391,-11.8160457611084,-21.8030796051025,-11.555835723877001,-16.677267074585,-13.6894359588623,1.9849319458007801,3.7472076416015603,0.131118774414062,2.07109451293945,6.87601089477539,10.6149215698242,-2.2936859130859397,13.956817626953098,7.24835205078125
sub-0128,ses-03,run-05,vicarious,MT,46,rating,-0.748317718505859,0.36744499206542997,-2.82227182388306,3.1152796745300297,-0.0171830654144287,7.5971994400024405,8.246349334716799,9.98025321960449,11.456974029541,7.56904411315918,9.23164367675781,9.19087600708008,7.51743316650391,1.31101989746094,2.5708160400390603,-1.95391845703125,-2.5407257080078103,-2.49913787841797,0.641925811767578,-5.75190925598145,-4.4497709274292,-3.39242076873779,-4.33203220367432,-6.7458615303039595,-5.80310344696045,-6.85176753997803,-10.860722541809098,-8.68623447418213,-4.17383098602295,-5.0836296081542995,-5.6261157989502,-4.87878131866455,-6.4288763999939,-9.29808235168457,-1.18979167938232,0.525005340576172,-0.309970855712891,3.4784984588623,1.6054849624633798,3.78252506256104,1.0180766582489,-0.895685195922852
sub-0128,ses-03,run-05,vicarious,MT,46,cue,-2.85513877868652,-6.60740852355957,-9.10400390625,-5.14743423461914,-5.03655242919922,0.516426086425781,5.368938446044919,3.3568687438964804,3.43314170837402,-3.90402317047119,2.8478775024414102,-7.0208568572998,-3.4278411865234397,-2.12038803100586,-6.80377960205078,-5.07298278808594,-5.89409637451172,-5.66656494140625,-5.00016784667969,-11.363922119140598,-2.53005981445312,0.0039825439453125,-6.15327453613281,-1.2844314575195301,1.5467529296875,1.9317817687988301,3.5850868225097696,7.6414890289306605,9.25862503051758,6.43912410736084,4.30515480041504,2.56945037841797,5.3611011505127,1.83415412902832,9.88490104675293,6.33063507080078,6.21531677246094,8.95437240600586,4.1110525131225595,0.146805763244629,-1.11626577377319,2.00238561630249
sub-0128,ses-03,run-06,pain,MT,3,cueH_stimH,35.1977424621582,26.0767822265625,26.3167362213135,-1.39624404907227,9.18356132507324,28.0029182434082,-5.86840629577637,-6.52939891815186,8.50260162353516,-32.2295265197754,15.6299695968628,17.2497406005859,18.609876632690398,-3.03073787689209,-5.7135906219482395,9.74716186523438,-21.4354572296143,-9.14676666259766,-27.0669631958008,-2.9594144821167006,-9.81680679321289,2.5487232208252,17.3825073242188,21.2260475158691,-7.01334953308105,18.851125717163104,-2.8232383728027304,7.931819915771481,-16.4417896270752,-19.250087738037102,-0.474515914916992,10.7458915710449,29.036958694457997,22.1111755371094,4.48487091064453,6.278778076171879,-14.8588714599609,-5.087646484375,-17.4167404174805,12.0524635314941,-3.4918088912963903,-1.63430404663086
sub-0128,ses-03,run-06,pain,MT,3,cueL_stimH,-12.200366973877001,-7.83943939208984,9.2765998840332,14.8128318786621,20.113544464111303,10.3694677352905,15.2111988067627,4.58414936065674,26.5155334472656,12.0978202819824,-6.10976219177246,-1.5469388961791999,-0.839397430419922,-37.557456970214794,13.4649181365967,4.399222373962401,2.19812393188477,-0.0312738418579102,8.99138450622559,10.3178749084473,-4.80699348449707,-16.6810913085938,-0.338863372802734,21.211969375610398,-11.719373703002901,-28.56591796875,-19.2135162353516,3.07243537902832,-3.0014495849609397,6.50454139709473,17.819408416748,-17.6174087524414,-28.628963470459,9.68100738525391,-22.6726188659668,-9.90571212768555,19.741741180419897,-4.55347442626953,16.253437042236303,0.9261322021484379,-16.4367828369141,6.253803253173831
sub-0128,ses-03,run-06,pain,MT,3,cueH_stimM,7.29405212402344,15.501598358154302,19.1893672943115,26.1350803375244,46.306125640869105,6.24057960510254,30.5957431793213,43.681224822998,37.76171875,36.9009246826172,3.02111053466797,15.310405731201199,-4.76972770690918,-16.290626525878903,9.54475688934326,-5.694491386413571,-19.8456649780273,6.31121921539307,10.0010566711426,22.1539001464844,26.684612274169897,52.146728515625,4.4139518737792995,7.37368392944336,18.755447387695302,31.899427413940398,26.7655296325684,18.8792495727539,0.0803375244140625,-7.5167961120605495,14.458015441894501,14.139051437377901,2.8569793701171897,30.7489280700684,27.4155006408691,3.09974098205566,17.0265426635742,2.7594757080078103,15.9013996124268,20.0406131744385,32.421905517578104,28.6283302307129
sub-0128,ses-03,run-06,pain,MT,3,cueL_stimM,22.8384284973145,8.447265625,10.381797790527301,-25.8673305511475,19.038818359375,-12.5919704437256,4.58512592315674,-37.726860046386705,12.9651927947998,2.06119537353516,-4.156272888183589,15.756386756897,22.5373363494873,-3.7978401184082,-9.054426193237301,-9.38768768310547,6.57317352294922,27.489128112793,13.4195899963379,7.57608413696289,-3.4183731079101602,0.8663558959960941,-8.06504058837891,-0.301124572753906,4.50333023071289,15.621121406555199,-17.554801940918,-2.27574348449707,-0.5073604583740229,0.829174041748047,-25.615333557128896,-2.2225589752197297,9.05075836181641,-24.3214836120605,5.8723030090332005,9.29818725585938,-15.396568298339801,7.3492317199707005,5.60038757324219,-11.797615051269501,23.0022373199463,28.340946197509798
sub-0128,ses-03,run-06,pain,MT,3,cueH_stimL,12.6735734939575,15.7874908447266,31.2745685577393,8.08878707885742,-4.8645334243774405,-24.902315139770497,8.417445182800291,24.207458496093803,20.8534851074219,7.807415008544919,15.4053506851196,7.04574966430664,19.134380340576197,-18.4489727020264,-11.6118583679199,3.60980987548828,-7.52045440673828,-27.803480148315398,-14.3605194091797,11.155702590942399,9.55279922485352,6.04458045959473,-8.53141021728516,-1.5199785232543899,13.276365280151401,-15.9604053497314,-21.679716110229503,-11.8934230804443,-14.037025451660199,0.951757431030273,-5.017847061157231,-7.623052597045901,4.1342048645019505,-22.5849800109863,-30.682987213134798,-9.69465255737305,-11.7234439849854,-32.576263427734396,-23.74462890625,-30.461345672607397,-6.30452728271484,-19.2112655639648
sub-0128,ses-03,run-06,pain,MT,3,cueL_stimL,-21.547248840332,46.04814147949221,12.9977226257324,11.466949462890598,-10.189933776855499,-7.423772811889651,-5.728167533874509,7.58906650543213,22.1025409698486,-0.846195220947266,30.804927825927702,3.48549270629883,42.6884994506836,15.3350744247437,26.285686492919897,11.6573066711426,1.67033100128174,-9.87466144561768,14.7538280487061,-5.360620498657231,-5.0731306076049805,14.513467788696301,3.41658401489258,-2.61064338684082,8.319568634033201,4.4190788269042995,-35.2685890197754,-6.13661193847656,-35.7310028076172,4.53552436828613,0.19073104858398396,11.651836395263699,-9.33779335021973,9.30515289306641,15.2670841217041,-0.991466522216797,9.06303024291992,-9.70276641845703,-2.5199089050293,-0.7261505126953121,-12.943206787109402,13.192256927490199
sub-0128,ses-03,run-06,pain,MT,3,rating,1.7281303405761699,12.9311180114746,6.59104824066162,3.15258240699768,1.97392463684082,4.18009567260742,7.787732124328611,5.8082275390625,22.276075363159197,21.6344528198242,21.804443359375,37.6366195678711,31.6887474060059,36.6749382019043,28.809738159179698,15.3103637695312,19.1867828369141,9.79026794433594,3.8335723876953103,14.171398162841802,8.8168888092041,9.76223564147949,12.304405212402301,15.8438205718994,10.273458480835,13.678220748901401,11.619360923767099,9.86185455322266,8.54105377197266,12.551860809326199,15.230260848999,29.4401321411133,20.2597503662109,24.5643424987793,18.8369026184082,17.823675155639602,15.037228584289599,9.511068344116211,1.15808439254761,5.420702934265139,-1.2475364208221398,-8.20713043212891
sub-0128,ses-03,run-06,pain,MT,3,cue,6.634685516357419,0.35288238525390603,3.41915893554688,6.16738128662109,4.48013687133789,-9.5620584487915,-7.75411415100098,17.597347259521502,9.62053871154785,8.774181365966799,17.1440048217773,5.12266731262207,15.8938407897949,3.1497688293457,13.098985671997099,13.711612701416,-1.6549873352050801,-2.5409317016601602,-2.2042007446289102,-1.06706237792969,-0.272289276123047,-10.3212776184082,-4.63945770263672,4.5494213104248,-0.85260009765625,-0.9602737426757809,-19.298841476440398,-15.0205774307251,-19.3205451965332,-12.732871055603,-12.3784980773926,-17.0371360778809,-4.48243999481201,-27.3564453125,-28.849830627441396,-27.101411819457997,-21.2474269866943,-30.976331710815398,-16.3975028991699,-19.570989608764602,-32.2797050476074,-34.1403579711914
sub-0128,ses-03,run-06,pain,MT,4,cueH_stimH,10.5641288757324,23.2179107666016,3.46519088745117,18.0591812133789,7.23946046829224,-5.6014719009399405,-7.21681022644043,-24.035602569580103,-20.032901763915998,-20.3190593719482,-6.31573915481567,16.1529693603516,-12.838285446167,-11.611804008483901,-39.6655693054199,-18.274831771850604,-28.483587265014602,-31.8363056182861,-41.200370788574205,-30.064674377441396,-38.0723419189453,-21.7886085510254,-36.576866149902294,-29.8045539855957,-9.31747817993164,-5.323944091796879,-11.8690128326416,-21.912887573242198,-24.1732521057129,-53.9749412536621,-21.1720561981201,-22.8233299255371,-30.8382453918457,-26.7556591033936,-22.1758003234863,-37.0493927001953,-33.725662231445305,-2.2028045654296897,-2.91200637817383,10.301097869873,-17.383712768554698,14.3107452392578
sub-0128,ses-03,run-06,pain,MT,4,cueL_stimH,13.879261016845698,11.7405548095703,5.484093189239499,6.76543474197388,6.616338729858401,-10.695463180542001,20.6246070861816,29.3783855438232,2.87509250640869,8.23340797424316,12.7938594818115,-12.2030506134033,-20.5401840209961,-10.0426235198975,-13.1265068054199,-9.77904510498047,-14.6020669937134,-8.96629905700684,-13.738319396972699,-28.313985824585,-25.1156959533691,-3.4420394897460898,-16.9681262969971,-26.189672470092802,-27.288057327270497,-0.760364532470703,-3.5695819854736297,-11.1352443695068,-19.411788940429698,-39.213077545166,-12.354087829589801,-43.9901275634766,-26.213586807251,-1.8861160278320301,-12.9667072296143,3.62856674194336,16.3867015838623,22.393184661865202,2.75127029418945,-20.5620422363281,-37.8289184570312,-16.8956260681152
sub-0128,ses-03,run-06,pain,MT,4,cueH_stimM,31.157287597656197,-2.27172565460205,20.1024551391602,13.781042098999,-0.16387128829956102,-12.8760719299316,6.23731279373169,-1.01352691650391,3.38355445861816,-18.3167495727539,-1.96393013000488,-5.0020246505737305,-0.11037254333496099,-18.7740783691406,-29.7317085266113,-14.916890144348098,-26.6357231140137,-40.8295669555664,-21.2407379150391,-17.608821868896502,-20.659221649169897,-11.618711471557601,-22.0692348480225,-16.6740474700928,-24.196382522582997,-18.129684448242198,-9.39700889587402,-10.2605609893799,-3.4055061340332,8.802370071411131,-4.3383674621582005,-17.7211952209473,4.50267791748047,-8.446460723876951,-11.3557777404785,-1.9323015213012702,29.185167312622102,11.4820404052734,24.6949653625488,11.796134948730499,31.794845581054698,13.5764255523682
sub-0128,ses-03,run-06,pain,MT,4,cueL_stimM,-13.607931137084998,-47.2540473937988,1.5679636001586899,-2.69240856170654,-5.75694179534912,-1.08325386047363,-8.97496318817139,-31.4276237487793,-42.8894500732422,-23.168846130371104,-36.449821472168004,-35.6881904602051,-20.1039257049561,5.4564113616943395,-40.762542724609396,-5.9053840637207005,-39.3650665283203,-31.5798225402832,-16.283563613891598,-45.1849899291992,-32.2985229492188,-44.2196578979492,-42.394218444824205,-33.5319213867188,-25.0665264129639,-12.3576602935791,-20.9631576538086,-12.407764434814501,-26.8911781311035,-26.3772811889648,-23.2401523590088,-23.956079483032198,-27.5614070892334,-36.04710006713871,-18.503482818603498,-4.1771736145019505,-6.975982666015621,17.6234397888184,-6.71988296508789,33.692672729492195,5.579158782958981,10.3278951644897
sub-0128,ses-03,run-06,pain,MT,4,cueH_stimL,-5.225608825683589,4.01736974716187,14.318248748779302,-13.5499629974365,-6.1479320526123,-8.00352096557617,-4.84672498703003,-12.382843017578098,-6.709224700927731,-12.583578109741199,-11.4915866851807,18.3397541046143,-8.89263820648193,0.581952095031738,0.542205810546875,-3.16335582733154,-37.8285484313965,-4.68654441833496,-32.6405410766602,-13.651599884033198,-12.628257751464801,-11.328845977783198,-8.04140663146973,-15.3727321624756,-11.434671401977502,-14.390308380127001,-17.4265232086182,-34.9248275756836,-4.95952987670898,-21.960107803344698,-11.0899124145508,-36.2194023132324,-6.067020416259769,-13.7463893890381,-8.05701065063477,-27.821453094482397,-19.4656620025635,-10.0862350463867,-28.6826667785645,-20.845853805542,-11.7854175567627,-17.631069183349602
sub-0128,ses-03,run-06,pain,MT,4,cueL_stimL,-30.8125,-21.4846687316895,-20.740301132202102,-6.53575134277344,-9.87587642669678,12.8265476226807,-16.7183570861816,19.454252243042,10.2745866775513,23.848346710205103,22.5054740905762,15.100955963134801,11.6473922729492,-4.779998779296879,17.3780422210693,-4.60195446014404,-19.580978393554698,1.3283548355102501,-28.5418434143066,-35.064056396484396,-35.402091979980504,-21.925996780395497,-28.612258911132802,-32.3711624145508,-44.1947021484375,-41.97011184692379,-33.2072525024414,-31.4798278808594,-43.3564987182617,-41.3096809387207,-25.628780364990202,-28.8743076324463,-23.575830459594698,-12.340583801269501,8.88162231445312,-32.0300979614258,-31.849966049194304,-5.500431060791019,-0.331981658935547,-19.7854919433594,-15.1838226318359,-7.976165771484379
sub-0128,ses-03,run-06,pain,MT,4,rating,-10.1517744064331,-9.39312362670898,-13.606451988220199,-7.76305866241455,-0.168916702270508,-10.4516496658325,-2.6676585674285898,1.89934921264648,-3.0752408504486097,1.60525798797607,7.37939310073853,-0.6100749969482421,8.79658126831055,6.0419025421142605,6.941802978515621,4.24740409851074,-10.7233352661133,-5.30930709838867,-15.748888015747099,-12.6051959991455,-16.302074432373,-9.93298721313477,-20.320116043090803,-10.7792139053345,-12.135817527771001,-7.52179098129272,-2.4557757377624503,-6.352421760559079,-10.6043663024902,-12.205936431884801,-4.7818136215210005,-11.627484321594201,-7.95987606048584,-1.43566823005676,-0.600844383239746,-6.05692100524902,1.13692235946655,-5.303810119628911,0.618307590484619,-6.9809064865112305,-2.42678761482239,-5.20138740539551
sub-0128,ses-03,run-06,pain,MT,4,cue,1.9245185852050801,-11.055442810058599,-0.21160888671875,-1.7123336791992199,1.7896499633789098,3.54668235778809,1.0557785034179699,5.576416015625,2.6632499694824197,11.5450897216797,19.5613422393799,13.768228530883801,2.86751937866211,13.535301208496099,15.163272857666,12.539287567138699,14.0799217224121,8.10411834716797,8.22706604003906,14.4473419189453,4.74723815917969,19.0554275512695,14.1412887573242,17.136051177978498,11.6190872192383,23.8055038452148,2.62342071533203,6.705265045166019,0.673779964447021,0.6673288345336911,4.0447072982788095,-0.0619282722473145,-5.90696907043457,-0.17324399948120098,0.43824094533920294,0.11269569396972699,-4.58198738098145,0.838269710540771,1.14303779602051,-3.83436179161072,-8.85997295379639,0.442559003829956
sub-0128,ses-03,run-06,pain,MT,45,cueH_stimH,7.47174406051636,16.0122222900391,4.86419725418091,2.6088676452636697,12.4165191650391,-8.480587959289549,-11.191436767578098,-5.331260681152339,-9.23557186126709,-18.9304809570312,-10.728487968444801,3.1337261199951203,-5.56391143798828,1.3172206878662098,-2.29495429992676,11.950828552246099,0.631787300109863,5.3934440612792995,-4.71784210205078,-1.85443687438965,-7.31768035888672,-8.82718372344971,-3.86268997192383,16.8005447387695,11.4713230133057,13.1532859802246,-9.4741153717041,-11.025308609008801,-7.1913967132568395,-22.0295467376709,-10.716224670410199,3.94426155090332,-11.488241195678699,-15.5726566314697,-12.121253967285199,-17.1013145446777,-8.58432006835938,2.7397613525390603,5.29341506958008,8.08199310302734,5.5405158996582005,7.89088916778564
sub-0128,ses-03,run-06,pain,MT,45,cueL_stimH,-15.903614044189501,-11.6518707275391,-7.904101371765139,-2.74787735939026,-13.6431941986084,14.6487102508545,-4.55158805847168,7.91810846328735,21.475040435791,9.31283378601074,3.14566040039062,-2.1559038162231396,-6.95912933349609,-10.759788513183599,-6.199471950531009,0.22556114196777302,11.624053955078098,6.46150970458984,0.367252349853516,-2.94164943695068,-15.6285953521729,-4.34207344055176,-21.3853225708008,-24.218376159668,-25.8271656036377,-22.093194961547898,-16.9237232208252,-10.243877410888699,-5.6093578338623,-10.0835762023926,-5.432744979858401,2.77944374084473,-4.20468521118164,-6.6267814636230495,-4.914281845092769,3.6788330078125,17.9828414916992,7.99565124511719,-0.23652267456054699,-8.911865234375,-15.408111572265598,-10.7751731872559
sub-0128,ses-03,run-06,pain,MT,45,cueH_stimM,24.282669067382802,24.912914276123,20.700885772705103,22.436080932617198,31.099073410034197,27.2652778625488,23.6728363037109,20.5764484405518,13.447093963622999,26.169147491455103,3.24230003356934,15.320387840271001,2.72963333129883,4.78875541687012,-4.55638980865479,4.3642082214355495,-11.7471532821655,-4.89290332794189,-27.717622756957997,5.10770988464355,-9.92762565612793,-4.50359725952148,-6.3060474395752,7.81971836090088,10.0440311431885,4.21565246582031,32.5072021484375,27.183673858642603,16.956916809082,22.408750534057603,32.057205200195305,21.2295532226562,10.0549774169922,13.639852523803699,15.8028411865234,19.305894851684602,17.578079223632802,26.4151611328125,31.1493759155273,21.3170757293701,38.4197845458984,24.7554206848145
sub-0128,ses-03,run-06,pain,MT,45,cueL_stimM,5.32311248779297,-0.18836593627929699,-7.35891389846802,0.215912342071533,-1.2003908157348602,-0.0861339569091797,3.66038131713867,0.0700454711914062,-20.2752742767334,-2.36274814605713,-19.828578948974602,2.9097309112548797,-0.720575332641602,-7.41313934326172,-4.61464309692383,-13.9025211334229,-1.45929145812988,-10.230069160461401,-24.8099479675293,-8.27448463439941,-1.1959934234619098,-17.7916374206543,-3.91279029846191,-11.2300510406494,-9.10041236877441,-0.801958084106445,3.04599380493164,-8.57829856872559,-2.68913650512695,-6.470830917358401,-15.418355941772498,-14.237918853759801,-21.2053298950195,-13.3478450775146,-14.800962448120101,-0.684474945068359,13.9899291992188,4.50403594970703,12.524646759033198,11.636322021484402,23.295959472656197,1.41350936889648
sub-0128,ses-03,run-06,pain,MT,45,cueH_stimL,-11.7177324295044,-3.5658626556396498,-10.6722822189331,8.31113243103027,-18.9750118255615,-24.1463108062744,-4.783202171325679,0.566302299499512,-1.84365272521973,6.33958339691162,10.532862663269,-7.903497695922849,-24.7341709136963,-22.4486198425293,-14.515027999877901,-7.80963325500488,-34.5191497802734,-19.9571151733398,-18.0155715942383,-28.003459930419897,-6.03920936584473,-15.142427444458,1.5731487274169902,-5.6944408416748,1.52780532836914,-9.81969261169434,-3.81059646606445,-6.163702011108401,-17.205099105835,-9.36548233032227,-24.632698059082,-23.157743453979503,-20.3335552215576,-21.182559967040998,-0.7573394775390621,-5.3606681823730495,-9.84275054931641,-22.5275497436523,-8.145763397216799,-30.2387542724609,-17.615787506103498,-29.994571685791
sub-0128,ses-03,run-06,pain,MT,45,cueL_stimL,-1.4989852905273402,15.0808868408203,24.6877288818359,18.7120742797852,23.061931610107397,27.5000820159912,5.96298980712891,19.9549121856689,5.68054103851318,18.9190788269043,20.1147727966309,2.8350601196289102,10.5034523010254,-7.67528533935547,13.035120010376,7.896648406982419,6.30157566070557,-1.1217012405395501,-3.6120052337646498,-14.0448160171509,-8.30480289459229,5.40767097473145,-0.366916656494141,-4.3504638671875,-6.6132926940917995,-23.1748199462891,-7.54803371429443,-11.5410480499268,-4.54612731933594,-8.07335662841797,19.652973175048803,-1.71706199645996,-3.3338050842285196,-2.6538200378418,-11.1950130462646,2.0856952667236297,17.520866394043,3.8797454833984397,-3.74958419799805,-7.5665283203125,0.841033935546875,-4.00969696044922
sub-0128,ses-03,run-06,pain,MT,45,rating,-11.8931617736816,-7.365835666656491,-3.96169948577881,-8.14112854003906,0.313331604003906,-2.7876000404357897,1.12860763072968,5.237751483917241,10.187906265258801,19.365234375,15.9545555114746,22.689918518066396,23.707654953002898,18.931653976440398,23.045959472656197,12.3448066711426,16.487991333007802,2.6989288330078103,4.3883523941039995,1.7048416137695301,-3.1386499404907204,-3.0195631980896,3.71935677528381,5.66837549209595,9.45474720001221,6.070898532867429,9.56375122070312,6.38589954376221,0.197265625,5.5407190322876,4.26384258270264,8.48799896240234,14.624148368835401,5.16455888748169,12.2706565856934,9.24256420135498,11.7703857421875,2.67248153686523,-0.17741155624389604,-0.605828285217285,-7.032440185546879,-4.150831222534181
sub-0128,ses-03,run-06,pain,MT,45,cue,-5.40643310546875,-7.72164535522461,-3.0565414428710898,2.50919532775879,1.9910659790039098,3.8868799209594704,3.67400360107422,10.6387596130371,15.789558410644501,17.6200942993164,10.8087863922119,13.5787181854248,3.22262191772461,13.207479476928699,0.8572063446044921,12.027008056640598,-0.0151786804199219,2.00647735595703,0.152618408203125,-0.81719970703125,-9.73217010498047,-5.14830017089844,-2.4042205810546897,-5.42661476135254,-1.7018127441406203,5.845561981201169,-0.48838043212890603,-4.78098678588867,-8.24496459960938,-9.81919574737549,-14.1368989944458,-5.72204780578613,-22.1174716949463,-16.5550575256348,-22.879415512085,-21.3990440368652,-21.986251831054698,-11.3500518798828,-7.41508388519287,-16.597713470459002,-16.143085479736303,-7.908495903015139
sub-0128,ses-03,run-06,pain,MT,46,cueH_stimH,19.359054565429698,20.694625854492198,14.091634750366199,8.687389373779299,13.5265598297119,12.471456527710002,20.7303142547607,14.8131713867188,5.35499572753906,10.8038425445557,-10.259328842163098,11.3572750091553,8.59016799926758,14.268604278564501,7.081817626953121,24.282787322998,10.2269859313965,1.85188484191895,-1.96116828918457,0.40551280975341797,1.2928276062011699,-1.74291801452637,2.93650436401367,10.060826301574698,13.907073974609402,2.37812232971191,7.6673870086669895,4.75188446044922,-13.1680374145508,-7.8078498840332005,0.377370834350586,-5.07489585876465,-15.7851142883301,-8.1649169921875,-1.3786811828613301,9.88019180297852,16.3076553344727,19.554489135742198,15.605205535888699,22.1420211791992,20.3352451324463,6.17205619812012
sub-0128,ses-03,run-06,pain,MT,46,cueL_stimH,14.119861602783198,7.694793701171879,6.76123905181885,-6.72192096710205,3.4346637725830096,-7.24794626235962,-1.91737937927246,10.486780166626,5.0113992691039995,7.33467960357666,2.6560211181640603,8.88409328460693,11.7074298858643,7.567885875701901,13.9325551986694,6.88932991027832,1.6054782867431598,-8.03728771209717,-2.99525833129883,-10.201200485229501,-5.339014053344731,-1.41845321655273,4.226463317871089,7.326923370361331,-8.02378273010254,-2.05867576599121,3.65799331665039,0.32673835754394503,-14.6582374572754,-20.373094558715803,6.78061676025391,2.2783584594726602,8.482189178466799,1.58734512329102,8.54137802124023,9.84487342834473,21.092697143554698,7.7729377746582005,-2.73623275756836,-9.27347564697266,-7.35276794433594,-7.77443695068359
sub-0128,ses-03,run-06,pain,MT,46,cueH_stimM,34.9358978271484,21.9411602020264,28.5800952911377,22.120126724243196,29.497491836547898,25.8499031066895,31.4972305297852,30.2027931213379,38.5875473022461,27.6440048217773,32.560226440429695,13.459590911865199,21.4305210113525,34.6208877563477,5.27234268188477,19.0814247131348,28.1679515838623,16.3904342651367,9.04385375976562,4.6031608581542995,18.0624141693115,25.8563919067383,18.9714450836182,27.0850486755371,22.3399772644043,30.5527267456055,35.509128570556605,31.474533081054698,30.7584915161133,32.5640296936035,37.6311149597168,22.6034622192383,20.3925724029541,32.9327583312988,28.0462074279785,29.103572845459,29.805423736572298,21.2979736328125,22.0655918121338,18.5020713806152,12.0441131591797,10.731801986694302
sub-0128,ses-03,run-06,pain,MT,46,cueL_stimM,0.0478134155273438,-4.517250061035161,5.1795597076416,17.3838195800781,7.9551305770874,-2.4669246673583998,-4.38625526428223,-8.18266296386719,-26.1424751281738,-23.132247924804698,-37.4765014648438,-19.566303253173803,-16.386940002441403,-38.197826385498,-34.5932083129883,-22.012863159179698,-31.7975921630859,-20.2681884765625,-26.970712661743196,-25.512674331665,-25.769998550415,-20.944314956665,-20.932596206665,-22.026346206665,-18.951150894165,-14.733117103576697,0.458236694335938,-27.1347541809082,-13.1173572540283,-21.4756240844727,-44.0627670288086,-28.8161563873291,-28.4574279785156,-9.20034599304199,-8.78067207336426,-9.88134002685547,3.79684448242188,-5.581317901611331,7.60877227783203,3.1665496826171897,-2.03636264801025,-15.7758531570435
sub-0128,ses-03,run-06,pain,MT,46,cueH_stimL,-2.6309175491333,-10.1675682067871,14.489889144897498,9.82661437988281,20.9204216003418,-0.999334335327148,6.8172111511230495,14.1489877700806,4.4764404296875,5.08855819702148,16.9213981628418,8.74020576477051,5.20175552368164,-15.425208091735803,-5.80439949035645,-12.464374542236301,-15.676395416259801,-13.433614730834998,-18.232110977172898,-13.110004425048801,-21.6911544799805,-4.47023582458496,0.982019424438477,6.46288871765137,5.80863952636719,-6.9227180480957005,-15.262804031372099,-3.2524642944335898,-8.70156097412109,-20.536556243896502,-12.1144676208496,-18.3201580047607,1.10317802429199,-6.2936515808105495,-15.512218475341802,-10.9112205505371,1.3194007873535198,-16.8026733398438,-18.7528686523438,-20.427556991577102,-28.601993560791,-13.793384552002001
sub-0128,ses-03,run-06,pain,MT,46,cueL_stimL,-24.5172843933105,-16.386333465576197,-9.06854724884033,-12.8001861572266,-1.76009750366211,9.330709457397461,20.6190567016602,17.5925540924072,16.4949684143066,13.4422607421875,-0.23289489746093803,20.901300430297898,10.172487258911099,2.10694122314453,3.11676979064941,-4.14087867736816,-6.006362438201901,-7.97422885894775,-18.7145404815674,-14.7728538513184,-11.5044479370117,-3.5366249084472696,-6.0593986511230495,-6.80120658874512,-8.76755523681641,-9.85814476013184,-17.6064529418945,-5.22886848449707,-19.2184791564941,-6.41148567199707,7.612457275390621,-5.184471130371089,-4.9332160949707005,13.323341369628901,0.273653030395508,24.9524784088135,5.81193542480469,8.500415802001951,-6.31759262084961,9.29940032958984,7.47296142578125,-6.783507823944089
sub-0128,ses-03,run-06,pain,MT,46,rating,-8.01580810546875,-2.06510353088379,0.9403705596923829,-4.27928018569946,0.537578582763672,-0.211511015892029,-1.2254334688186599,-1.8042716979980502,-1.06009411811829,-1.84430027008057,-3.2164521217346205,-2.50507736206055,-3.8963470458984397,-7.522979736328121,-5.583953857421879,-8.58950805664062,-7.482891082763669,-6.61292266845703,-5.53643798828125,-6.1687946319580105,-8.874494552612301,-0.270824432373047,-5.00546646118164,0.947281777858734,-2.98037195205688,-2.3683228492736803,0.575793266296387,-2.2687373161315896,-8.19020462036133,-8.396389007568361,-7.42453670501709,-5.66030645370483,-4.6780538558960005,-5.81832361221313,1.18613243103027,-3.1092205047607404,0.149855852127075,0.25619220733642606,1.37558794021606,-5.90929985046387,-7.765262603759769,-9.10299587249756
sub-0128,ses-03,run-06,pain,MT,46,cue,2.32186889648438,2.7436141967773398,5.86141586303711,11.930057525634801,13.4153175354004,10.3772287368774,8.86108779907227,13.2787017822266,13.0737838745117,13.201557159423801,20.5704498291016,22.572017669677702,15.076038360595698,12.043050765991199,15.229480743408198,13.7245025634766,16.1653099060059,15.4601364135742,14.832969665527301,17.9900970458984,21.1542739868164,28.2663383483887,20.2763671875,23.6921501159668,19.947185516357397,20.8993301391602,14.7703285217285,16.5937004089355,2.8521156311035196,-3.08814811706543,-11.8391618728638,-10.6652374267578,-17.4705848693848,-11.0580739974976,-0.611638784408569,2.98403644561768,-10.6954212188721,1.42975234985352,3.3077592849731405,6.00943946838379,-6.97746133804321,-10.208127975463901
