sub	ses	runtype	roi	tr_0	tr_1	tr_2	tr_3	tr_4	tr_5	tr_6	tr_7	tr_8	tr_9	tr_10	tr_11	tr_12	tr_13	tr_14	tr_15	tr_16	tr_17	tr_18	tr_19
sub-0104	ses-01	pain	1 L_V1_ROI	-0.16371938787588614	-0.0611394146181696	-0.20105318023914115	0.013140315335584308	-0.21897229390789344	0.16738139066825372	-0.19473268061242283	0.2346150150410279	-0.1444679588851021	0.3290157296027698	-0.011000210628705187	0.32716091258516145	0.08704469015968842	0.20143610888129956	0.09971650025740264	0.06536021566991211	0.028603395633423564	-0.060385575076111433	-0.13866151635846216	-0.01445585450212713
sub-0104	ses-01	pain	2 L_MST_ROI	-0.00555255587137492	-0.00886714391099093	0.07802011161115473	0.06456975794825048	0.062055289715173524	-0.06269377578087236	0.09551014453689058	-0.09325581421911158	0.09276512708227648	0.14180829666556818	0.07628871216302283	0.03918741109809196	0.11412240325177848	0.010884240656205083	0.23261277541248981	0.03244757872872732	0.3174765240923986	0.15908855760061502	0.08157813220153903	0.4529385375457077
sub-0104	ses-01	pain	3 L_V6_ROI	-0.15236397444924796	0.08452715064718122	-0.16960673724250425	0.06558082129398714	-0.26858987835314296	0.21152383704173838	-0.16316587115712303	0.17894269538035407	-0.22298896717306982	0.2978707530237836	-0.22420078293797377	0.222087011190684	-0.00179644741986427	0.031751355904478515	0.008845148043061002	0.03007873175514172	-0.07815099472548936	-0.04674380993693008	-0.0937400190146285	0.005015454442239532
sub-0104	ses-01	pain	4 L_V2_ROI	-0.16480081135212257	-0.013620928716131128	-0.1907377379083465	0.08523991204689252	-0.3395475869752195	0.300331014007702	-0.3093620015486434	0.28563614038701285	-0.1538190577485806	0.21848885395711257	-0.00346983417112022	0.19153868074701982	0.017159217530822852	0.19233289899638858	-0.008495535279876792	0.05649919806741798	-0.026733009118114312	-0.029653906005512105	-0.1366059994747852	-0.01396251618682418
sub-0104	ses-01	pain	5 L_V3_ROI	-0.0973455243239173	-0.024471776586215	-0.07978356464866979	0.01501679808963838	-0.183004971641243	0.2058352948178172	-0.17946321735338802	0.15548207277249354	-0.027253616935492195	0.14631424104488114	0.012673268991379154	0.13309128200101034	0.05977941071551562	0.08828506548256321	0.08018462766744007	0.040255965155358994	-0.027691520779548617	0.02357629122604981	-0.0624037793095447	0.04475166929726539
sub-0104	ses-01	pain	6 L_V4_ROI	-0.07584856878996354	-0.028637870986868815	-0.04766670028546106	0.01314740964704321	-0.1293466910102419	0.19645399082299753	-0.11031619688729984	0.21478626472452883	0.04474662878420047	0.2978566604721165	0.04769071588402119	0.26777019692127724	0.14262953943387227	0.1964576891484499	0.14874346787343934	0.2533480826805972	0.09381221312740091	0.34910543509494024	-0.027465477822715776	0.5032869646145389
sub-0104	ses-01	pain	7 L_V8_ROI	-0.1474295383464058	0.12752118630640677	-0.16036614722084389	0.06628232221428246	-0.07049316940962726	-0.02035671705020972	0.1614217147851716	-0.05951176753531781	0.19005258414725992	0.16855245933161364	0.05702597616729858	0.12921955337543556	0.23601949193506763	-0.042944282419487556	0.292428518842209	0.13155315281773822	0.014416295587891247	0.3652750185499387	-0.11397810882018046	0.3897237623679009
sub-0104	ses-01	pain	8 L_4_ROI	-0.18366971373347443	0.068052009401026	-0.0849335486834481	0.032466528930287245	-0.018138580528339183	0.06321413605362065	0.0692792986550006	-0.015546179719791433	0.14737298754292338	0.11568580163772677	0.0736624096646982	0.10323138044903403	0.09947084964061167	0.08111750555084488	0.09466610658610468	0.11034426040155101	-0.021555065812153884	0.11449954363795978	-0.035657126487161864	0.1746660906404088
sub-0104	ses-01	pain	9 L_3b_ROI	-0.12540548691637252	0.04626993453241719	-0.07506496462654914	0.05376359301690547	-0.08652080184815765	0.17125017876289436	-0.0649479692846736	0.14042023184974145	0.018397896688971755	0.23843799485171563	-0.018675789659741614	0.2035618524874778	0.06975047264021834	0.1956186835932386	0.04912335910150035	0.21116454536655177	-0.032156435153647626	0.2643505411157157	-0.07858677448118165	0.32176161509101814
sub-0104	ses-01	pain	10 L_FEF_ROI	-0.2061798325793412	-0.0342226678299486	-0.09389551450845082	-0.0029733717159352	-0.05805353425436565	0.012186782521742757	0.0511203502043611	-0.015406676849362085	0.0789310438109716	0.192781857027513	-0.0026945052597854018	0.17458555026895328	0.10681485720971431	0.03371807846857443	0.11199072361582114	0.20774682910416492	-0.10263049616586721	0.387921541892639	-0.1487330654725014	0.3987897801363115
sub-0104	ses-01	pain	11 L_PEF_ROI	-0.2055401054853854	-0.012251753879468615	-0.024370390259772147	-0.12264552436304858	0.02523610845881458	-0.07045155697174676	0.11097079945275523	-0.11732155408284124	0.20065771118900055	0.05007162562516099	0.07335373556186764	0.12068334011407933	0.07097350540467971	0.16342275482707344	0.0920787707029803	0.37713860607393385	-0.12708159323130652	0.5487770514282686	-0.13237731625800464	0.6001905357086933
sub-0104	ses-01	pain	12 L_55b_ROI	-0.20486966993808237	-0.033275247269957925	-0.10938562014583414	-0.01517227352618997	-0.12302982067498448	0.02700397381107383	-0.04578425783736595	0.01707901142098906	0.02724147847929157	0.12688848546079806	0.054820819611990916	-0.04757570806952317	0.207722524237767	-0.0691298554964441	0.14481129124559108	0.08423330535706929	-0.09759774079458901	0.251212868479124	-0.1100458734960779	0.23328262297988103
sub-0104	ses-01	pain	13 L_V3A_ROI	-0.14257121469177317	-0.04539092848394827	-0.09351170693917896	-0.0374543750060458	-0.07813397105438713	0.03692475259165931	-0.0738328021938188	0.10337749022463343	-0.004110436979098295	0.03643483590396416	0.0008459682899741917	0.0964371412854851	-0.024456450302291207	-0.05013393621700534	-0.06505750526822014	-0.16239368894716272	-0.035376895363381795	-0.27642994731929904	-0.05226732789545504	-0.2347886726461955
sub-0104	ses-01	pain	14 L_RSC_ROI	-0.22038083707675998	0.10501592950524515	-0.10728364805209592	-0.13209062747309078	0.1568647599989416	-0.3181781620814028	0.31215898356735416	-0.21616719573773108	0.26312101090816953	-0.06606501832566423	0.248288838415325	-0.033280221637812364	0.2731853130753466	-0.15017230723247166	0.41372982596641683	-0.19989609413098572	0.16074948370547593	0.0898395494489736	-0.025441988203253864	0.14415693921547543
sub-0104	ses-01	pain	15 L_POS2_ROI	-0.07045575354001284	-0.06784631049651127	-0.055155335618378674	0.05705482313721608	-0.2884237962990876	0.33993794454425813	-0.31772346255770206	0.2864149869579406	-0.2701225777838634	0.29787325993515507	-0.18025410465181985	0.19059917115511868	-0.09008880325158314	0.2331043010719119	-0.05208505197948693	0.154358294815406	0.00678831790063967	0.09006590305999751	-0.018309999474261422	0.17436448951404052
sub-0104	ses-01	pain	16 L_V7_ROI	-0.3205111643441854	0.026950123970019047	-0.28780064924001897	0.014139571919679447	-0.2350794126038927	0.04312994849448353	-0.1321996729268615	0.1415154397341163	-0.12297765364530142	0.21284871662670918	-0.09539736269871808	0.1639110171085962	-0.04816644256460958	0.012517573402627814	-0.015204042166630431	-0.041101866413273944	-0.08145997659595369	-0.08803846554798747	-0.08391960285940037	0.02758655521863607
sub-0104	ses-01	pain	17 L_IPS1_ROI	-0.18232980295128434	-0.017115184739225547	-0.1452567765247331	0.09898380603468432	-0.25533690703663886	0.17538363053701544	-0.13345501621686584	0.14517619340158985	0.020527101507774374	0.1528959314071597	0.053097976263333645	0.15006639018966678	0.05290884855024056	0.17234869185174953	0.03358032478994151	0.3211756483876015	-0.09276943833578916	0.5429154895577699	-0.21718371512591422	0.6817871473049731
sub-0104	ses-01	pain	18 L_FFC_ROI	-0.4186683092929611	0.24932040865659227	-0.5311601712111826	0.3611464588785195	-0.5789173645464036	0.45079021559571164	-0.380909843841753	0.2957464528465937	-0.2422819923283114	0.2784039920147146	-0.06289704638978415	0.06684438718789516	0.01123211393033916	0.04826309921141776	0.08907534473220703	0.12104524513039579	0.030713994502479317	0.2717581286923278	-0.05805451654068499	0.5472446398816578
sub-0104	ses-01	pain	19 L_V3B_ROI	-0.25880801374533147	-0.043446342155826635	-0.14286270472605483	-0.03544974766240724	-0.1972687031814251	0.23409656750852154	-0.28923702258028816	0.24349414728453256	-0.013831236577883611	0.15246272095304242	0.05046302279777625	0.1402515841903204	0.060289923944045816	0.1805989398424415	-0.005686408395989378	0.3600479310800907	-0.04576996880887938	0.35522226596457707	-0.09620379948740672	0.5129722788151952
sub-0104	ses-01	pain	20 L_LO1_ROI	-0.01141122893777385	-0.008615552624873053	0.08032965825360776	-0.01590417745330524	0.05703806003096521	0.07829778691430106	0.15348879378598543	0.08326800744691787	0.10276364402238701	0.3397581493047676	0.07766216105078338	0.23394784944729574	0.27754277688481344	0.028413774549773493	0.3204654102995453	0.26984315586769586	0.11062655728954396	0.6351653568900557	-0.07752866321267766	0.8550962504844059
sub-0104	ses-01	pain	21 L_LO2_ROI	-0.016941538662039148	-0.01740167780461804	0.08546823537203223	0.028978623382822862	0.05304987659943078	0.12884565222651656	0.03291480299340649	0.14956594704966536	0.1850961187633797	0.2245030652615348	0.16006836274227265	0.1887088546728008	0.19933883967158178	0.18528643937463468	0.07778393935655045	0.43266749332904336	-0.06223193115093562	0.6071251088322352	-0.1084762207581814	0.7044342478986131
sub-0104	ses-01	pain	22 L_PIT_ROI	-0.12085350576648808	-0.033071526749245725	-0.11669637795575163	0.07493809325581326	-0.08297979938285034	0.1737869416738461	-0.08565469926720008	0.08804122781269592	0.12397591768724403	0.14044890625648856	0.20926439787638174	0.08691994536491038	0.32935337018076477	0.022111852021642908	0.23618253822788787	0.2762469748507154	0.0866526540234788	0.4871267190672405	0.006963816944622942	0.6821139906801837
sub-0104	ses-01	pain	23 L_MT_ROI	-0.06741312145647449	-0.053818517669212904	-0.04112312447159877	0.06630112354819938	-0.014572370374595044	0.01498101303325867	0.039425031735693776	-0.008769076024366773	0.14921664807586635	0.14852753895888945	0.13388672847926048	0.03866620402707294	0.10473040659286824	0.1687752291765022	0.057864903588845405	0.25761693624747317	-0.0007876788950487921	0.2773640282890437	-0.08841607860398229	0.3482159833692443
sub-0104	ses-01	pain	24 L_A1_ROI	0.09141975937951573	-0.05658245213384509	0.09956150792499323	0.11655954687136805	-0.13874337055757746	0.2885588666793298	-0.05767161072452158	0.18373531879381777	0.17920594037766752	0.044668818154593656	-0.026504034996632606	0.1290725526989651	-0.07775980239255637	0.32691547523640835	-0.14434243924140144	0.19028933871498063	-0.14637377202516746	0.22780274904427358	-0.11818981827004002	0.18034640112478376
sub-0104	ses-01	pain	25 L_PSL_ROI	-0.03227458683416632	-0.05975977344420272	0.0750499432259718	-0.03080530814741753	0.02945790405558793	0.009278492383958604	0.02957389076042816	0.06540425821255355	-0.02632705969702163	0.16612704074107015	-0.015788170419943997	0.11841660775115695	-0.0027071449677526435	0.056898610451740626	0.0008788198666253847	0.06858887512570093	-0.024821829542322964	-0.051990396218166195	-0.025179651400788358	-0.05004626223260619
sub-0104	ses-01	pain	26 L_SFL_ROI	-0.16975621459563742	0.000882391508516423	-0.07881267674494226	-0.0896177626286526	-0.05609250656951777	-0.06411128616573705	-0.0007490349524849071	-0.04829009001390405	-0.01085924565498972	0.07524250240290936	-0.06104811304139702	0.0504798957712165	-0.017811055855906855	0.07474766205498952	-0.07118412041859724	0.02768480308901989	-0.11011058389051075	0.06413779966264417	-0.04981284763732585	0.08586324645756632
sub-0104	ses-01	pain	27 L_PCV_ROI	-0.1288083297067178	0.04601870940111017	-0.15805289385973942	0.2924004366287121	-0.44051796202764804	0.5623323225151418	-0.41210355976856194	0.38184768270933356	-0.1392367575387588	0.39370738588737886	-0.03112375093828438	0.23637444124333776	0.1820470341409697	0.10148753565757364	0.20811681432926882	-0.007311197707854365	0.16777070889950094	0.06254495231093404	-0.0506736892187588	0.18148774942565835
sub-0104	ses-01	pain	28 L_STV_ROI	0.09595245837526899	-0.11066736186152508	0.26212251458659275	-0.17530715947361994	0.07514326382806799	0.07874930870769876	-0.03573754396989532	0.1867016152819848	0.025195716589005865	0.2258921352086614	0.0016006589973134294	0.21774207013293467	0.046774789200062	0.1159839786569744	0.10885199245166947	-0.021366229287651167	0.11307642923069895	-0.13919286417110383	0.0810137333838014	-0.07356655018316473
sub-0104	ses-01	pain	29 L_7Pm_ROI	-0.05404278697172937	0.06999045026317431	-0.16952108027895332	0.25796116146440934	-0.273492076011097	0.2347439241190231	0.007101925241711991	0.008643444835922734	0.0563808694783474	0.24779379493935044	-0.06387093279256224	0.09409013308286453	0.08816729241049663	0.010573716159694421	0.10832631408495441	0.07430707090780592	-0.13602735773191882	0.17629062718144511	-0.1030041059557355	0.09007421849450314
sub-0104	ses-01	pain	30 L_7m_ROI	0.09279617921858058	-0.04244985894690533	0.10841871100100926	0.12363362531888523	-0.21395403423240847	0.3709709460896332	-0.27946130695724763	0.3593334443300756	-0.17499302987320506	0.39161065002823026	-0.058699114017934075	0.23400842302103786	0.14234818917210634	0.2712699864798765	-0.010274315363876386	0.32392619796773947	0.036406592816690266	0.24488190134275903	-0.058577745869630875	0.32561676327220407
sub-0104	ses-01	pain	31 L_POS1_ROI	0.0695291643572504	-0.08079248137705877	0.07403764429487275	-0.03154669278307842	0.03742219513895552	0.15642308616691475	-0.03993075640198677	0.20914541299569006	-0.014298621030837292	0.3110118360846001	-0.08225476225473717	0.4452823257892151	-0.11139004051040215	0.46658691489851567	0.05545318563319438	0.07223001120528996	0.1414898159531051	0.05004970438961798	-0.027173656986921202	0.10317022037507706
sub-0104	ses-01	pain	32 L_23d_ROI	-0.21500262976319728	0.004899853800279469	-0.03321491338819778	-0.15528455494416749	0.24825183936146472	-0.23867064747392402	0.0828182334538223	-0.10086663274949087	0.20536828047576122	0.03421002330229472	0.05985283972621938	0.04174024534718009	0.09732542518599745	0.07387727598174038	-0.02896550657845156	0.13863037958275673	-0.03541090788558512	-0.04901003964817943	-0.12097294936293382	0.050443175728392596
sub-0104	ses-01	pain	33 L_v23ab_ROI	-0.17993788324695742	0.034506960859587064	0.08690210244319176	-0.20452596566040543	0.6844444487911917	-0.6860526606594672	0.6451971203647151	-0.2020486978678599	0.5278306126197734	-0.09122595948479419	0.4848275911883036	-0.17101553467110267	0.4574182453678081	0.0873660520243238	0.04776726245463723	0.14641105442131225	-0.2355685016868383	0.44833887913140685	-0.3115743004269987	0.2465020213680927
sub-0104	ses-01	pain	34 L_d23ab_ROI	-0.09494314586335535	0.10990181538931602	-0.039789348769040236	0.1571852349914777	0.07221038464926076	0.03925574868293218	0.09194493872223418	0.08369579137905483	0.10152229584534024	0.2026610007299159	-0.003878035886015263	0.1436504206663839	0.0192908736331937	0.15453073428276726	0.10503265315123268	0.03495983712999401	0.05462407302466969	0.022029941159899452	-0.09776121099453065	0.3077570079821996
sub-0104	ses-01	pain	35 L_31pv_ROI	0.01630206703508717	0.03603145743895553	-0.10186704098536523	0.24847592110068906	-0.10424880833938611	0.23885241163799265	-0.0816931438703672	0.24576927185133085	0.015580893671154929	0.24698663009115396	0.016218257336420416	0.12119164001906196	0.25547866275038883	-0.06037996226424512	0.23553838587587275	-0.01197808278139222	0.03590489112896851	0.07318215122246978	-9.887177938660248e-05	0.15577469011340705
sub-0104	ses-01	pain	36 L_5m_ROI	-0.20852616953728748	0.012789583217168247	-0.15677487910902418	0.056865725188644786	-0.19727268716218768	0.20087349960284595	-0.06479553054413044	0.1375271636684927	-0.012002777015606725	0.295018036711044	-0.10803524296858866	0.23448888124107783	0.03961110129777167	0.1395726847310654	0.11082751032898991	0.025976937665945565	-0.01070109081999737	0.22790199894735821	-0.1929255795825686	0.30651956823539794
sub-0104	ses-01	pain	37 L_5mv_ROI	-0.15366989811644216	0.03028030395964836	-0.1465994114123519	0.17627543557082284	-0.22214379788110575	0.2915092690294675	-0.1609325402156646	0.1582335954168902	-0.04803427467072469	0.13016493833974252	-0.12943492439331647	0.09045029577319581	0.0059237720126523894	0.05618967228256756	-0.04551248911827279	0.041270203626789174	0.016585866654234616	0.042969786270481716	-0.005366186620273407	0.17226643492665042
sub-0104	ses-01	pain	38 L_23c_ROI	-0.2771116775521615	0.08945006120366764	-0.2626673782408507	0.18010118352985133	-0.15871703750207894	0.1745219219190332	-0.06635592994439297	0.003302444839724711	0.035686929701889955	0.14531939584626505	-0.10670721436000093	0.09521223888086047	-0.06002158748593711	0.1211740009741913	-0.0705786730649839	0.07838741518779868	0.020561612114025223	-0.05442722406834903	0.03609455217454498	0.10112291547259016
sub-0104	ses-01	pain	39 L_5L_ROI	-0.17180714363257305	-0.031103681918565534	-0.04872843464165298	-0.08583271327222582	-0.11065123401954825	0.013530387709082154	-0.11546096372488975	0.015646602096530324	-0.10269550875753479	0.08690380548057101	-0.07005478436460526	0.05950137313070592	-0.04483694388402672	0.09732852645520952	-0.014844193512008778	-0.03523219459905831	0.035197141628001485	0.14400498457621974	-0.10582130915445552	0.2627352824536996
sub-0104	ses-01	pain	40 L_24dd_ROI	-0.23649748488483788	0.08506870614210943	-0.2909427241827575	0.29616175662882394	-0.37643288276607967	0.296416418686114	-0.1288189170695341	0.08808477523196905	0.04208755912201122	0.0753494956010131	0.1829459819366526	-0.1496804792383115	0.2632308084249776	0.04250029798729908	0.1102607950730487	0.052841860338137925	0.048617394206565544	0.20317315922228696	-0.05980257185573955	0.3121590369189673
sub-0104	ses-01	pain	41 L_24dv_ROI	-0.11064159657273119	0.08647585245571447	-0.28205008036795	0.19732185835497926	-0.03628535313028903	0.08805705720814247	-0.0950795212072747	0.15108760475582858	-0.1524652299592444	0.24609807207647574	-0.04032561410105947	0.16236207842407213	0.03906800936619203	0.10306685167268202	0.00021886430087413218	0.2268406729311781	-0.12295606222444909	0.21652478015772875	-0.12350020461870634	0.31960121527516316
sub-0104	ses-01	pain	42 L_7AL_ROI	-0.23340500078641385	0.06703337268007668	-0.1774349852427931	0.052706221684155556	-0.15554586506948737	0.07549026789774801	-0.06271950342463965	0.052774611902710586	-0.007491217462352469	0.08422350717064087	-0.018389984754185653	0.08560492951610708	-0.04246327303491714	0.13918042319165883	-0.04452031084504427	0.13929464048090967	0.005342310712948429	0.3014739176573572	-0.1421194173650093	0.4423802077293447
sub-0104	ses-01	pain	43 L_SCEF_ROI	-0.1751128669621104	-0.014409002246393878	-0.06055527288314974	-0.08479732992937522	0.05753899316139245	-0.03751045215268755	0.07395678533312122	0.03394826181944414	0.051938266327359234	0.06563502853965916	-0.054339255475646144	0.13792961638363052	-0.03891739864089068	0.25681508668262154	-0.04536550728528868	0.2108642659137462	-0.02875259085556202	0.2993485891049785	-0.13428516609776223	0.389649615744312
sub-0104	ses-01	pain	44 L_6ma_ROI	-0.1414692959628015	-0.0364714999170037	-0.08276242558649481	-0.037978965801288636	-0.05195204908449755	-0.06666684255134689	-0.04757625315593695	-0.04309183252820514	-0.05089569212782089	0.11205601999205014	-0.12942419296726188	0.06659729093120005	-0.02231951172062262	0.103199822132067	0.027907479004526545	0.18260396807793244	-0.031627929837409856	0.2959960660731018	-0.09618751013635518	0.3969406633364337
sub-0104	ses-01	pain	45 L_7Am_ROI	-0.13435848319419383	-0.010937609250346148	-0.1307778496421309	0.10821000074089265	-0.3754817020985415	0.26844820018323706	-0.3178105025934393	0.2395109906193572	-0.237818778512432	0.3815716127043851	-0.15926710443112665	0.2194508270570801	0.14559295819595502	0.004233969410221318	0.24540756983702708	0.10930973305363664	0.02510744137437742	0.43690039888696725	-0.17086592776708426	0.5302171580574424
sub-0104	ses-01	pain	46 L_7PL_ROI	-0.21557414446595244	0.07287180403537452	-0.19785165418988704	0.04020233514031669	-0.2292915112021722	0.10065773454176181	-0.22284176086600038	0.07502497766502798	-0.17489842331224847	0.23737631881170268	-0.2529973235973267	0.16308060780163045	-0.1762800005391653	-0.0002487706146708386	0.04882907579868065	-0.04159102228320853	0.11776633036873849	-0.04085126939132819	0.03217884108736921	0.2255400569405564
sub-0104	ses-01	pain	47 L_7PC_ROI	-0.1877632178322833	0.006277365855251798	-0.17572169500130141	0.08867660801877465	-0.26050672313348716	0.1979693389582652	-0.1421213299051326	0.14479107204313296	-0.0018286386428985875	0.36555944023765397	-0.09944167561264747	0.29481024289130664	0.047155743561316334	0.2601396215818447	0.08887420054262059	0.32149718473911065	-0.0017034520894597897	0.5935895616486551	-0.16148039217779384	0.8434045116820998
sub-0104	ses-01	pain	48 L_LIPv_ROI	-0.2365289163949104	0.10160927447042467	-0.21045351403083726	0.14904545019747475	-0.2944616067097655	0.25280291002274746	-0.12884813990515528	0.07706692819054696	0.1369700940955882	0.19193857650113086	0.03827968726590975	0.1731444200182023	0.15367658294651043	0.13111061754068207	0.19339365054587596	0.28281018359191235	0.00032100856526774284	0.4750569298889258	-0.05914661250996494	0.6586032241919577
sub-0104	ses-01	pain	49 L_VIP_ROI	-0.14910937246641714	-0.057258755586213406	-0.05017694422509176	-0.08865510896333186	-0.11509625904375523	0.022016343119698353	-0.05894362040744731	0.02179826875805984	0.017291981451579196	0.17728606954376314	0.011777462788877228	0.1974830370018177	0.025515784060761063	0.24210234688788723	0.0436350225209698	0.29900944244772126	-0.01356522388767195	0.5911245558076548	-0.18915186781591786	0.7956219153320006
sub-0104	ses-01	pain	50 L_MIP_ROI	-0.22082242948349975	0.04102753124581056	-0.16253110934872655	0.13764554278701246	-0.31028626115852836	0.1799161164792666	-0.18024121817867014	0.22262551993027824	-0.006899988133606569	0.39660312602876685	0.008858937685702704	0.3377050978989917	0.09392073735700263	0.40401836037523997	0.10498862108742159	0.5062328527632591	-0.03357118966968775	0.8400247371479538	-0.28372902645045994	1.0503202874317947
sub-0104	ses-01	pain	51 L_1_ROI	-0.1532627658748003	0.02944500767392936	-0.11107726607233218	0.051105173286296775	-0.11662310540074972	0.10966151031478065	-0.10307449952076071	0.12971406163454308	-0.017508753642136984	0.1911907168588584	-0.033521511261737136	0.15659537555958475	-0.01811820891425253	0.14369534311850027	0.040584971039323854	0.13189435883847273	-0.0034100137861443275	0.25736838622149044	-0.12239228915777421	0.3601340686365615
sub-0104	ses-01	pain	52 L_2_ROI	-0.12481170988858226	0.02981171112719157	-0.0761543665812372	0.057856021463038136	-0.03661129267629853	0.09315354582697727	-0.032712705425333354	0.06436644983566295	0.0753601644557078	0.15269230365240016	0.004516988624776313	0.08770922056003745	0.018051359273731565	0.05867582313194394	0.06110140630037938	0.13890934622876572	0.022053828052318182	0.1582311309414707	0.031254615364432435	0.32256985594049564
sub-0104	ses-01	pain	53 L_3a_ROI	-0.06668622895157365	-0.03427242201278549	-0.009583761569789859	-0.0369542612567697	0.11823689217594444	-0.05784431583583065	0.06660694675386376	0.10520352092168087	-0.004952875436606648	0.2222786313230406	-0.07373238730104925	0.14268278782437427	-0.02952977419021072	0.13618229573874024	-0.03694757008763414	0.05846221046657567	-0.057882557840793325	0.13400838456186834	-0.08561495034854785	0.13163901293468494
sub-0104	ses-01	pain	54 L_6d_ROI	-0.11180309191161242	0.05295324819113794	-0.10391468051032643	0.02916849964287553	-0.057582030532176	0.09932357057375968	-0.003915870289134063	0.13976557179869661	0.035343627371310936	0.20236783991339238	0.09415548728520952	0.13550201730382733	0.21408434047916813	0.2198956297123972	0.14284076937939647	0.3821551258210482	0.061557683432796786	0.47022569560308614	-0.02416946888466377	0.5768878825678496
sub-0104	ses-01	pain	55 L_6mp_ROI	-0.1064442073374201	0.12413686105671445	-0.18115539186112803	0.10135904759987174	-0.07735504099775833	0.08316618529109532	-0.06020174526485644	0.08658582420358733	-0.08377576670586762	0.1534092016600206	-0.044661437527736596	0.08772335793553657	0.142844697214758	0.07549849289335712	0.13810336245527807	0.16297276785749534	0.0055440881890089465	0.22908626167724716	-0.03848433394047373	0.24946468293516835
sub-0104	ses-01	pain	56 L_6v_ROI	-0.11278590227330972	-0.004541161569198577	-0.04760544269728459	-0.029899774749266826	-0.00815099191711409	0.08341329525804664	-0.005371558031968025	0.03375838341442218	0.03833446440190783	0.04591413074932518	0.05697917980271425	-0.014941757224399558	0.04303051036236955	0.019626954544736022	-0.008266463298140996	0.07834036659061344	-0.10941333474896937	0.11272444962672519	-0.08738180757802186	0.12948021966010248
sub-0104	ses-01	pain	57 L_p24pr_ROI	-0.3097566610253548	0.053250972766473254	-0.438749192777205	0.28111176077322175	-0.2739232159129763	0.05025502684188175	-0.0961878611842163	0.05859529564322234	-0.15354138538913895	0.4684436410765108	0.07865730052300121	0.04317905075437757	0.3332706557205073	-0.13370083151194836	0.25800524276997217	0.09352102815088992	-0.35036215742924404	0.6447073266324649	-0.7685761750632164	0.4857446321878934
sub-0104	ses-01	pain	58 L_33pr_ROI	-0.3284882686795939	0.22351610081453996	-0.5230797139075268	0.4381385655489218	-0.8082933932881998	0.7428732383604845	-0.41088031957824894	0.2962080414991825	0.04850531189279813	-0.015764941601723443	0.27243035989351777	-0.2479530827508659	0.46018900047690237	-0.6459111597476112	0.7977330514239432	-0.5891910947534907	0.39564242796731763	-0.23290619158670836	-0.20331146106510403	0.24395069617952062
sub-0104	ses-01	pain	59 L_a24pr_ROI	-0.3346901099585283	0.2421580933654303	-0.4469459646960996	0.31329006270213305	-0.6462915218838191	0.46461697467581153	-0.28656309268054747	0.20341012312020046	-0.05664874410171848	0.13682883416327016	0.0702893167088736	-0.015572958069032224	0.1326666381752021	-0.23098368926356858	0.21241149883864208	-0.35926874600715275	0.3442102485317672	-0.5186113163746202	0.12115263555759437	-0.058561721045220075
sub-0104	ses-01	pain	60 L_p32pr_ROI	-0.19377781757731197	-0.03167153608209666	-0.07970628296086496	-0.030473371289519175	-0.06914957059537638	0.060934575331039124	-0.027699692365779096	-0.04849785860551862	0.036275843257438635	0.03524530711630484	-0.04378303799591836	-0.016466372471530932	0.017710867354139657	0.010729782832141174	0.08096213993804265	-0.0491637048492451	0.02634550196628292	0.15373941248334586	-0.10526365586415705	0.20785967254739604
sub-0104	ses-01	pain	61 L_a24_ROI	-0.0059632410045728	0.18750814395081525	-0.26734822120180307	0.22622195188624653	-0.31627104523523014	0.3099500551348503	-0.11985313029795325	0.24070628192706453	0.09430526233758385	0.03431934176815147	0.13614453777647081	0.017347808412664277	0.12864247023845501	-0.04889542315912644	-0.001718099704136484	-0.09743466882581728	0.04222724151582305	-0.13930282401625887	0.10176100990849148	-0.05091962484157637
sub-0104	ses-01	pain	62 L_d32_ROI	-0.07212225089656955	-0.04069440262280153	0.0012394833722135712	-0.007659435513381908	-0.19157381911209367	0.2516194624523128	-0.18261079799791252	0.16818937266585945	-0.12470801441348617	0.2172920410147664	-0.2196321582367744	0.21711669111932316	-0.07724204848476209	0.04209394271578914	0.0020938883233114812	-0.04370121315370088	0.023653225848651024	-0.07020025509759267	0.0008153029283727729	0.14445617787280332
sub-0104	ses-01	pain	63 L_8BM_ROI	-0.19671864033904207	0.03594173692145297	-0.18383713338289562	0.06868676525735394	-0.26021190373482334	0.21579234711880088	-0.2523363715972331	0.07953711509152007	-0.09558932492854173	0.07561695787677981	-0.14590862094614007	0.034465588043561764	-0.06025997629830079	-0.04159997869838535	-0.04361534663557531	-0.027102365406574472	-0.03648748156057244	-0.015593897686268038	0.003029328192820922	0.14511748115274348
sub-0104	ses-01	pain	64 L_p32_ROI	0.07482505567898769	-0.07430757446245631	-0.019423884617952743	0.010675639454713389	0.04253581083514134	0.02604086519916713	-0.017381744841417645	0.15756305765508863	-0.047793081438300834	0.10224888214309508	0.03040602348556195	0.20773297586844916	-0.076694699135804	0.019557740707175128	0.02289570916001198	-0.03814645211790042	0.017052060224450976	-0.011547297494524348	-0.02033621634898825	0.10568541319576585
sub-0104	ses-01	pain	65 L_10r_ROI	0.312213565938188	-0.12805690875915612	0.1651746950110977	0.10360258125217736	-0.15345196390639299	0.23748627627521457	0.01856269504994001	0.1628987247328792	0.07472201042573917	0.11603542073183723	0.17287416864466235	-0.042230277220491386	0.234872406852992	-0.09820521227012731	0.1346312011361739	0.014288925029500363	0.06000253069591977	0.059207795650677686	-0.03925412006694085	0.06469742117770814
sub-0104	ses-01	pain	66 L_47m_ROI	-0.06802126968471729	0.04323033356286639	-0.11152827570018979	0.05111005207416842	0.02005846646813959	0.0636883390454178	-0.06136788520799181	0.0752652015526353	-0.0044219583321940025	0.021936386054135084	0.14053781639626642	-0.14379729205231145	0.19381455282173887	-0.1658906007576089	0.02262025720457763	-0.04421093000159514	-0.028500731338779194	-0.020677430064806497	-0.10591185875944924	0.03746831185279959
sub-0104	ses-01	pain	67 L_8Av_ROI	-0.09635295717688923	0.016329203421966122	0.03814296682482312	-0.0343401624326968	-0.0009922735843868563	0.05181477511990095	0.004857191270287832	-0.044060199771501864	0.08677515776303459	0.005108964485621588	0.07325838704952829	0.03967369564974941	0.10357479178038594	0.058210048632263395	0.03871397314438645	0.08216883046220223	-0.12298981352284721	0.24962890422897713	-0.18058242145091713	0.23731072944142742
sub-0104	ses-01	pain	68 L_8Ad_ROI	0.017605314810673883	-0.06297877934304406	0.08645237549909068	-0.05038925932892179	0.01982587401915703	0.03587692854588183	0.047638946724037894	0.025613641413414896	0.051367515909523896	0.12304266449596113	0.04475229330826163	0.07473152059440043	0.14138534377724726	0.00982860006205727	0.08065313155314652	0.05142848018937957	-0.05096315866681298	0.17803088146459628	-0.12587026652086916	0.2526923647345176
sub-0104	ses-01	pain	69 L_9m_ROI	0.1566046089458357	-0.013622188244137924	0.08583440317589265	0.06407905231592226	-0.06883935413572122	0.2328256129863636	-0.052881473781549414	0.1507717869731411	0.043110973775821626	0.1285721123740428	0.04754930604889693	0.10355193989243974	0.18675772660385995	0.025713739619644724	0.1001212603182209	0.04110881603100398	0.05896372378258151	0.04472633523013132	-0.03365356369842385	0.22544076427259738
sub-0104	ses-01	pain	70 L_8BL_ROI	0.03205041314534603	-0.013081217831770726	-0.005586496682774654	0.03735816800691661	-0.05409046892889748	0.03747613023124336	-0.04563913439215072	-0.051219052721352076	0.1074657823079708	0.011166687268341415	0.01754513221713161	0.044982081346291225	0.020946582417331824	0.06498964832793258	-0.08477399036222652	0.19271963032710532	-0.1966521886842005	0.28794441868311693	-0.17579030386053301	0.26566676937067235
sub-0104	ses-01	pain	71 L_9p_ROI	0.01767151508242581	0.024723537165379554	-0.04347003467731759	0.037798420803435547	-0.11820656933409555	0.11939943896967219	-0.06921909329807907	-0.015592893409349152	0.09861399198544964	-0.05868885393141265	0.005880401333609534	-0.0008459739383005443	0.08538159416441418	-0.08292840370633622	0.1000536700943633	-0.10767073913045382	0.016361510764203887	-0.03468789281692543	-0.04539203177279675	0.0419290163696735
sub-0104	ses-01	pain	72 L_10d_ROI	0.07507274195692364	-0.0015020851984870946	-0.017100385076694317	0.11627422978199012	-0.19869925993215287	0.2848137951725204	-0.1589203287020085	0.3357731905687817	-0.13063813140869165	0.23669062765287505	0.00020023798654639723	0.03868552084555581	0.23131955111583521	-0.06379223389987228	0.12864617090882108	-0.018850970878875162	0.12831171321786933	-0.005735631495792594	0.0034621921362369295	0.19015388120718482
sub-0104	ses-01	pain	73 L_8C_ROI	-0.10701777384233656	0.05801790593798563	-0.10245000995791573	0.034798008957641444	-0.06968654402901621	0.06506453609509048	-0.0461055016183506	0.055627181942957675	0.031195084735623095	0.0919241487303314	0.05360503872421351	0.15373126233199838	0.08581371299966124	0.15390882245175924	0.06837149111532244	0.28056673572503793	-0.04866510236828144	0.37451399113807954	-0.07914360590611456	0.37464737771814866
sub-0104	ses-01	pain	74 L_44_ROI	-0.16104843557491696	0.08773617539672605	-0.033993137957358255	-0.039044245121379516	-0.00823873250799593	0.012129293758632437	-0.04744320795780015	-0.06244658988767748	0.0480631035604616	0.06776415631928616	-0.018094021113634937	-0.03208821921092925	0.015325012980417326	0.003677780152532582	-0.06770009789173326	-0.009100970988955542	-0.10679476370542562	0.015016948110098351	-0.11687917630238001	-0.05376284947519816
sub-0104	ses-01	pain	75 L_45_ROI	0.07939966538033466	0.05669444851890252	0.029579729586237495	0.03481168000393122	-0.09094077279947906	0.17187875541711836	-0.17097674063575827	0.13155808113274137	-0.11472500424819264	0.19044872758459203	-0.0771102437665267	0.06760749995568692	0.10801346249918206	-0.06736441952356445	0.07061194687345798	-0.06234815185062405	0.01084442045686897	-0.03897871019448744	-0.07254086471944389	0.027208352287089094
sub-0104	ses-01	pain	76 L_47l_ROI	0.055495682669798	0.014784678991189735	-0.007714723443388615	0.01439240260860991	-0.027887489315681316	0.10162989667904687	-0.011749389948262917	-0.010169813207258887	0.0971650074428461	0.01376979717028132	0.014653841947655765	0.04443368607436946	0.06296689108438196	0.025036015480011133	-0.06558874661110053	0.09613915968250515	-0.17126270112412653	0.033534065594894295	-0.14923067311228375	0.05865154916569738
sub-0104	ses-01	pain	77 L_a47r_ROI	-0.1561224609838097	0.16448168078747202	-0.15615374763236728	0.10475713773858886	-0.11312512323268166	0.0427452318563487	-0.037791529655047625	-0.048349264015527346	0.023644194503732206	0.07917971753801918	0.028142733695063198	-0.028779648415264692	0.03278116112786153	-0.09434996951494255	0.04061073049977383	-0.02810984261144675	-6.552414531132321e-05	0.05284494440918875	-0.11086329657336091	0.07508782448482508
sub-0104	ses-01	pain	78 L_6r_ROI	-0.23094454434770154	0.04952884319967095	-0.06565239895478521	-0.008549622137601541	0.009798037227048386	0.03901537239783799	-0.02261779032050658	0.006472769630802795	0.02417113215838354	0.14616548423667355	-0.11264960616835254	0.052662615447339654	-0.04379878221081542	0.10068194331128419	-0.15275792040097777	0.1334939212149276	-0.15436025080245078	0.13526652016616977	-0.04961375763237419	0.08158649413533689
sub-0104	ses-01	pain	79 L_IFJa_ROI	0.07854208449206389	-0.08553818344854042	0.11342700263612708	-0.048496906912912925	0.041220199232826174	0.1254137079717965	0.03015120736169736	0.11400949756279563	0.1034553043642283	0.20407146991039415	0.0827969692699078	0.2557598265922241	0.08436098223922732	0.13159919104391754	0.1351269586662938	0.1250439030175743	0.0862409046579636	0.18510004829632823	0.03248333711860634	0.21071975817710895
sub-0104	ses-01	pain	80 L_IFJp_ROI	-0.006085512830371581	-0.05884865300619652	0.1879564247856637	-0.1586161437836117	0.052996792135354215	0.2032465298518962	-0.07750835056487046	0.3899183410984955	0.18938391196300414	0.28649259998550314	0.30091607968529455	0.3576279467337261	0.13209657722628002	0.3647136510470091	0.15285316325907342	0.5515129179792774	-0.037437274627678666	0.6680734332296809	-0.046063089490202574	0.7429000287020294
sub-0104	ses-01	pain	81 L_IFSp_ROI	0.04087895312331833	0.104463652695343	-0.014007635490699551	0.15319794757889602	-0.033057469941785426	0.08455267165404348	0.13649894967716675	-0.04382755432684697	0.2573727886218537	0.10799066299043267	0.102996013342743	0.11590581409109416	0.08041149990811561	0.1234566116113499	0.02221346233354977	0.05120611020505445	0.01794941353787909	-0.054123167402975146	0.014974356751300563	-0.017738587130566284
sub-0104	ses-01	pain	82 L_IFSa_ROI	-0.0654035144024932	-0.02583818196416761	0.05207576238163976	0.02373185185528742	0.037823648741478165	0.008117072565983855	0.059441066714181645	-0.1813630081418321	0.17556316047154982	0.0016981984114430625	0.037219416441210254	-0.10611919057112895	0.22384501395763784	-0.263780294408799	0.2065237208282678	-0.19348571439788798	0.05027833556640059	-0.18176952020047668	0.030088963249021078	-0.1557999555634941
sub-0104	ses-01	pain	83 L_p9-46v_ROI	-0.1555958926335169	0.07787985636331021	-0.12983757356939496	0.07336535319811467	-0.12268603308442559	0.06648275824051904	-0.04906170188160304	0.041930938771048046	0.09148370438689508	0.1395828943915166	0.001991601704445901	0.09009694128962524	0.08868555764324204	0.004449995830756187	0.1181925628212719	0.09881636480349872	0.002203420694345193	0.20463886152313884	-0.08230384104368835	0.2140021846770101
sub-0104	ses-01	pain	84 L_46_ROI	-0.27860896130730556	0.000417912282412516	-0.11337259260549823	-0.06152541493975336	-0.07846446597259506	0.006889930703768804	-0.024566243020321996	0.012636040716028103	0.0006817280923152936	0.028917041403860946	-0.05191503026951006	-0.05187665686512557	-0.010853011756340151	-0.042605348927414646	-0.028861253348283898	-0.03917913294512061	-0.12437385472771595	0.06210423611375491	-0.15128702688849724	0.07277658271167585
sub-0104	ses-01	pain	85 L_a9-46v_ROI	-0.22283126992910057	0.04778285214012377	-0.11094576590675234	-0.03410393556291461	-0.0013987560090727047	-0.09934747794730922	0.0072043081746958875	-0.15970583076314585	-0.015506722566366817	0.1109741922226006	-0.10112266194607283	-0.006089698243683687	0.003467242667207577	-0.043878880144726774	-0.006591544213145646	0.0004968405944973702	-0.03240954041878861	0.044728026473125335	-0.04108792410733178	0.060301006913928604
sub-0104	ses-01	pain	86 L_9-46d_ROI	-0.12013842440685349	-0.053916013816095704	-0.04166920187065592	-0.05422211361774251	-0.06722050121268178	0.019077771983130196	-0.038406520212708385	-0.03818401168313506	-0.0030636565820055645	0.06059862599142903	-0.07230242757374235	-0.006998716191219502	-0.008243259322874927	-0.04369994702862564	-0.04020037274418308	-0.019662224761038523	-0.053396252032964824	0.042921465215942166	-0.058539801508853545	0.07337608972421958
sub-0104	ses-01	pain	87 L_9a_ROI	0.04069434836553162	0.021896866514532307	0.01823042438715226	0.06052875805729674	-0.06942101239000241	0.1766119323441021	-0.0392039099582291	0.08691640707354742	0.07791025762906656	0.06277115909269747	0.06637045671787926	-0.003079069378819681	0.1528754837806309	-0.013683287604012238	0.030544633367370067	0.09398860740639092	-0.08014123145691951	0.09863849315831294	-0.12518178399503907	0.1311889891936783
sub-0104	ses-01	pain	88 L_10v_ROI	0.1189893195175868	-0.05397269954863066	0.023905065195224527	0.06414502440520499	0.0017819304161506813	0.08874928484840822	0.014720244008341854	0.11346823450436169	-0.001604529363730804	0.13052291788780626	0.0959381516345101	0.034872933293848586	0.1906873488370388	-0.08953515299189384	0.25207690426131774	-0.07072031212980147	0.13271597136524158	0.06961456872533368	-0.034505989414728114	0.1261258318674896
sub-0104	ses-01	pain	89 L_a10p_ROI	-0.177255023277868	0.08900675536488276	-0.26114582341000947	0.17007460735805552	-0.16195339922279264	-0.006264931507703754	0.06315048041680746	-0.22533825326865886	0.025811823668143753	-0.019525520025744342	-0.10158776199003819	-0.130720018651575	-0.04669777639050703	-0.15678455901925706	-0.0330047080301553	-0.019142562731443373	-0.04248228964035675	0.08830603431153364	-0.1562748890490983	0.22421423940868476
sub-0104	ses-01	pain	90 L_10pp_ROI	-0.11985074323611611	0.047114902082488586	-0.14244699887403642	0.08306891822749567	0.011072488535349357	-0.02146435486478455	0.03382137546139553	-0.07097883152443597	-0.03997734518104326	0.0012110399163372887	-0.020709072653704898	-0.013958639575813806	-0.07425365196755769	-0.006379384917748982	-0.02978882069136748	0.018778555577871784	0.09100207036555814	0.004665981023729799	0.07939749357491507	0.04358699591064121
sub-0104	ses-01	pain	91 L_11l_ROI	-0.12630890789855723	0.049006146922266694	-0.12588726209836174	-0.04009037798380026	-0.01091615900279747	-0.031164197234272956	0.018839267941131277	-0.11277836794249077	0.10991526289820536	-0.13367795578889052	0.12244770881464853	-0.061570406237218794	-0.057234573019747964	-0.019888292031771733	-0.058772992590308513	-0.01444236036831227	0.017045113406015812	-0.032087440976171895	-0.04900644545977796	0.0515213379058842
sub-0104	ses-01	pain	92 L_13l_ROI	-0.020579780158421702	-0.10607125783577331	0.03543506306989006	-0.05874242791236918	-0.034125488213034946	0.02339917870370959	-0.023633695786075652	-0.014571463556378887	0.046120552409558375	-0.04623317846966415	0.08252436112872304	-0.10273522540863403	0.07793774673531349	-0.08954974108165109	0.049084923279190514	-0.0232563573177035	0.03754802380241869	-0.01756884872584372	0.012071783004081472	0.007970361268400037
sub-0104	ses-01	pain	93 L_OFC_ROI	-0.0022432218101664635	-0.009330017485515036	-0.018212579403500618	0.0028936493618481186	-0.0037384846754503617	0.0013520351826752756	-0.0013799467147458742	0.00523547318921584	-0.01622123118903778	0.013574003566581132	-0.005181460176898823	0.016939317462126156	-0.006069769006338734	0.0008448608091407683	0.006322514969005532	-0.00045000983536514226	0.01493271897961898	-0.007695398138543378	-0.0017348806972131649	0.023962496787871868
sub-0104	ses-01	pain	94 L_47s_ROI	-0.13887032334118252	0.1603013860910506	-0.2867677017299062	0.3507739027738548	-0.38784440707105083	0.3967586551875234	-0.32347508760034344	0.26211885423578074	-0.04399653158199183	0.12677623731660073	0.09788957679515524	-0.013787633310392315	0.04314314501072031	0.10880388685134118	-0.21495368314813473	0.334449463930975	-0.29627201539656245	0.3731309073280368	-0.2864768628603285	0.16197137242742965
sub-0104	ses-01	pain	95 L_LIPd_ROI	-0.13348414654640833	0.08143158740797705	-0.06154586030365484	0.1174959228228258	-0.16100858636350654	0.15793175659381073	0.026917950099790658	0.06679030896579985	0.2782863000342465	0.1864889595872041	0.20425117291907957	0.050543733910153224	0.18833534568273855	0.28779217909341775	0.09414084687187572	0.264384802443803	0.06400358596997723	0.43060293625507595	0.040248732085654125	0.6424901489443673
sub-0104	ses-01	pain	96 L_6a_ROI	-0.104957186388282	-0.01513991604173749	-0.012555473557293821	-0.05368385121520631	0.0324424243196363	0.008894810449461568	0.015024428545993179	0.055596406888422115	0.04418998055515003	0.24131076235031354	0.03765184674024704	0.23001569030499988	0.05785508656500975	0.41079163719966544	-0.10185091513126192	0.543523161015787	-0.05770859877099674	0.4971220517532879	-0.007492383804947913	0.5740717411353707
sub-0104	ses-01	pain	97 L_i6-8_ROI	-0.07344892814745017	-0.034150844819551836	0.0183887110410495	-0.09490627667216595	0.08296401855741412	-0.11927360154895375	0.03422614220779141	-0.030893628977835198	0.030555242613648868	0.0968505478817946	0.059220825775241466	0.07966140370513099	0.07162768077931657	0.1043290963100622	0.07602830991803404	0.052285955756326004	-0.014425391228245116	0.20624349693058416	-0.09643139741682903	0.22980677764292096
sub-0104	ses-01	pain	98 L_s6-8_ROI	0.0575965297747513	-0.06821617987793124	0.10940363268919426	-0.005726548243216844	-0.025223335182023646	0.0753925992059759	-0.06758764027888113	0.025594511126696095	0.05104737830375098	0.010303117069996677	0.10539228331770162	-0.00038582176631408056	0.15396105813068528	0.09301466203744796	0.04798203942644663	0.1377753574627302	0.014493659862017838	0.28258254400992283	-0.12472409420431273	0.38836723320596095
sub-0104	ses-01	pain	99 L_43_ROI	-0.10409449880492452	0.022332958015642043	-0.12182588187946965	0.14387437955392288	-0.17833729053603511	0.30158394048922366	-0.14536026631668203	0.22385544787828016	-0.07864381788319429	0.22905748218976285	-0.07664849415372911	0.07224242999421678	0.06003037652791363	-0.11033510541744304	0.10264085317249569	-0.11800077198858312	0.013733600153214396	-0.007433749392583048	-0.14673603203062974	0.1007199806846514
sub-0104	ses-01	pain	100 L_OP4_ROI	-0.19163975178077103	0.018690647882442384	-0.036395955590983166	0.07137121871372695	-0.04626223372563925	0.18740532452800618	-0.07007367441160796	0.14303469097010224	0.023676294694498782	0.15738251988325502	-0.08989604815704803	0.05032887770462385	-0.12854755810489238	0.053071270819010696	-0.0697542074591276	-0.10606790881286197	-0.04196871789734532	-0.12301714611965023	-0.0659896122585088	0.02852186112937754
sub-0104	ses-01	pain	101 L_OP1_ROI	-0.14735981150597893	-0.03964002648255125	0.01679959889071672	0.06094488077311975	-0.07007097791294685	0.19972597433872025	-0.185739951934679	0.06531805136627188	-0.0004581189492028145	0.12494789951957658	-0.1435667574835258	0.08697692441053535	-0.07258247662221835	0.1608343097988875	0.06622797549602014	0.13088359141031353	-0.150190157156444	0.3489276865873748	-0.11235544470974491	0.29358820465325614
sub-0104	ses-01	pain	102 L_OP2-3_ROI	-0.14054085650065928	-0.011477117006397685	0.02324719131460948	0.002309578066013469	-0.13040893431011427	0.21866571980911276	-0.14680761365274372	0.09458204065262954	0.04040073912335665	0.16537136602688843	-0.08004506395630807	0.20625878185201235	-0.028432856949829506	0.060765836927403	0.024582186214835038	0.04475552653838575	-0.12231852553090089	0.08382457054665586	-0.09129402438703095	0.03789067225335681
sub-0104	ses-01	pain	103 L_52_ROI	0.03184239253234206	-0.09678086033028453	0.18901847003467928	-0.28756762282375653	0.37624647157767854	-0.28113212739741206	0.3668744921245545	-0.1534411678482635	0.05511184335662752	0.1778769826048407	-0.12907472332624	0.054816307525436814	0.10268672652546962	0.06837498860077071	-0.13538481774221164	-0.009871793529320152	-0.0746000314917762	-0.055503678600076004	-0.07069083865299104	-0.0037009341965927034
sub-0104	ses-01	pain	104 L_RI_ROI	-0.15327893584421257	0.0021642502395166716	0.04605825698186536	-0.06629605660849101	-0.02610367831268121	0.20442970753139206	-0.14544945563753428	0.21045896392608504	-0.14737917505962872	0.20403900441508985	-0.09206781816690779	0.011884248581517426	0.21095765278424344	-0.13875481072326407	0.07012400951751463	0.09094776819681458	0.00535299206508594	0.05262725777464319	0.04994142329021167	0.037994282575118575
sub-0104	ses-01	pain	105 L_PFcm_ROI	-0.11076179196919633	-0.09685038126205761	0.07645553363357972	0.037195971315613106	-0.0488274992377224	0.23990535557775747	-0.06161587803163944	0.0846743940406175	-0.07657801445532667	0.20459714260900733	-0.270670947674047	0.16887620443201465	-0.19921498547599187	0.05459971330147856	0.03423228933585131	-0.08868943096559997	-0.06175153112026915	-0.08750314026622917	-0.07941993817239267	0.05729415520691536
sub-0104	ses-01	pain	106 L_PoI2_ROI	-0.1054701717920969	0.08127291837882526	-0.1872118197916494	0.2776898072848897	-0.21606940993879054	0.30790598391047214	-0.231958153191519	0.220604402593778	-0.09450247342552401	0.20339674211399017	-0.10093707880154164	0.009024659332082524	-0.023688569333679542	-0.081911747496713	0.0013751135217404576	-0.0009325687257853452	-0.08326349649981309	0.062154054742713336	-0.17352718815685111	0.13351096633398785
sub-0104	ses-01	pain	107 L_TA2_ROI	-0.06855564679555083	-0.05354370154718509	0.08992752409870378	0.06292952212437225	0.10832311221226829	0.13600209383224066	0.07167313305978847	0.038600072586216234	0.06885673950405873	0.13438488953358085	-0.11909066496533192	-0.010415849914210025	0.09551942114614557	0.0007191140944190168	0.008745983942371542	0.12212411814342487	-0.3398739369664369	0.2813624793396943	-0.3565857848603696	0.2576004021470371
sub-0104	ses-01	pain	108 L_FOP4_ROI	-0.1996687631674424	0.13805820849244324	-0.15689763078576527	0.0851025370646334	-0.14072986055963982	0.15912499943601247	-0.147724523607307	0.05351031054791919	0.0007300124053038194	0.04047794867271141	-0.04006682303287193	-0.10756592251655758	-0.012421513209774568	0.01003868723413048	-0.0666620037031177	0.021258350373050967	-0.11863083768917548	0.0839562290118248	-0.1260547089805399	0.1368546598749586
sub-0104	ses-01	pain	109 L_MI_ROI	-0.2377450570956525	0.09653526777342798	-0.12638204889209753	0.007780377886975142	-0.0005691950469016678	0.08433885028949205	-0.178178248220049	0.12708643497838168	-0.2304699597622723	0.3189196364458705	-0.297820006946973	0.12058478166699331	-0.1800790627961505	0.09825013311038303	-0.19304197139975704	0.09814952974281715	-0.17140755252588277	0.07544631159721797	-0.06454543929555379	-0.019496005802946813
sub-0104	ses-01	pain	110 L_Pir_ROI	-0.18350956273962998	0.16536400462747197	-0.576897258424751	0.6513561061794996	-0.912107736148223	1.0051548013550207	-0.6812753657928418	0.45371651347831427	0.011174448188109075	-0.15120411217039023	0.25653678260845886	-0.023999698072540227	0.07621846697352178	-0.08116727159226732	0.1758713388044801	-0.07307481083295249	0.023662301340231954	0.046741946472104175	-0.36556486357441265	0.20326901343147977
sub-0104	ses-01	pain	111 L_AVI_ROI	-0.19909913775313892	0.014631721558799419	-0.20079286330721036	0.020538765910814643	-0.19485321030561942	0.10930147320225155	-0.21597395893842358	0.05919389165221347	-0.0180655762119636	-0.025952122952839985	-0.0894070036623476	-0.11369639101742912	0.18718029358299804	-0.3041720231283009	0.11417630151851005	-0.06266729900537711	-0.07688082302282795	0.0009132489418607528	-0.0332016158871947	0.026401566801426128
sub-0104	ses-01	pain	112 L_AAIC_ROI	-0.22047704988251351	0.2373578170686592	-0.4067152020302775	0.4087952963358457	-0.40129316112426155	0.276923184547809	-0.15153188849540017	-0.018618562932754778	0.31835713253739933	-0.3920322907696212	0.4149781840562876	-0.22951932529612987	0.21317090270847552	-0.22282359682631525	0.032719932368550586	0.059411704208523715	-0.09603203893967106	0.16586128925961507	-0.3324270064073858	0.18631686495267163
sub-0104	ses-01	pain	113 L_FOP1_ROI	-0.12581850876035744	0.00996008283997212	-0.08086946966170686	0.09918140819563372	-0.16924824709664948	0.22542665922322142	-0.1342335524188234	0.08125372379016396	0.037732008971770946	0.0795618419751889	-0.08293711951550928	0.03960217335578519	-0.18818556256812968	0.13876021248021295	-0.15551636121443058	0.11283818432017877	-0.18016872927465014	0.21338970485256523	-0.3140742870978901	0.24726542656988554
sub-0104	ses-01	pain	114 L_FOP3_ROI	-0.08842067086856922	-0.06469222950278958	0.1344538251739506	-0.15344842573517817	0.08490732619289616	0.018271099028010634	-0.03406834478878671	-0.03385087583695591	0.19002902788150436	-0.042574329772147944	0.05130498064035716	-0.12752728707225403	0.018735356493297082	-0.13330082247763642	0.13516019766114684	-0.23262156155747132	0.07955734980545458	-0.07070553831032059	0.001695962190107135	-0.07459016529368388
sub-0104	ses-01	pain	115 L_FOP2_ROI	-0.11421764732815233	-0.04211966065769809	-0.058352322914472364	0.08509724088589313	-0.10713804204107867	0.0933778862256388	0.006446204335229439	0.002404292268357029	0.14096964873327222	0.15573136042769334	-0.04393719054807825	0.05954855997417578	-0.07294322047620436	0.07581324572255957	-0.0020383634029069657	0.00032766264084435625	-0.029332174149258365	0.04030390071769857	-0.15619652280969012	0.07442814969785685
sub-0104	ses-01	pain	116 L_PFt_ROI	-0.09961355818131282	-0.007716421155448951	-0.04582919296794158	0.01224086507256485	-0.02525430925206868	0.11014836879257384	-0.04360084008345607	0.09841608168643382	0.045385294664648274	0.20471816839478063	-0.034700619168818746	0.17272610150157938	0.012108623454598556	0.15232439844883816	0.015035363417715053	0.3094606298631123	-0.07979689252782428	0.3725805155482619	-0.07905808298142201	0.4330418489185677
sub-0104	ses-01	pain	117 L_AIP_ROI	-0.1329808584737628	-0.06475886508422046	0.027191577076984177	-0.044117563153018236	-0.0020280676756556813	-0.043731526521841306	0.06700948754776354	0.014436074542419217	0.06760050420204104	0.2502068757222564	-0.010079836574743067	0.1252685262802807	0.06804834993166935	0.21444138778775546	0.08080674923223888	0.28557733287893017	-0.09153826757170938	0.5005273368832714	-0.1091931623541631	0.5381975830449138
sub-0104	ses-01	pain	118 L_EC_ROI	-0.12859564645500024	0.16975124314479081	-0.2515978675600926	0.03605866801846507	-0.08014029599457709	0.17179259134402897	-0.06420634933203485	0.07943942169280857	0.15098500804715667	0.05372149550773953	0.22598312057402942	0.172044640176417	-0.18768462679616948	0.03717851397633509	0.11253201935188131	0.054792754435431676	0.020563950174964353	0.12917274234800338	-0.11184454703484666	0.05902499772543951
sub-0104	ses-01	pain	119 L_PreS_ROI	0.05655369368704022	-0.21548432944178866	0.34534299057523604	-0.26512025449389826	0.2612954173296286	-0.17390648414839255	0.09566574765728737	-0.031604700487804345	0.07957675239327909	0.07670675669609756	-0.005775811504028211	0.07785512093029931	0.055880996477394765	-0.04267075224880312	0.12154940292855136	0.19668628887726353	-0.21805948884417073	0.23766259058669817	-0.20518166285316428	0.10507063061294578
sub-0104	ses-01	pain	120 L_H_ROI	-0.13142067790489761	0.10441879035590179	-0.09126526343470058	0.2719615030255587	-0.26491469114382654	0.3983122529815427	-0.40034294214357957	0.3700286944483482	-0.21958634735703403	0.32792808610385077	-0.28385325325857513	0.33074860436585696	-0.11130137170923891	-0.03953108685507291	0.25709672815958273	-0.2678777097431087	0.3460989373042064	-0.21373353936059267	0.19144703622200468	0.049579554747231386
sub-0104	ses-01	pain	121 L_ProS_ROI	0.12704401699326773	-0.1831332016175001	0.16027047903746663	-0.17666981659591502	0.22579963711677417	-0.05813144404483569	0.20112756715676786	-0.01211013498630813	-0.057882564341784994	-0.01758509907919955	0.2670848144369104	-0.17832364034775322	0.37118227989334146	-0.31154436794448487	0.48525779499749955	-0.32875459685397124	0.19533520393499917	-0.32089633752501767	0.08132102332847994	-0.2312161752701906
sub-0104	ses-01	pain	122 L_PeEc_ROI	-0.12927969509072562	-0.010111957966811183	0.04177722819758131	-0.02611407516702364	0.1256922836306943	0.05806988023613139	-0.10938027032292158	0.09370641860781276	0.07991561316799743	0.02422910723923773	-0.005043507256495786	0.15631963485663863	-0.26688018341611974	0.2757890439075092	-0.29835305064231665	0.21631224524074913	-0.2697491868950061	0.34432610548337655	-0.2920303773394327	0.10322812359144491
sub-0104	ses-01	pain	123 L_STGa_ROI	0.01901854256659561	-0.013909743696387472	-0.03309990231340631	0.0999840814810534	-0.1262215683319953	0.16893078333357417	-0.021910383370744854	-0.13293113447514726	0.18250162994643881	-0.03242061519412997	-0.04931927995970864	0.04001378458423753	-0.0012919784601556309	0.016568315531647896	-0.02675799475918825	0.1240858589016715	-0.1309744386509516	0.09060577248629913	-0.030756747000612136	-0.02737794192893721
sub-0104	ses-01	pain	124 L_PBelt_ROI	0.10932516117793169	-0.2084984670250255	0.2880083195201469	-0.12523524115360476	0.12805136824193433	0.12261918815614331	0.013345338557414056	0.1446289092461124	0.08538087894256839	0.05882970885269202	0.11293557153518206	0.04022742268330489	0.030244617949185666	-0.03972941841456224	0.0812227879343745	-0.06697239982392353	-0.010432655224683991	-0.1471143860075659	-0.048767974016696795	-0.022638733633182872
sub-0104	ses-01	pain	125 L_A5_ROI	0.03578307716479264	-0.082740247582547	0.015495504243419812	0.08468811473035324	-0.11066312066683116	0.14465661488691034	-0.0848757281967646	0.030462165947566754	-0.003997812217675014	0.07709531595466107	-0.03628569849588936	0.03198619892263912	0.051902841889400614	-0.07268314798928523	0.08532458459939057	0.006898148218752345	-0.048028673881723535	0.06584214401557438	-0.11849601537752681	-0.012055293115529015
sub-0104	ses-01	pain	126 L_PHA1_ROI	-0.0807384386009544	0.02959088274219563	0.061113169579228424	-0.0053214888507807905	0.1237378424479398	-0.09141699462352752	0.26310874260774836	-0.1402647732002806	0.13971030189493114	0.192600957118452	-0.04332948813215341	0.096782431972498	0.09463002121723127	-0.040189539371623534	-0.02170744583344353	0.2910894534525656	-0.22185850763013218	0.2108658986596785	-0.03929479983792249	0.008510599304617105
sub-0104	ses-01	pain	127 L_PHA3_ROI	-0.17720862881812152	0.3610848251774106	-0.22390566906353987	0.22888589470764983	-0.15358476867056775	0.39581457979878	-0.36543574214115704	0.49286385061158605	-0.24571374542691998	0.518367077479562	-0.11856184959325776	0.3019458555469547	0.18812891283371302	0.024933513867660167	0.23097358097603743	-0.023754130525879952	0.16197394772147802	-0.025617112788698337	0.24805728778597388	0.13275465379131485
sub-0104	ses-01	pain	128 L_STSda_ROI	0.07069073409092701	0.02300514474452622	-0.1281733696341238	0.1366778027148814	-0.18191585589172576	0.21995392969825642	0.001318683153860378	-0.08657436830628444	0.2598740718955613	-0.07192838166703731	0.08312088144053686	0.04610262126924562	0.14128430316344182	-0.060365005274132494	0.1361171771195648	0.02453194719649437	0.019360917104841145	0.0285568547824297	-0.07648537794994338	0.013022307105991213
sub-0104	ses-01	pain	129 L_STSdp_ROI	-0.03649896681409049	0.023809951054788548	-0.08004361127102903	0.0859216846431333	-0.07110783594141716	0.05643295988324521	-0.10558431545017531	0.02414992462398103	-0.08411795357537866	0.09223123237792279	-0.03624847353898354	0.0794359687205271	0.02341228536546844	-0.07656878605796869	0.1752448840701334	-0.10811757803488622	0.04845101339217722	-0.21895155026261007	0.07414800648220889	-0.12031733174729817
sub-0104	ses-01	pain	130 L_STSvp_ROI	0.10114300225022613	-0.09824725199533947	0.08572451293401567	-0.06257243938952202	0.029669985815147473	-0.030545951662501382	0.007347025342212303	-0.029692425913520577	0.07027641362979394	-0.06513965351316882	0.09320213859370047	0.020188524251599615	0.08336619566758	0.004780935194049411	0.019955701525708452	0.05035932509659236	-0.04314209924161138	0.01884840070284646	-0.10808672072407574	0.07011972241686329
sub-0104	ses-01	pain	131 L_TGd_ROI	0.011459196372262042	0.06508634243139307	-0.13005449288711005	0.2711113779306597	-0.3371474333393453	0.4106882880712142	-0.29778866538762705	0.2382504324688214	-0.10873470226485332	0.21244367549158713	-0.031118969711497756	0.04661482245804379	0.15303920916004615	-0.03387125528154884	0.11429681430472052	-0.00270658057101656	0.003806543268326413	0.08389386612721954	-0.0912380356175905	0.110336065605959
sub-0104	ses-01	pain	132 L_TE1a_ROI	-0.08275297694129469	0.04824773083893093	-0.027754907578140215	0.04068080730942849	-0.01030659433692854	0.053691544600775555	0.04957506477797315	-0.18685846433569855	0.30114049694159056	-0.10802017553253	0.1356809116276787	-0.025906269712115633	0.13658989492564588	0.07081553736473417	0.0432129854097855	0.09461103565039883	-0.02718322194053094	0.11786347158724239	-0.036990144394514764	0.14243823791793228
sub-0104	ses-01	pain	133 L_TE1p_ROI	-0.03945810442192826	0.008433945927576682	-0.006289799852040386	-0.001039584498452849	0.004030772413235483	-0.034717760381966806	0.05256540374915255	-0.024896992483508018	0.03421206060687776	0.012500429489604916	0.031260347938644	0.08146547825947137	0.03427981148966512	0.01474624255967433	0.038002463182821515	0.06390516951542768	-0.0008204827700068551	0.054590579569813405	-0.012066560948599918	0.09093901646793551
sub-0104	ses-01	pain	134 L_TE2a_ROI	-0.034636694635702805	0.0438292478213481	-0.08729847412409611	0.07659541070118484	-0.04929796297346876	0.035989518046087146	-0.018401142201918207	-0.02572246031713719	0.05602581806532471	-0.03949721985521111	0.04856103685016398	-0.05114043276330116	0.04139599614976141	0.011151398690615986	-0.019715165659333386	0.03577196884901429	-0.027350311798587768	0.03052298230988055	-0.04717733762640346	0.025710347922603127
sub-0104	ses-01	pain	135 L_TF_ROI	-0.09824890316222129	0.07246341528815689	-0.10372238055477587	0.0896362733745867	-0.12939454826574717	0.14266833231326076	-0.07130111245066374	0.11385878470267347	-0.037211292401073515	0.07099994313215735	0.006498834073976292	0.03673709184692276	-0.009248417821172368	0.08041964879613189	-0.014204351924000056	0.076323419730857	-0.020987370415244604	0.03558884324026343	-0.05670092985426568	0.13149482713121086
sub-0104	ses-01	pain	136 L_TE2p_ROI	-0.000614232405770705	-0.021662391220696346	-0.020486354311351263	0.05089974614214245	-0.06303386465844715	0.11248901715108335	-0.06880751519910187	0.14501591471949787	-0.0947712219437877	0.1657910469328939	-0.07097531710194012	0.1420498564838949	-0.04457297950428039	0.11613676779418998	0.030731079351267176	0.047699800354559715	0.012572100006606657	0.07513707137510828	0.034810923883597626	0.06966180604661566
sub-0104	ses-01	pain	137 L_PHT_ROI	-0.16006838409480606	0.071998477824793	-0.14125804220165056	0.10319420136999606	-0.10545037864633383	0.06370283596764452	0.02728180334019347	0.02459403335581858	0.02379022067934708	0.11676643514342971	0.016794925405124325	0.10775575819585136	0.0310622749815016	0.13663849430804714	-0.007075131198912878	0.11778488866340829	0.025143908318140125	0.12940608444738522	-0.04542203108570857	0.27291107178304225
sub-0104	ses-01	pain	138 L_PH_ROI	-0.05934873107132948	0.030917694579343184	-0.02407477164298702	0.09095639567105467	-0.1042639265261945	0.24306752447822957	-0.13658951274703954	0.26572939743002943	0.01340210660869602	0.2939973260096192	0.061983069074197025	0.23192766782998606	0.16282689680730025	0.17882078744408456	0.17252768912606187	0.21227311802544882	0.08145376955664163	0.3998784813615303	-0.03876703190244362	0.6577706972875763
sub-0104	ses-01	pain	139 L_TPOJ1_ROI	0.00721247882682299	0.018001484081516046	0.04976845129165994	0.012192156465797173	-0.01215431642858115	0.1425078065816073	-0.06627512382455832	0.1450555911070618	0.042519633816868525	0.16465695893345197	0.005597312408837858	0.19385563128121136	0.03894485007955628	0.040135879600523644	0.15868439960350053	-0.10589538615329387	0.12169066256114551	-0.1842962433223053	0.06453465246063944	-0.08382054615719434
sub-0104	ses-01	pain	140 L_TPOJ2_ROI	-0.038069731792302205	0.06161208241832971	-0.04715829083776385	0.11307356378902646	-0.047616372850703775	0.1091729435154164	0.00494396186970212	0.12431869287868023	0.03941539037824946	0.21988572805867063	0.05981852092704127	0.1344944815778157	0.1647021342753972	0.09363481967162952	0.15797938098583478	0.17043615836665849	0.027810924577783048	0.3394942803784953	-0.13142422993417413	0.4379812728121455
sub-0104	ses-01	pain	141 L_TPOJ3_ROI	-0.019796272016849168	-0.045785643800822756	-0.012724643064784238	0.07508132184020581	-0.13581975719752948	0.22009331317632455	-0.20091532479961705	0.20999855921108024	0.04737228237763993	0.23635343865846614	0.16755004986565233	0.03960046905116133	0.22987536411566464	0.08177322192736292	0.08706760583252147	0.28244150447132027	-0.05597644960913933	0.2832098160916024	-0.14810252990303166	0.2991169688696633
sub-0104	ses-01	pain	142 L_DVT_ROI	-0.18716288810441356	0.1178492413724563	-0.19487785477712025	0.14381147348368398	-0.3969153040393753	0.3822029013833763	-0.34255410405764897	0.3088557861616191	-0.29153211816896785	0.37192582821004866	-0.2591035029427965	0.2543903399961353	-0.18489692095506755	0.2706517311538347	-0.11945825820979093	0.12158559156398184	-0.04252110817511526	0.03247597553396856	-0.08334901519568724	0.07039021842846173
sub-0104	ses-01	pain	143 L_PGp_ROI	-0.08741158092067998	-0.017797831287284314	-0.016308803819258463	-0.03688419221392213	-0.05957204200424588	0.0655185409519915	-0.03148998802841075	0.1328039914955129	0.029943031886504642	0.23714726484013776	0.06425789891694543	0.1719373605614797	0.1466171312722218	0.20187850404080854	0.06518215594627925	0.2619295715924282	-0.01792029360575852	0.36956454124381183	-0.09680236648350753	0.4404439965980778
sub-0104	ses-01	pain	144 L_IP2_ROI	-0.1539684035039103	-0.02078644894626307	-0.02503564036726988	-0.03789330707253196	-0.08039621727457215	0.03840222683134273	-0.05435915090579434	0.04762227966667115	-0.11279598579342952	0.2717356784804697	-0.20056513873758747	0.3022530511396316	-0.16029993254895059	0.2519284819298405	-0.11019306267116655	0.2758871424433566	-0.13927484541134966	0.44682394204337356	-0.18106820566994494	0.4741705569290368
sub-0104	ses-01	pain	145 L_IP1_ROI	-0.06939681441921702	0.015173146230673082	0.046111176751174814	-0.00886904538041429	-0.10116163332502118	0.08428911760998917	-0.031356670749188575	0.0636019733147808	0.1239296891885386	0.11463763583095153	0.17807007721848522	0.056114981566581214	0.15069922918936324	0.156185081676502	0.07171158052587187	0.3533289363259854	-0.04606702793406973	0.5530570750118109	-0.12686690865577763	0.6844560366010198
sub-0104	ses-01	pain	146 L_IP0_ROI	-0.1414328620349118	-0.07484886317832914	-0.10784341798092743	-0.04440199782026215	-0.14592502079638303	0.10478936063694703	-0.11783768965952932	0.23809639789544598	-0.09109477918673445	0.43111698385854746	-0.12198692745647899	0.3926548141675322	-0.0012313460559558996	0.38418523927668946	0.0017890040029551045	0.5818736209328016	-0.035206710895634076	0.6908750581512573	-0.03761538559837178	0.8154720354707495
sub-0104	ses-01	pain	147 L_PFop_ROI	-0.18470452100281262	0.026933105024301865	-0.11827171400514226	0.056268960109447104	-0.06748216451770754	0.14402277830250987	0.02835024096873171	0.10186952154670804	0.02410298099339612	0.0948899840277582	-0.048881799516732986	0.0207794917322768	-0.06755727826125363	0.041785708385614455	-0.16855870036216353	0.11606020020224772	-0.22267800861369116	0.03765749104288704	-0.13669402501348424	0.10415237042064113
sub-0104	ses-01	pain	148 L_PF_ROI	-0.1426808663729311	-0.0016050100059478412	-0.029420830030082182	-0.06778963482374496	0.029854692058158053	-0.027193682399622575	0.022924443340471962	-0.030225432709411987	0.035129391247048725	0.06877685498772862	-0.04818634690874077	0.0836293971073031	-0.07638623038138516	0.09532357775572511	-0.050996690882503755	0.02795443523181628	-0.05452507014134184	-0.014170876909345825	-0.0420013902477675	0.008826207596116598
sub-0104	ses-01	pain	149 L_PFm_ROI	-0.044359602745911046	0.03404669094238001	0.036906464327312254	0.058161469076252054	-0.045237405751204905	0.10319088113419897	-0.04904965197932567	0.02952996129641296	0.06231704095484099	0.03467017681205161	0.07803960081981766	0.00562965560182336	0.0941121460977779	0.08374911555754423	-0.02032334115208163	0.16749367785657956	-0.1006038804626323	0.20818994314790368	-0.12459007361750368	0.27506553115855464
sub-0104	ses-01	pain	150 L_PGi_ROI	0.061066896304510045	-0.014728942804826357	0.10033950607128342	-0.007815574352350288	0.04849785580545741	0.05472576785237245	0.06241082605670082	0.06533429772247648	0.11108336483567423	0.16808332375017018	0.11690520851237303	0.10426611319435675	0.1848413446090208	0.11424370529112611	0.154975041883987	0.14873939204590642	0.08129036569082858	0.17687806379844964	0.013261608575656465	0.28224332577342587
sub-0104	ses-01	pain	151 L_PGs_ROI	0.007532738106484601	0.042151103061945555	0.03149988966685762	0.05836951027234402	-0.04173846406650173	0.09810790459134613	-0.06032709555539422	0.034109231772824954	0.05764174716376168	0.03446376692593194	0.06717931595268313	0.0692737349082358	0.03216431821864176	0.17191655097233907	0.013798467661095437	0.14618748259032427	-0.046606153771726284	0.25584939352821995	-0.1350534152725167	0.2954986539479163
sub-0104	ses-01	pain	152 L_V6A_ROI	-0.3033906730920767	-0.05781877305387816	-0.2178857348022239	-0.12427408248819545	-0.21121887178966223	-0.06290733398720291	-0.2800675560436149	0.06097263356636968	-0.23470180555407247	0.057761164727753715	-0.140998307769082	0.008244439254769172	-0.11298939077752868	-0.034427509073838534	-0.049818561393102825	-0.1491485812837539	-0.008246736635175007	-0.13997324278571138	-0.09319663609299211	0.02154901254846188
sub-0104	ses-01	pain	153 L_VMV1_ROI	-0.1363367423014282	0.0820272190063419	-0.2054588151163259	0.2758997257378301	-0.18311305024441224	0.28618508659648717	-0.11077409375151255	0.16823967404053022	-0.04095807643277502	0.367755513399819	-0.3271048993551647	0.3990101190239176	-0.2533683958625454	0.1376819189972754	0.08651608969641544	-0.10515618212958713	-0.08572520105152481	0.09038036418019461	-0.11930783924704803	0.008772991801153084
sub-0104	ses-01	pain	154 L_VMV3_ROI	-0.13390912133221555	-0.08672720658471324	-0.02649324782310302	-0.06220142055773363	-0.07450191158447099	0.1311976732554904	-0.07821918343788078	0.19178097004480132	0.15590829324845729	0.2260732156795311	0.19942971779074045	0.04368090683122532	0.32944114037643035	0.0906044492709155	0.02102131575114985	0.26831236543620024	-0.0518417645826359	0.2837439879599563	-0.1484117787060662	0.29702375412424187
sub-0104	ses-01	pain	155 L_PHA2_ROI	0.15676865882023897	-0.11562845121999515	0.13013833641394013	-0.01971044025047546	0.10524297062535283	0.22387655653536756	-0.14701502444480447	0.21626555789371876	-0.06044979610875959	0.4244555703980254	-0.22049779333622488	0.3147244699404599	0.1911047477207334	-0.08699647478539582	0.2926446295582692	-0.12351134611125804	0.18032195103597193	-0.008349900887387142	0.09811234857880943	0.14523901458204802
sub-0104	ses-01	pain	156 L_V4t_ROI	-0.00895646698827183	-0.055938724621163685	0.1380592177226629	-0.1122063711172866	0.20454252233301454	-0.055816381741884	0.1389719278214732	0.017658582086850536	0.2757153427286344	0.048154393699910966	0.2837602932708158	0.04461714661782083	0.19833162441690344	0.2140298349137937	0.08949801260174156	0.3507416786161812	0.03429628283907169	0.4892170975911319	-0.007712415788410057	0.49828828358688065
sub-0104	ses-01	pain	157 L_FST_ROI	-0.09065781923002823	0.07650388039604022	-0.09574173269513563	0.20734539973791713	-0.14440147829957578	0.13716863741621138	-0.011202573596922309	0.15148140957026998	0.025253575588961522	0.254502156198567	-0.018953390476184783	0.1626692807766628	0.09152274384676928	0.19148673150595372	0.09269313498450855	0.36022109439220673	-0.03586435890141303	0.5393119151011793	-0.07924221086559605	0.7067318905784096
sub-0104	ses-01	pain	158 L_V3CD_ROI	-0.04837435475135066	-0.07472457919656247	0.03194472311852832	-0.02082740452896288	-0.0045278623182675405	0.12191588029206286	-0.05012568797592383	0.19502617976830694	0.02792326968955888	0.3166440018401075	0.026028453993380125	0.18551417797425088	0.17939212015576336	0.19256300737891338	0.12181448207340277	0.34558515012740926	-0.0026761693785882644	0.6074607008751486	-0.1387846313055104	0.7414571402262625
sub-0104	ses-01	pain	159 L_LO3_ROI	-0.07674063800704546	-0.05909212250143163	-0.048535116547658755	-0.07393199549435858	0.01430166089281954	-0.07882388185573967	0.015073219873770824	0.10229525781536512	0.06220039199607817	0.20326091727832515	0.1405784166089938	0.16236071891876575	0.18847906130512676	0.0924855617377881	0.1761539816999476	0.1680165583354907	0.11190602434735246	0.19095414752708392	-0.02196640259448382	0.32099554174003214
sub-0104	ses-01	pain	160 L_VMV2_ROI	-0.07873754850851279	-0.12253171155348515	0.09549397202736666	-0.17010647947689572	0.08538204242146141	0.011900828863963882	-0.007844936801165936	0.0765326952214533	0.10850883076924903	0.07560281189787516	0.12798446812210063	0.038677820436011465	0.062083806602719865	0.0883091387923229	-0.034527354622910685	0.08332138727495131	-0.04497580342560659	0.03999118516113511	0.023938712046439103	0.018559863750970976
sub-0104	ses-01	pain	161 L_31pd_ROI	0.09476825730152368	-0.0648361282742514	0.016608123693298615	0.2540361478624632	-0.2377081887448851	0.3543879286521172	-0.19322585064488143	0.23153843170946808	0.05214476891493095	0.18637570069209877	-0.024424525781255875	0.15392583021985143	0.22297326981385646	-0.049342880434337745	0.19748423992242625	-0.0644744766819863	0.053341794097213346	0.10789300652287658	-0.05507508634728914	0.11683167567206627
sub-0104	ses-01	pain	162 L_31a_ROI	-0.1730142914879061	0.02156783828131661	-0.04509176549185618	0.13076794746697143	-0.09561174276345388	0.2199165238037462	-0.0035101507840049556	0.1316276485953765	0.11820074498326374	0.14853888578471972	0.12812701858864972	-0.008972164407990584	0.10334807713870274	0.024897865504725187	0.0005510660561926252	-0.007547138101777892	0.08241124168102382	-0.09915227178888913	-0.008880094479945732	0.0610470248276342
sub-0104	ses-01	pain	163 L_VVC_ROI	-0.16488028184341139	0.10236696581425467	-0.09638843625391458	0.03361979860428984	-0.11428775325410037	0.10934581391353361	-0.06775022735743398	0.11246019519748326	-0.08109890705820368	0.26309659124290785	-0.0322915895894254	0.14020612470615482	0.059684797307171286	0.17094130322504714	-0.06751235045354224	0.3844905173779507	-0.12940351366179828	0.32746937409764626	-0.06801395768641605	0.40882625328511274
sub-0104	ses-01	pain	164 L_25_ROI	-0.08494515073741747	-0.05324326738214521	0.06795057477509195	-0.0007903243593101416	-0.1104171849851074	0.15013273270066207	-0.10386706820275568	0.10524320206821754	-0.12701587597123917	0.22501831716113602	-0.07353051967948196	0.154662618341973	-0.11305533844428395	0.08364027101441171	-0.006339270678564145	0.06571202959507175	-0.08781531130712357	-0.04872754871391931	0.11088764809331957	-0.06794055142022928
sub-0104	ses-01	pain	165 L_s32_ROI	0.008978648286534158	-0.10900812429537458	0.13562908753335234	-0.16207359959293363	0.0706626491532492	0.19305037511636303	-0.26593497473229655	0.3647251526687934	-0.0949758496824702	0.46290887426757626	-0.3307159576951761	0.5780611769367178	-0.41374259826161264	0.41628577476883283	-0.060655418654330016	0.22341461264790408	0.05535147594679525	-0.24921367603617303	0.4295571178155302	-0.06281300766775692
sub-0104	ses-01	pain	166 L_pOFC_ROI	-0.013515900629603483	0.04271475666774766	-0.0905996416785761	0.07009107897748225	-0.09039683129999843	0.12399072344767421	-0.11252726836241445	0.05842680988407372	-0.028175896241101558	0.05356910087721958	-0.05441951475204243	0.04787499970357236	-0.03988065844871986	0.004266445114663003	-0.014435402968154104	0.02389187213189858	-0.01963691792612186	-0.0070383148007745165	-0.001473739539380514	-0.03288588412324997
sub-0104	ses-01	pain	167 L_PoI1_ROI	-0.09223718792259365	0.02178992235000814	-0.08623552418185931	0.12373057024067204	0.020823891385095415	0.066772848542577	0.04678216863299129	-0.03915982681023799	0.07201723413353102	0.04831195874112126	-0.1148764886163574	0.09647085818481778	-0.1329729274508506	-0.0726890419114211	0.04472632967234022	-0.15713461069536303	-0.06474502745433133	0.00556323607848049	0.008613733813598142	0.006635594766419836
sub-0104	ses-01	pain	168 L_Ig_ROI	-0.18092060580555272	-0.06708795794447749	0.13932145786982061	-0.047602935175737784	0.05735428675265207	-0.03008810601808932	0.18453612107765274	-0.21143718242653567	0.4021986021497484	-0.25077381498062506	0.2802508502632106	-0.14784483295976122	0.16588309651246702	-0.15923785290728487	0.11459076502014716	0.06977761009137834	-0.08727020272112648	0.1484870358013028	-0.14592740404744572	0.08501367497659529
sub-0104	ses-01	pain	169 L_FOP5_ROI	-0.13581347264021792	0.128405826567579	-0.1756534075961753	0.08395936454418558	-0.137882333015162	0.14297591443642407	-0.1724103829408843	0.205764250818479	-0.2315351385974258	0.31416163958066634	-0.2397482933257176	0.07487301689721129	0.016657090467381563	-0.17783423075195523	0.1524808835947474	-0.18637021011000268	0.03314328589286072	-0.08371068940512615	-0.01571987824616255	-0.014487565770928884
sub-0104	ses-01	pain	170 L_p10p_ROI	0.013595229389895314	0.02570302260276574	-0.07660601960345016	0.09345765479540158	-0.08842540107297407	0.07704431327008193	-0.004005939681509498	0.030513464339253577	0.00465715552479289	0.10728941294194475	-0.01742830750186057	-0.03326406557080162	0.06457208081809616	-0.06306060401531807	0.06972138876937181	-0.00012084439937141262	-0.008052357992210551	0.03125826264934038	-0.01358292223349245	0.1420210714691808
sub-0104	ses-01	pain	171 L_p47r_ROI	-0.13950446186611465	0.1653989688783861	-0.052706407916616835	0.008704553185831486	0.04698148001814008	-0.05055819041889334	0.06433503586222236	-0.21953150774667743	0.24034240261032397	-0.09195038425725396	0.13999729879585815	-0.06944376635193286	0.1402536403448528	-0.07009768535207575	0.05470051851726567	0.03969405262872402	-0.03484295174913255	0.020970384003662287	-0.06772681505870452	0.055061093871630704
sub-0104	ses-01	pain	172 L_TGv_ROI	-0.11075736261705824	0.05944776201950423	-0.0968176272417286	0.13692882194921607	-0.16661944744438065	0.17838283204249564	-0.24031113097738943	0.09315849050887048	-0.037481714293312256	0.15147052799141242	-0.01625692300448308	-0.051454943694078416	0.11036859081810885	-0.09052790323252974	0.004811469771977352	0.1078911956136113	-0.09374643537911201	0.02371434611297747	-0.046226796277127696	0.02896939935778042
sub-0104	ses-01	pain	173 L_MBelt_ROI	0.09259938120704699	0.05765979048681291	-0.14397339254293423	0.4410316917339187	-0.40355066893162056	0.5508857349271908	-0.1421815210285272	0.2723594598693559	-0.011796958792999218	0.16703165283289018	-0.06136645087410693	0.15896800765237085	0.16956552239537698	-0.1754697193165004	0.1725402531981835	-0.2452880895801208	0.11889824250956084	-0.07162403006153979	-0.010573402807458356	0.031014472594672864
sub-0104	ses-01	pain	174 L_LBelt_ROI	0.03619972064192051	-0.11469773027424593	0.19008202738176277	-0.09472381892475289	0.038660626641104916	0.1990079005852929	-0.05879511251684809	0.28647718092783175	0.0023218371637608788	0.2117439624552831	-0.01678892255793403	0.014965290173835513	0.11151606633968461	-0.06317847240452584	0.16362301917011937	-0.1056930248835967	0.06106180601150206	-0.12229356742286698	0.03193688872289616	0.06943670875160399
sub-0104	ses-01	pain	175 L_A4_ROI	0.006571084744728572	0.026289784480099766	0.08296673469706731	0.08000397254825052	-0.09759537831587418	0.31027473185161736	-0.12882624500507203	0.2498706909189562	-0.04706902375505822	0.16517047418328004	0.008102781908745488	0.03793028756033913	0.021623494066290022	0.0024778017140618834	0.0326272641996447	-0.07931011468842197	0.041482588355951956	-0.13446963077642113	0.08062242735371741	-0.07126796404709555
sub-0104	ses-01	pain	176 L_STSva_ROI	0.12896102623105463	-0.010607494683411305	-0.06570883985507511	0.034132869773519675	-0.16448855528469036	0.19609399331801172	-0.09437161445894791	-0.02630078812295421	0.17459617808019948	-0.0006098205122202806	0.03889735649299341	0.053271048009844175	0.09573236936700942	-0.005611927993241438	0.14582762761352058	-0.007926810135981064	0.15156581512070272	-0.029348298363745005	0.01804881659855463	0.03477191650491102
sub-0104	ses-01	pain	177 L_TE1m_ROI	-0.013818377511105304	-0.0010847195093042225	0.006690019980054988	0.008891853815127753	-0.022019241116041196	0.024172876166848135	-0.035887224633991445	-0.006531140084235416	-0.022647796804848738	0.05020374607199464	-0.08471093679143947	0.05169747665920969	-0.03460665653246634	0.03296727127916677	-0.04976728855589591	0.0837705807648147	-0.09315877755645595	0.12730465343371952	-0.074005905595099	0.10979078987724429
sub-0104	ses-01	pain	178 L_PI_ROI	-0.11988891311901376	-0.007493093757439102	-0.285008719956085	0.5169423956713046	-0.728179155872618	0.9177649944988606	-0.706194180147474	0.5389584657062231	-0.1671218010449305	0.04067214424599746	-0.01798575336014198	-0.00014097030206725443	-0.07538513607636131	-0.11572610432122554	0.21920280273402235	-0.12958365339699107	-0.009305173851186095	-0.1819630728746849	0.02176737162465256	-0.0633227829182899
sub-0104	ses-01	pain	179 L_a32pr_ROI	-0.14756375286565226	0.0077871023086849255	-0.09597539721713229	0.006681483760795813	-0.0894074073775699	0.12117377779402877	-0.1022269014570148	0.033594232925041295	0.06578277533186204	-0.049717001475191785	0.056237198333164255	0.03432909028663791	-0.1571700373683836	0.10017783288500803	-0.02277440434295167	0.013004133354520095	-0.09649881906600674	0.02981053498345644	-0.13045722302382862	0.10117428039714717
sub-0104	ses-01	pain	180 L_p24_ROI	0.07737156617974081	-0.17106872763727776	0.00559862766704501	0.04600231605775209	-0.23270406264884186	0.47666479265007783	-0.32275666806242576	0.18578192890928788	0.02941653312341	0.021618031665536518	-0.021724280475532532	0.006072283357866118	-0.0039971893365765634	-0.17106219053362276	0.19279668366895802	-0.3718318994408922	0.14398663192493916	-0.25566406248531426	-0.09214783372212848	-0.00038093441424134834
sub-0104	ses-03	pain	1 L_V1_ROI	0.31517052944348695	-0.06679050243459772	0.29636937245493644	0.05867782925579929	0.26850521968852675	0.20321917401736037	0.30637366584285136	0.18955267511065987	0.4523843119788204	0.1645944874923189	0.5470987774353204	0.1598454758132276	0.30552284739740254	0.07176333647496173	0.16295030728438317	-0.033405784859605256	0.09499020809951196	0.06578695674344026	0.0022495636966631616	0.10573550776778683
sub-0104	ses-03	pain	2 L_MST_ROI	-0.010544379471115615	0.05375195064331994	-0.1299134887950816	-0.0010046073697567526	-0.023625929961732003	0.002368934190045177	0.1259268840352669	-0.051877595702682355	0.23064018080733822	0.07766342216369054	0.13337260218436023	0.03469125929775614	0.2377150029642803	-0.019039545087313887	0.32789282251744334	-0.02431909463261592	0.2691638003953721	0.0641317009866979	0.13221701356680396	0.13142718427909744
sub-0104	ses-03	pain	3 L_V6_ROI	0.13920583488991817	-0.01826537119353205	0.04154028370539284	0.04557522255104868	0.051936261599410116	0.1791076968336111	0.02842070154395222	0.0849698592944713	0.2716317814621767	-0.021224666595371502	0.40423978561757407	-0.13984059282161102	0.284212827342575	-0.11111760429092217	0.059062881493974116	-0.024299315573389046	-0.11718461135306903	0.1320295848956819	-0.09151589059476635	0.015354230774684754
sub-0104	ses-03	pain	4 L_V2_ROI	0.1792483507221206	-0.009714053575034146	0.18191650364358897	0.03565980095971007	0.25262245203078365	0.12276616031096454	0.2827310950226694	0.08693590185538734	0.3645125679544128	0.014893825744160578	0.4871822875284718	0.0023072317622907356	0.29290179239835384	-0.001403596811899688	0.07054172060814697	0.028104967043917094	0.024051167989228406	0.057822736552545	-0.019916535332365367	0.12088321053101822
sub-0104	ses-03	pain	5 L_V3_ROI	0.0717142574081925	0.04432082721179826	0.032857257243584514	0.019619522507382647	0.13378847740847813	0.18691789030738598	0.07871512697841242	0.1364797849113604	0.2374729325236993	0.04756374995184776	0.40054756037516964	-0.060779885269351165	0.2616082734424274	-0.017676898893152337	0.11126304165638294	-0.025122465268648517	0.06407921701532965	0.07497164863836903	-0.06370340030340453	0.1220323486377515
sub-0104	ses-03	pain	6 L_V4_ROI	0.05947033008077377	-0.003131703081502421	0.05666007177794376	-0.01990249561164295	0.17409886243596903	0.10078845530757025	0.16226525229558797	0.24681704454361875	0.1851148594726793	0.2672560800694461	0.33343091125591257	0.13058912195464412	0.21238511683015898	0.16722560038924483	0.1518624860576672	0.19845155052135904	0.10571755230317696	0.2506770195089063	-0.0580659487283642	0.2506608148815949
sub-0104	ses-03	pain	7 L_V8_ROI	-0.051975254581381046	0.03479084873621219	-0.04965901101059282	0.12886843888959706	-0.016513559739430868	0.12226570842475364	0.08567858152344868	0.26699401294609776	0.25631083511871183	0.19900542179773292	0.4400587453452155	0.1379218660776986	0.190437996969655	0.16234387152117483	0.041310973339390725	0.11809533154896096	0.09536707080823346	0.08024224132302901	0.05228980516599687	0.011489767138952797
sub-0104	ses-03	pain	8 L_4_ROI	0.10463000417389783	-0.12292449624577689	0.13981777910696985	-0.1024729315859598	0.22573812650091543	-0.07485221644586901	0.22546545169867774	-0.013885933903750997	0.2295693434130405	0.0909090909553102	0.352373348957433	0.024743940686984277	0.35326939086479414	-0.03712356011958491	0.2817771638912975	-0.014103275514573336	0.16143531656609433	0.062214853552981224	0.043301390346360207	0.024967652789689904
sub-0104	ses-03	pain	9 L_3b_ROI	0.14022434009844195	-0.09952035977221738	0.15349467330364655	-0.10592241788636891	0.21018277121373113	-0.021627115876583145	0.29613868064347376	0.09679650385017384	0.22415928523992207	0.20865544928427562	0.31999863109509136	0.1373395908622285	0.3325924851814561	0.036334007428228225	0.35929988821882186	0.055292013604414395	0.25466742169840784	0.1597502713378473	0.07283031216433997	0.15562431146730446
sub-0104	ses-03	pain	10 L_FEF_ROI	-0.015177801737598319	-0.003993950800783708	0.015245440316615656	-0.0694411597639913	0.08666167034722885	-0.04318153746293589	0.1353523413502598	0.10720458084338336	0.037696619159021706	0.19583530208814065	0.10808618936557542	0.11485431809901292	0.15815685566057	-0.011768647549085139	0.24286102769409149	0.01278528641907189	0.1252458529452785	0.15233706979929418	-0.02250720844273626	0.1914778912730228
sub-0104	ses-03	pain	11 L_PEF_ROI	0.06317780562496525	-0.15873276215020168	0.17979675326512742	-0.23835054223266644	0.0727498529983622	-0.11425732690706836	0.13845273684408216	0.0020954160056992385	0.09124703007570002	0.15337829880736442	0.12464229752470499	0.10338881604474287	-0.010573740102969485	0.06660239619704866	0.11273296741316856	-0.014832494005198172	0.14394456978418507	0.01612553175380061	0.08544541291682553	-0.04148846136775954
sub-0104	ses-03	pain	12 L_55b_ROI	0.11283402063926519	-0.15954136428523125	0.12945002540522774	-0.13157350680513716	0.050738651250376784	-0.04731415170098878	0.10837642865452869	0.0629808273236639	0.04167325588497813	0.07845661609296546	0.09199935663814178	0.05745247474626105	-0.009468629780108444	-0.05563675201349439	0.06626940371188624	-0.06922740980016535	0.06402207857418525	0.07608520043172154	-0.04614072547840218	0.07291351767453572
sub-0104	ses-03	pain	13 L_V3A_ROI	0.09254912986141575	-0.12305582766722903	0.15261341291334432	-0.12118835965280939	0.35716014467366336	-0.0032407612926825696	0.2689010049553172	0.14482916513515848	0.18618296509631924	0.028830309983465363	0.27593226154709904	-0.1129485386302362	0.1356501724104933	-0.15916068803653333	-0.041021252800717126	-0.09394770316408266	-0.059170025620137005	-0.03165650231259979	-0.06208364777109896	0.04240904165589292
sub-0104	ses-03	pain	14 L_RSC_ROI	0.42910155054812266	-0.19303388680845854	0.4838365853523764	0.051836529911785646	0.4556886920262243	-0.25588011740732336	0.782455581470154	-0.1521017535142637	0.5059834841170799	0.061208253484436904	0.5916280721804146	0.07515343158946518	0.4506322547328243	0.07207673431087462	0.1965934263649884	-0.11500335584972353	0.2838077384079393	0.07356042817851188	0.051016506246916574	0.11350748700235504
sub-0104	ses-03	pain	15 L_POS2_ROI	0.2909718466452963	-0.06524380036129371	0.271350671737123	-0.1824586184210254	0.2753075549069294	-0.03399724687097153	0.25279221314792405	0.0011125918688971637	0.43086271914066343	-0.07836384811262126	0.5335344547148968	-0.1424794044587093	0.49367933666264296	-0.1550417543041241	0.3004027458600981	-0.020476140508703316	0.07906436250970708	0.20800334569133422	-0.06276613042626895	0.18746634263346348
sub-0104	ses-03	pain	16 L_V7_ROI	0.055710974430763185	-0.08069681855189838	0.02586369046465313	-0.015670738600860535	0.17419226776555854	0.08257414600925402	0.13842924700983544	0.22573305800439397	0.22606580756861747	0.18175983781355168	0.21346796893739084	0.1660637860465104	0.11320320245444383	0.12366875610684631	-0.10736477775019407	0.1439479896987626	-0.07945183299438323	0.15310339162667427	-0.03322742200255489	0.13984071859838465
sub-0104	ses-03	pain	17 L_IPS1_ROI	0.12795384753179415	-0.1220453621559587	0.09770891143821546	-0.11437677190005102	0.11551878352835258	-0.031960340710968295	0.1802869073355698	0.1116584351821396	0.18680429469604948	0.20359090510715935	0.1574009359834602	0.20362869481573764	0.16171752472757542	0.13124526552721202	0.08429326571243163	0.24033084378623684	0.04274431074597188	0.29493835525699774	0.020277026493229613	0.23734378367254602
sub-0104	ses-03	pain	18 L_FFC_ROI	0.15184999864284404	-0.050775240339786525	0.15931009230817691	0.09345321524554241	0.0035513335205898566	0.007690320861922777	0.03190449526761599	0.3251295479012426	0.007226592380257433	0.2490699854781875	0.455038552490609	0.10025304216610315	0.4873250180275489	0.12576210205418917	0.2377769437494014	0.28865316888092424	0.021798590021892553	0.4815366223162245	-0.06216399029989659	0.4333044386674382
sub-0104	ses-03	pain	19 L_V3B_ROI	0.04984388762049095	-0.15620894671746086	0.2130403926362314	-0.2650868962015603	0.2946772512505103	-0.009581799189167453	0.3661973972709503	0.029011193053906346	0.44138001780783814	0.07470182856427393	0.33224242826375244	0.15853638195791395	0.08757794608534457	0.1936160886232614	0.08435601850241635	0.22467881365636258	-0.00364446649985638	0.36769125547185394	-0.0911150013755583	0.2371770214053718
sub-0104	ses-03	pain	20 L_LO1_ROI	0.13404600753276918	0.019904835250592154	0.055033835185443095	-0.039045425594540384	0.11063245034631958	-0.031069690582583583	0.12607818597639808	0.2122909341882571	0.08270045526821371	0.19783869684985916	0.20890305784089708	0.13437174858933565	0.17421557238587482	0.16305687245926126	0.0863053710272481	0.27418917654940744	0.07001364119858554	0.265915547944237	-0.06168744120026558	0.3081340506959809
sub-0104	ses-03	pain	21 L_LO2_ROI	0.10777531379758629	-0.09946015727892496	0.12852630062469986	-0.014952360270325545	-0.012162220410889992	0.04496894589001494	0.13175077787856995	0.10537233353789548	0.15961234096443697	0.20418984785842506	0.18671668050669163	0.11173209761633646	0.1749079704982936	0.05295130803008851	0.17889491244632375	0.12119486395092129	0.1274311395745241	0.20822271198857345	0.008705595551514846	0.21686762742221996
sub-0104	ses-03	pain	22 L_PIT_ROI	0.016082363223536643	0.07804784802385091	0.04283214300134447	0.09324513620992082	0.0995375432095571	0.0458349143610229	0.14478412738962032	0.2608430543706384	0.06688657470531531	0.3410794714266133	0.18503074238095274	0.28139560206867376	0.13537927830290222	0.25616986241130824	0.059703308448239956	0.3574840921805538	0.0985825271131333	0.27291357506289626	0.042718794474933194	0.14455447499785323
sub-0104	ses-03	pain	23 L_MT_ROI	-0.06301966113631575	0.10830494894144482	-0.09982649040046389	-0.010364613091763512	0.015016742668044633	0.012884864660839618	0.1411837831362463	-0.01651121710138037	0.24824294225108876	0.07300648079293283	0.26017159798323075	0.06290338793980098	0.2249552229166999	0.07022030494937191	0.19676846450857455	-0.004691237267627826	0.1756011023321802	0.06506924783253384	0.1588736482675316	0.004976863820990788
sub-0104	ses-03	pain	24 L_A1_ROI	0.19488244390771237	-0.10771693712328106	0.13789376396413244	-0.1669593712999044	0.15152507033677853	0.08895877769494735	0.16940173765114824	-0.010665985610333375	0.2743928069680342	0.1989180942501492	0.2111892821309687	0.11023567388920844	0.21472282034725054	-0.0612234848070528	0.4331741923978624	-0.10459805727895528	0.08152675352974112	0.19632947111417964	-0.13018723531370133	0.07073013285532666
sub-0104	ses-03	pain	25 L_PSL_ROI	0.08843943581591467	-0.03493008919235085	0.0907564286045397	-0.041104900827848664	0.08946549087028072	-0.018457949627528097	0.2024995035185159	0.005402187830138595	0.2016464816752092	0.10285563316220109	0.17241340976910755	-0.026494230974084983	0.08213750229151179	-0.11342870940885451	-0.023357274139154425	-0.07635555177760076	-0.07452461480891917	0.09284468652122724	-0.05318681100651772	0.06278564320513016
sub-0104	ses-03	pain	26 L_SFL_ROI	0.09991472356402185	-0.00837871875656006	0.16847421939499296	-0.11104032788137372	0.16961610827484028	-0.03541202594991792	0.2324170718187597	-0.01069468878658537	0.14069713835500525	0.033237676284136985	0.15987179742489455	-0.000295381922518175	0.041410587759836616	-0.05802322699059298	0.0645142190716715	-0.08937851930256019	0.0764402001198182	0.040803910744081316	0.07196271477221523	0.04430091228892666
sub-0104	ses-03	pain	27 L_PCV_ROI	0.29419829104447187	-0.006350227291311388	0.3172879771627404	0.036718473460601454	0.25535825803374496	0.11018733294986309	0.2641645447376995	0.10894176900935705	0.39091104600190707	0.15378834266856894	0.3284366102766417	0.01210733842130016	0.5027913420035365	-0.12624522476453295	0.34466020019340504	-0.01826886443698142	0.2211147466957265	0.1333298180898849	0.16012557604689046	0.114089936912165
sub-0104	ses-03	pain	28 L_STV_ROI	0.12048439987675677	-0.014169737379695903	0.13013820016624222	-0.1418500210180153	0.1505271555067352	-0.025454286276849116	0.11533361810282292	0.0387890806060333	0.23068481712206723	0.10235017567999381	0.34873137273224797	-0.15725118069705207	0.33392997802277663	-0.2760994444849426	0.29683961508144674	-0.2644310116861932	0.08309828194975735	0.07526558163699773	-0.02899785816030144	0.15248801508114182
sub-0104	ses-03	pain	29 L_7Pm_ROI	0.4494955220490363	0.06280248825563312	0.35517290905226634	0.21196435419705978	0.2978173997012622	0.41563938257318167	0.3321269441231379	0.16131309364245297	0.5179548129261016	0.08827728532300107	0.582391597644321	0.08197859074222795	0.4609472242150945	0.02615109283214861	0.24555406693383292	0.25790975425740353	0.06355069131377158	0.33149950844089343	-0.02218617596472735	0.31356812682323537
sub-0104	ses-03	pain	30 L_7m_ROI	0.46084850048685116	0.0391325691764279	0.30435044639116765	0.15781319698130508	0.41217919377559603	0.2192322347056646	0.42427012014668875	0.3587601528301196	0.41527706983522666	0.435439039971996	0.37922274087645935	0.46544859478858036	0.36956197920336253	0.2845740246495928	0.27762207935803	0.31488262578901083	0.16937192535096857	0.21210477653027587	0.13527766457801985	0.0936627597278428
sub-0104	ses-03	pain	31 L_POS1_ROI	0.39258965685292957	-0.2686790173190964	0.442623912937644	-0.2484301371915502	0.3750558953355682	-0.010812526104636715	0.2632801251890609	0.1689650144741814	0.20008225441721866	0.271803540368633	0.29747000495958675	0.27147948891663787	0.07112629262266022	0.1887100519340128	0.044021079916904834	0.022489640605938745	-0.0671272699890864	0.1999143116440744	-0.10794327348337822	-0.009142509866913636
sub-0104	ses-03	pain	32 L_23d_ROI	0.03510843388214008	-0.021121348518381055	0.3044773563678801	-0.12376032542040308	0.34191775018546683	-0.0454997005171407	0.2979330536997001	0.14522823604185242	0.0494923942658762	0.43668986132050874	-0.045215626967908026	0.35325105463137213	-0.0054131146747414035	0.2314567790595682	-0.11303013558205549	0.11786435063025234	-0.022774160020058616	0.06880692468499391	-0.11413575145454788	-0.0508938577556773
sub-0104	ses-03	pain	33 L_v23ab_ROI	0.30317665845847686	-0.13293347061492614	0.5911852558670683	-0.12505607095120866	0.8020088845943392	-0.4132577867688803	0.7060447068140693	0.4259440452988295	0.03218591261653407	0.5383253111224587	0.11159284001514524	0.5960120215094216	-0.06765716884632389	0.3463730937807678	0.018709706344229415	0.05706480659594761	0.00935208672230534	0.18632021233727092	-0.1393751784134707	0.010660397206128174
sub-0104	ses-03	pain	34 L_d23ab_ROI	0.3263652221695646	-0.046631031841557063	0.2864625996748451	0.29401437537800335	0.24469934226955764	0.287108246181022	0.38281041837213325	0.24273069007000492	0.5102469338680522	0.20567239347573332	0.40762051016660084	0.33921337765594134	0.2291466163693208	0.2532861637874669	0.06739396419702295	0.1343401506877131	0.06519827291382244	0.15425530218977054	0.05229990822988131	0.02439524067467009
sub-0104	ses-03	pain	35 L_31pv_ROI	0.33660294008817704	-0.04566207339051585	0.33696462909006375	0.15403477345926556	0.1756028745678466	0.36556921410267945	0.33333672529024616	0.15141783207579249	0.41692410889655324	0.2707785014930998	0.2860514350591884	0.3116566412878292	0.22801295471752994	0.12560322959397083	0.18789974631869938	0.06388119952108434	0.08762038693871896	0.09934967197513668	0.08822717494748365	0.023031818057551376
sub-0104	ses-03	pain	36 L_5m_ROI	0.03250416987649092	0.01845599699900368	0.06548246921347618	0.013721051955838478	0.13101692218221161	-0.09037031294968148	0.15539137995316732	-0.04610109453912221	0.267690383099126	0.08542314930036074	0.2944342573457581	0.16925642976528943	0.16425960847353382	0.15287950927262525	0.08411789597826222	0.010114598133774987	0.09680494171565468	0.028587726737156698	0.07890628005822786	-0.004460473458334066
sub-0104	ses-03	pain	37 L_5mv_ROI	-0.03434433879897	-0.0672197359032967	0.14114656967149086	-0.23274683403914692	0.08711854129054894	-0.12531368518234579	0.11268132094411927	-0.1110494538200966	0.12887540168772177	0.010108825797928654	0.09269957159163325	0.062107687682881545	0.038457302364540764	-0.09167492647301248	0.21171626772502755	-0.13196606824418275	0.12693719131574432	0.005385960809057636	0.04164909371151393	-0.012019734740718845
sub-0104	ses-03	pain	38 L_23c_ROI	-0.006104547541251566	-0.04843636690232049	0.027251319859829082	0.016673780250096	-0.0048085222375649885	-0.0304584995913633	0.11024883666647621	0.02305395919062682	0.049320336622871136	0.17118257284582272	0.04837904251470486	0.10981999957042528	0.12739501732115213	-0.032800762674512776	0.1086386577068944	-0.050322485810831326	0.003056107989902804	0.048358264902593415	0.049240957626089245	0.006155211810331476
sub-0104	ses-03	pain	39 L_5L_ROI	0.04132607088379113	-0.03572308477653755	0.084376138058248	-0.10175858440834623	0.17802761194753008	-0.09124290610348225	0.11619312336399978	-0.00129688136261526	0.11376480473883593	0.0210920290687068	0.30029643898706143	-0.0018056902477334236	0.21686992068146477	0.03848636477221316	0.10478813529772167	0.043601105260877314	0.13632323654744813	0.11480324966345178	0.02562531931594156	0.16065640224750555
sub-0104	ses-03	pain	40 L_24dd_ROI	-0.01218353638202757	-0.07305299850936765	0.022377035192889284	-0.030746485649433018	-0.0913514270002952	0.12582564428886753	-0.053341313568333174	0.09674864518123262	0.03880209206634229	0.2954223624036114	0.14956596508672454	0.24877369928295062	0.19817416229447665	0.013833809576278255	0.23105167064039553	0.06577135129602885	0.10136192796664494	0.10500761171364548	0.054591133158528045	-0.06024536903897118
sub-0104	ses-03	pain	41 L_24dv_ROI	0.0025673059308233903	-0.16436133552382762	0.07639259242965644	-0.2990761461284977	0.135885604016987	-0.144902517860743	-0.10733492250208827	0.19518779910513606	-0.1732152910174892	0.3370044616541477	-0.03247606452832367	0.21423934586750737	0.1065880351917806	-0.19347680791425811	0.3129783258063026	-0.19326637026339347	0.3374822827854102	-0.132626870297662	0.21684004759008565	-0.07549004047093706
sub-0104	ses-03	pain	42 L_7AL_ROI	0.10809893453375806	-0.07123489046396116	0.14703389439372072	-0.05005975205806614	0.023970639784863846	-0.09217432873154457	0.21016105469696053	-0.19430619746425015	0.21998219033654662	-0.1285495210729194	0.2807650514975918	-0.06344516563245652	0.21968276726950905	0.02943735111361103	0.12150235427239918	0.12649863084120952	0.04235795774389626	0.2041223738262166	0.03879825736860319	0.1623880988286193
sub-0104	ses-03	pain	43 L_SCEF_ROI	-0.0016183638989823237	-0.08408256966497356	0.031922139283867744	-0.12639867899829188	0.0764050811016585	-0.04671993179786507	0.06023975582991435	0.04498809902034394	0.11302595756059036	0.05878958815338454	0.23907646462948545	-0.05523388273504592	0.29298454836259236	-0.21342100335011804	0.3901803151001801	-0.11991475742858636	0.2149062239355753	0.02197955711342799	0.12542902304370146	-0.0032366270128199323
sub-0104	ses-03	pain	44 L_6ma_ROI	0.03942827776182056	-0.05895529994594063	0.053411518756277955	-0.12487550784257721	0.09513286243421273	-0.18506498464475973	0.12130098479350461	-0.05340259731111706	0.08891710585436055	0.00588182629625404	0.15571791796531903	-0.0008876282127103856	0.08563882013740147	-0.01390225559979007	0.13945281680442007	-0.03642737472352455	0.07066091657125076	0.08848947898826529	0.06442764861574346	0.06543737972450164
sub-0104	ses-03	pain	45 L_7Am_ROI	0.2921293040086678	-0.04630622209442236	0.3167232620518185	0.04094913196001751	0.22603963529658927	-0.04286627091561785	0.29555168160501477	0.07985532038784054	0.29622706933103865	0.15565289008948208	0.3327265237109773	0.22352893913665658	0.23624772854251683	0.07822259909104338	0.2729554337508384	0.18068288132371213	0.1499796206831592	0.3021034335881128	0.09341844210844465	0.3202411166642089
sub-0104	ses-03	pain	46 L_7PL_ROI	0.21192786661591578	-0.10339539966592279	0.2329193893793944	-0.04373298165009347	0.11610865269434928	-0.11797928848684221	0.0662551818877816	0.029737518651199276	0.07668364609679189	0.14209507803055554	0.036438478677558395	0.09858169304310298	0.037304809552894766	-0.04876568620584615	-0.035974348358469715	0.09177569221610044	0.05752996761126516	0.23126079740031005	-0.04177804754648516	0.33794498349928803
sub-0104	ses-03	pain	47 L_7PC_ROI	0.17960348063365048	-0.0866127833066634	0.19526439926234654	-0.13885348997300115	0.14281314994767003	-0.05789276855300525	0.17878095596730614	0.048847490286199516	0.16834841247151022	0.16959468861980342	0.2966727458238725	0.1471541857166381	0.2898967185096659	0.1533970027550537	0.2932232781036508	0.27255803349078284	0.19629068972965397	0.3526862575955866	0.08784307208994789	0.3232564033165755
sub-0104	ses-03	pain	48 L_LIPv_ROI	0.17432493014608957	-0.09979148342925029	0.16242219523060525	-0.11660660613595612	0.07939613080254405	-0.06834158471381326	0.29542164123470416	-0.0892742441716569	0.42468615377630153	-0.0525246811032313	0.43634805724720094	-0.06353148663330865	0.31422787017147047	0.07822278656255453	0.23686000237702773	0.12887025502437738	0.1263772503725955	0.34537418511327383	-0.04548460975795097	0.2684404019100765
sub-0104	ses-03	pain	49 L_VIP_ROI	0.16292549549163124	-0.059495950359963294	0.18141836367401087	-0.1232716999442937	0.07640514228443215	-0.08373701540631129	0.25988651080981107	-0.010804374952924965	0.16797909194251115	0.1584610881127865	0.26525675426879564	0.10469629716037683	0.21948876659884745	0.09066796467330111	0.315576589128939	0.1944166376471792	0.23603647250904577	0.35849749146701915	0.057016411827000645	0.40941158861439697
sub-0104	ses-03	pain	50 L_MIP_ROI	0.14000385672956062	-0.164620150839392	0.09838254868439168	-0.1007445116638247	0.00038083358503268036	0.1283402858363201	0.022567839813108313	0.2601979160457783	0.18554201645170276	0.34519179539661204	0.3345231336753634	0.23004725833926395	0.3693078015685635	0.11201154908775583	0.3562580757421753	0.3025592028331602	0.20259975365157806	0.47034397892978463	0.07364749759803858	0.44186430552408196
sub-0104	ses-03	pain	51 L_1_ROI	0.12546543286320733	-0.08924320047835238	0.15864868780666405	-0.13018357068628963	0.2173418573377607	-0.058874205893640064	0.24174990772866703	0.012476066425470085	0.18385845225515285	0.1654490675947826	0.20444301966859643	0.11764186051090436	0.1626728551598963	0.082795522708443	0.15995635886487852	0.0941390857048881	0.10257671771582229	0.18928692592877475	0.005817368288063115	0.16308855230060595
sub-0104	ses-03	pain	52 L_2_ROI	0.10611135230191825	-0.11099135187466996	0.13503336651759948	-0.1138167103030369	0.1465569058257564	-0.10333225487171188	0.19111334622266823	-0.08860931417350586	0.21952260809273966	-0.030145018939843164	0.25259209042577707	-0.05086811617080615	0.22052446602258083	-0.08017339875493117	0.2561286490622969	-0.09129364483772966	0.24602341575828643	-0.012979463844283558	0.08481927742947971	0.037182708377786186
sub-0104	ses-03	pain	53 L_3a_ROI	0.05257232685454274	-0.06888500142482525	0.08447258950256446	-0.0560714610988335	0.17853303308467938	-0.07280150216283447	0.25128877823749907	-0.040072603826389164	0.2585510538187055	-0.02376967414076007	0.2908027449532215	-0.0329320735983979	0.2726345209024248	-0.06992615637010634	0.17235589741662097	-0.009242903690649007	0.10541270196646002	0.01548005867804994	0.06633335052474697	-0.008590094584837492
sub-0104	ses-03	pain	54 L_6d_ROI	0.1008260211594432	-0.10631425527334198	0.18731569792196306	-0.1950653808035252	0.24336820046770327	-0.055341040747207165	0.21329416617698346	0.07311690269481592	0.16055242142038234	0.2414661355214757	0.20092146794497948	0.13882059733458207	0.22922150849075223	0.15659617166061657	0.3160980235435479	0.12492115132081853	0.3183798163234071	0.09617235293869232	0.1369985664364043	0.04324660907370138
sub-0104	ses-03	pain	55 L_6mp_ROI	0.05453374011819473	-0.10786880864534396	0.11467910258991494	-0.18738418745579377	0.2113553922872175	-0.16339840693870505	0.20773366475275773	-0.1478453374942852	0.24299907885411398	-0.00044227181697989746	0.2526118596502884	0.001995527566225477	0.3068677870060675	-0.09895578311258116	0.29159075855106953	-0.027437376825846568	0.1748895403360693	0.08187023260028034	0.017079217150912186	0.04611611046040445
sub-0104	ses-03	pain	56 L_6v_ROI	0.0875338495536756	-0.14521000215889332	0.1857050797151736	-0.1569552880861342	0.1436634898620346	-0.053728502417575215	0.22881594849199516	0.052051883286069835	0.16570391046233135	0.19200200410918095	0.2054974515977785	0.1305358947075389	0.10359527600782145	-0.0015761888933594785	0.16770437058745796	0.010778247566980774	0.11008567995565621	-0.011009333123400812	0.08008969746669571	-0.09258063735928487
sub-0104	ses-03	pain	57 L_p24pr_ROI	-0.16075353116085633	-0.11572317479992593	-0.10733664010224846	-0.23058823717231397	0.3138178499149863	-0.5823226034078004	0.40784752564308696	-0.35049736106105256	0.41315247851620984	-0.2596851902428626	0.6599038718428143	-0.27373846793733125	0.5525212662139914	-0.3737853967036054	0.4981264951076548	-0.31914039296914165	0.2592927685241638	-0.016182895318651663	0.012509310009672188	0.1380718223285073
sub-0104	ses-03	pain	58 L_33pr_ROI	-0.045287310888312796	0.22156563063842394	-0.28717050425254326	0.2812588551077582	-0.035629534857689556	-0.1753139972503572	0.3923739392273594	-0.3319847260046206	0.5473927509997959	-0.0576780289989107	0.527866740998269	0.1196016967094511	0.09999006706223132	0.19720777722552485	0.0964734145457335	-0.09291365627139646	0.07813607804407514	0.033383777559578255	-0.025764185450947923	0.17613503317026055
sub-0104	ses-03	pain	59 L_a24pr_ROI	-0.2642088093859132	0.19585366714549624	-0.3351854359951979	0.11525855550275715	-0.0756442460079729	0.05157474528848059	-0.007312055725550674	0.0019573411075991688	-0.06989679309240458	0.180214349434876	-0.12882152143955203	0.1909596719492476	-0.04849638001936342	0.053102326815052184	-0.21348695897753767	0.28868396560413606	-0.3497519909910089	0.14620466634677193	-0.19139714142893705	0.10930014511414286
sub-0104	ses-03	pain	60 L_p32pr_ROI	-0.03173305846689864	-0.19834854780188824	0.05206839808475884	-0.11005083587302235	-0.14341571165924513	0.1144270894347872	-0.28683989994863707	0.2396801718229213	-0.2357751438788127	0.1761347136769014	-0.06851443342884495	0.059127471686856024	0.013601324563123985	-0.06413137574236193	0.01640856555029773	0.14548796768025607	-0.059524473604489106	0.11755916637297482	-0.007142011846087869	0.048716205670359995
sub-0104	ses-03	pain	61 L_a24_ROI	0.0806988292862097	0.17457616010704297	0.10338226621125772	0.026243478999923926	0.2108392875379476	0.05718967373111975	0.08151094235681841	0.4132878342229002	-0.20885851596261443	0.60226105553858	-0.2708109841670919	0.5049124513560815	-0.2538106736535517	0.3951023939877633	-0.13783876708099763	0.21325678774876136	-0.14336594581286835	0.18949790858903348	-0.05652231076940653	0.021699559452356795
sub-0104	ses-03	pain	62 L_d32_ROI	0.17737892488940055	-0.07212701777299313	0.15491093508491852	-0.09822604061367686	0.2533608886123776	-0.06648750914961445	0.20892404075774632	-0.05043151715894303	0.3008552334080775	-0.029954949196039818	0.26750642191301793	-0.021239598781467254	0.1072920783339662	-0.021244688207791556	0.07092864980755408	-0.0043124648345922705	-0.11740855014110967	0.11210972194973133	-0.010369314378312303	0.12691636347293045
sub-0104	ses-03	pain	63 L_8BM_ROI	0.14564209188492905	-0.06386067368250835	0.1246556498915649	-0.16031598020050922	0.1637340328024125	-0.03434795213752164	0.17056276727387615	-0.12585182103829923	0.18981960954017366	0.012257297325305005	0.1739704557229276	-0.05764136137805224	0.11085861887467548	-0.2293467799894281	0.15256749895831834	-0.16891433664294767	-0.005954011269997471	0.018620816156225163	0.0011769626561765507	0.05469468950280336
sub-0104	ses-03	pain	64 L_p32_ROI	0.10960465638110294	0.055249824392267506	0.04857674709137791	0.07388118159643892	0.07166987451909866	0.12320112779794144	0.019740272181831282	0.22629553053194723	-0.01884036588154619	0.2545366508593156	0.001984898314775688	0.1721089050947306	-0.05469467267591176	0.11611367210188406	-0.0340199960293108	0.09933104975465291	-0.03388995342869332	0.04791868854725789	0.04473802890631007	0.007677090379717718
sub-0104	ses-03	pain	65 L_10r_ROI	0.3224397307778777	0.018733049055282093	0.08437530667590366	0.15964168023131498	0.15422913188947016	0.20466769462555978	0.05697738919292799	0.3912840946406196	0.09861415703789488	0.391730175960361	0.03432024731113305	0.4495407726524898	-0.03616488518112157	0.2604117585298576	-0.05451524004365593	0.20850059786570882	0.05841173141248353	0.05481627925866787	0.08047727876659022	0.07403302975844683
sub-0104	ses-03	pain	66 L_47m_ROI	0.03985601089642529	-0.010805803204574043	0.1397436810530649	-0.19537807926540246	0.27466887826234954	-0.2201595647502494	0.42291272647651756	-0.13036761630691007	0.22907375127036547	-0.0803816856812439	0.1979442613836942	-0.000275172502532671	0.16147887119623838	-0.09522723410669343	0.05962067958795527	-0.08257783663947407	0.020490154305024336	-0.026780732594220473	-0.04633016331803399	-0.06234119631326585
sub-0104	ses-03	pain	67 L_8Av_ROI	0.2496524500929744	-0.02567348925720821	0.2988467066134899	-0.060051698377561684	0.3541720684596029	-0.08316441313895838	0.43643962821747534	-0.11685534587086127	0.3325236758520154	0.10384033771047867	0.24939039956062425	0.022696358398397145	0.17280750021512126	-0.09815082007476947	0.19209335964149693	-0.10478787301946921	0.07288915203271354	0.0030746584453845687	0.06966514373528176	0.0065426440221696075
sub-0104	ses-03	pain	68 L_8Ad_ROI	0.21876047211351551	-0.03153437628235605	0.17709086072558716	0.04486606199431737	0.2407503415844255	0.03472934585477972	0.258751083328696	0.12134481204631377	0.13117563594129442	0.2966981013463526	0.11600478072688372	0.2351375135091181	0.027417454174646482	0.122884379257988	0.16817813104303275	-0.022559731610951903	0.16116866279301315	-0.019945305835514543	0.10844797272396808	0.002611932388053567
sub-0104	ses-03	pain	69 L_9m_ROI	0.2700273757061775	-0.09802589396823966	0.29678259566809106	-0.12406097567901725	0.35293176993808506	-0.0012453806924029253	0.37905220489966673	0.08027590656164411	0.419746672795633	0.16459219893750288	0.364709583913583	0.1344019218741795	0.2758464918516936	0.045103091299007345	0.3105519689925851	0.04064107832875942	0.124098979274892	0.05195146406292881	0.10052412955643232	0.06088334127600433
sub-0104	ses-03	pain	70 L_8BL_ROI	0.3408536834172056	-0.17708169860232145	0.38735323766906765	-0.16195596374000493	0.40929919506603296	-0.0437251920959396	0.4002190163846015	0.02846727595875911	0.358503673079819	0.16504586164804794	0.2977909292300254	0.14901799677857272	0.2600214509931702	0.023175611301815488	0.26675871503764964	-0.015582681122564723	0.1266812211255137	0.04777024873678583	0.07040402166899463	0.02802281384602214
sub-0104	ses-03	pain	71 L_9p_ROI	0.15937339164109737	-0.07375877502592697	0.21537007554549878	-0.1741950367136764	0.21003290941405958	0.028402219650824054	0.1754119572717209	0.01670964710661929	0.16941742915787067	0.1242685094194014	0.12489212801811374	0.05017949731602408	0.08118098809762571	-0.028289219269132807	0.09932571553016989	-0.0178717844078684	0.022277935753251824	-0.015693676257546304	-0.004117407546682814	0.014624247757352745
sub-0104	ses-03	pain	72 L_10d_ROI	0.26177342995693703	-0.05542321493771461	0.26695763273888895	-0.013327335673965062	0.281849097248986	0.07012086066574318	0.2777038161241744	0.17886072178898949	0.3025675069630939	0.21768495885196995	0.3227951290093315	0.23203010857518463	0.2139564785078216	0.1926741246758234	0.2466427368191249	0.11343248617404261	0.13798177712801998	0.14332623639574743	0.11709634121765304	0.1428214179349235
sub-0104	ses-03	pain	73 L_8C_ROI	0.2020831450353732	-0.1260592659551818	0.14046887957558646	-0.07307103833959863	0.12612330067728403	-0.07911054830801824	0.2848498645419365	-0.08998624064991854	0.21626786336375123	0.07089430791739909	0.2639432941684678	-0.046062587108730575	0.10008554064710493	-0.06203074486834629	0.19998598018549704	-0.12057243029110103	0.20789526997365732	-0.08039723021427418	0.19229304258612404	-0.061214751538639575
sub-0104	ses-03	pain	74 L_44_ROI	0.1375289102744683	-0.13937513098194332	0.23148646996420813	-0.10199105841699262	0.23082765409240638	-0.10736074264580209	0.4122761383244159	-0.12722014255639977	0.32665636084576516	-0.03861188899808228	0.25278313292064114	-0.11744694853896666	0.03452105883064201	-0.20358338021144592	0.08567603618737613	-0.137825386147558	-0.03775949835824022	-0.08172459205504692	0.03965042070142133	-0.07496511475013798
sub-0104	ses-03	pain	75 L_45_ROI	0.1303660082715338	-0.07566250378624742	0.12072479141356052	-0.01678118414032786	0.10903236252754772	0.11048308111420588	0.2557804708675944	0.012961742324084447	0.30826016968536474	-0.0046181728775849225	0.2794398147168574	-0.09830559729272244	0.16109040107979103	-0.2481405898883706	0.20721970923860208	-0.14404199582015897	-0.001672608605833957	-0.144774893336069	0.025117445621587693	-0.1374917326958541
sub-0104	ses-03	pain	76 L_47l_ROI	0.11037869644114738	-0.08063573118184567	0.142769882171863	-0.047831149246019895	0.16818508257806425	0.005726924924629135	0.2905779410970319	0.012594490146908	0.20905546718589213	0.08032510521696992	0.19116471682880942	-0.04281520647587993	0.2286035464382684	-0.22033737316824623	0.17427331925268041	-0.21558469475396067	0.0884168437152373	-0.1706494342982795	0.050807502956119015	-0.17445352293545924
sub-0104	ses-03	pain	77 L_a47r_ROI	0.13360290908289968	-0.0736658097110272	0.1858209126610474	-0.12586421973875675	0.16389231636155904	-0.052262652065722545	0.14834177932793227	-0.0032808940594630963	0.10737684700790635	0.0784001521244536	0.12539941744629568	0.0280441175803404	0.09522098499567205	-0.06944008618716503	0.16083466779635236	-0.0907524917645697	0.06899081258047206	-0.01652089833411589	0.04560490779896431	-0.027947612908042808
sub-0104	ses-03	pain	78 L_6r_ROI	-0.01181978026778997	-0.1792257329891823	0.12124197346679601	-0.2100484277283326	0.07846104204576848	-0.07259958448599275	0.28369973728776604	-0.06246477906237881	0.12736803644683314	0.03037078164239754	0.12873426952440306	-0.07106357155985248	0.014775880094368116	-0.08917191458941381	0.0879994799760518	-0.13070588066079641	0.020754335442628957	-0.07626261933002727	0.07170145480244232	-0.16728478423651813
sub-0104	ses-03	pain	79 L_IFJa_ROI	0.12284844850679044	-0.15322517784087303	0.10089008323561399	-0.11350407749177098	0.09715743915759298	-0.04279143077345995	0.16751253713032344	0.07456860171666885	0.21564441210072646	0.12113820599737724	0.13879606459417249	0.09634482543091952	0.00708837251455066	-0.03617659373567758	0.09140015246119974	-0.11444043773369736	0.2037957005778325	-0.1926901220339434	0.23488356707541302	-0.18934924711087994
sub-0104	ses-03	pain	80 L_IFJp_ROI	0.1572520602266501	-0.17527728762725092	-0.003288307576280499	0.03208190320408253	0.019643382396291476	-0.023123680724609297	0.1812015031902784	0.29414161106759174	0.12275723643398675	0.2956769050545085	0.1375203273032223	0.19802164592626	0.1643845642601552	-0.02589806467166349	0.5267476470467262	-0.21509717630361158	0.5443947699249085	-0.24501348682018942	0.3249930650109212	-0.009631999914114531
sub-0104	ses-03	pain	81 L_IFSp_ROI	0.17292776573068805	-0.13760353252499488	0.19049613290420953	-0.16402409852003533	0.17614161533737432	-0.03341360802306462	0.2852869081835864	0.061163562460714256	0.22759485158623213	0.1651743589073811	0.07710600362946553	0.11776011103278211	-0.018056708483916176	-0.029096868722670553	0.05824740444634164	-0.1510268972010422	0.06194902616802259	-0.13792739127252931	0.09046497446096399	-0.14458177117498636
sub-0104	ses-03	pain	82 L_IFSa_ROI	0.09468412456985212	-0.1493996552932386	0.07344088561748069	-0.17581104822598875	0.13850855475299062	-0.11172040072672684	0.17421099562956782	-0.13366890656466443	0.20905232923246844	-0.005541816465513601	0.08468451900954942	-0.059587912422579534	-0.005767629214997909	-0.22008900976171697	0.14549722640532142	-0.2025043712914967	-0.03476300847784284	-0.23501972802292267	0.0360255840521729	-0.18316806524761095
sub-0104	ses-03	pain	83 L_p9-46v_ROI	0.1843290697762266	-0.12465653109964842	0.12837583808031516	-0.14684201897929625	0.09943963984864232	-0.10802004063114926	0.2811881018017928	-0.13632730093585865	0.18727057384860565	0.06637371721325386	0.140475227693734	-0.039885859005395756	0.09090707585033152	-0.1625556142333185	0.1621537893198087	-0.16999771467245484	0.1396588338036941	-0.08434127600670396	0.06657212343578431	-0.08879056970436798
sub-0104	ses-03	pain	84 L_46_ROI	0.008933458665945637	-0.11714202043495227	0.0801437092824059	-0.1898770051196156	0.06446185837743808	-0.11529968719258224	0.13995460132963355	-0.1830466491758252	0.059105315050417606	0.03351030829927618	0.046760441256325135	-0.041838069150080995	0.01839824779082008	-0.17750949276679667	0.0965121516650413	-0.17527883095290483	0.0011007808278976892	-0.14567894958787558	0.06141306637109947	-0.192655774357211
sub-0104	ses-03	pain	85 L_a9-46v_ROI	0.17346146647836427	-0.1539949855868074	0.1822150592974586	-0.1230166299323962	0.06168455944383328	-0.008050739425693718	0.08537680879175187	-0.08116357152473723	0.013395595550038027	0.15197974364162226	-0.006815746355484414	0.017696896059991692	0.021700111573695318	-0.19596799983302188	0.18239736150809793	-0.21456176842093405	0.12763431654812957	-0.12050492983728245	0.06543462555497845	-0.09074275487951977
sub-0104	ses-03	pain	86 L_9-46d_ROI	0.16916908108568143	-0.1392404958756647	0.18765960700292056	-0.1599331642257687	0.17123466338075843	-0.06810926648153218	0.13984008353105265	-0.03979365310581492	0.07092323948123563	0.1386779062890921	0.05899553695968209	0.025656307661262246	0.03531095325768842	-0.08690507152672387	0.09736361551306605	-0.07530655230291355	-0.01413919469463538	-0.0023590744434850014	0.02981113198417842	-0.011458896372019415
sub-0104	ses-03	pain	87 L_9a_ROI	0.2747741995494225	-0.13196370111737432	0.32358991265883263	-0.1614669012121736	0.32622533642224966	0.005089787762904053	0.26938554482751764	0.1018739451403098	0.2568367881488176	0.24002469857034558	0.2575891751145247	0.15011531940378436	0.2191483226302813	-0.023754125115301453	0.28668021728739934	-0.10018254046331586	0.1349780761383797	-0.029519609080654634	0.08696560055176401	-0.011050001305113737
sub-0104	ses-03	pain	88 L_10v_ROI	0.13899416818668062	0.04713314509742559	0.049789609828885674	0.06238263774264177	0.09984781494826907	0.05798702108580489	0.162760950814482	0.118996689526902	0.19324691925131457	0.16811683278547987	0.18148876082562915	0.1782582481585156	0.15480100070433667	0.11984967181406274	0.06616362573230239	0.11396899106585195	0.07035263780225508	0.020436876288672686	0.1053099244262565	0.028422906391634487
sub-0104	ses-03	pain	89 L_a10p_ROI	0.20813646597149743	-0.07460052338959704	0.17055321986216082	-0.2125874068395608	0.21824542054150953	-0.12404163232773854	0.10114679091023507	-0.0321388603881239	0.02922006035677218	0.1458677408316099	-0.045321885503252564	0.11092543123222874	-0.01062325259545338	-0.13404890355689708	0.186422817716713	-0.20077852150455802	0.1709533278825697	-0.040066062311689424	0.1151747748614685	0.09740052537496874
sub-0104	ses-03	pain	90 L_10pp_ROI	0.010397738500646455	0.00010556875255421716	0.02260263272215294	0.04487384626337459	0.04846742110780176	0.0045116464585451144	0.030371410363523026	0.01744934137596685	0.04106030192107599	0.01795538432309361	0.04011305437437626	0.04741977524716619	0.045736482410386296	0.023950869106786392	0.02878172208180625	0.03282669986874504	0.0009586198307503191	0.06734524454485721	-0.0010878458907395722	0.0500470735174939
sub-0104	ses-03	pain	91 L_11l_ROI	0.05044294468628985	-0.06200089627645533	0.05783265904517961	-0.11495829485770485	0.0773424816263036	-0.06520347213435015	0.013706301176290148	0.01384319095921919	0.002003811164956348	0.019887615498393324	-0.010879581207145944	0.06404619709174592	-0.028397802525096497	0.01223588051973315	-0.05369946533814833	0.058505128007372946	-0.044214638743347905	0.022551444606280457	0.01427112482980601	0.009973184430375108
sub-0104	ses-03	pain	92 L_13l_ROI	-0.006013066431079037	-0.0189226963630525	0.006742032443142971	-0.02113866769919775	0.09349023731537878	-0.06972840261404076	0.05869870072266262	0.01950617415058716	-0.061310191946193734	0.08040561652257924	-0.02446387642099234	0.09756014218021662	-0.07143521343887457	0.10369966369050766	-0.09329232657231211	0.11675735166191364	-0.12242608893392624	0.10225334462784619	0.0035162451011080736	-0.020105916654008574
sub-0104	ses-03	pain	93 L_OFC_ROI	0.0008899285339742936	0.0019236164609038242	0.003956474272254737	-0.0068386385986074945	0.011367225241375234	-0.0019037651681117704	0.0034492512207447315	0.007806496084361902	0.0023651083171975615	0.008534356071321142	0.005819240887282108	0.007334746914642163	0.004347768062414983	0.009584380166315831	0.0034704465916700245	0.0035349424344063	0.003533241515003813	0.004408487169113987	0.0011643048211705585	-0.0013210758805344337
sub-0104	ses-03	pain	94 L_47s_ROI	0.06465718147271693	-0.021658584112850217	0.08458880853521357	-0.006477766654797948	0.19206826772516447	0.005382233177205408	0.06997363446537123	0.20738830670372072	-0.09445855403767597	0.41836744361171757	-0.1809060172721894	0.38555158587779575	-0.07458383110317476	0.10052223698053317	-0.023075792149783236	-0.1712425761205618	0.0815901276320837	-0.19260044852569236	0.08135198301896625	-0.10490563407496178
sub-0104	ses-03	pain	95 L_LIPd_ROI	0.06057023781429039	0.008255227036273328	0.05129617717908651	-0.05245559451345553	0.1812130012502014	-0.09406073351002037	0.3598158341027644	-0.11951558820605221	0.43586533709795855	-0.1460667521395759	0.45321898382343767	-0.15957125843649064	0.36847604296800374	-0.0187900513237866	0.2931497824549519	0.05694047767786013	0.20948218644403224	0.13064608420618393	0.0750694373621501	0.11921944733330564
sub-0104	ses-03	pain	96 L_6a_ROI	0.07413789588887132	-0.011738765877097952	-0.01460365654651977	-0.0031220341478329704	0.0742774322143022	-0.019758630346659995	0.07218099334981895	0.11883918775607394	0.1750220560011012	0.13734627430309496	0.19656535031805786	0.14523758842169332	0.16440112866190834	0.20145761491157718	0.25003842938076865	0.17462882829015205	0.230532321092554	0.1383149465474565	0.1054514162033874	0.049035893565178006
sub-0104	ses-03	pain	97 L_i6-8_ROI	0.16503585965807704	-0.08390299858858745	0.21884956832717825	-0.1726434484007661	0.23547266754480786	-0.12367649618388553	0.12173091971834926	0.008741520775293748	0.16873908890901831	0.04682573318129764	0.20197601709683174	-0.02904422115613712	0.13970482404409773	-0.05559448452470586	0.1438618198064357	-0.08111500835303335	0.13180972349840478	0.005884111416812584	0.06966100900707523	0.05725572963750852
sub-0104	ses-03	pain	98 L_s6-8_ROI	0.2974020553336343	-0.11240756349902817	0.3233514454130238	-0.06331069699383567	0.22888087499802248	0.06359610588161475	0.251189281876579	-0.017781733860498795	0.3049122448819324	0.0729422176787955	0.29101735441355153	0.019220673263715425	0.2214509972950543	-0.05714238266744622	0.23554942970298193	-0.04622481042221589	0.2145851895298126	0.004753566574481435	0.10749907569106097	0.038952704768978094
sub-0104	ses-03	pain	99 L_43_ROI	0.004292259736455518	-0.18695877450647252	0.22406743084308609	-0.395354779740298	0.34999266643902394	-0.1902657369372723	0.28666172684202873	-0.08572426491839372	0.23075611737446633	0.03123860251468088	0.2245476612187028	-0.11792031483747663	0.16771198504718418	-0.1704504727283984	0.15091183575682202	-0.21417471007654107	0.12187061081637729	-0.14212611262317992	0.1206144596812358	-0.10493882744125865
sub-0104	ses-03	pain	100 L_OP4_ROI	-0.028715199169398548	-0.09236635028361785	0.12700808675732178	-0.2578615827049891	0.1641676714067778	-0.11532605752778807	0.2087456955596287	-0.2596473505766573	0.22384249628396316	-0.18033371798579884	0.23919800826904283	-0.3048725872415536	0.23143615420218447	-0.33803620377077875	0.17209544146019665	-0.3642746102513957	0.11538500648847025	-0.1664381973596003	0.028781252873846815	-0.11637366028376306
sub-0104	ses-03	pain	101 L_OP1_ROI	-0.02046609785192967	-0.06631936751602699	0.12107838030666933	-0.2765616421538567	0.17782323728299962	-0.11008598680921049	0.19197601582913593	-0.13285109231080955	0.29868616198408793	-0.04780763608910889	0.2849117814485936	-0.24211576330449103	0.4034949988231132	-0.26273781979609356	0.5539100949142396	-0.2507838468614439	0.38554663746117174	0.011318279628212507	0.0650988797637537	0.03069913340076447
sub-0104	ses-03	pain	102 L_OP2-3_ROI	0.12610505514999706	-0.20744631621645104	0.20757995722333136	-0.3274657361617984	0.24936864232725867	-0.13403622191014192	0.23042246659234353	-0.09775043503541958	0.2291522930779847	-0.037719291176488014	0.3091501842186417	-0.18732720305067538	0.2258107930679353	-0.13943868388432304	0.15721773915307033	-0.10793722578913363	0.028357773927421406	0.07445946521235608	-0.06732184835866005	-0.05656686488897622
sub-0104	ses-03	pain	103 L_52_ROI	0.09372383755064274	-0.16984727295201546	0.2855105905026479	-0.72187019209774	0.6445917528720754	-0.4942934978156772	0.5620770398908481	-0.3540805546517833	0.40556300978822113	-0.2098872680624639	0.399113018628552	-0.29778121374439553	0.6138055908994269	-0.5266453556558203	0.7029364744895723	-0.4028615398037127	0.21330873589563257	0.042435502690072756	-0.07941475949470367	0.11971578527945577
sub-0104	ses-03	pain	104 L_RI_ROI	0.13537477835453224	-0.19361231539684048	0.20122085881900736	-0.10390660984170239	0.2582416330720443	-0.24313560559357741	0.38822808824160676	-0.19210336561845962	0.11971276850903792	0.14155786869996004	0.07503878239507693	0.17606398953315006	-0.004360412959086598	0.24412751484953482	-0.04051692370516531	0.21645179311101537	-0.07769265048319741	0.25275682190212045	0.03371279004180998	-0.06956806072789612
sub-0104	ses-03	pain	105 L_PFcm_ROI	-0.036902565199952164	-0.021915855160178816	-0.007062351995737012	-0.09540977811321251	-0.010879817255182146	0.030473107718857813	0.05530275052575847	-0.04141032795045136	0.16217650560501487	-0.005118028999489829	0.14034040526923278	-0.15119258245052827	0.2564697045844351	-0.247021743596156	0.3465317482556822	-0.23733314202904884	0.17079028890539713	-0.045751458916241085	0.03823590984774701	-0.06581027956030494
sub-0104	ses-03	pain	106 L_PoI2_ROI	0.05984134880993748	-0.17996340674765743	0.22058178662992306	-0.43991986941371813	0.4471733982235232	-0.3544229719927351	0.35505253565618594	-0.30090669951251775	0.3766294382137139	-0.2647505055938122	0.33204823965932834	-0.17856326643038167	0.030562922086388656	-0.13800165181728996	0.2223964703812457	-0.29655309998584767	0.06440521962154265	-0.025657311782075785	-0.061172969346306456	0.026981702709728456
sub-0104	ses-03	pain	107 L_TA2_ROI	0.022083623863141066	-0.29633232858833525	0.3867305124433063	-0.82430029774913	0.4243210389148303	-0.34657279047288725	0.2908955658374018	-0.6015186062350615	0.623554291385504	-0.45954699283670536	0.642658438887759	-0.4014520045407374	0.3157095847261666	-0.6345530643761931	0.627511303972695	-0.5796216365051554	0.19858059329414227	-0.1953170938826142	0.165313343449354	-0.07488602491168911
sub-0104	ses-03	pain	108 L_FOP4_ROI	0.012845558328593128	-0.22272849896712632	0.11923033972570585	-0.3725815692136725	0.22270378672792354	-0.2930177929200631	0.21545156533903168	-0.3712140092137268	0.3224333810628056	-0.2354777059391465	0.2049156674650516	-0.24207060716481732	0.05048612016085295	-0.18152479589305917	0.08530666032596076	-0.17710892797614322	0.026131920294034484	-0.04058472556748334	-0.06113125103973996	-0.05098519519624831
sub-0104	ses-03	pain	109 L_MI_ROI	-0.029878637919829434	-0.023677281924197276	-0.0913368820200983	-0.04977097995238773	0.044276041998687406	-0.07557293203631528	0.1623042591996205	-0.3395749738208295	0.23632775365630135	-0.12269413134288118	0.028558545152118156	-0.01850833591131426	-0.1326800467538228	0.01604347910114978	-0.0010513345649372158	-0.03875419815609758	-0.04960539911225778	-0.009486599232611454	-0.08267626454930356	-0.0981348757178056
sub-0104	ses-03	pain	110 L_Pir_ROI	-0.12238510187594441	0.18387889032959018	-0.04026583607119487	-0.34465044171978376	0.14629883101243457	-0.017030723509379037	-0.0562358240287715	-0.2771959058923176	0.45346256697404225	-0.1660591537266615	0.360559423021282	-0.2753471810782066	0.36500098153480587	-0.22490497544353394	0.2635858036138978	-0.2998229940496835	0.12336864467870877	0.03161803914707652	-0.2715289809966634	0.18270228456503365
sub-0104	ses-03	pain	111 L_AVI_ROI	0.08408255595454601	-0.11555965482959578	0.09761927928902643	-0.01828153642536944	0.03176862790129284	-0.07807081094457091	0.1588611633869069	-0.1680831149787573	0.021942750262275313	0.09663235466080941	-0.144106980095926	0.08638105704815155	-0.21401499437344268	-0.05987765784741207	-0.022728270999915687	-0.12003622673609651	0.002542423083579595	-0.13515788337923781	0.1093765001241851	-0.2623100510668357
sub-0104	ses-03	pain	112 L_AAIC_ROI	0.14373281972608967	-0.1363896141238751	0.043149570034788955	-0.07442912468635972	0.1190017905812748	-0.11309437884541945	0.1880564146698676	-0.20578493923330465	0.11059905182499952	0.2171624187271097	-0.10030620276933001	0.24080719250120372	-0.2289382730785511	0.06843083867921766	-0.09611876849575068	-0.04590288268546056	0.07404163381591063	-0.23492465580662716	0.07549072638777697	-0.07497251500511923
sub-0104	ses-03	pain	113 L_FOP1_ROI	-0.09441479421038035	-0.252116013742943	0.17696912119618294	-0.4494913675550075	0.23269760587013447	-0.2021076453746088	0.2276597890907105	-0.2792411775152017	0.25623008532172464	-0.12159290867084452	0.23217999518404056	-0.24810063943317437	0.23653314368724052	-0.5399490131002196	0.5936922866481541	-0.6262243676529542	0.33676700276326493	-0.18707176051384194	0.09637102083911651	-0.10023537737147073
sub-0104	ses-03	pain	114 L_FOP3_ROI	-0.05838559387145714	-0.03275732174917296	-0.08565825093902074	-0.17130771068324643	0.13887919071182275	-0.0867691084630463	0.0025219124185457305	-0.09598997745020514	0.01585779638158513	0.05699661316626779	0.09508928545370725	-0.332334324367798	0.3042215516406191	-0.5454409897510418	0.5029785746512638	-0.632252264503612	0.385201080393597	-0.3318509182257856	0.10019726692126864	-0.1815839616987587
sub-0104	ses-03	pain	115 L_FOP2_ROI	-0.09409749965611977	-0.05371853971024704	0.009719805082082568	-0.35819502689437943	0.2759655057972027	-0.23053413752653815	0.12314147258728654	-0.032828022698915216	0.0849927396987564	-0.032262356083572474	0.2528988749713413	-0.2374456745242506	0.31017795316755464	-0.3895192486970746	0.4131626420251197	-0.40156660252071136	0.13013205673285222	-0.04806043143319152	0.014993124850854628	-0.04935085956490116
sub-0104	ses-03	pain	116 L_PFt_ROI	0.060687424051126156	-0.08572194495543871	0.14331499431554037	-0.11474605717149812	0.10243521702498354	-0.06388383173115977	0.16255264928155053	-0.0470003068124413	0.16203935096602679	0.06857853137602189	0.17221808621790438	-0.03219580429350698	0.12123038652884922	-0.06340251007641173	0.19980862648298528	-0.052342043532442144	0.2295708884942145	-0.0077699133258039375	0.12091555777895997	0.028164179938252456
sub-0104	ses-03	pain	117 L_AIP_ROI	0.11691108589317806	-0.026096127550533935	0.07739763816384453	0.014453308229389757	0.04462366663940198	0.04362144650889789	0.2173471728442906	-0.022626817585651864	0.19710329587704425	-0.04335392476586968	0.3228059319232017	-0.17934681979186665	0.24321132711301843	-0.05354178502365108	0.22790767732498782	0.0004843233140955127	0.19269543635210656	0.11155166992934859	0.09478216859399716	0.052643972312923226
sub-0104	ses-03	pain	118 L_EC_ROI	-0.01740254152149478	0.1712202155879563	-0.1721771362276961	0.46298988542036906	-0.17674192542175568	0.1793632431561549	-0.3012237160566224	0.4866342761800828	-0.3274213926995002	0.31557589842248507	0.17586098199600142	-0.08078854854799776	0.37058111462514315	-0.09009140177442572	0.03934191094605141	0.1315721643530318	-0.10392339010299087	0.04533208078344814	0.032857381767278565	-0.005773673531064403
sub-0104	ses-03	pain	119 L_PreS_ROI	-0.020227113944379052	0.09449138071441934	0.046797573447501066	0.12415881929567933	0.02107753970075188	0.06998970343388654	0.1758075626527344	-0.048931146436744524	0.2195879941753418	-0.059545694029390216	0.3448688248653325	-0.15328960525843943	0.3002627738473849	0.061253358553477896	0.0358921903887543	-0.03330998985432108	0.17481834872834157	-0.18139018558691558	0.14003864399235189	-0.065457686314689
sub-0104	ses-03	pain	120 L_H_ROI	-0.038023910029785696	0.01234758979148353	0.10422707898389684	0.18482891568094062	-0.148202877429663	0.023935854604701164	0.02418901950952156	0.02441810429310367	-0.10040708051566938	0.16882271620391448	0.13348577259731956	-0.04241233980282085	0.18001097083823053	-0.12293235714632456	0.15382743749036742	-0.022858156105840435	-0.09003199018500699	0.1988930615688219	-0.023823034039709014	0.024995158442077177
sub-0104	ses-03	pain	121 L_ProS_ROI	0.04016126455466974	0.057834541810085245	0.1450639997928735	-0.1150909978699414	0.15092502485050477	-0.04778957525845881	0.30562571291883256	-0.22651994175328666	0.4452970434462818	-0.07301186788098432	0.4142571689653882	-0.08605662830493915	0.1991257221368722	0.0084302271787188	0.062336844239235224	-0.18096275532951828	0.09258853178103969	-0.14546510171581392	0.07785595951451417	-0.012875867832122526
sub-0104	ses-03	pain	122 L_PeEc_ROI	-0.003411254348342784	-0.012878441291219246	0.07131716268451678	-0.1476003860272491	0.22559946080713522	-0.25271052784548326	0.12661201417970075	-0.24496725671873032	0.24607735471411293	-0.2359179242457196	0.3912011683961279	-0.2427883917084295	0.23993323231629432	-0.126818634121536	0.17921292238927036	-0.05518419366530522	-0.17662866105495778	0.1849377143426826	-0.015475154681540147	0.016248639627718827
sub-0104	ses-03	pain	123 L_STGa_ROI	0.105679135424673	-0.11316911469426535	0.2011231937386892	-0.29388482011833483	0.09699390893007744	0.005265709992552464	0.1011447089147327	-0.27492668332009174	0.3276053112144429	-0.16829770265882135	0.2677633943820053	-0.21887358359642556	0.2643025608029153	-0.3181450968713737	0.3088176209821385	-0.42937355100776264	0.17600873799359823	-0.21367304664665662	0.1389943224504491	-0.07744783616848984
sub-0104	ses-03	pain	124 L_PBelt_ROI	0.16132172615465787	-0.06936787208189005	0.13349211495943053	-0.020652240712972038	0.09664086811896573	0.1508442588601732	0.08426381340763407	0.050648700328812496	0.3312790916181245	-0.08217697721850335	0.3494637625945377	-0.13452031313330867	0.30985292015278476	-0.16744535899260019	0.2865516061008839	-0.2472320784985369	0.17236673729375274	-0.13217286058844374	0.0016781782507372153	-0.038459115980281476
sub-0104	ses-03	pain	125 L_A5_ROI	0.21317201308842557	-0.14531910924780012	0.2413534598646078	-0.18863438280078784	0.23961291504133353	0.03546821316421411	0.23992822807025976	0.10672745782622729	0.24415647775415902	0.07256276498738361	0.28119098808957443	-0.05203078865321947	0.2628709531438815	-0.19686121684196223	0.1397595843488537	-0.13753377089449936	0.016145354469458025	-0.003265906723506763	-0.026280802716767814	0.02264289182482896
sub-0104	ses-03	pain	126 L_PHA1_ROI	-0.017181859896808135	-0.03794878586982803	0.11933581238442693	-0.058098189943201727	0.07777463923345722	0.10355446435633495	-0.02284719068087006	0.2569957293643277	-0.1719741894559992	0.3204449865582733	0.185649803085283	-0.07176264536349723	0.24720813831605104	-0.11770485025099066	0.2555687831539125	-0.3090795987043811	0.23128593607879158	-0.11034818285499379	-0.015077028973935303	0.048942388458324694
sub-0104	ses-03	pain	127 L_PHA3_ROI	0.18296186545664764	-0.15029534178336534	0.1285811011444378	-0.08746416909486965	0.050204965632954096	-0.017519600035231186	0.18378211668517036	0.10817306286688752	0.15728682281854464	0.3995706764664551	0.14138200876236331	0.24637083791799863	0.114336293865036	0.03246024842468306	0.14127905908790647	-0.045258479631143295	0.06534526017666002	0.0740529707027373	0.026021176003516243	-0.01774006437874757
sub-0104	ses-03	pain	128 L_STSda_ROI	0.19920758360678484	-0.13894698000446373	0.283841892460866	-0.20679567128997645	0.28625607653193247	-0.13279967697526043	0.3344459042533742	-0.27369717003746014	0.4356875747772473	-0.10156061953882259	0.3806534376321385	-0.08176222540825127	0.22160591576484254	-0.07994461754852031	0.018952059467142308	0.0738323778680704	-0.12269887191141532	0.15612372398771188	-0.0207240831862723	0.12724058326243556
sub-0104	ses-03	pain	129 L_STSdp_ROI	0.05963346417955587	-0.03231991218887168	0.04403535510588186	-0.04775790042796448	0.10483526690341166	-0.006133003574857678	0.043051693723723646	0.03642163838072114	0.07257987042561591	0.08177975473808749	0.09947810075130539	0.05558525734644301	0.09310803349360758	-0.1767764955545294	0.12750786386126678	-0.17992682997822973	0.00478808132296913	0.08525852030223317	-0.058629355769302866	0.026119760356572163
sub-0104	ses-03	pain	130 L_STSvp_ROI	0.21523030186667	-0.10147279528930647	0.1998185622734815	-0.02513853158618891	0.09695389109983747	0.09331900823531245	0.11557991926271599	0.059918653608569045	0.217482194837474	0.0954346467772128	0.26021321840889095	-0.011049520989090473	0.21033920457862046	-0.16011934382728144	0.16786737915758326	-0.13581016245943434	0.08383548758270618	0.03693100015051941	-0.015400937558193177	0.09111478837388708
sub-0104	ses-03	pain	131 L_TGd_ROI	0.07196688794741603	-0.11985430888757234	0.20747929534579723	-0.20435184983206856	0.1899016662737715	-0.1709569720408385	0.11678590812490536	-0.17701064607346853	0.23716737380406364	-0.14177673058982151	0.26829311739710143	-0.0821280786401861	0.16415111435643928	-0.18852598052877015	0.31106840703123684	-0.2446740281679799	0.14597243101960763	-0.09181239809479685	0.07273339977959349	0.05318627706356391
sub-0104	ses-03	pain	132 L_TE1a_ROI	0.08558828407814567	-0.011575405074258074	0.10591713257150556	0.050524764441279235	0.049370126745216264	0.11028819544318316	-0.010138958167997045	0.07143505654480678	0.1009172028104796	0.055489572078680445	0.17613392478027956	-0.0012794876218069052	0.16815770326736193	-0.07699936049440961	0.20139103419240847	-0.06333299374569115	0.10682766168357344	0.03901087876961715	0.03264797777284208	0.035290136853358134
sub-0104	ses-03	pain	133 L_TE1p_ROI	0.1414943152666889	-0.059278628984543266	0.14513745842568568	-0.004142097681031815	0.09686428142728157	-0.040967198145059704	0.17403956023807507	0.010911090222250178	0.11587011578502739	0.08963196260664005	0.11486160200340677	0.07253922995042765	0.04657808873697821	0.018175625457078102	0.027694165393462093	0.028294432076631952	0.03663822483614074	0.0739362735462719	0.01994614208847654	0.05946169186232433
sub-0104	ses-03	pain	134 L_TE2a_ROI	-0.0028011822660580195	0.02272311917680102	-0.02106324188034102	0.02476179022210253	0.004215266260939412	-0.011318803907421862	0.0019363219804685477	-0.03765429506322911	0.03620218736591527	-0.03069427484336867	0.07386650078124112	-0.04623843595627959	0.051582334900015084	-0.02659196872967453	0.03185817073569185	0.02144115875547082	-0.002270674909762136	0.03328568878055529	-0.019166079490270098	0.020144390705247782
sub-0104	ses-03	pain	135 L_TF_ROI	0.008784712072432622	0.007406450109405241	0.002354906370358763	0.021082699027033972	0.02164600066364729	-0.06319678769291846	0.04915554197334371	-0.09959553565722905	0.1022817384444778	0.0049591719186353545	0.14956135348889835	-0.08826592639209255	0.25490228954359945	-0.1531335223561193	0.17739213639403817	-0.022057841603350396	0.029623856144217805	0.025210498462250517	0.014918490233712542	0.036612325378321056
sub-0104	ses-03	pain	136 L_TE2p_ROI	0.08562193239762599	-0.07344947905434579	0.07972415249737723	-0.0014075655653099212	-0.05158366931416222	0.07972440968628881	-0.03796271702886641	0.06015038545895545	0.027249135716014936	0.07701630192113994	0.08592377701270519	-0.010904835719757797	0.10177041559429482	-0.029321140539479793	0.06588771181609293	-0.00018482699583067025	0.06190761660005979	0.021113725246931652	0.046735570730717095	0.023627745237629588
sub-0104	ses-03	pain	137 L_PHT_ROI	0.12302720700217332	-0.14303708768807566	0.18051992347763574	-0.14783729764335163	0.14284144852067848	-0.16713920465585883	0.11012617099829697	-0.019300273695111135	0.06315778746950211	0.07207948936767798	0.14523283361138623	-0.009723756380196942	0.15101963397668766	-0.0614840696967685	0.15143930137254016	-0.03603285997309024	0.08452753734124994	0.12697670820150125	-0.02244436647938589	0.09585712794482323
sub-0104	ses-03	pain	138 L_PH_ROI	0.1420787107913749	-0.15126899421163295	0.15561800671706452	-0.11830671669131936	0.11374203986762915	-0.0930381246812534	0.166180669740511	0.032005572994956044	0.22641081944325842	0.09828504168906779	0.3390571178402332	0.051834660496963725	0.3033772490353057	-0.013419937865743123	0.31170190185090413	0.09563873037468686	0.23908683580883286	0.2632037072073055	0.04569734891039117	0.28511173240824983
sub-0104	ses-03	pain	139 L_TPOJ1_ROI	0.10313329837049358	-0.19308356614000552	0.24062580941041498	-0.34873024909764877	0.2741861401204872	-0.2125774667923291	0.06064230353241257	0.0010111955547707717	0.15635423084404448	-0.0005180745483240257	0.29892869063169947	-0.1410799873207868	0.25068636647994963	-0.23993102528392163	0.20638785627773407	-0.20219590017228592	0.04322009865694709	0.030613805960483048	0.00805914918705748	0.024987818006601194
sub-0104	ses-03	pain	140 L_TPOJ2_ROI	0.11198296133238789	-0.028964845718325995	0.05760739959886331	-0.030556161640791925	0.061203506065316896	0.00023012734335624624	0.052708383006468434	0.08976622944300983	0.09152845522386557	0.1636968264255631	0.22731146542715208	0.083163939836376	0.23217942349128473	0.08178176868464167	0.1817100403790825	0.11855138684723696	0.07312685155250433	0.23443209471869284	0.040071488534014474	0.12509187852765394
sub-0104	ses-03	pain	141 L_TPOJ3_ROI	0.007283195879003418	-0.02188483318497626	-0.044972239441578805	0.11898082959492942	-0.024683875757407433	0.1236870097548064	0.0012867723497293876	0.1458909192345959	0.17073428710736005	0.1692810006151032	0.24321699417441936	0.06173635434407151	0.1756594854355655	-0.06049719557852694	0.29161773329060786	-0.08444601973153892	0.16510772812092012	0.04433504706903473	0.05192153472754453	0.08164659076844394
sub-0104	ses-03	pain	142 L_DVT_ROI	0.14130851611189874	-0.05755308096970298	0.09708775921171622	0.0037588850070104565	0.05648612259684936	0.1468446985362865	-0.00887555550078676	0.1190448008859202	0.24356598719714437	0.11131361367468111	0.29063813390183224	0.024429424059776137	0.21479385021364303	-0.026695213273024328	0.04051007630764805	0.0708077980584431	-0.10430618754135075	0.17514770857156983	-0.1257208738627199	0.10774427342205223
sub-0104	ses-03	pain	143 L_PGp_ROI	0.10508402158096859	-0.03483341414154479	0.028821289206564345	-0.034767821948778796	0.07249907286857432	0.03134737788893347	0.14934288123729253	0.15560989554069207	0.19930485884444357	0.19335105921508264	0.2611657673356071	0.14016654917738788	0.15199364285490996	0.1332461830249004	0.07170509561550749	0.14928820961723907	0.03506056044460442	0.21860332437835545	-0.0223148628165883	0.22264907765643388
sub-0104	ses-03	pain	144 L_IP2_ROI	-0.009091743600305298	0.1787768289020457	-0.03659198090319641	0.08104559766680905	-0.11628133343657886	0.1267442480145761	0.03979273267542351	-0.02302099520124238	0.1095640072131866	-0.052232044430543224	0.1891944639960359	-0.21010505551388314	0.17688411321320943	-0.1420060157474101	0.13043199364917246	-0.08431725868440436	0.08666753857608557	0.05378451393591523	0.01400999618268242	0.10565849108299306
sub-0104	ses-03	pain	145 L_IP1_ROI	0.23581412018194428	-0.11510550804020425	0.21278492398858934	-0.1174860247512016	0.13667581630438722	-0.05318867574403756	0.16300841084408496	0.10764074892087089	0.1915764516748306	0.20947961231872061	0.23835292318756818	0.09473931791651603	0.2343213701185391	0.07160707611975776	0.18903832073753504	0.13865962655040964	0.1527724770750028	0.3884916426549374	0.044962553615453746	0.3198327979608527
sub-0104	ses-03	pain	146 L_IP0_ROI	0.1510119040384638	-0.15423146409153168	0.07447872629706537	-0.10985527579542084	0.07584923868011169	0.06149229125434108	0.10211460507803877	0.3576238711048931	0.08816643319161455	0.45431400478145434	0.0704875359817332	0.4362840229879463	0.11684199585122951	0.34998653634077426	0.15588388373696876	0.3834783595209111	0.17489322535113214	0.39793915341378566	0.13269056010639058	0.25971003045051905
sub-0104	ses-03	pain	147 L_PFop_ROI	-0.10273105518194951	-0.025454885980776634	0.04064204189251678	-0.13114857266329452	0.1122978543076785	-0.15778566408425773	0.2515616218550065	-0.2055307416233955	0.10583761747879873	-0.062495061465043744	0.1550492032467221	-0.18702224794889546	0.08980458339303883	-0.24474965933110404	0.11166172117847166	-0.23840451478356958	0.0713272225670639	-0.1491691481466723	0.07194230784001181	-0.18781255964042753
sub-0104	ses-03	pain	148 L_PF_ROI	0.009738006105316211	0.021563256113370836	0.07701141722119118	-0.08715603814253331	0.10050586533235653	-0.05154466036467611	0.18569508457901843	-0.07083485148337752	0.16658648162367118	0.021413516529475582	0.15951391627027164	-0.09783714906187496	0.056691476935038496	-0.1927854413333723	0.09774894049299723	-0.17798257851183646	0.040601993337356	-0.012193573578908802	0.003903592826925846	-0.0049580313022010965
sub-0104	ses-03	pain	149 L_PFm_ROI	0.2515369628964601	-0.0023374510942188735	0.27616273764551935	0.07048189134399646	0.22855613954284898	0.06744936527987709	0.2849436033759646	0.10868686175555063	0.2470453014946877	0.18340034089160245	0.29786281823300803	0.05518676142179091	0.22241249126881177	-0.02233235457938299	0.17776528371256015	0.0577722085270471	0.09332784418945315	0.121854027767665	0.06663873642968281	0.11269921994715375
sub-0104	ses-03	pain	150 L_PGi_ROI	0.24424054883297316	-0.06551693301259154	0.2294879979175483	0.027294743914150002	0.14979149967624045	0.06244635013104397	0.15446956226276934	0.2098972044674176	0.12909676712900128	0.22540014700887834	0.3011002754532604	0.0914524078869059	0.30091761829366037	-0.06698520766477695	0.2723869406993518	-0.007646971741706563	0.1183246430920313	0.17977931291446497	0.009491389057599218	0.167419054438716
sub-0104	ses-03	pain	151 L_PGs_ROI	0.2555747467745442	-0.021015624145974836	0.26495533965458523	0.03821922338486539	0.2071244925173807	0.05899100955042732	0.26395955988747977	0.14180328279354093	0.21639212508096367	0.1778038238348636	0.3334116614683699	0.07898879072570292	0.23826102757387116	0.08764523445543576	0.11188632210759765	0.04895180852796674	0.10922869355470069	0.14869181146196994	0.016524524791617933	0.17938075978733756
sub-0104	ses-03	pain	152 L_V6A_ROI	0.16202254365019142	-0.06204723360940488	0.07441996353148196	0.045456486655510574	0.11417720448272399	0.05540181652296135	0.0952207320023457	0.18460620331558159	0.0310095040546025	0.19479189065508964	0.12409816175123896	0.20836689037084777	0.04252786596996534	0.15507310169924193	-0.11333944353579391	0.15642399812823882	-0.06264279496256904	0.1732390461908804	-0.05221698929239586	0.19906469625740988
sub-0104	ses-03	pain	153 L_VMV1_ROI	0.05201717878228568	-0.03388770056503151	0.14170334578683608	-0.10218175446875355	0.10042861445280521	0.025606688170095447	0.2805558997084868	-0.3514090686238296	0.4771824076534866	-0.16497921684627895	0.4473658175405882	-0.2044254161151638	0.22648805308199976	-0.18328177152344716	0.20217995649185672	-0.440317606444239	0.3452413784937036	-0.2040272694561424	-0.10081760967715883	0.16258003979749858
sub-0104	ses-03	pain	154 L_VMV3_ROI	-0.05658928680727099	0.10294649593658886	-0.07986739440523902	0.1027983982896819	-0.009466266635414923	0.24698684147716035	0.1736970371470447	0.2620043802472304	0.25320237298179127	0.377896662387189	0.20730228913315957	0.14605557535289798	0.20079571715670605	0.05843970060596822	0.17424468898394063	-0.04799003566125084	0.07082044216263665	0.08659652652765297	-0.1171379999133256	0.06319066994430365
sub-0104	ses-03	pain	155 L_PHA2_ROI	0.051921407399023026	0.04078626697251728	-0.03059267628300461	0.06543930609506231	0.07852287382626177	-0.01776223467313924	0.15651563021509932	0.14812360494221088	0.013330393332883142	0.39560051364911747	0.07439792151939473	0.16342209075969108	0.1425799009668316	0.0020498577222442757	0.0382446519768182	0.12325936715842185	-0.06176888183347729	0.1056153006958631	0.11353986135118199	-0.05649825853308503
sub-0104	ses-03	pain	156 L_V4t_ROI	0.0991420486537544	-0.08150633699614666	-0.005565427985586972	-0.005223618234428171	-0.04104492854371339	0.056405374450117396	0.07793618219538248	0.1430486291166706	0.20896446269666705	0.13786959777847033	0.24838486602984636	0.09843511551987355	0.1817613601710083	0.1013908990394552	0.1313257180046553	0.12290657286664163	0.14769533045701752	0.19673302467292125	0.073381591360813	0.1573063043525917
sub-0104	ses-03	pain	157 L_FST_ROI	0.06615802242090828	-0.07587724714353977	0.061921131139467185	-0.2265581000034685	0.1699557326487746	-0.2321197825920187	0.1799799089014988	-0.06504808517586651	0.25331598849610915	0.007852204760436307	0.3906194352530888	-0.07060604190813903	0.3718424862120124	-0.005306886765547399	0.3286864308590652	0.12077152213134143	0.28447254205735234	0.2710512768009536	0.07881165546073515	0.2573779530421757
sub-0104	ses-03	pain	158 L_V3CD_ROI	0.1347276749040956	-0.0636300658202187	0.08308676725307826	-0.13421069307287295	0.2020916937553812	-0.0374535553278504	0.1553979377796115	0.18771983017955818	0.1631652558062114	0.2677860704061507	0.1917789839484339	0.2411881258927833	0.18163522247019884	0.18207834742738405	0.20833488625020521	0.2471560460569157	0.0903483316836505	0.3653221199868391	-0.03701331183472403	0.3127068270734969
sub-0104	ses-03	pain	159 L_LO3_ROI	0.04244866509396159	0.0017495755866103887	0.037588501321115284	-0.05919913045978267	0.1299493062024593	-0.027643203525232418	0.32193351613152416	0.024836260791871068	0.2898264216190779	0.09086504915275716	0.38320445017875027	0.06122318364689826	0.2895038083145636	-0.06558454242215571	0.23205544849696416	0.04978842699959884	0.017836549754087678	0.17867078451087556	-0.018176510959685116	0.14893634349238039
sub-0104	ses-03	pain	160 L_VMV2_ROI	0.010095613173682983	0.061820285467455396	-0.06484039265711594	0.15040394241436075	-0.0716494485213392	0.1875010288999212	0.09529945522181775	0.22657407480776195	-0.011634846053137238	0.44273809535470243	-0.12857003516207396	0.3375332710120964	-0.13600102769606723	0.0878305604863156	-0.02407688223586337	-0.09935186743312083	0.07966209580198454	-0.05373319983196094	-0.004764064605100523	0.1057197616117886
sub-0104	ses-03	pain	161 L_31pd_ROI	0.38997350279602316	-0.03278204722610722	0.3665856616362767	0.07733144177123039	0.24753878089631917	0.29890670734628205	0.35811730158231847	0.09841992076168332	0.43452802205155266	0.1655724304197339	0.3820668007288977	0.20709453696298208	0.44398561705582584	-0.06706430428727748	0.37607265304777365	-0.02971793169269126	0.13728802469863072	0.052997662361689214	0.08880325398585855	0.004876411731072756
sub-0104	ses-03	pain	162 L_31a_ROI	0.11216173340733694	0.07844162996015364	0.1451735824418117	0.07232575547449355	0.32097587314889964	0.0027794679082066417	0.32051143809193666	-0.023921534286775185	0.4460287374946938	0.018676811855357172	0.35717040560899976	0.05132143265650302	0.28167963510318783	-0.06973351890172019	0.028285187444079134	-0.09551607947157494	-0.006530308654612781	-0.043716935088437464	0.029026916572227307	0.06483091111584992
sub-0104	ses-03	pain	163 L_VVC_ROI	0.05659110738072837	-0.1535073254327985	0.17679900045801847	-0.15206485359041375	0.1248976643298298	-0.15006809326176757	0.24456321897419794	0.07689426985284141	0.17756984994007208	0.250010049856511	0.3406713123713961	0.15709666913047377	0.19533467036428304	0.17361846855614566	0.12358089393924394	-0.005176669700942712	0.11329207304391696	0.1985928442693482	0.001382906459263608	0.08153264019346387
sub-0104	ses-03	pain	164 L_25_ROI	0.044253340100480244	-0.05582468602524373	0.12555110724170043	-0.035211838678856765	0.07530338282733189	-0.1103154496893278	0.1337503750686089	0.0028776704909078566	-0.005546617577384727	0.08764671750659599	-0.04541141064507074	0.014829888143897579	0.02619925523922706	0.027387578348956453	0.04830016066353618	-0.11461988057428932	0.1700668376730758	-0.18800446672504134	0.1463589824051036	-0.07367316198009766
sub-0104	ses-03	pain	165 L_s32_ROI	0.16986597763784542	0.1364284514853341	0.0555328060367176	0.38395438047771024	0.0856241939554008	0.16250051997010478	0.0635864188594149	0.6471040080178074	-0.13476805698941582	0.9204551044297293	-0.2496842738125515	0.6977785228418074	0.06215484182266476	0.3551040124050901	-0.007361916728502012	0.3907411242709605	-0.0851238282322826	0.20833731277601297	0.0006805219231918134	0.13221615389200256
sub-0104	ses-03	pain	166 L_pOFC_ROI	-0.0023286135498203266	0.01653681243780188	-0.014796435924830058	-0.029617855080401857	-0.0014289605643351018	0.034098718136510935	0.013723947031251993	-0.06185212437439631	0.061339914157623646	0.012157055936445029	0.0502458881777202	0.03085871706574922	-0.02835827890872584	0.01291357829585194	0.04923206499593598	-0.05999962792341408	-0.02119912821267096	0.04825660169953283	-0.04452124158302214	0.053987484485887145
sub-0104	ses-03	pain	167 L_PoI1_ROI	0.01848845916356238	-0.10356727423797553	0.20557905267162332	-0.3612852975379398	0.1964224563041363	-0.1951494181035574	0.285977009193313	-0.35772683543003403	0.37184911020817146	-0.263955932309363	0.266957273320687	-0.25313584666356664	0.2802052245107009	-0.37461430216309893	0.39779221313491825	-0.4180996487118527	0.2640478120182554	-0.20095081912056376	0.0755158644797078	-0.09502262972768565
sub-0104	ses-03	pain	168 L_Ig_ROI	0.06361507898082162	0.0008586572211564218	-0.053835390235540626	-0.022535436168065512	0.1722145500491471	-0.022958015304246026	0.22421769744416264	-0.09350166485963049	0.3167681947172762	0.0312605765247419	0.18206332984288043	-0.06507130533747607	0.27092490573928507	-0.12756466871693867	0.19275294558695347	-0.16318119772279904	0.00905367166304478	0.20207410169491385	-0.11976108895022809	-0.02652574592911024
sub-0104	ses-03	pain	169 L_FOP5_ROI	0.08355117592178153	-0.16071262794223187	0.031016972196114424	-0.219858394772759	0.10753569529991966	-0.18953606618780228	0.1830637758148902	-0.27499262349764336	0.25388114996557454	-0.17155046410580396	0.24762199423734368	-0.2524333713253145	0.010481154251454832	-0.32000425522817444	0.09049983857823163	-0.287589548354834	-0.14282219035206856	-0.058345208866963746	-0.11118743784322196	-0.02296879395441604
sub-0104	ses-03	pain	170 L_p10p_ROI	0.2845777550236407	-0.07726852704462563	0.23505449365742276	-0.06292495806136443	0.1908718735368618	0.013431562022341635	0.2149981348289926	0.037253176244628664	0.16674894665168633	0.22523689091193275	0.13237611250631454	0.16270468919304695	0.14063512747338022	0.004779009343716444	0.21467797632170105	0.04099108238983352	0.0798589028436496	0.1412442589692461	0.054213968495566665	0.14064131732356905
sub-0104	ses-03	pain	171 L_p47r_ROI	0.22892912398259915	-0.08593158773251135	0.23134900678369055	-0.09593443507059604	0.24290380663786598	-0.06542973853498006	0.32835438873998996	-0.06012776807605045	0.198366301527564	0.2949300200179325	0.1599241755634686	0.09773363884971159	0.09605952004930497	-0.0944372089062951	0.2855140196549742	-0.1290006304677416	0.06906983101467809	-0.09418391862657487	0.13478357530782903	-0.132632698218721
sub-0104	ses-03	pain	172 L_TGv_ROI	0.08789740935428215	-0.1826214531118151	0.22543514569327444	-0.07542133626780721	0.08672651638448932	0.0086991220310526	0.09734988222734024	-0.15996813338137109	0.2513568692739847	-0.10947879824642098	0.23603217017530437	-0.11299393779589084	0.12429206481030121	-0.061118979567038	0.09170509298683267	-0.013995923051839727	-0.011138118288995687	0.06597535852161446	-0.03822833650554567	0.05969786448893766
sub-0104	ses-03	pain	173 L_MBelt_ROI	0.13979253766638305	-0.28944704881555877	0.4801107179220774	-0.6211869913093493	0.28145053204771964	-0.05599478252925706	0.23921851424510243	-0.30188638486902475	0.4415600991894986	-0.17494592113332103	0.53757502403536	-0.22617242664672008	0.4541863151015878	-0.5324743991276116	0.9122216985993522	-0.6815251329025566	0.38039403642386277	-0.17883169678489005	0.09928718228718432	-0.04481520577242413
sub-0104	ses-03	pain	174 L_LBelt_ROI	0.2246384751803411	-0.15034352627928893	0.19384489524565782	-0.029777630511734876	0.07530497211102223	0.08541729671014417	0.18401600958584732	0.036365756793417095	0.17505912985832203	0.33596752114672107	0.010328911641099043	0.21676938011092847	0.12527409913610052	0.14022518228647773	0.12554965680097122	-0.014281252406560009	0.036277444090482	0.022450575033829866	-0.03254163784304247	0.0019597692610674616
sub-0104	ses-03	pain	175 L_A4_ROI	0.05668405910090235	0.0001996467348895537	0.05841281985439761	-0.09065678487336498	0.13517366194384492	0.006626076451861542	0.10229548528393015	-0.03043576952689892	0.2162612650452506	-0.048649271142473284	0.29676274323977536	-0.1634079889665872	0.2692234061654588	-0.20931829802029478	0.20615543004539458	-0.14698741254315564	0.08367107609427124	-0.05761641878041559	0.034453773649423584	-0.07635512665295333
sub-0104	ses-03	pain	176 L_STSva_ROI	0.2667377580516744	-0.15833473941654885	0.294653656190831	-0.047416513772271324	0.20916039560167293	0.03683580621731211	0.20759154126299495	8.148678967137863e-05	0.3012457135632406	0.01935994198632493	0.38284220514000816	0.002655514129931405	0.2560812735707385	-0.080825972275439	0.22681506399683277	0.02272241904531825	-0.0025479647282428525	0.21588962549717783	-0.11930900182305508	0.19054710055478538
sub-0104	ses-03	pain	177 L_TE1m_ROI	0.0335235356799375	-0.0200641831079878	0.04317880195277473	0.0012147701601254812	0.024360684659474337	0.01319212651182462	0.03815550617327607	0.0131568309706622	0.040441324349549584	0.010828968734185	0.04231170746348293	-0.00360220830901007	0.036102816380031016	-0.005101771200199672	0.027100984693549802	-0.008556253108950883	0.014187157482083818	0.014169207615645425	-0.0006957732822380792	0.011735250606975244
sub-0104	ses-03	pain	178 L_PI_ROI	-0.013858035883235548	-0.19990179769044025	0.4618142726540417	-0.7385281132674107	0.27708781170572755	-0.27006047441291775	0.18042034290023548	-0.7853222625875192	0.8481947272153305	-0.8002004798613463	0.8862846313371161	-0.8449210970755553	0.7443291960951132	-0.7505590340420747	0.567757366552755	-0.6441028365383752	0.332520756123375	-0.2679914794154798	-0.03718526652673069	0.12103768872316019
sub-0104	ses-03	pain	179 L_a32pr_ROI	0.07132057225310375	-0.060104348951046445	-0.002473583173851593	-0.0702722577032887	0.09528273518442168	-0.12784130311131248	0.005233750795204828	-0.06514367624295715	0.03377350725721069	0.11090998931250823	-0.12571350129316397	0.15083010206776765	-0.20869209615989004	0.009739106935675238	-0.07047006751034561	0.0593571786487077	-0.11938375922377698	0.0878277681318254	0.011462919739711258	0.015029682761591334
sub-0104	ses-03	pain	180 L_p24_ROI	0.06247134212415236	0.02565332078782278	0.11054955969560863	-0.24254490780203058	0.1693048954574177	0.008835932509238049	-0.09298986801004869	0.11157521842782131	0.11054256607827324	-0.07684328808566115	0.30630999015860083	-0.28726911623921647	0.21512578812764027	-0.383377724672188	0.36230411622182906	-0.309723738938573	0.019382804033243654	0.002408896820336469	0.010916404533777015	0.08512271313376064
sub-0104	ses-04	pain	1 L_V1_ROI	0.24483025049862206	0.020621749548541034	0.22433767583492503	0.10701331107448696	0.15882157841635178	0.19693984645494866	0.1247760067166754	0.23790267664884868	0.18204510761012288	0.11157377041207996	0.1852493443557796	0.09927781860421486	0.13711880374763327	0.07044983366343056	-0.005918693485213987	0.05298268178360613	-0.1025594827869591	-0.03767174692546573	-0.017000474155279978	-0.09353634320431167
sub-0104	ses-04	pain	2 L_MST_ROI	0.1308236989903949	-0.07391056941792429	0.19417322625745667	-0.07729311946568357	0.1099981926369445	-0.13233235480310093	0.03349891744566161	0.06927161955696488	-0.022334930817715124	0.12845283318462838	-0.1038123331116183	0.09553962706524036	0.09380527807099442	-0.03827914623517498	0.2990958317136761	0.05908681866970631	0.06778738957081792	0.2881122071445079	0.048811012549134926	0.14844162881364723
sub-0104	ses-04	pain	3 L_V6_ROI	-0.038235903364947456	0.055295772744961856	-0.12115848498312198	0.06584843943521113	-0.0157072068309411	0.0809491997647942	-0.06106983733846767	0.08956899615736247	0.14285066205237779	-0.2534933035202939	0.17849759536093224	-0.2043447660618862	0.13254153218825565	-0.2446493316827404	0.10008881045195595	-0.11633091016142749	-0.12757500058895527	-0.136485392167113	0.008460892106527857	-0.1315305166369631
sub-0104	ses-04	pain	4 L_V2_ROI	0.0523537001342265	0.08491913529792688	0.023056797975726687	0.11714601433097623	-0.00397319713544612	0.13692777100357703	0.012585160521259508	0.22397771978237124	-0.03417064375397566	0.09583668823747445	0.026385545292668063	0.02381709973229489	0.11701357587404874	-0.1660497570829761	0.14684276461571483	-0.2002153386363947	-0.007192688692358654	-0.1759326032867777	0.0121256613531425	-0.10970342787496562
sub-0104	ses-04	pain	5 L_V3_ROI	0.004492357947607031	0.06752912684175398	0.008441793928765899	0.03874730749502503	0.011059518931645756	0.09411216002483991	0.00318823795037937	0.13989111222473283	-0.01727984424044218	0.02011554353128468	0.02202594889743706	0.005174781426046888	0.08875046591000008	-0.1384106060910834	0.08489982218278301	-0.015118462833254983	-0.15621754843112695	0.057343036101620705	-0.02582229508494745	-0.014462061312115547
sub-0104	ses-04	pain	6 L_V4_ROI	0.21383416324447352	-0.10497753645647775	0.2759636258313779	-0.11715944867124672	0.1328429454250535	0.06487688567696716	0.0354824249734401	0.20219316852538358	0.020686478462430595	0.22511792783897283	-0.03745178940454445	0.3454510403454179	0.039178273903243264	0.2297244970385147	0.1460785365302802	0.27385213253311497	0.0752101797041897	0.3319486603462251	0.0364802277911166	0.3893908045032415
sub-0104	ses-04	pain	7 L_V8_ROI	0.06990411590567869	0.052786715093775534	0.04787741738906123	-0.14545817499394775	0.13474473385795113	-0.07607154413346734	0.11378665664168923	0.01933995498665806	0.07993658684424458	0.2376049377991633	-0.07758590733691838	0.32623494217288584	-0.05989857725584792	0.2121946225287337	0.0880345546391041	0.14223770449452433	0.08146583435644417	0.20869812302243276	0.05102143632832175	0.2522309461960449
sub-0104	ses-04	pain	8 L_4_ROI	0.0954754174600256	-0.11579527855098325	0.09239799219423911	-0.0034274112061792312	0.020896472170095264	-0.0033473453638043402	0.10407669651441206	0.008086394260275718	0.06052318226848463	-0.07891254174831458	-0.082081684288688	0.046486708276685565	-0.15546696615534455	0.10404710495529342	-0.12799580549686335	0.008499734732486233	-0.05018876205134851	-0.16181087499022967	0.09755635035567026	-0.1220491502292664
sub-0104	ses-04	pain	9 L_3b_ROI	0.24398643081231888	-0.21115110307663693	0.22549766964100715	-0.05827841291400764	0.06770501595181085	-0.03547079760963008	0.10710476041366729	0.02627527970545395	0.003084525018814409	-0.040500604280031244	-0.13376475759727846	0.12874385078146705	-0.2149816747109275	0.20434717993824578	-0.11896007924141837	0.0788070865420925	0.027841626017034434	-0.07855396420482784	0.09690957368147485	-0.010960160596397255
sub-0104	ses-04	pain	10 L_FEF_ROI	0.19985907962643426	-0.14412144090895582	0.08038263353300568	0.08629572588166487	-0.16383712615561177	0.1739277336204141	-0.007419711474242568	0.028436176528484777	0.16265414782286328	-0.1603483172045931	0.17203796645651256	-0.06323105781620697	0.13765554430557236	0.05626455075626422	0.10347399085217411	0.07454483348667713	0.12547599537385842	-0.02625513330360865	0.1636132577557315	0.07478543280888217
sub-0104	ses-04	pain	11 L_PEF_ROI	0.3264433470099636	-0.2454482795704879	0.267636625437109	-0.1018036296744208	0.15955721282919624	-0.062077353259372525	0.09848163425657636	0.05954718652388936	0.05381564869644184	-0.07187306908175427	0.015446190271860434	0.08910319467967451	-0.017391437099809542	0.1715538976180448	0.03187846913817092	0.13110603666357182	0.10815522305046046	0.1422864829636326	0.061441535846942945	0.2596804795203121
sub-0104	ses-04	pain	12 L_55b_ROI	0.19266233828375623	-0.14402589158256177	0.07741414838448897	-0.008530083069480658	-0.03391066341360357	0.003877218108041262	0.05669092220781967	0.0018561177721917372	0.06524237575930597	-0.11523134382099852	-0.004213913297208399	0.014999018113844626	-0.0181007586865307	0.08199862188530174	-0.04193104989193103	0.08825254397741286	-0.02227946211577286	-0.02571562745231053	0.04438536521336889	-0.007986211042697863
sub-0104	ses-04	pain	13 L_V3A_ROI	-0.1384113306557816	0.036952366685003235	-0.05974638229912748	0.10907209134088305	-0.09446257644489718	0.018296673026437817	-0.011394133688189709	0.02895722548129991	-0.09488101503655075	-0.05914767557210511	-0.09020972744508982	-0.0626642150953436	-0.11891309459102054	-0.22129638874790783	-0.08534416449791132	-0.2770282132014975	-0.09939043022118346	-0.2579329277290952	0.033902383740152024	-0.13461718600783557
sub-0104	ses-04	pain	14 L_RSC_ROI	0.2782132084629698	-0.2126136377780994	0.4707988179434756	-0.31020260083455964	0.33188000060870754	-0.09268205082531193	0.37424461529042774	0.05151938097192362	0.15722926016122618	0.26550694843256867	-0.23033969445169775	0.5946097964624204	-0.46408195215953274	0.6535694990008145	-0.36534192696517803	0.24931368857486283	-0.022676640073865308	-0.029704861771416263	-0.10304719743513792	0.07509219859641401
sub-0104	ses-04	pain	15 L_POS2_ROI	0.131917779128846	-0.06554792375420562	0.025757358499163677	-0.012401436213586992	-0.00224063375051661	0.09866783744341105	-0.0638713999299949	0.12283001561913778	0.05362126708657648	-0.11312434476922399	0.09518885960362215	-0.03952408623465132	0.19188189076902717	-0.13694404630280904	0.24960554301595575	-0.01228981447780704	-0.06383454147804253	0.06927554983948367	-0.03869629780423152	0.12113952574957665
sub-0104	ses-04	pain	16 L_V7_ROI	0.03528625679107534	-0.20174139084711018	0.1336384426720225	-0.07251902381212674	0.001560507746208875	0.011889330506860306	-0.15923459323360664	0.12671437633104374	-0.06909006969519955	0.10754722935779668	-0.11492256217701123	0.1522485353411791	-0.09179313325514032	0.01597324842246039	0.044579005565810015	-0.08266336533543807	0.06165214361730876	-0.03671810610307835	0.06995084678569638	0.10439598209263767
sub-0104	ses-04	pain	17 L_IPS1_ROI	0.25255978743122226	-0.1661923317981778	0.13831000390323994	-0.08585703291347495	0.03561311426585435	0.028720531565673165	-0.10590680522867232	0.1260604088307971	0.02047373603152653	0.11415947011867268	-0.12783858290467617	0.3117101684204113	-0.10716182146989638	0.26615244531713683	0.1163459191144432	0.1824385392413296	0.1975935600985976	0.2217595272087247	0.008078700573313868	0.41308134506759275
sub-0104	ses-04	pain	18 L_FFC_ROI	0.30399948667347926	-0.19563538762470847	0.3853593989431896	-0.3898536400627503	0.2832219765505337	-0.20316745292150426	0.035758975115676245	0.2227289442313649	-0.12109551504006183	0.2905528296137821	-0.44033868469775317	0.7541666250329084	-0.5533971926814718	0.46735283459449467	-0.16723237553748999	0.2423403934919815	0.13727686793940713	0.07443302967601097	0.09110592219115307	0.37236266475975477
sub-0104	ses-04	pain	19 L_V3B_ROI	0.04015116087109966	-0.1285945266702852	0.08989200029868055	-0.14044957293073568	-0.08959746716901558	0.03288345105728116	0.11069899039189328	-0.04933581814938992	0.25052358731355445	0.09968598316508152	0.020413296824169213	0.23618257139989052	0.07258147879833196	0.011645849493842888	0.343271268708995	-0.0473366687468899	0.3956337221674128	-0.07405539254237052	0.2936223770137807	0.10041176051558157
sub-0104	ses-04	pain	20 L_LO1_ROI	0.3724276831973715	-0.14647828584697922	0.4445091654541111	-0.12023210094892686	0.23971500286094363	0.07167678864612814	0.00409931020069152	0.29788447963916703	-0.03742126749809659	0.336360967972415	-0.04832578116092142	0.24693464846488553	0.05210026845058283	0.2201537564949637	0.11250728674612763	0.31742250387222726	0.057352189517820444	0.45761429892712396	0.032110769596038126	0.46397955721812867
sub-0104	ses-04	pain	21 L_LO2_ROI	0.3663287529461943	-0.19130380410593623	0.3919802790432326	-0.19484656390199856	0.1802491436055597	0.019718311625859786	0.020514469068881	0.21644589524079	-0.009513948727771332	0.27497526447926446	-0.09028144491750814	0.3547666766431043	-0.0690994415690791	0.3075917677126459	0.05608034573949261	0.2432166317558644	0.13926780240773337	0.279173157456079	0.03660533823550423	0.3954112005898016
sub-0104	ses-04	pain	22 L_PIT_ROI	0.3119380660042693	-0.0759819658594532	0.3808352460217481	-0.2601624318951504	0.27011261217908017	-0.08170433385393948	0.1741547317493782	0.1292681742453701	0.16371916193891609	0.25582499155763994	0.016960608245815727	0.41149552006142975	0.005542709664356655	0.36197692534522985	0.2082294561146195	0.15525174978971854	0.3169642509958454	0.3815741560851906	0.0029419952946686495	0.5988865449179916
sub-0104	ses-04	pain	23 L_MT_ROI	0.09914639217286901	-0.02752036677414946	0.07318868962543877	-0.002329046855614255	0.01732830933365264	0.046034763761836996	-0.1064587621943784	0.19366913850275014	-0.11747960601761237	0.22481668736198523	-0.22087576920453345	0.28782932463848965	-0.12014049408264747	0.11048228873467346	0.13449217604580424	0.05844445472996842	0.023852615116117644	0.15812412952342625	-0.05781921384025442	0.21678845464162605
sub-0104	ses-04	pain	24 L_A1_ROI	0.07317405280689047	0.014665193946145256	0.04854470425527829	0.03799541466778206	-0.14851494172738192	0.24796110912291622	-0.12192545403011648	0.3848000807154813	-0.16231278741502542	-0.002485651108016775	-0.07232069488008223	-0.05429002765634329	0.1616588159593169	-0.16778099258413987	0.09424222886037321	0.05808331236800893	-0.13914112525876074	0.12747765072688216	-0.02313679907977669	0.05415388245567944
sub-0104	ses-04	pain	25 L_PSL_ROI	0.1963280514195642	-0.1907000346912136	0.2688898175605395	-0.18308854920952528	0.1416811128283616	-0.09143219639066011	0.047994451825643165	0.048123166219217126	-0.08093043089493043	0.11387192718094945	-0.13460164650371048	0.16981932981059733	-0.16194358859759697	0.058483315096683884	0.028896642706883226	-0.06082858782705253	0.13296049930135165	-0.1363033099420249	0.1340257412618334	0.0562219619732662
sub-0104	ses-04	pain	26 L_SFL_ROI	0.25582419701043585	-0.21202248271805568	0.2781354084857177	-0.17260963726309517	0.044144233161882894	0.07381650244743548	-0.12206419501799104	0.16660361424496822	-0.15088576540613383	0.021415798159620424	-0.2090261421992735	0.17786347823424048	-0.1979865355837439	0.2053241020776529	-0.14588947638422842	0.10712862664563969	-0.06191305783204041	0.06340369547307109	-0.0356331164155118	0.07866524449345974
sub-0104	ses-04	pain	27 L_PCV_ROI	0.23925510863373822	-0.13803602235322118	0.301950070655634	-0.2502856859206164	0.2576869896377708	-0.14603244221219194	0.16011789102252713	-0.016984541362262753	0.2641621333243332	0.014596823330783828	-0.06995803000676563	0.3192654026411609	-0.20382848849355523	0.5214303029561693	-0.1327860540273928	0.3423720289233312	0.02385741426477955	0.25865682221766	-0.05235908703446951	0.41768269416632003
sub-0104	ses-04	pain	28 L_STV_ROI	0.3151936521560603	-0.12518754581020908	0.2130345261286491	-0.1031875658900615	0.10999246331734482	-0.0678763416811935	0.1490465865344554	-0.1230041338147585	0.2181403347480325	-0.15448285048410038	0.17182947377960928	-0.024195779487877885	0.11623494473108499	-0.007541845494817992	0.21504695276831423	0.04312130983916939	0.018619808433114608	0.11493745165824586	0.09485574141012222	0.18166503230940118
sub-0104	ses-04	pain	29 L_7Pm_ROI	0.18700997286967627	0.03842238007017164	0.20215948741970197	-0.06534130384738515	0.11740743493591477	0.15012127129854896	-0.114793074946909	0.21845653053087608	0.10118848680584827	-0.08611848348269023	0.10954434321211567	0.09305917455009718	0.09653435168098373	0.08424958146509882	0.13537223962519213	0.2936128175960733	-0.12362137076900348	0.30216952750573645	-0.057316405074280076	0.25713977988894754
sub-0104	ses-04	pain	30 L_7m_ROI	0.3416020823808468	-0.15339074396213515	0.3911956292537259	-0.15619243893142193	0.13847957320736515	0.1886726865970568	-0.0344000945061014	0.19770431942182062	0.25265489843458133	0.03275496857499877	0.10693892911784506	0.392411666805061	-0.11490466956553805	0.5532823919724998	-0.01180970891986562	0.45780179085792805	0.001730436736820374	0.40420298689881656	-0.10443607567743403	0.4178581256530976
sub-0104	ses-04	pain	31 L_POS1_ROI	0.1382960167602182	0.0018698860274032458	0.1288526510285225	0.01942786931351496	0.11717358101872699	-0.02872807126791734	0.21654153393852218	-0.10250339586564196	0.1676782810225581	0.11441914573666691	-0.10755898108087748	0.42033861649343357	-0.3556298425861337	0.37806989771025956	-0.031579998742352774	0.1587073463613906	-0.09052619866777076	0.06543678764478844	-0.0036848799947442785	0.018040063993993525
sub-0104	ses-04	pain	32 L_23d_ROI	0.3375815688891883	-0.3822032682668183	0.45333892269525883	-0.25715957210719537	0.21526018269310626	-0.017681197776535058	0.04133439555073388	0.2572315922382576	-0.06850396430305379	0.2564971133015062	-0.3531086271264899	0.4146867956862112	-0.15200571296835766	0.11834042720389602	0.02016320713544608	-0.16882163520992255	0.129418275814576	-0.28797631724869	0.1751952189992935	-0.042779633440282815
sub-0104	ses-04	pain	33 L_v23ab_ROI	0.44924163511693077	-0.11790114483169482	0.13430984673618848	0.30960987778511145	-0.14190478222501818	0.2574518012918367	0.2521846610031742	-0.09052654346993032	0.389609120808257	0.03715210826937856	-0.08768964116686911	0.8140134680031467	-1.005490633339358	1.0306054432543832	-0.6320041946313741	0.13436389223059172	0.2284909781700311	-0.22501002927027364	0.054072708677614836	-0.03803565591646654
sub-0104	ses-04	pain	34 L_d23ab_ROI	0.3016637707003331	-0.11106574933594908	0.2741177613535315	-0.10469198176570402	0.07625563859727724	0.0017232066236374537	0.28084729172931505	-0.09243626189825514	0.2860755366496633	0.07989635773974085	-0.003048488705939845	0.4496125565382791	-0.4020348281648947	0.6644104839433699	-0.3798637201707625	0.24828358415526472	0.10472994120684885	-0.06624372542021786	0.09467806310908049	-0.06855368068782362
sub-0104	ses-04	pain	35 L_31pv_ROI	0.23922849166927593	-0.0768554678469883	0.10985802202136458	0.12174067545065137	-0.10252365663754197	0.2442558922178308	-0.10749048734980887	0.22055002730264897	0.004841122269058137	0.22417635850309364	-0.13353149384342752	0.4612332811073349	-0.30946363561437923	0.4914717323181587	-0.21169982543751512	0.170871797673523	0.1852806629391484	-0.05044847990361904	0.043935576173280456	0.07854319754221847
sub-0104	ses-04	pain	36 L_5m_ROI	0.22114957605904084	-0.07816056804244752	0.11895158050491922	0.06267387231687155	0.13310905168889822	0.11675587796956544	0.04163390899861823	0.13606067525142204	0.08091565814465838	0.04253331493992668	-0.08112770090988249	0.30780608474177346	-0.27333975693176654	0.3967486753640694	-0.26043877174962093	0.1894017121611031	-0.12911138432333474	-0.12648529883295354	0.09554070196722501	0.03131319457139197
sub-0104	ses-04	pain	37 L_5mv_ROI	0.06719934459616039	-0.016366289573824026	0.06072421399754524	-0.10827470454898423	0.29646360378072706	-0.29631107715184085	0.26160735218831377	-0.07464440208486547	0.09737136224582657	-0.08603430947983554	-0.011591040205322839	-0.13119460344156225	0.11437844976429876	-0.10907190219807515	0.04170326466745128	-0.058407501857404	-0.04232984108292836	-0.11948112196654924	0.054084157728680665	0.059480325568529384
sub-0104	ses-04	pain	38 L_23c_ROI	0.10189152169054415	-0.01665707678541819	0.015595332329148536	-0.062038818794080595	0.17504657585410813	-0.13420092225683514	0.23905672920602888	-0.11023526804823783	0.06664583000836143	0.11839117347356207	-0.23811995889943294	0.2287082900436468	-0.2034736588447177	0.12742795518657818	-0.04776523247638331	-0.051679775591926186	0.1695122848457637	-0.24286515254818183	0.10459850203670273	0.06718574375899666
sub-0104	ses-04	pain	39 L_5L_ROI	0.15348447889490627	-0.048878506342773825	0.16296178093293037	-0.08058442521807531	0.16228486548962454	0.012421886449514292	0.03000016314132851	0.08738740241391002	-0.045307945311198854	0.0369189277223694	-0.15339720296006457	0.16345807219447459	-0.25204321490358533	0.226044271119526	-0.2039587366687515	0.13731059987857633	-0.11406248723157761	0.06514293000281321	-0.049383561862415756	0.16930391735553518
sub-0104	ses-04	pain	40 L_24dd_ROI	0.11260593426912083	-0.05954592319282514	0.07627335684602238	-0.05822116554437909	0.009257828519934017	-0.019095987637834808	0.06318442430802676	0.04166254152168901	-0.0035496795687826026	-0.14345015221820456	0.03671524525349006	-0.10810375104313241	0.04357831630158334	-0.002918184246834261	0.05232007364548796	-0.12777347892671384	0.039013569916821915	-0.16881213383511842	-0.02618768424651406	0.07937936392043807
sub-0104	ses-04	pain	41 L_24dv_ROI	-0.000510946535024802	0.09013648017429887	-0.1517856859607968	0.024726175222406662	-0.004095335417835354	-0.18128687190446735	0.15476630882448952	-0.10604955561361479	0.019096578519547096	-0.2813294258820943	0.00512382684078518	-0.15512639782418314	0.1135211019298992	-0.06943242733033313	-0.10132276898750443	0.18184810842471932	-0.38113457648915383	0.18088642284639472	-0.13499296287428164	0.14249995932172618
sub-0104	ses-04	pain	42 L_7AL_ROI	0.16537315413833914	-0.06966555346074128	0.10448913566170628	-0.05831867671435647	0.07339577573047072	-0.006078030657496194	-0.03101632840938302	0.17676302301847444	-0.095112425379211	0.11174780456559792	-0.12058393371450096	0.16734635841852247	-0.08823400891152644	0.18619899354026387	0.011705800406975277	0.03134036748373585	0.15779904028608893	-0.026263042183398585	0.10549147084260137	0.19170010043021204
sub-0104	ses-04	pain	43 L_SCEF_ROI	0.07594976954730634	-0.05763296663642506	-0.07548467465130743	0.013276577497080416	-0.16010123286458808	0.07455227679641567	-0.07800259945208429	-0.015551819465071719	-0.04649115960759936	-0.1823490986862319	0.027262886730125738	-0.1657094228864376	0.05485733955899492	-0.049214102590484796	-0.0807581062595356	0.14444638326269119	-0.16324847980464133	0.08128610823705616	-0.05469042303933748	0.1258479897928014
sub-0104	ses-04	pain	44 L_6ma_ROI	0.028789717237295603	-0.03801175414832375	0.07507580659678259	-0.10109899163633643	0.06617134417089797	-0.05391073491357935	-0.01485507381387501	0.03918713508257984	-0.06734824059647952	-0.0744421419643294	-0.03454136031981286	-0.02593973589288025	0.016675352617463265	0.06826468975711436	-0.0555891266190373	0.14686345850748012	-0.0561454612377798	0.10922433773576538	-0.050496764326435635	0.11858742211616011
sub-0104	ses-04	pain	45 L_7Am_ROI	0.2640048796742489	-0.12100737790977367	0.31703135972875157	-0.3230369078556775	0.3359762356385766	-0.25705347818360286	0.28184329401929026	-0.12721137846804792	0.2791363460223184	-0.04957627294870526	0.06181102093546635	0.2203247930692835	0.04881249449743076	0.32152496609766634	0.04212295494357642	0.4485998438582156	-0.02476960227930499	0.5348767416040082	-0.08379363466639947	0.5981058837021324
sub-0104	ses-04	pain	46 L_7PL_ROI	0.19916814614040124	-0.21519624131686227	0.32386634133247205	-0.2334137366417446	0.18318703190484426	0.0056375128491912814	-0.07880226788386702	0.22559426591816653	-0.10008670454622207	0.15341526478131526	-0.19675152424564324	0.27923529787181617	-0.20977395839490567	0.19831838681879635	-0.03168812648460894	0.11726120673203014	-0.037294613813768855	0.1321640742307029	0.014793196857252687	0.1943178966444945
sub-0104	ses-04	pain	47 L_7PC_ROI	0.3723912578075997	-0.26216432936369943	0.3060271635227648	-0.15829839241980406	0.10203639046640828	-0.06566523637368653	0.028537653051321842	0.07496554015375165	0.012673832222763377	0.06903405111220558	-0.10805599545431717	0.3472329547463032	-0.17975102181443373	0.3631915127148856	0.04857450902076074	0.21736987506763902	0.09422010644843258	0.19233208260284915	-0.0020669624921525304	0.4237616454505025
sub-0104	ses-04	pain	48 L_LIPv_ROI	0.3329992678165617	-0.1574226002124469	0.2076568166807612	-0.08978855798408877	0.09324836529263276	0.007937842352545106	-0.035581551486801685	0.1523406904722938	0.07231648751517494	0.1365715091427969	-0.08892963203708559	0.3385527178175288	-0.015549007772294518	0.3652888633638378	0.1110091504089778	0.3520339958001583	-0.0075617246357463554	0.3598666872261651	0.003028297052026856	0.44468704767196354
sub-0104	ses-04	pain	49 L_VIP_ROI	0.23638191422149565	-0.17343393670310125	0.3168874702897486	-0.180304077244759	0.19533492939491845	-0.0710235842695346	0.16684164738071253	0.06369330846717029	0.12092242468851205	0.09220996013178218	0.017273158046529836	0.3096087802852753	0.04979584797776077	0.28526112140611315	0.15089919978184274	0.32289313257439417	0.1281483920845863	0.46080284574971875	-0.01546967279224915	0.5972540968442275
sub-0104	ses-04	pain	50 L_MIP_ROI	0.46034175982981734	-0.26526767938644363	0.29411554810198076	-0.11268092342591303	0.08482115020054665	0.08754882559206334	-0.05386292323315988	0.2609685892055978	0.022637889176927384	0.24398323776151962	-0.06375836087542265	0.4482947627758105	-0.0053169407536285285	0.3624148913063038	0.249148237876553	0.43684863293427173	0.22442690688008082	0.5195486309078658	0.07371960211219139	0.7290657059997283
sub-0104	ses-04	pain	51 L_1_ROI	0.25807876730747914	-0.19601482834955178	0.23030670835129233	-0.04586859074967374	0.03946783753814778	0.03089503567933178	0.026520119163326437	0.08703431104018255	-0.07347799114555421	0.03143192862864675	-0.20472384214354697	0.16087996860012532	-0.22385389929619207	0.12124288357298939	-0.09840893513603412	-0.0026790395409434656	-0.0254657965256524	-0.08032091645397064	0.04973527368121412	0.04944951810460276
sub-0104	ses-04	pain	52 L_2_ROI	0.14335038815107118	-0.10727777772410566	0.049095464418218444	0.04960547332194722	-0.09021170560443112	0.09737342299620716	-0.14908578233512873	0.12897563185292266	-0.16596705092134298	0.07252547029873656	-0.12374698432741732	0.02810856011545226	-0.04560537358715595	-0.07505552255594458	0.0933789227145654	-0.12772548752380405	0.014558410383711785	-0.10505768966499844	0.036723834534806044	0.03260546873920293
sub-0104	ses-04	pain	53 L_3a_ROI	0.1065465128225333	-0.09794664840017556	0.12512055230899433	-0.10568997663059283	0.12260729707209055	-0.13538364842628756	0.17998707430586244	-0.06538579107438001	-0.0007122001039717281	-0.022279229744954908	-0.1359725329424214	0.04425105410768266	-0.23397404831316312	0.09995149475662538	-0.1123271556978276	-0.03657836317522482	0.02944206166521388	-0.24299827059960694	0.0836932783744193	-0.14795263819028195
sub-0104	ses-04	pain	54 L_6d_ROI	0.29240977663814305	-0.2152026820800083	0.25880766898794816	-0.12117747186847984	-0.0005649302937428713	0.05055936048997816	-0.06080656968517282	0.10252251066665195	-0.07778492636112853	0.025181241710190764	-0.07435781382627589	0.1775767292540362	-0.17382715489347098	0.2570888098961821	-0.10540083788185697	0.20642075916843783	-0.042767382552458225	0.08517568552083106	0.016718387008059492	0.11467132694435699
sub-0104	ses-04	pain	55 L_6mp_ROI	-0.05555927828909776	0.016696176008517204	-0.08641457103091586	-0.007567011653940576	-0.03690493909198249	-0.06320728806372598	-0.008249332387031948	-0.05396572726120864	0.007634712921211464	-0.09163658781347743	-0.1110439542482375	0.04373235374268692	-0.15673407535137676	0.1526790985819204	-0.22039835442793962	0.18509419459938012	-0.15359782801713856	0.07389553791058422	-0.03566348623927454	0.059304990135380764
sub-0104	ses-04	pain	56 L_6v_ROI	0.11951426994997649	-0.17945298986674976	0.06179550559466135	-0.058581442206027304	0.0017585116634729245	-0.028650584692349122	0.05769141211250175	0.03334977654481749	-0.10959952533688021	-0.05441585871028731	-0.2186996690539988	0.05448647224372535	-0.21834542985443303	0.10893923405354514	-0.14540893717157435	0.013921194776215697	-0.06156783385760228	-0.16418751746032292	0.008499305655501652	-0.03934977740574333
sub-0104	ses-04	pain	57 L_p24pr_ROI	0.1812867182463112	-0.10671217967155713	-0.09593192956594133	-0.11773709538350462	0.2193077147209485	-0.5310792627698645	0.46506626551163893	-0.44663781934671504	0.4622804666038021	-0.7878999752428067	0.21418156060548826	-0.43434308307990316	0.4698006136289681	-0.4731504675462111	0.03170508883030301	-0.07755310113001411	-0.2739066772078012	-0.28134827603957546	0.20148470431933638	-0.0802863345619992
sub-0104	ses-04	pain	58 L_33pr_ROI	-0.01666970199944	-0.24182274700085196	0.26760828096914413	-0.24965157395885335	0.17029283302022394	-0.02805875929930999	0.02527432203134138	0.03118277490172251	0.3570700662270101	-0.46559907637311077	0.2304959837720161	-0.3836669261643467	0.13279556496860384	-0.11474598812898629	-0.193626954873194	0.13025587545053288	-0.33677772942437734	0.12542856104686112	-0.0183647978104359	-0.13420153334484997
sub-0104	ses-04	pain	59 L_a24pr_ROI	0.06087218158184278	-0.3262383204777682	0.06712417821545087	-0.12271655933815408	-0.17077235504372995	0.33363891871971835	-0.3548890510853515	0.0750396904293598	0.0723721684885801	-0.4403275395084909	0.012635043032837466	-0.07946914737661491	-0.4830948072018647	0.1285517814974657	-0.2201116769161457	-0.15401747334351254	-0.2554698482363026	-0.3071941517776237	0.11033382741913754	-0.3349372147000393
sub-0104	ses-04	pain	60 L_p32pr_ROI	0.00678744892159829	-0.09738975491240782	-0.027744296699711995	0.008813064265825763	-0.26534122176926095	0.23206245672036047	-0.3363516314579973	0.08623082481015115	-0.12633251280335464	-0.21883133257827594	-0.15075125769450068	0.042028152920760835	-0.2523391054226547	0.03970994565462568	-0.24103097484562244	0.04978602070625477	-0.2023558053732353	-0.12106647089822145	0.055247727591462154	-0.07557169136552278
sub-0104	ses-04	pain	61 L_a24_ROI	0.23510091415357487	-0.26255988059038965	0.26808357169456637	-0.007841147844237277	-0.0886628805895558	0.3631779177051192	-0.27402995715436723	0.381019078487853	-0.25095323338353454	0.14282737607061044	-0.05003330772084675	0.21063767817873083	-0.4607377632183504	0.3965498548232491	-0.33547444347459443	0.026175035972725233	0.1826582241425487	-0.27580622171494257	0.13663570649592807	-0.1116986369118538
sub-0104	ses-04	pain	62 L_d32_ROI	0.20198922683490095	-0.1811773333131599	0.1669749744400061	-0.10364676647244615	0.18599570785029504	-0.10608078371892049	0.23734652044724844	-0.12574307365378767	0.12821460845030827	-0.19624472371314058	-0.014267019816808382	-0.12078015359198936	-0.10274031055178275	-0.027658286672929962	-0.16587216645537636	-0.06331682456623206	-0.10179424075896429	-0.2071737322776176	0.08120011068680381	-0.09577135117587178
sub-0104	ses-04	pain	63 L_8BM_ROI	0.25998277456603497	-0.19359750725219482	0.09149299740417408	0.0006007844761244676	-0.042930340073256086	0.005696923497245235	0.03911281636434669	-0.045600242590234694	-0.006185726172326622	-0.16803898662505168	-0.07346952303976656	-0.18441587542046892	-0.03548010489791794	-0.10210855647983559	-0.16863933728130998	0.02761609865350287	-0.23896927544446483	-0.180716671077874	0.042726650293517125	-0.13050512250226598
sub-0104	ses-04	pain	64 L_p32_ROI	0.033240946893475135	0.045798070164033866	-0.11964547057557809	0.2538052139487987	-0.2696965851174315	0.3709179464514589	-0.14207516784437393	0.06378400641343587	0.07226318505530434	-0.19030359516822287	0.13967071981694723	-0.09819933066234603	-0.08468688848805697	0.14711896663468757	-0.14104740244854028	-0.06804259875011356	0.08895055131061355	-0.16336694757606876	-0.03128032512961989	0.028643730467399667
sub-0104	ses-04	pain	65 L_10r_ROI	0.16492979584914114	-0.09884911930071619	0.2415513659179399	-0.14868750159480956	0.2554684649627102	-0.10428729373554622	0.25792331911086336	0.00979523614976393	0.14201754980728562	-0.08145234363523693	0.05582004522791951	0.06944210074353913	-0.09466324465127067	0.18058151512421317	-0.12792399577404082	0.08210581197748724	0.0710458803497489	-0.11636770247690482	0.01637750659688942	-0.021574016708440495
sub-0104	ses-04	pain	66 L_47m_ROI	0.14411819553899588	-0.10356379018057572	0.044617737499162625	0.06153483340420949	-0.03756617573398955	0.12091002582511343	-0.05612360994564524	0.19721516505613743	0.06387566623567908	-0.12275192609401568	0.13052591741251302	-0.031450861489268164	-0.0601088441650917	0.1470394222305127	-0.1967688767667232	0.055899931371796635	-0.08598530566837619	-0.05714378449132493	0.09481524271476263	-0.07700103551351554
sub-0104	ses-04	pain	67 L_8Av_ROI	0.3443151510671002	-0.18556648666179798	0.3351944507001847	-0.10381074539293128	0.17404013851582648	0.04693943890988159	0.14767351031586362	0.10687263822324633	0.10946099012450304	0.023876991590062117	-0.04724179497342621	0.21180343106156874	-0.07604656624633375	0.19935803042423814	-0.010918014180734487	0.06562104193062307	0.08566892393900831	-0.04776613035043289	0.05046471053624539	0.024340108851419143
sub-0104	ses-04	pain	68 L_8Ad_ROI	0.22163998757686817	-0.15202222699110837	0.16932157407740414	-0.025015658784384956	0.007981254642168017	0.08945029958625142	0.013502548464230862	0.13215753491665172	-0.06555854757883396	0.10285336133586044	-0.04790477257354407	0.08670955179619742	-0.033706859510846496	0.20503409602624617	-0.1065576732790944	0.20701032683724127	-0.11488046596719524	0.10656931559736033	-0.047885115554977035	0.0527178958902128
sub-0104	ses-04	pain	69 L_9m_ROI	0.31573926765513727	-0.12429563149496323	0.17271186104079897	-0.012366129202354623	0.16556935034869985	0.0005935140871494918	0.17562452692750055	0.024524937639124493	0.18326430147593295	-0.06604356487619886	0.03768226684793987	0.06087697674928418	-0.00840565056280143	0.16570696556691394	-0.000487364635897242	0.04578227150619026	0.10585895992715763	-0.0393156534087873	0.08654847654092802	0.14230451851889156
sub-0104	ses-04	pain	70 L_8BL_ROI	0.35134248989149447	-0.13537300256563242	0.211221541025969	0.04000166472796245	0.10411148169014968	0.028601157018945736	0.04211542151543017	0.1801097355677909	-0.05206906951626992	0.0945474876766632	-0.19071128356758443	0.2630170763547859	-0.1987987135938987	0.3391190680067944	-0.14910611620810302	0.12775340373332866	0.12819758882375792	-0.007177224907895694	0.02115956246301978	0.15893313042191473
sub-0104	ses-04	pain	71 L_9p_ROI	0.34741372567608475	-0.21619574797212288	0.29992630759140365	-0.13405487543249545	0.18925522590356272	-0.08236870688672379	0.21094771249307584	-0.04224469675102997	0.13909464514861816	-0.09453055191935407	-0.03367369031052172	0.07142491715577558	-0.11614817917240873	0.15068742288640788	-0.06352295044061303	0.044437444270858266	0.08814058801566675	-0.10221267921483637	0.06026555423107485	0.05461746175420343
sub-0104	ses-04	pain	72 L_10d_ROI	0.16358609666212676	-0.001469891943686928	0.09395480296584291	0.06988212226155234	0.0831920269951192	0.10448174714788189	-0.012227171469407112	0.21728052596566932	0.029762041873785262	0.06879681375623042	-0.09432301969675437	0.21331909739955007	-0.11562931950063483	0.16666578862015666	-0.030525142187474374	0.07104348607068721	0.1287476178826044	-0.001489944965752343	0.10164203019006364	0.10597584845195328
sub-0104	ses-04	pain	73 L_8C_ROI	0.3690811367083823	-0.1532202538899501	0.18134583297302745	-0.05785242103754144	0.15403904747607533	-0.015890625052146317	0.1479101616434013	0.09890295962583127	0.1266734958711239	0.10506231510166625	-0.17512578390919098	0.38691914194178534	-0.2429120799051902	0.39928658659892124	-0.07474974750114	0.1298959740046004	0.12441347136305361	-0.03625731372729102	0.1289316114329592	-0.005943178553282102
sub-0104	ses-04	pain	74 L_44_ROI	0.1867909055289668	-0.07005510522474383	-0.09672243619842737	0.17105861082965845	-0.1790900167553744	0.11513933381661812	-0.09584106822033014	0.06059539922261717	-0.011511632016902485	-0.12551247852444997	-0.02492259179211768	-0.0762725898632126	-0.08716775780797485	0.08025416659619	-0.12231645060322763	0.01118524314481044	-0.10244589430165835	-0.05060568149495695	-0.018062508217966407	-0.03713727884240118
sub-0104	ses-04	pain	75 L_45_ROI	0.17239988350272561	-0.07641115944607998	-0.027635869245159362	0.16913775637792794	-0.15374662166497013	0.17645923565434815	-0.08508965350169662	0.13966335494201484	-0.04053874319992048	-0.0867690321256819	0.09305521081414703	-0.18069102325894748	0.21136643243265685	-0.21915683292563068	0.17634745836736684	-0.0692837096584764	-0.005108840770870448	0.0005020863344006246	0.03201933984136803	-0.020752077566091147
sub-0104	ses-04	pain	76 L_47l_ROI	0.2500790247600759	-0.09031342224852498	0.1114213378921793	0.00874047716942969	0.20272599115201348	-0.031367649203523106	0.1344318880467571	0.16920724850349805	-0.012800624284944512	0.134811261369198	-0.07596315303487979	0.15539294681266647	-0.09767619564332419	0.1651431073436588	0.043034831560882614	-0.07973091408454314	0.10849501817265018	-0.1329025806916499	0.14481749177647074	-0.017488740978841254
sub-0104	ses-04	pain	77 L_a47r_ROI	0.14553075836830948	-0.10919336152525551	0.08095842816355563	-0.03169621309992016	0.048865510364486865	-0.012602708270484089	0.01279113265112663	0.19534902371424373	-0.014532212713064267	0.11920141668838459	-0.0738708321133418	0.15985153136458594	-0.17281883875441903	0.13848187869767442	-0.07917931895318912	-0.012839325191818659	-0.015563744389712753	-0.21186204702204395	0.1410232778376357	-0.20786885464672417
sub-0104	ses-04	pain	78 L_6r_ROI	0.07207073969252839	-0.07489196182620614	-0.10818262787306003	0.10568572506591487	-0.08501455481162049	-0.005983134778838492	-0.01839629760514228	0.03947061368550093	-0.08818947109702303	-0.08437977997891934	-0.14799041167430074	-0.05352214029074053	-0.12100012822415428	-0.047686140702216856	-0.049723053755979386	-0.05247508504356869	-0.017418064202097048	-0.16344273437140458	0.036995429585245425	-0.06556083099135758
sub-0104	ses-04	pain	79 L_IFJa_ROI	0.25506843330317613	-0.0964325214724682	0.1315601928434299	-0.03319690699441801	0.05513048589695085	0.0832338395056599	0.048173771982986224	0.08511381153170212	0.1614883562508228	-0.16423019552191775	0.046850856125238226	0.1479074591564035	-0.05293464580857894	0.2911765805944473	0.015791472774807858	0.19487795134391267	0.137208616730839	0.08389364545724687	0.1152908434283961	0.15306303473051944
sub-0104	ses-04	pain	80 L_IFJp_ROI	0.44392238880776175	-0.2385474725187954	0.12807020810383732	0.04966859046141645	0.08671513733555501	-0.025782959849456798	0.3392402395700861	-0.10235549921092697	0.42932549064616415	0.06301579308789602	-0.1890477529607881	0.7204744880343196	-0.23955877920848748	0.479417491956206	0.14678361362420228	0.22011266811724586	0.4752699223804759	0.11181926459343854	0.3130732937643626	0.04628804612412891
sub-0104	ses-04	pain	81 L_IFSp_ROI	0.2914999298017978	-0.10368572846549845	0.14267818688424047	-0.021129853692438704	0.11072791429753563	0.027776438878690836	0.05604057581694639	0.12379692267391401	-0.04492760332042172	0.10706124831783276	-0.004465040542325839	0.05080689879901698	0.035466075131777006	0.17824096169208603	0.02361142265982023	0.12002374914197537	0.032364296388535635	0.10995734317119278	0.012227468673125763	0.14676064289448593
sub-0104	ses-04	pain	82 L_IFSa_ROI	0.1907208586430429	-0.18541203239213422	0.07796330468334658	0.01877098004851959	0.07616751647015012	0.027485573827514348	0.07138367701056532	0.08002428741437471	-0.04532428475538532	0.01984785391468801	-0.05597615476517571	-0.11716773007207532	0.18523104853457767	-0.14470900127764882	0.05025458578042606	-0.09276647410689397	-0.02297965139565439	-0.10988911957960265	0.09690350274913866	-0.13627446866877008
sub-0104	ses-04	pain	83 L_p9-46v_ROI	0.2773806565559518	-0.1922423247533028	0.18173916239666582	-0.10233067280744894	0.0788641505474944	0.011466379005886951	0.11000521483788342	0.09508540456330572	0.06529525003827406	0.05537617565885456	-0.026384058773522838	0.14400886977178198	0.014636575388160574	0.08635741168108994	0.0585074155466504	-0.0337530537875542	0.13497712287399033	-0.11252479824839676	0.11700375754088208	-0.029204264290942528
sub-0104	ses-04	pain	84 L_46_ROI	0.11702472238553698	-0.059573811747366506	-0.003681303212036229	0.09615556824929024	-0.02151302145410918	0.10545015041525548	0.08337235283876465	0.16698193456145144	-0.015053603453862205	0.05533973459453948	-0.13013318791089556	0.06686724445810782	-0.1333938664341962	0.010883416282728053	-0.16611318468230338	-0.22601918001348703	0.00839831715126099	-0.41098239048015206	0.0950276306187138	-0.31403735793060955
sub-0104	ses-04	pain	85 L_a9-46v_ROI	0.27139489109930254	-0.22346394821954774	0.1504981971652683	-0.060526684296761155	0.10272048209666751	-0.030975555446928878	0.02463718625370541	0.3307838037811385	-0.07938947431250568	0.0842237198259457	-0.09089946684261223	0.11204399635465986	-0.12865514224353636	0.04140185982843502	-0.04805376175306172	-0.22737022165356627	0.036996057538818045	-0.4130851217563929	0.14314679978422884	-0.36315918712917683
sub-0104	ses-04	pain	86 L_9-46d_ROI	0.22876412427004117	-0.13414984072959785	0.06451822048955323	-0.006640820594769651	0.0839198836281784	-0.03254087537512422	0.09422100367185401	0.05954326482489663	0.06430177017365264	-0.08510163236835412	-0.12376887443538793	0.09285160496521021	-0.2509769766659693	0.1291384207061808	-0.1995238143958643	-0.10954710303337091	-0.013534536058691714	-0.2641970462857438	0.1063849833829865	-0.21475380988606402
sub-0104	ses-04	pain	87 L_9a_ROI	0.36981335676954635	-0.17423013432944273	0.2556133802202963	-0.08711847256656335	0.24931924178042802	-0.0023322402661828576	0.11546031002255483	0.10896196912858686	0.12707787523874223	-0.06385028914075477	0.007147221495903831	0.21973788773009142	-0.2707033818393124	0.41660836953862107	-0.18599124220231736	0.1519460603837828	0.07668151170841792	-0.05496154541019551	0.09969945251513823	0.04052625304066646
sub-0104	ses-04	pain	88 L_10v_ROI	-0.07679690333904465	0.043298275605971166	-0.034258246650404965	0.023444356722489682	-0.03821586397398738	0.04755037769260953	-0.033306705734680135	0.09549541374458144	-0.01692913672211902	-0.0189058588294357	0.1025297083139703	-0.05284959183762586	0.05544624285151094	0.05801906859174269	-0.04616003506645439	0.04975867206062566	-0.011908064675289372	-0.010734812618276602	0.05459805612676748	0.05254434354239631
sub-0104	ses-04	pain	89 L_a10p_ROI	0.29867405042954814	-0.08893514011848526	0.13216207746679545	-0.09644603496081706	0.22235138118813352	-0.10432398248050245	0.15700509990369468	0.28333215281567653	-0.026409159429618162	0.07706309744714233	-0.12448837623918292	0.1730968237674982	-0.2399674226575079	0.08741049370985624	-0.156850403551122	-0.13623216397061474	0.0635825323078148	-0.38119578028489876	0.2340697018312243	-0.2748764167230456
sub-0104	ses-04	pain	90 L_10pp_ROI	0.01566000797878396	-0.028170758297697055	0.013711149455422848	-0.016597372207613134	0.007433651499628023	0.008810368062904786	-0.03803604176281239	0.048362564816247955	-0.055323776324249646	0.02745456935161162	-0.02754301194490003	0.0280618112084008	-0.0315170801288092	0.04257340257734095	-0.027020028345395648	0.010988898042093765	0.007504111662178726	0.006946581284767932	0.015453917194741705	0.020593220116536172
sub-0104	ses-04	pain	91 L_11l_ROI	0.027581791044578412	-0.03893000680143393	-0.05013413967852945	0.10882481460076476	-0.1334059792725824	0.14286711568845886	-0.1662421443967174	0.24308941273065612	-0.22064680351281432	0.2176639567254977	-0.23580621531817372	0.19744198568169033	-0.18315520376529199	0.049805626951761404	-0.028301038108397507	-0.10172192877876333	0.038792376255789435	-0.1411176442184903	0.07993780588929793	-0.1107873772700379
sub-0104	ses-04	pain	92 L_13l_ROI	0.04076560344632269	0.030306612430616872	-0.05375029030796643	0.05660425390898684	-0.07340119162308031	0.1233722792925991	-0.04433389021535263	0.10575087178400652	-0.07033059924912817	0.1224972470871016	-0.07161741715594679	0.05660241187591558	-0.023464652624106064	-0.04475176512115599	0.03980446900202083	-0.11728360974652219	0.1151076449142063	-0.17504499574648658	0.0815730692697738	-0.06439160899040867
sub-0104	ses-04	pain	93 L_OFC_ROI	-0.006590647701040894	0.002349896984360755	-0.008692043001951394	-0.004059436658149749	0.008066036125493366	-0.01302496318744896	0.0014117297570251936	-0.005807433911385245	-0.0014640412870654137	-0.004749344490090271	0.0004277365649146478	-0.0019106558544777729	0.0007304685124848775	-0.0017370215394015038	-0.0010551119116293623	0.0027230444908385117	-0.0009792270626809917	-0.0005660606085563426	0.003602640367193016	0.00024182391510397023
sub-0104	ses-04	pain	94 L_47s_ROI	0.4373052630716225	-0.16898909277119983	0.21051160282082837	0.10296071042302735	0.1037747044578096	0.14650272839034034	-0.030367940732451686	0.37606172914251257	-0.08135663367524722	0.049868768208170426	-0.0035682016013801644	0.17980369873246757	-0.09040685168241637	0.12089967796372524	0.1123502030037639	-0.16551328962169476	0.2887388065584437	-0.20474461460606003	0.18720772294822538	-0.00799775400581679
sub-0104	ses-04	pain	95 L_LIPd_ROI	0.33125196860556205	-0.14016991403539938	0.15893741753497143	-0.07037177901060189	0.15728575537664466	-0.07907239181728717	0.020939333703497612	0.17474614558996412	0.16418637086285404	-0.11437147921322093	0.18424688210969312	0.11387121568888947	0.07925782905998019	0.20410431172787705	0.11788222857417849	0.3608770336194696	-0.011665231832651361	0.3050747704378587	0.06749401080475614	0.21755887126690798
sub-0104	ses-04	pain	96 L_6a_ROI	0.16296789591353034	-0.11090529548567507	0.149127795764515	-0.12341893490763572	0.07578549587664664	-0.019592614967745583	0.05085520387290096	0.06403809716938948	-0.01569439006262097	0.08939301872064645	-0.09596193621145382	0.29246803408251204	-0.10786803068520588	0.35886367192874674	-0.04762175355646087	0.28349239554309585	0.055438575463468025	0.12289033964640778	0.08247428084823412	0.11915868362828154
sub-0104	ses-04	pain	97 L_i6-8_ROI	0.19201184886662248	-0.08840710098126653	0.15905140528850437	-0.06390619392399537	0.09726623645218432	0.024475691733987125	0.0288048765542492	0.1491683166661155	-0.013212214833523955	0.0490594271966451	0.0016234577048927078	0.11369825332805959	-0.009209916683870212	0.13584437090107845	0.0848449587781266	0.03906483069489026	0.058925430951601215	0.06453463016752212	0.09440692760869636	0.030284606833108067
sub-0104	ses-04	pain	98 L_s6-8_ROI	0.2805648319577398	-0.1457156463384662	0.28238995018354823	-0.13403950936885262	0.2633934605017937	-0.07353811829427588	0.15985205273602748	0.16661562443418615	-0.009323695339428324	0.06317363350429589	-0.03312941705789213	0.14933441989608548	-0.059124712653907965	0.23422077596853305	-0.016282704469109923	0.16378554689288782	-0.01803368933452872	0.08206781812889334	0.02398354084089058	0.04469647152002986
sub-0104	ses-04	pain	99 L_43_ROI	-0.00500660955111889	0.044348337113348735	-0.24875490968149522	0.2706168415100105	-0.20168468835527534	0.12662469376996663	0.004827634158499445	0.011792443293745876	-0.06801070465564167	-0.23818646998715617	0.05482489122869284	-0.29865615514147614	0.043515498652989676	-0.3407088529397997	0.05942310227312831	-0.3352164691043173	-0.051500664735951905	-0.2528355698560051	-0.08140581205083575	-0.0812916084789989
sub-0104	ses-04	pain	100 L_OP4_ROI	-0.0028465635680342376	0.01662562123779156	-0.0546052003174895	0.1692664666964789	-0.06824335501341669	0.02618445310669153	0.11904675406265716	0.0245675692391485	-0.047024107009692506	-0.06480834194321576	-0.14577034161769725	-0.13589697605604328	-0.022871309352795792	-0.246553128543751	-0.016159571109418878	-0.3430527821261837	-0.12658012113988132	-0.3220699164477829	-0.018715347175781497	-0.2063410374858033
sub-0104	ses-04	pain	101 L_OP1_ROI	0.09730632177082149	-0.04961229542362962	0.1205830899887249	0.0408344894196671	-0.10473856202195574	0.012833714547863516	0.09986042544400192	-0.049320042613513845	-0.02617525912725984	-0.061991189523114575	-0.30130896202748186	0.1464867579151914	-0.2628045057715296	0.017611836988042005	-0.06589965043223155	-0.0926324109157136	-0.1389529707953812	-0.04332409858394207	0.033204084299558026	-0.051377586230416515
sub-0104	ses-04	pain	102 L_OP2-3_ROI	0.20076642284348256	-0.17642896657274065	0.14868499961362988	0.08800869313800759	-0.061395941088696504	0.1940725947719254	-0.0822773982575143	0.1410180070554715	0.0006516930312004244	-0.1112887809972566	0.05260598695238872	-0.10320284403253609	0.005263377099202712	-0.23843598120129525	-0.044126215468457096	-0.24263402188664843	0.0021387644973344232	-0.3066197592235343	-0.004509877320639539	-0.15921049745816518
sub-0104	ses-04	pain	103 L_52_ROI	0.14547127277481026	0.08161485545292857	-0.09831008128123245	0.15293401024060327	-0.1839717172700646	0.27391858178459766	-0.22187220181261066	0.39081130125011093	-0.2357541925516635	-0.0995276327418787	0.06731537239734313	-0.2890931544983802	0.356539546103352	-0.5300321389704568	0.41316928331852126	-0.48541544785174695	0.3784356535385378	-0.5955679437844774	0.39346155753739603	-0.3632993178568351
sub-0104	ses-04	pain	104 L_RI_ROI	0.12300525034969785	0.15142109064091444	0.008751605086083475	0.13653370232995463	-0.009586609285867222	0.042673213169524764	0.14730822462728457	0.06933891488118125	-0.0022572056130284457	0.06083861894549859	-0.18941341522619148	0.32633039343431275	-0.3610855024908901	0.2896980964512225	-0.18173099119771338	0.018187975902947122	0.09122083885576919	-0.07068214514243054	0.05137982402266726	0.0025670658006009734
sub-0104	ses-04	pain	105 L_PFcm_ROI	0.10350884215710605	-0.01823753810777539	-0.041676484369768625	0.22532537970045793	-0.1715114789147424	0.15083806259883895	0.11580405483653386	0.019680594100216206	-0.07979408438619712	0.10269371473262202	-0.24459419486041914	0.061756951784969025	-0.029137031514272518	-0.09626051152629918	-0.1039657524203533	-0.1376650124718742	-0.22898560759871314	-0.03603073934136058	-0.06948411433663974	0.04104984317036633
sub-0104	ses-04	pain	106 L_PoI2_ROI	0.10473180047620428	-0.028854114015088535	0.01878577345649951	0.3049590444732148	-0.18465013225988836	0.1747514812073033	0.03164511180308326	0.09577527721536919	-0.033236797251183815	-0.019461907852223816	-0.027841973113816507	0.06765217188876296	-0.25256437718359737	0.14858377071005252	-0.16790702760679735	-0.15517378280130048	-0.06189133074140065	-0.2948007200877489	0.09855606551246418	-0.14358053647724445
sub-0104	ses-04	pain	107 L_TA2_ROI	-0.014288064837351795	0.11479783304598307	-0.3937429433410962	0.5497107895729109	-0.31969390171177425	0.14422696814852548	0.10508323104324524	0.07810118050687398	0.036424370399941564	-0.01612139674193137	-0.128973030031837	-0.12960940132322435	0.14334302068777485	-0.34294790080659127	0.20995267211156135	-0.34384325936646126	-0.07914214705672022	-0.35357612707576175	0.3066042322853504	-0.18223171535885538
sub-0104	ses-04	pain	108 L_FOP4_ROI	0.08026969666002515	-0.023271183211974418	-0.17263367696275148	0.24137385707991998	-0.16096720658950922	0.05371861830728226	-0.019589634486457796	0.11295246525559395	-0.029255274658256013	-0.3335951503579008	0.1454106738447535	-0.46952612298527296	0.2401479742853105	-0.41109311698760964	0.10600861187657266	-0.32827537744991897	-0.10000206648795018	-0.2105234622114213	-0.021364192979707486	-0.1517407120991685
sub-0104	ses-04	pain	109 L_MI_ROI	0.03705978137285026	-0.06798671112095032	-0.14357720820638664	0.24265416127513498	-0.10837389139607095	0.038363847002746705	-0.013588027413149491	0.29412247890607773	-0.2431968642613841	-0.005536541172602776	-0.17022721436827692	0.009396931489757067	-0.15146447569716895	-0.11802203660987758	0.0368394175386638	-0.24259362651322977	0.02954242889185308	-0.29364053016134806	0.04249947604346938	-0.03420486398632296
sub-0104	ses-04	pain	110 L_Pir_ROI	-0.05834929476335951	0.01857121362059057	-0.19609192337431502	0.4116628577799958	-0.6226394207452759	0.7652707175754745	-0.6814208182770731	0.6863744298968213	-0.5676862129809247	0.7003391697665472	-0.8051986603667154	0.8868191987848376	-0.62002670841613	0.32294579090772235	-0.3878545662639406	0.25722286410726153	-0.5924859723806889	0.16204408944934776	-0.13163898543017943	-0.10640718271591294
sub-0104	ses-04	pain	111 L_AVI_ROI	0.08420950583821638	-0.15960393797046077	0.018732860210609693	0.06400989047022342	-0.060483442639764365	0.022486677654611476	-0.08283927008384608	0.14530777329814473	-0.1650243998723409	-0.021770467959871517	-0.10452494192328374	0.03673470215164626	-0.29373505815340856	0.24106626919408022	-0.22051764591870726	-0.010007810686271205	-0.03000573867576794	-0.21901720484230044	0.05886046251378263	-0.11448724299161209
sub-0104	ses-04	pain	112 L_AAIC_ROI	0.006936517810653202	0.0009243281762305074	-0.053037177798516494	0.17776734603742833	0.009083244172669898	0.1489834665355489	-0.09173359058581233	0.23554137984249957	-0.06375721109795392	0.08005005504452747	-0.1651172700636324	0.1421125148473316	-0.1936096786262337	0.22649839241482853	-0.24773167340498914	0.03514509041736642	-0.03105667593073769	-0.31533612827997404	0.1994688981847842	-0.07544695905076387
sub-0104	ses-04	pain	113 L_FOP1_ROI	-0.018934016734089072	0.034395599745978354	-0.33118842389297815	0.40694174614729245	-0.4265311766298437	0.23985808073465703	-0.16840378592360203	0.19658008746804298	-0.31621289701273664	-0.13585704260030107	-0.19550368541062876	-0.09065912248098473	0.05934472353195588	-0.3885867262448514	0.12952891372965417	-0.2424437100924508	-0.20452492280789678	-0.1518835336066091	-0.13553997218533517	0.029628623261094174
sub-0104	ses-04	pain	114 L_FOP3_ROI	0.37918736185692326	-0.5013429485301024	0.2723432063076713	-0.01338696825891231	0.03429206759444181	0.09286059191734895	-0.0356889311218952	0.2708659706679452	-0.10961316199971022	-0.2717942395690299	0.19930266523586782	-0.31081266906169147	-0.026477031759045783	-0.14272665794921202	0.08162521151271676	-0.4975716539640377	0.1760583799104993	-0.4804755156059931	0.03928042613654198	-0.10755077385968238
sub-0104	ses-04	pain	115 L_FOP2_ROI	0.06530593676320852	-0.03961914315750465	-0.13262087199772887	0.11739910020675352	0.0194433795178751	-0.0786932377994411	0.11432360012589379	0.01703910241665095	-0.06563936975642888	-0.16327113299628288	-0.05052274998996946	-0.23037278296449618	-0.02787412217397626	-0.20622467655226165	-0.0017143294767645487	-0.3131568610243697	-0.05978209727035302	-0.27038271915374007	-0.11236859531320946	-0.1582475725768751
sub-0104	ses-04	pain	116 L_PFt_ROI	0.05267660557665036	0.02268985541113013	-0.06784365386324012	0.12956472251221138	-0.09849425546805728	0.03783956451682133	-0.04152999899636052	0.09436036108964437	-0.09264424756875743	0.07941245611635986	-0.08800324514181637	0.04659266342039753	-0.006204806729467509	-0.03442531034282269	0.09626801499469471	-0.06921061334849958	0.028941998207448097	-0.04992364499805342	0.04880317765930243	0.05582411289068941
sub-0104	ses-04	pain	117 L_AIP_ROI	0.1283364884707357	-0.07754576082488293	0.11473565600040987	-0.09086536317581839	0.016567796317154364	0.07135939914529327	-0.18537104897039317	0.30839951400146914	-0.16413064769455252	0.19436182035975466	-0.19178874414632405	0.31965569540810446	-0.18930022337497376	0.23411944596799172	0.047333279382442695	0.15895250405003966	0.0224696843948921	0.1085908427733921	0.007519071964789515	0.19387411446360642
sub-0104	ses-04	pain	118 L_EC_ROI	0.14550785166452124	-0.04190104631145762	0.1442738385680441	-0.18127013522298513	0.27335701983821215	-0.09519097266976168	0.09861380817352174	-0.04289584605169636	0.23277544177116216	-0.1441914213768887	0.12195405355126254	0.0684473889000596	0.09049786083423778	0.06613608841827068	0.06742327710816542	-0.0063341141069817525	-0.005349514334197293	0.19936829558866684	-0.1694840631633238	0.1620830043395076
sub-0104	ses-04	pain	119 L_PreS_ROI	-0.018007432370528324	0.08523113547927792	0.003069486864288662	-0.07556859908942057	0.1257577565998093	-0.02407845313017331	0.07073090254566354	0.1099103727608095	0.04762766747801303	0.18112492326400353	-0.11221063962219954	0.18126426547982458	0.07191667127328048	0.04360229523657669	0.0591589579641561	0.17857114423402706	-0.10199934742703194	0.3319695086612006	-0.2853741239188387	0.19912187766859055
sub-0104	ses-04	pain	120 L_H_ROI	0.04669142186269062	0.05671229159020876	0.011191845633727495	-0.050647328974729365	0.146407300040212	-0.13374700002505396	0.15734592618591045	-0.09178258129585386	0.12873276716365936	0.05726279141644777	-0.07860473335882188	0.3078475332628328	-0.20836086274161983	0.3408098937094238	-0.10747211730252874	0.17427325497162888	-0.11272495987353509	0.08185593328158322	0.07023868853913344	-0.011087944815022337
sub-0104	ses-04	pain	121 L_ProS_ROI	-0.12243850334540028	0.04917824143585603	-0.11047896275152207	0.07383121867306311	0.20450183987911988	-0.15586070695516607	0.3465971090967647	-0.24737920527945653	0.30561382862538605	-0.360463611611608	0.46963166418550684	-0.3481203196095553	0.49820562082583414	-0.41534889266530306	0.4723874068380057	-0.3961489744051739	0.13350038393624797	-0.23691192275214595	0.1441090290096362	-0.26373979681285625
sub-0104	ses-04	pain	122 L_PeEc_ROI	-0.03449614261914126	0.056790482939715003	0.056585126701033835	-0.08329660102953697	0.1695460744328232	-0.19236127849304444	0.20657072231631593	-0.22932324481304425	0.2985637466362111	-0.039006675626070936	-0.088587856434117	0.2956434777503679	-0.2456414908393908	0.2477240383252056	-0.2224387625091768	0.08250182885532134	-0.1518343704427449	-0.00010821008829528743	0.06045977159222344	-0.04973347743253544
sub-0104	ses-04	pain	123 L_STGa_ROI	-0.028718504205433114	0.16066731671328024	-0.3497334271966428	0.38039713431648714	-0.22131704783000522	0.1229520552056143	-0.01098814436147588	0.16970693486565852	-0.15434939279092003	0.17128173959971368	-0.2249126013998978	0.013236246983615762	0.2099012321921386	-0.3168867016915269	0.24186143094322274	-0.23480350335086825	-0.05018246646602779	-0.052525917675283876	0.061047075695291796	0.0015275498367795148
sub-0104	ses-04	pain	124 L_PBelt_ROI	-0.10978005559814932	0.18034471481937836	-0.23033920294936958	0.30699099881571684	-0.20436337255657813	0.2487936572762058	-0.0031735704454393613	0.2046872924938075	-0.01902118410996553	-0.005521513438469217	0.02708659740380389	-0.028940961104250457	0.05638528526848823	0.06401717401937286	-0.08156996227348479	0.12394837983043054	-0.27966469823829543	0.028998264289257388	-0.014260703814092156	-0.05417487552963816
sub-0104	ses-04	pain	125 L_A5_ROI	0.18197585272255531	-0.21200398757973263	0.21278156758623867	-0.13137694747570486	0.15338272798784916	-0.08080177972932884	0.030151798087983288	0.07158804433380771	-0.0342631833694293	0.009498728776905826	-0.050501604782485165	-0.017663506146336605	-0.0036423659248416844	-0.04201005489060341	0.07703823842692606	-0.01684624260827269	0.053661396543296	-0.007923276702180817	0.08194816566907423	0.0666257507741444
sub-0104	ses-04	pain	126 L_PHA1_ROI	0.1544681990836284	-0.09433750967191738	0.1787111975099974	-0.08608309811373348	0.030730740795130277	-0.05585233941296961	0.16629075832605236	0.0030793223168258227	0.05540739930556155	2.1865278846840104e-05	0.09527142910839063	-0.11206860184991975	0.22188908513067732	-0.3099010444903727	0.2948621558613135	-0.1868002304332236	0.09560432105914052	0.08240965385058258	-0.2063283523785793	0.2372665996586122
sub-0104	ses-04	pain	127 L_PHA3_ROI	0.09339717634670609	0.10747226746663871	-0.028400787353038238	0.06534913371797947	0.03132885997906544	0.15112335767729793	-0.0674352478626685	0.16598040923414348	0.13702427672832018	-0.04208946765118766	0.24200116857309634	0.008466870002117868	0.16970298858370844	-0.042649922131328996	0.29073488336194403	-0.04118362473208386	0.0882990023608468	0.11768289582613468	-0.0333452904793997	0.30913502330907067
sub-0104	ses-04	pain	128 L_STSda_ROI	0.17761545022749287	-0.17634590863765265	0.03999961336545963	0.08894529419365939	-0.16159356719868664	0.20030478824190887	-0.14480766301551173	0.15831327347106225	-0.11378019660107482	0.06329167160422122	-0.04312500864703827	0.04530563943060664	-0.013893438840133181	0.1735714553067526	-0.042648983769764615	0.1479277110144261	-0.09455548528395882	0.13232036080654652	-0.09887634583469813	0.2019391387007357
sub-0104	ses-04	pain	129 L_STSdp_ROI	0.11110677077170791	-0.092968833266613	0.17243312785572198	-0.14143171483413916	0.23446015428469064	-0.289614572149818	0.23906307340628177	-0.22421989919620625	0.22053793997119134	-0.24329205363094755	0.11047429459704934	-0.05930031155907173	-0.05835094546508648	0.17995311386755636	-0.051306556330420305	-0.008225369670259169	0.04602938606874191	0.041387949144238864	0.004792260813979363	0.13846600836620687
sub-0104	ses-04	pain	130 L_STSvp_ROI	0.06259824180798829	0.046868384830937	-0.013205086213576373	0.024026104755134232	0.08592980395267927	-0.10348706126365012	0.08429896062816108	-0.07484875499931015	0.13004265396408507	-0.13021540763445102	0.04181906328208463	0.05430390576932027	-0.08193760669537892	0.10013053936307513	-0.0002271874190423208	0.07449742427515282	0.01492906766300515	0.10482626578632638	0.03204232795449377	0.15962934638203
sub-0104	ses-04	pain	131 L_TGd_ROI	-0.023906041684424572	0.08975257683248539	-0.19143200666110177	0.2601719507778193	-0.2834330329740958	0.24195294381510984	-0.1660125158322591	0.19959082280007998	-0.061678969367600145	0.018373383763031284	0.09549533569290326	-0.0897944981842121	0.2207934935894433	-0.1901180998819129	0.21485341427149046	-0.29542702724576403	0.19941907962241306	-0.23435907661961136	0.11637543302635227	0.0009563324020754357
sub-0104	ses-04	pain	132 L_TE1a_ROI	0.09349073530160042	-0.12479288764164129	0.11696417852494434	0.004868356130921682	0.005701961876691882	0.03637171478600951	0.03061138346688085	-0.0022862833382789535	0.1128582381990677	-0.010992770462999452	0.02864002311110309	0.11160522601555897	-0.042605918675430475	0.13229956558640749	-0.014024609473566802	0.06579643694413312	-0.006068002556610262	0.005646025090274664	0.011282075769836624	0.04112888880850077
sub-0104	ses-04	pain	133 L_TE1p_ROI	0.06221538735657914	-0.07971063257875197	0.07958908591803228	-0.06417708145549969	0.0771488166237318	-0.05851060828368877	0.05334045159812622	-0.04001343034294787	0.0819536593726102	-0.03343483151485085	0.04773776712281339	0.03007617791502244	0.02744754898483298	0.028943252057454568	0.03032604746399769	0.11917698965659457	-0.00602633285862895	0.1201460406981194	-0.011422220344172456	0.0766591867513508
sub-0104	ses-04	pain	134 L_TE2a_ROI	0.0031752456166599034	-0.015191686555511171	0.025412568267908064	-0.020098043737205445	0.007390295995987512	0.013259164676173258	0.009002438345232766	0.019178742857529837	-0.017120138717294196	0.03626970061156461	-0.033874041373986814	0.045625448833378504	-0.003197187151810725	0.003732904763231651	0.0045323600042147	-0.009465026954952077	-0.011069337909066283	-0.002354327880906216	-0.0050418131582271285	-0.0033114602430487686
sub-0104	ses-04	pain	135 L_TF_ROI	0.003777770871776261	0.020244066633630778	-0.009370434935459816	-0.004581576969000032	-0.03332645184188318	0.007230124553315096	0.014391134781765999	0.008883199264545045	0.011487122084696773	0.05651148932921279	-0.12164211464939576	0.20418958622288919	-0.11003969805103077	0.05768804688930228	0.01761699761016418	-0.05760170138604308	0.10008198002742608	-0.07763845108215561	0.08445289739982616	0.011544782099107836
sub-0104	ses-04	pain	136 L_TE2p_ROI	0.06257919810679091	-0.046386504658408205	0.14460415238263125	-0.1457944641755047	0.14558968620014737	-0.10408537243534062	0.040357715375616124	0.09628761773264043	-0.021683610783489134	0.05563677609835437	0.012658184153042913	0.07155850135589718	-0.02488978893506809	0.061558833296846235	0.06386264556860657	0.03378165616730513	0.08328786990046484	0.028013189810818972	0.03770518315416724	0.05375433529729669
sub-0104	ses-04	pain	137 L_PHT_ROI	0.19941909380777473	-0.08599371564407737	0.2269288306863384	-0.07057039850910513	0.2030800391601522	-0.017425188215473893	0.16940197050104522	-0.002575206383057262	0.19991920653844714	0.06244056716223619	0.022255810292753204	0.1598332956728635	0.007825731395041932	0.09297709666552825	0.18087871648699644	-0.031178838768922967	0.1634804187935685	0.000516870334631299	0.10451890672803617	0.11422666040849347
sub-0104	ses-04	pain	138 L_PH_ROI	0.2888812450079265	-0.13299666870204718	0.34117708632007965	-0.17395859091794547	0.14896617268894705	0.03550053968060053	0.0324347636312275	0.10763497201607128	0.1395999255271685	0.02396232947942455	0.18413723305036026	0.08025678799772142	0.19489074314699728	0.07354707005764138	0.24662491334008457	0.1556288768617097	0.1905510911863329	0.29792370339588314	0.029252030815566495	0.4181253179220801
sub-0104	ses-04	pain	139 L_TPOJ1_ROI	0.17513193585520956	-0.050138744098561124	0.1745388098559278	-0.09751392786967562	0.1129150565221459	-0.0423772290317984	0.14740287085841644	-0.10027493223180212	0.20524251660192316	-0.09466554447504706	0.044088830764718104	0.06232707425096838	-0.03250352627837969	0.12371295687789094	0.05260958255231038	0.06463603087425171	-0.005702363337878771	0.0704836881334018	0.05260369898103705	0.14728508449156363
sub-0104	ses-04	pain	140 L_TPOJ2_ROI	0.24387724623354384	-0.1421098278917788	0.2410014406834881	-0.036909437279824424	0.10952480975319148	-0.004121288061720534	0.027649158098930655	0.14589407292282786	-0.014693459381436711	0.21333005376042544	-0.13893562667940326	0.261065584235733	-0.1292595053528262	0.23012912987664583	0.11077781143250606	0.019664027926716107	0.22862198645815793	0.07940088965206728	0.13381866577964688	0.26543344900479965
sub-0104	ses-04	pain	141 L_TPOJ3_ROI	0.2032540019741848	-0.020088123243451682	0.11458717281577012	0.04594337592604607	0.004794846953506484	0.1328612694118365	-0.12802766733348236	0.23640265577543526	-0.004636832616686401	0.0716862463295304	0.012371535966333613	0.20938733867010187	-0.043932345866428996	0.15580610592639563	0.1397537206356409	0.17571122140684017	-0.04097748557457337	0.2210229628490635	0.030208640445945102	0.2130068154149668
sub-0104	ses-04	pain	142 L_DVT_ROI	0.04998229409974123	0.034335795099989866	-0.04552071856868843	0.09720803854514604	-0.06789329916026857	0.12347203087013058	-0.09370876280934343	0.029161004121151808	0.18635041382278242	-0.23743414734886795	0.14455038888041605	-0.10813532248572419	0.1627807162566496	-0.14884224509145186	0.13989064483833524	-0.05931550325845585	-0.04812345865413204	-0.09341399007360728	0.08381588794840271	-0.03890787604894054
sub-0104	ses-04	pain	143 L_PGp_ROI	0.2558557430051495	-0.18931857383701217	0.2702396431841453	-0.11265459989065127	0.12415992222318419	-0.055623811378959526	0.05490793785915511	0.08933908910392185	0.004821325900208939	0.17380741948497813	-0.08298893137929317	0.2867620896355984	-0.06027872151270745	0.19468264402289434	0.12217184790928637	0.14916852809218617	0.14766442232798108	0.22198400602582719	0.04013586049781145	0.358205473405669
sub-0104	ses-04	pain	144 L_IP2_ROI	0.10777218145649589	-0.005915047990603956	0.004797664873347287	-0.044157841708980974	0.019092449584314553	-0.02131792774445056	-0.058309873042487165	0.07393995130992125	-0.004118209306797369	-0.047133304677212016	-0.023213681708907658	0.07804633531559858	-0.08403937052134011	0.06053999676601346	0.01846973072858998	0.08896925857205876	-0.09295927909073158	0.0917865249321502	-0.013857266094592141	0.14611807679744832
sub-0104	ses-04	pain	145 L_IP1_ROI	0.3885719015106741	-0.2675506624815558	0.33533655963139275	-0.20082588557915937	0.16865644761654128	-0.1227851702955904	0.08249090726160051	0.026885517959634137	0.10034880700927348	0.09296939670847792	-0.06010241508199136	0.292131500402176	0.005307237530523507	0.2738137383562506	0.13307899742015764	0.28004844188104067	0.1265029939650034	0.39747807828605547	-0.026006714467309337	0.5488594539012016
sub-0104	ses-04	pain	146 L_IP0_ROI	0.24248708191706225	-0.23613854761932634	0.23458441768106852	-0.1957891490839069	0.08583451309573818	-0.026539298858257218	-0.04917894244180799	0.22424012201616236	-0.00761075200319686	0.23646244100585648	-0.01250350797116708	0.34460520524323535	0.051538191102943956	0.28358948644558396	0.2799668149178644	0.34575776338535963	0.23507570528938027	0.4820182422049175	0.08081816818869829	0.5570837235757349
sub-0104	ses-04	pain	147 L_PFop_ROI	0.11524723481435972	-0.04429183539511763	0.05896140639173223	0.04946846743468143	0.04626008089286276	0.06299414425297661	-0.03667713151186921	0.21632930857856225	-0.11934987480816624	0.019859314884840273	-0.11835272582652855	-0.0692581351120556	-0.17104657345237537	-0.1135203861009908	-0.10284879551885186	-0.32839689621267815	-0.07990738462954661	-0.36006450856522	0.034301486302912826	-0.2572762926762318
sub-0104	ses-04	pain	148 L_PF_ROI	0.1883743507640899	-0.14696746782762884	0.24217079142416842	-0.04938741447465206	0.10596108838309116	-0.03575881902579467	0.11520998932964828	0.038824308194857396	0.01590688476808806	0.05860723458396474	-0.1339806915050044	0.15955440052255207	-0.2125964550235548	0.05609049453885211	-0.040727448088600425	-0.11065624367282871	0.04692148657907862	-0.16611623252065028	0.047383378698177964	-0.017895495268978916
sub-0104	ses-04	pain	149 L_PFm_ROI	0.22338517999627722	-0.1835798034377112	0.2928154804671295	-0.1094495201042499	0.15148622224803066	0.006917179827478869	0.045837094046741786	0.1361945956592812	0.034256353329124134	0.13218211031639895	-0.08400032534010148	0.275408280804922	-0.1485552387900472	0.180619702671689	0.044303033834563514	0.05844677457476207	0.07006316837367366	-0.009359503003669271	0.06259044028373613	0.09457117733278272
sub-0104	ses-04	pain	150 L_PGi_ROI	0.338960207120979	-0.19621433133837052	0.3230264321735707	-0.14167618875815716	0.19405194605174628	-0.06197278303439856	0.07219494628931127	0.09257223342389806	0.04201878847160149	0.17926298434456703	-0.106698276214916	0.33550838660542914	-0.13186339014823717	0.2475541594237286	0.1225468631093688	0.17107392954608946	0.11879800908691186	0.20072378558996248	0.05884007097798959	0.2832858941742291
sub-0104	ses-04	pain	151 L_PGs_ROI	0.24666100933283933	-0.18971935257996803	0.3463962295325917	-0.18090900677323188	0.23970133917164269	-0.10437783902312629	0.09707778257771017	0.054765666374531154	0.007781454303833645	0.21773174104504503	-0.21073493542700159	0.42628692473929075	-0.21115867296776894	0.3030661778411091	0.008122970535331743	0.16253193051459647	0.09405474839797781	0.12244094412260866	0.03609149264262962	0.25567906628686704
sub-0104	ses-04	pain	152 L_V6A_ROI	0.0973826013551269	-0.058163905731321276	0.14069934160769765	-0.05377796454364987	0.055929890960444074	0.02218372296093436	-0.035256559805447604	0.09904199849053465	-0.13996227449951368	0.09711485337112082	-0.27271289430616863	0.2544105408374217	-0.26490183434701364	0.14255507747923313	-0.1880800305325145	0.06695564271289563	-0.11152380940538245	0.04435850630517819	-0.017262941573717105	0.11713938573995532
sub-0104	ses-04	pain	153 L_VMV1_ROI	-0.06678928358108205	0.25402071446461766	-0.48019077543539623	0.48176633156432885	-0.41082460590373915	0.2679123635449737	-0.08431684736946927	-0.038349755127631634	0.13501521603835206	-0.3709961712381914	0.3329825567400178	-0.3994547353630456	0.4072999874540311	-0.2785406220710322	0.064065598406166	-0.05131280269374504	-0.32006208649897544	0.07493655681841314	-0.06152714126332164	0.0005266895469454676
sub-0104	ses-04	pain	154 L_VMV3_ROI	0.2270933659318682	-0.16880380073530057	0.144145976635817	-0.04148505187538442	0.020799240550431107	-0.0771904771639234	0.22722661633186714	-0.13442505011096384	0.2857171403247634	0.04791049716346425	-0.03133822820047357	0.30475525303130674	-0.13827487616462805	0.45747951693605965	-0.20356262090699806	0.4872910211743884	-0.18575155987818473	0.3886900084116755	-0.08129073656383363	0.31333315378276133
sub-0104	ses-04	pain	155 L_PHA2_ROI	0.1488977964614868	0.0041362013401559875	0.07124310344276912	-0.0010533411245366494	0.15831209914359504	-0.11271548796359131	0.22905001313087833	-0.010136269559164602	0.259292027180062	-0.05603724250851957	0.1902452773707457	0.019621085957202616	0.2258778067754482	0.02032814782590216	0.2665784762474125	-0.016069356854935782	0.19301922139431876	-0.12911261538578978	0.22498903823657967	0.05790059939579753
sub-0104	ses-04	pain	156 L_V4t_ROI	0.29039409004321065	-0.2636332875346118	0.41295112934422457	-0.2720831195717435	0.21427185897641596	-0.015092407488776792	-0.016557265242648053	0.2075426264955151	-0.11562727272993839	0.35766802585004015	-0.2951083449108314	0.4499278182443684	-0.13345895933311275	0.14562422843814318	0.182536863860589	0.10795402116580576	0.20044278928008744	0.14823839852930043	0.08751012050795785	0.2691368685215151
sub-0104	ses-04	pain	157 L_FST_ROI	0.31301832193631357	-0.24718549682980176	0.42083939211370736	-0.16157354167033486	0.12405346795709363	0.013672236947738062	-0.023106816669270645	0.12779241677230008	-0.00875258465157582	0.11884628547981813	-0.039421737419508406	0.15073496489636845	-0.10632889746110093	0.2174048472090398	0.03372533434649228	0.26873168546918896	0.03271110498161096	0.3350723486612015	0.06080489736344446	0.3371301258123343
sub-0104	ses-04	pain	158 L_V3CD_ROI	0.3464595351697686	-0.13841856491524737	0.3071255399862024	-0.07923797187971074	0.18847919936457694	0.07581034437356036	0.06709340841913962	0.1724243925250172	0.14819792503239118	0.13501237964587373	0.11986732748195443	0.1768137904322336	0.18251903886792	0.16678169111530028	0.2789896671806648	0.2508048701345838	0.2407935848538183	0.4291541131238971	0.006866255210754117	0.5888659460475936
sub-0104	ses-04	pain	159 L_LO3_ROI	0.11965910626899764	-0.10286523241380283	0.15359856556244317	-0.09728972902923935	-0.0038751210338291947	0.038571396202671276	-0.03125936205433994	0.08814092641750766	0.050425728947795616	0.07781233602010999	-0.10476549876711687	0.30487640022296647	-0.20151787789073494	0.27438388239624406	-0.08232376705150693	0.14544749795591724	0.057761970667855454	0.08940849547074933	0.08169979102732743	0.19408045988465789
sub-0104	ses-04	pain	160 L_VMV2_ROI	0.1533288823882648	-0.12136806122492358	0.06845530943633543	0.0437199337524768	0.05473591355006303	-0.12559686507929366	0.25667883108249284	-0.25391847071698054	0.2489248118430039	-0.117677928467445	0.0007870851009230662	0.2183171408481131	-0.16690865698729845	0.2598160293990307	-0.14112571550471353	0.09633558010039849	0.029602541596718226	-0.03569489304619721	0.03621886236097038	0.0959681070444616
sub-0104	ses-04	pain	161 L_31pd_ROI	0.40562878125835117	-0.12157209217208963	0.2236906685183359	0.011237088837490335	0.09010506291213989	0.07752759729033304	0.05023319667174975	0.15622073887898974	0.07576138734616815	0.14789665753480402	-0.0517123958577572	0.2764662563070483	-0.11664143607537857	0.27549718268095985	0.010530168410733058	0.18183326570995237	-0.041279934163054796	0.19553845912271003	-0.13020846402582884	0.27244339907869775
sub-0104	ses-04	pain	162 L_31a_ROI	0.15436468264074235	-0.30120037498302904	0.4229416476771271	-0.20794499271928435	0.11284158366620362	-0.08434030087493816	0.11129429687284802	-0.004428508005527803	0.11230901837692774	0.21703477520593847	-0.2813351322973796	0.4156569100108834	-0.3857349840292731	0.4647329147298523	-0.3032125196787755	0.1047272672413735	0.04520100415829573	-0.19705955163438083	0.07415764690602855	-0.028483029394864898
sub-0104	ses-04	pain	163 L_VVC_ROI	0.16152440203029975	0.013538237002716239	0.014218345139197222	-0.02736952441182067	0.05404228662045857	-0.0160175948316744	0.05087356820718876	0.07733183243807147	0.01864101557179173	0.1362798621450841	-0.19840025062304253	0.31934059994483016	-0.22488784952618826	0.2878150466855829	-0.15168113663843638	0.2465469234858178	-0.06182110063348102	0.12962006634032416	-0.012500481920728465	0.16206110574871221
sub-0104	ses-04	pain	164 L_25_ROI	0.041427259752038995	-0.060433016100263755	0.07823418547960713	-0.04496159014627128	0.07528164506887103	-0.03883851984243529	-0.007719152650849628	0.07272361825075596	-0.1138791522912514	0.05427097365560402	-0.03166987302440586	0.07542107121617275	-0.0927261314828583	0.11387061708605993	-0.05397148884205208	-0.03277064572874048	0.10542560790682806	-0.1565918674161886	0.12794392786627728	-0.07177610937017753
sub-0104	ses-04	pain	165 L_s32_ROI	0.11128992734150678	-0.047593732941178	0.07538035960878652	-0.0287854505806768	-0.11347942452852605	0.1979750701955851	0.0071943910502713475	0.21165687155397958	-0.11593958309041126	0.10846995661487346	0.07305481484998584	0.03289147070901529	-0.0025327159214300655	0.15894388666537104	-0.08061632947797527	-0.06179891078236026	0.010086695553154381	-0.07700893478426925	0.07744095045455181	0.13713314186452372
sub-0104	ses-04	pain	166 L_pOFC_ROI	-0.0182331919726338	-0.0447135842177366	0.06441757124834238	-0.10373262955358276	0.1312674032891765	-0.08251761324927497	0.11077985337034606	-0.0580099481901178	0.06673471687295651	-0.028643487319343953	0.07036582940557118	-0.01966984200284045	-0.02376537950474218	0.03163831392585013	-0.07171121859557618	0.03792448083666326	-0.08756064997187052	-0.007147438988655781	-0.008688576000624244	-0.0006344324413769022
sub-0104	ses-04	pain	167 L_PoI1_ROI	0.1111842588372952	-0.05210028884088958	-0.04412363536604812	0.1528629550012702	-0.07829988960692442	0.16332992133481258	-0.1239415097170383	0.16853339929140634	-0.044175816610265733	-0.09340655372200742	0.14003197158685057	-0.3233282320187324	0.3257633127503516	-0.2940506735099139	0.2289405690747442	-0.3127719268515685	0.12001425572684936	-0.25528881361980044	0.1381853304413133	-0.1375757307399635
sub-0104	ses-04	pain	168 L_Ig_ROI	0.16447606257046424	-0.12191975715509978	0.18834382949432965	-0.10590285432684005	0.13903018914796053	-0.012549749903941594	0.05966809718770233	0.1182930019102877	-0.0307487505456301	0.046459654876477706	-0.21543025459052292	0.14863960831768006	-0.18317862603634782	-0.10233225281875932	-0.02632866639238339	-0.07125250816995685	0.06082104583900472	-0.2079891744394599	0.015647482808503452	-0.17354067389532596
sub-0104	ses-04	pain	169 L_FOP5_ROI	0.07347378747570449	-0.15568594742943676	-0.05804862273184354	0.028709858035647157	-0.14676922562922878	-0.026892101291272223	0.014286827294065855	-0.11180234532769875	0.1278406419351351	-0.25632839190843576	-0.022346350709535258	-0.039491450197518395	-0.26972811270337904	0.0999097748914493	-0.22675143243393733	0.0029210774730430507	-0.18978913425692812	-0.19895295456761092	-0.004896435795947461	-0.10664586598853328
sub-0104	ses-04	pain	170 L_p10p_ROI	0.27313925908318426	-0.13237480362409854	0.12708694221436045	-0.08466333480484231	0.20697499825336182	-0.08979037546687808	0.1659895138664205	0.10013131441670775	0.14771148382378266	-0.1360498728503813	0.05293948534126385	0.11400084553659542	-0.09827507962233215	0.15833804272195162	-0.04594557611450651	-0.07164568429167754	0.0918185113425667	-0.21615188499145313	0.13326127655346376	-0.062350926214427345
sub-0104	ses-04	pain	171 L_p47r_ROI	0.2583762879608596	-0.25458557994957176	0.10701345939240142	-0.07034850916022391	0.07779490891636905	0.014115707045677859	0.052156306138486826	0.221659176919603	-0.03058608242246743	0.16520335956591967	-0.16098821499040744	0.1695662115954142	-0.2061477744831826	0.218730597310794	-0.1285326050906275	0.006931985838153508	-0.04554455068628726	-0.10481665704786164	0.06776938580156065	-0.1731096204113579
sub-0104	ses-04	pain	172 L_TGv_ROI	0.004166421206041887	-0.04632631340126675	-0.016812304844988465	-0.0124805736858769	0.013119027083993123	-0.043400804647127186	0.026216178609814293	0.08286458899657115	-0.09527020013789264	0.1521070725103123	-0.04964394387917628	0.06813898549132891	-0.041133250613932956	-0.010448095164612018	-0.031188035118181866	-0.057618437131550376	0.0099714585575177	-0.1658020128976912	0.13517532496321558	-0.11538976941054657
sub-0104	ses-04	pain	173 L_MBelt_ROI	0.005168350031162474	0.11921444938741935	-0.3134325089970207	0.4648444469049525	-0.43299994335997677	0.5447531332204668	-0.45659327518147147	0.4171469671779326	-0.1201700763841158	-0.3369744641470919	0.3110520268949861	-0.5691820222451902	0.7597901103208223	-0.738648815861986	0.5791793555727891	-0.5577488563854421	0.1810858899525914	-0.3015788878617366	0.14338174500136164	-0.11321668809375778
sub-0104	ses-04	pain	174 L_LBelt_ROI	0.1119391478139197	0.019364819582487623	-0.01193847727595464	0.1225490236234398	-0.17176977181170092	0.2682241921133258	-0.03006745689724982	0.35216906394161684	-0.22977699209208996	0.17940687798740174	-0.15628291005529515	0.08519263782002595	-0.023564352478495112	-0.06292813953831077	0.1372579002609905	-0.21164709916638866	0.09470092574121507	-0.15587293284647138	0.11703034706800895	-0.09773668698822403
sub-0104	ses-04	pain	175 L_A4_ROI	0.0022737470471077817	0.11163826232439882	-0.11372850497724508	0.17399585114653462	-0.11314710472597504	0.14360535786759163	-0.032352584941405714	0.209503679679626	-0.06700209089315542	0.021677209067295145	0.05301992099440015	-0.19000812877247894	0.20233219350103418	-0.260733036121326	0.17039860474711863	-0.12309448225654301	-0.1261127381315977	-0.031860690359832265	-0.11305582453572123	-0.006106225009431569
sub-0104	ses-04	pain	176 L_STSva_ROI	0.1577195758327599	-0.2071275270014781	0.04829492602677965	0.09182046772918587	-0.1366105884169607	0.15083330459660943	-0.08294653043417333	0.051292241989088994	0.0055213090084482	-0.06286117129877618	0.18080643498611276	-0.09803395785946607	0.14504157778020202	0.1445345183884223	-0.0851747067066281	0.31039431573836085	-0.25352292675210264	0.429076904461146	-0.23122275540603404	0.28798255364629294
sub-0104	ses-04	pain	177 L_TE1m_ROI	0.0028313684382251163	-0.006028299866066833	0.008189880009888285	0.003252449991419963	0.0004036319485126778	0.007548688384505097	-0.002735270037182637	0.009400529876648583	-0.005093710939833431	0.008701052128941969	-0.010816236537241002	0.004204893774668086	0.0020930013106456595	-0.0019977418326774673	0.0042574347955244805	0.0010417599968935843	-0.008951741203353	0.00967437750280659	-0.0028559506056786347	0.008649952385101665
sub-0104	ses-04	pain	178 L_PI_ROI	0.014021707675937203	-0.02699917572259981	-0.1694440243169794	0.3725264314517357	-0.37932911195509433	0.3658978272784396	-0.2561068698872455	0.3590855726111803	-0.33712064673424885	0.20449714371402142	-0.23046981164732552	-0.12982270496240728	0.16914296203015977	-0.3285217428888973	0.14818431960999015	-0.32014067757349074	-0.2235394530464339	-0.09430144755015352	-0.03463815344387301	-0.04808163990857551
sub-0104	ses-04	pain	179 L_a32pr_ROI	0.10285066021653128	-0.12794268428802877	0.02108189221478443	0.15226317583160254	-0.19112952332341368	0.26738422508710713	-0.18213930505191758	0.10533974929277724	0.005292558383740798	-0.31798326923313364	0.15002117175416135	-0.29391852571939703	-0.06188293268211553	-0.11100590918700336	-0.07269760308177046	-0.1488990137938866	-0.08048794228293246	-0.15612175060458075	0.04990660625666692	-0.1674924329929525
sub-0104	ses-04	pain	180 L_p24_ROI	0.12911243654970847	-0.12495114499483688	-0.02091486785449581	0.16428295226581596	-0.19109236812727864	0.30098653449430046	-0.361528305628959	0.6033638924669686	-0.5476534164954487	0.3572541020640853	-0.47537637414032996	0.13602919124740562	-0.12669820002081336	-0.20727913009048807	0.02102897770399476	-0.27636334186533595	-0.09983908703892135	-0.21417782590642626	-0.03216110967280787	-0.1260946671793672
