sub,ses,run,runtype,ROI,ROIindex,condition,tr1,tr2,tr3,tr4,tr5,tr6,tr7,tr8,tr9,tr10,tr11,tr12,tr13,tr14,tr15,tr16,tr17,tr18,tr19,tr20,tr21,tr22,tr23,tr24,tr25,tr26,tr27,tr28,tr29,tr30,tr31,tr32,tr33,tr34,tr35,tr36,tr37,tr38,tr39,tr40,tr41,tr42
sub-0092,ses-01,run-01,cognitive,LOC,279,cueH_stimH,-13.858369562679501,-31.2085950728509,-9.6694968225227,-31.6118198816424,-14.0825703531322,-28.913544775318304,-22.2619936672404,-30.660441197886897,-10.3615300824358,-23.164020842158397,-11.298272645957802,-18.7658097612778,-2.44951251557334,-19.705563354751,-1.8110711841604998,-10.967707127266399,-1.09015615365655,-26.049433696384302,-11.056446044525002,-22.2396149470163,-4.70056129801809,-27.051094045848604,0.841099101553205,-18.2717871123511,6.08644842650695,-12.959379697084598,0.286164554108097,-22.8826874102851,0.516841184361237,-20.0090029143306,4.6486864173436,-16.7039443852086,4.83431645090332,-12.8146434508285,-12.3885130775824,-20.6799630527047,-20.1576280707961,-22.5266405406706,-9.906423838280329,-23.251967337561002,-7.924817819105769,-20.010488597422
sub-0092,ses-01,run-01,cognitive,LOC,279,cueL_stimH,-6.266711013792841,-8.2141573782087,-10.597494738064599,-9.953767396862869,-10.2146964434276,7.39447985982813,-6.825923393877799,-2.13084211413259,-11.6891073757795,-13.975289565663399,-15.706331337371099,-2.84326108584845,-7.03195201645971,-1.14086207943661,-8.456067323795201,-3.4672828526694195,-7.53359450454455,-9.17702061308347,-7.5550442652550105,1.05862515096342,-11.9008108037897,8.097097719433169,-0.64249692801986,15.5076311577084,-16.9535787451496,4.7163535112513095,-17.1882144819837,-14.0384425245774,-22.3816566508199,-4.857843861577201,-1.06462660257665,-4.65947843681752,-12.5309076114785,18.346596181491698,-8.3781753431519,2.07806716170677,1.0850719004767801,-3.82822146516781,2.06099389818206,-21.1605658095505,-24.7246088267082,-12.0952015397176
sub-0092,ses-01,run-01,cognitive,LOC,279,cueH_stimM,14.976330381755,-23.7727816608221,6.0308970680189296,-17.066945180280303,8.68148776764018,-11.331377872088401,-2.15456427077681,-6.376118083450151,-3.2681794084939804,-3.7203875044767005,-8.50283930826468,-6.92290091988066,-5.19269540005517,-14.288427205072802,-20.821838081621397,-27.1151597555526,-38.840812156627,-32.9489917925537,-34.0090343157788,-12.152148463967302,-16.0726995691709,-3.30431626389637,-21.6889428422612,1.8081765304475599,-0.955451773950198,1.8995596203859197,-13.2767676840868,0.9929569226844391,-8.156475122766741,-0.891350002991253,-24.7985538131429,-9.06225301689566,-26.9229346142195,3.3536667073452504,-20.7218779789382,8.19563821550754,-18.3403519667208,-0.0071211365422883,-8.63600284465755,13.090333027019401,-10.7685603949252,10.2729233472412
sub-0092,ses-01,run-01,cognitive,LOC,279,cueL_stimM,-6.54543903797827,-15.2284095948372,-20.8415926357826,-32.9620101075099,-34.0552289270491,-53.247807828369396,-41.9694608406749,-32.9318068251848,-55.4169333841587,-41.8510151961805,-28.7392175641188,-23.2834099723442,-26.9266137693937,-22.1752016710274,-21.3628968033904,-17.190313568789197,-27.2031715811484,-21.3592814557669,-10.5189106889596,-30.5386047556367,-3.95872297496781,-23.405733502623,-9.12900913436134,-17.647402774252697,-1.8013640610395198,-26.1813495718891,-4.088905907062959,-13.318896789332,9.142066156822152,-20.101355957659603,12.3470049600333,-2.69901534977782,-1.32920005189831,2.11065442216334,-13.3505934009495,-7.9215091424625,2.4506834748734,-13.6894856891609,-10.9147631470962,-15.149112588862,-5.87074256729565,-2.07768460761895
sub-0092,ses-01,run-01,cognitive,LOC,279,cueH_stimL,-0.496756174751302,-20.1196394526825,-2.05125144240824,-8.21101047452529,-5.47273036463565,-11.533717648241902,-3.0755186382069906,-5.33501674246007,16.112726841823097,1.7176833157402098,12.875943482914698,9.27881373816531,18.610925902231898,-1.37249685290961,17.5759352343536,-1.81756773018907,13.8806400727941,0.7457076965701499,13.149233499230599,11.8936502210641,6.91308747694693,-2.5454605910065498,11.8045574105227,0.582898755164962,-12.084050993285,-2.0570399805543302,-17.681290221711897,-5.26753807261893,-12.433466239109599,-8.36928759891323,-7.52185516424305,-7.156762686742081,-12.7676366394838,0.7796382389445359,-14.572941415838,-0.0627196197695241,-6.15982946411095,-1.0199259820797801,-3.2171858795799904,13.7973517799116,0.489128406636784,9.54505688334573
sub-0092,ses-01,run-01,cognitive,LOC,279,cueL_stimL,11.2389926144524,-0.25959556163769504,21.7744249102979,6.425062775750249,10.0131806212981,-11.5904539786775,16.0200725322949,-9.07575354290766,19.584761367189998,5.01879564948724,8.24831135173032,1.95136728741411,7.50806757241678,2.95880770438029,21.381520110154103,3.48881899696777,4.36207846004823,-11.5441350120587,9.2828416415501,-13.356691151772099,-14.3591563412677,-30.224296234643802,-27.3348497028481,-16.3712886764918,-11.243365713624899,-22.9728646824375,0.9808436580197221,-3.12412661936481,-4.87193820776701,-6.86815978051329,-5.9263114628020706,-9.15052997970815,-7.35017818576689,-5.20075378796576,7.35155245756192,2.38423378668338,16.5545372737474,16.8652407933007,-2.59729412263489,17.8392100723135,9.07102251178196,3.83983516966111
sub-0092,ses-01,run-01,cognitive,LOC,279,rating,-1.95036473758487,-7.269782723325889,-8.74693012651804,-9.25151305087714,-3.9097854595137203,-6.77885309079453,-4.917804519311559,-3.26794347538153,-0.561712542036592,1.7450748853608502,-2.41157801377565,0.8742672446716709,-0.32328997840085805,4.81247378122347,9.200552217795652,11.438840558018901,8.50950508317484,8.42806971694917,12.2204641607931,5.73102939705078,10.481097471882,0.150742699771643,0.061233242816634004,-6.77733502612961,-10.0666479252997,-10.791262791303101,-6.8673981853722,-12.3859636060172,-8.49537262462055,-14.156922390701,-11.724507764266901,-15.476333637428601,-12.9360718828088,-18.0669796018239,-17.3172363934884,-22.911217501959,-13.942426356814101,-16.7913871962081,-8.91935919840717,-10.433916163770599,-6.865658378266231,-10.403689003594
sub-0092,ses-01,run-01,cognitive,LOC,279,cue,-6.13506582217831,1.59348275388847,-7.76611358315668,0.19243989778320997,-9.084397044989961,1.92175894054243,0.549845082948629,2.91402121455011,1.62342184802641,9.39985513177718,7.03173840279755,8.13030513827673,12.023453110257499,7.459475011559241,12.521799110940199,9.06576259270535,15.096959758438599,9.64301833486749,13.6075760280709,3.2533158263949002,10.861972495043199,7.64434002256945,9.84816821744482,11.2282780044135,10.4496764970075,12.390214519583301,10.1123625988078,6.81981321951457,8.196568467363441,7.57273660933843,1.89904385862975,0.213129008652693,-2.77966504088561,-2.03572914247653,0.32617510496831603,-1.8014166964581697,4.59009753656038,4.25902881462321,9.537308377588591,14.9830577873775,12.262909992383198,12.3937205692208
sub-0092,ses-01,run-01,cognitive,LOC,280,cueH_stimH,-27.318719640205003,-16.1365188017154,-38.203138540763796,-12.403353157786801,-38.1137758088978,-29.115061203509,-40.9869459048256,-30.5366642196695,-31.4924418314872,-24.3364228133309,-33.4436933140355,-16.3985757174481,-17.7699239015177,2.07230783934711,-22.175015058724103,1.04916230369369,-18.7774459006902,-25.1869877990451,-39.9491013862584,-27.4333006197331,-34.5433171732915,-36.585144865231904,-20.6600977520182,-27.186427684968802,-27.687639086627,-34.621396495114304,-30.522313500447602,-38.288545546573,-37.170799409489,-35.2130326362459,-22.6331105249924,-21.0069801307599,-15.7647084267769,-15.354691199621199,-14.4514150059972,-25.008710732758104,-15.383076493162198,-17.9730055239548,-2.7202282054257,-21.7364591033166,0.8258327815885429,-13.0920561586184
sub-0092,ses-01,run-01,cognitive,LOC,280,cueL_stimH,-18.947222532105,-13.7062576650839,-1.75194177752724,-11.414554672609901,-2.6174449980325,-22.9652390303629,-6.1023798449240605,-14.622185362747299,-3.98381081426125,-9.251566347253721,-0.8896293438737349,9.847529750189999,11.0062067114569,4.80058259448205,9.86278769185764,-1.3398529517048,-6.38592521085743,-5.29360395193033,-6.62789087986737,-9.242696388736961,-1.6789408263068202,-5.28048662510916,-2.4585734158552004,-16.895904431269802,-17.9050407541503,-16.1377191591889,-21.336629839480103,-20.300233187940602,-25.550246783166898,-30.6445274816087,-33.6756552033457,-16.1064007929951,-15.212600119128401,-9.722883369166961,-18.5855941437728,-4.42157947771415,-31.821949673027202,-13.3890433545403,-27.864930120360103,-21.456974711075603,-22.2212575683181,-31.212399288414996
sub-0092,ses-01,run-01,cognitive,LOC,280,cueH_stimM,0.475791705360635,9.74903926434321,3.54022818770081,-5.99401342053075,-10.3141658729303,-10.5106683864026,-16.9186551103377,-16.4010846451343,-6.95152295926591,-13.694190777191999,-3.60272092793917,-0.8092308921878791,-1.49530955982762,-14.628281587121,-10.8956686970191,-31.0681583048284,-39.2287953517263,-28.216082207258395,-29.4373315798812,-25.560097209905702,-24.9459233943138,-28.5291111686965,-30.116747213835698,-11.489206337639501,-18.376636849335302,-17.9147898468409,-22.1119512374997,-22.0295746126823,-22.529038575496003,-21.055921265614298,-24.5258877943364,-30.285265299097098,-25.9224066644982,-18.6267596811322,-9.4348951789111,-8.14545543094702,-4.69922587190639,6.598409624746469,-13.407108254344198,5.80005372967163,0.708695207003068,12.4231819950049
sub-0092,ses-01,run-01,cognitive,LOC,280,cueL_stimM,-27.5370064845395,-29.351214866946698,-51.3752287296867,-63.26129631662129,-60.7272217639496,-70.0122284306332,-67.7112281452225,-67.5832643029547,-62.172018420697405,-60.6490086735388,-58.248671547190504,-42.2427448388667,-38.6322563312602,-37.754116055307605,-35.500489009298605,-47.0217630924193,-35.058450558027396,-46.3090934522112,-28.531466865935197,-41.4128669248485,-20.5775702384122,-34.828166622612,-31.709159804268104,-31.4800933596865,-28.075428705654996,-21.414240073339,-16.1418570266506,-12.5255152572129,-8.01415217698451,-7.55764563241559,-8.44958225081011,-16.0677556633808,-13.109560487846698,-20.3639817959374,-8.780465750492281,-6.325551136128781,-1.6878909335836003,-7.2273675296605395,-4.34689364622108,4.93643705591357,3.5040586238217206,0.279755241022528
sub-0092,ses-01,run-01,cognitive,LOC,280,cueH_stimL,-36.37340659756371,-28.194795962295498,-29.3653557568529,-7.715218427120969,-10.990653982004499,-4.57695192705143,-5.69529140043275,5.07021647340969,17.0035905889666,20.6392911741494,15.198648013580598,12.1422438953095,16.7381670199625,17.858468610254103,12.617510978487001,-2.7743814371287994,-2.52361811656509,-0.393236395436674,-7.31562976770437,-3.01955897895456,-15.040920853538301,-14.117359939934301,-17.2939933676387,-37.635051470411206,-30.344857725657896,-46.6247444004947,-37.8844768746845,-39.3423351310195,-33.468843364844105,-46.763373494044,-34.8779608308496,-28.952433163837398,-29.7499489450835,-33.7299211690582,-24.955208850640897,-15.3847703099616,-3.4926396423904,3.7705158599830098,-4.34080170741603,3.7086976816657002,-2.2466573076198197,14.6043400828941
sub-0092,ses-01,run-01,cognitive,LOC,280,cueL_stimL,-6.05296740036567,-7.97011154095348,-18.0552840008765,-12.2588548921646,-16.4162465667648,-20.019498974479,-5.794838009894661,-10.3292628908571,-9.859884554526241,-4.9909039048241395,5.456751811243019,0.51537568633044,13.8686061400084,15.476434369433802,14.428864733870899,6.02096516214908,14.1140332031757,-11.0244400887253,-0.35686708429099,-22.762729786830697,-34.0013254635333,-42.2238359451744,-34.6867951244205,-37.3359373041766,-31.857892402631602,-37.878711757621204,-32.735369147351996,-48.6077104018297,-32.8731233684523,-25.4495708972134,-29.2408493411298,-18.0350380907142,4.38758107893058,-1.9674639530945601,12.000196509492099,24.957544757659196,29.1665324282747,11.462811158599902,17.585302200564403,-0.0396734495442956,14.573599600699302,-4.08777147282514
sub-0092,ses-01,run-01,cognitive,LOC,280,rating,-4.171794485473701,-5.488464940693119,-3.91509390670715,-10.5506804732689,-12.5887922074629,-11.9360660660951,-9.53009250816115,-11.9689857550224,-1.02177431947974,-4.80548120382604,0.0036893095822456705,-2.98311195559292,7.6492936142693795,9.78282051483184,9.411254966012711,15.554452835772901,9.84724664435007,12.410040785222499,5.03460447161034,8.360671113748,0.91321647933713,-0.8767494277768231,-11.997373266638599,-15.966467238245599,-18.2484811614733,-19.6240246308054,-23.788971144399902,-24.3365527784546,-29.834232960630803,-29.5772006321598,-32.902499344309,-30.9092051551975,-27.0749996379035,-28.2603048434652,-26.974475506760303,-28.168674908266002,-23.8179948117519,-23.6407699820569,-19.235325673482198,-17.5993384982883,-17.0199924209412,-11.855954324404099
sub-0092,ses-01,run-01,cognitive,LOC,280,cue,-3.5832795587988104,-5.1929650346174405,-5.20749048946575,-10.3580981673892,-7.5957824263123,-9.56258545174921,-5.10833991453097,-8.52811257480226,-2.69081761418781,6.839910630418,9.046955625301779,10.3956586671618,15.4816697071918,12.3232353207685,15.8952555512749,17.516636563227,16.7634077588401,12.9460679907387,11.7742343194565,16.041829234021403,12.562040418213902,15.370449252741698,19.0160116518748,11.19180007188,18.9995404639385,7.623511924268839,9.64120586772907,7.45173956430637,10.957553804749502,2.4532200832436297,2.85516001297306,2.25983783907959,-8.949384872530949,1.49277639775578,7.93727609446939,4.11217909145701,14.8054870958853,7.971832220239179,20.3813302035302,18.4891984550695,22.105780628086702,14.008938760212901
sub-0092,ses-01,run-01,cognitive,LOC,281,cueH_stimH,-20.4714659506642,-15.2132698449631,-7.27934498065575,-26.0291518304908,-15.1822778351846,-18.4035994023102,-25.093036052439604,-14.8670185893346,-11.277878521017099,-4.90588590646289,-20.101075679493,-5.68692681857319,-5.2522491379347,-2.31605146903203,6.73792827789055,-2.7216939193702903,7.515841064979591,-4.260435772663279,-7.421423664000041,-7.64536773374838,3.5073983993099804,-6.32881211943584,-2.13314765345256,-11.667396223569998,-10.9624270924544,-2.6122067255178596,-18.2736522127956,-27.1037665717792,-19.1026809119997,-10.7584440909816,-25.072320024895703,-16.721925839700102,-23.611073041022397,-11.4055313790578,-5.49592853861076,-15.2569884744039,-14.5756906443929,-17.798653749718103,-10.964231903223,-13.7596707349574,-22.000411952340997,-21.7559202524853
sub-0092,ses-01,run-01,cognitive,LOC,281,cueL_stimH,5.20375076184957,-2.07530983265448,7.032260151869121,13.6684777933036,0.5666154092706469,-4.75747390438738,-6.73767615924128,5.25006455295186,3.11451061236982,5.561357927894111,-0.509543501179904,8.228872949379129,11.4783157216385,20.3956492550294,3.55970357758691,15.825828305876,27.7684252343882,8.32799697138197,11.022138260271099,16.8242775331368,25.027507962056898,24.067868848593502,22.163416675778198,11.7461965289762,10.6057734605997,1.4900858799552101,-11.480601683571901,-12.2104151200671,-12.105355234408801,-0.681229954375254,6.01811210478657,-3.85025798376275,-2.7553117803336797,7.69774618880055,-6.820228749043139,-11.6899448385479,-22.047824275879996,-21.3957264835471,-28.7228505296949,-28.474927896536396,-35.7895137008592,-32.5898912233241
sub-0092,ses-01,run-01,cognitive,LOC,281,cueH_stimM,5.086274080172401,9.160212015323829,10.3939212952262,12.780182086984999,-2.26404447180025,3.28046892409351,-23.669381075328197,-5.54603504065971,0.851516184798978,7.1984959530460095,-8.852140076908778,5.749999048149589,-7.72711311722754,-4.792537616839019,-19.8626710372969,-19.0250737443659,-17.723739111440803,-3.83990802028823,-14.912015838724198,-2.38847808977333,-6.44645328618353,-3.06101894789001,17.1643262260712,7.39094477298474,-5.24388443626358,6.060762315047961,3.56071443849896,-14.2753755189015,-4.1372092206231,-9.715943973794198,-20.616842566853002,-11.3614567894983,-7.748870590954571,-8.34737500340549,1.18681931173847,-4.28652388479666,6.535855080907369,0.483210479910767,5.59524226176234,2.7038118957150203,-2.2021789343730096,-11.8779218408498
sub-0092,ses-01,run-01,cognitive,LOC,281,cueL_stimM,-18.8947531593718,-2.9031129726477003,-17.292544873230902,-28.6044168053578,-36.516662247683705,-37.6073936433036,-38.83717091897179,-28.6544480343941,-49.695807614643705,-33.010910335659105,-29.8052217993963,-21.359004120021,-8.09548889285468,-16.0359744829369,-13.9384581772263,-13.875714212433698,-1.96840988447247,-5.0235308022280405,-20.0338754551398,-9.387360245269038,-11.648884008222499,-2.3713923407100896,-0.7101590737096469,-12.2342966856387,-18.5613087077175,-5.976988364298039,-16.0061953933402,-2.8775406280484104,-1.90143873932973,-2.18033426123446,-15.528043033294999,-8.15517249047341,1.96020209053231,-0.816869903253789,-1.89855577167535,2.69998979665706,8.99860404630377,9.14664706062938,4.551380273546241,5.73272645915807,3.3352899160663902,12.8524684146737
sub-0092,ses-01,run-01,cognitive,LOC,281,cueH_stimL,-15.892696933271502,-35.785124161652604,-18.560189763495398,-14.326258094177899,-19.492567400736803,-11.7274694596462,-10.3489518193086,-1.3664046715518898,6.698064156170111,-3.8120768856553,8.84775045808203,1.2315817334727501,13.809918211742401,8.79885472217703,4.349794726582241,7.56828905843747,2.8500774901538395,18.6544308487394,7.0409983389078095,3.57775550176305,-3.6517500988540297,-3.62312982709431,3.17116247587779,-9.06540121654504,-9.541058638644989,-7.72783266303786,-14.1805076499907,-24.8230305473046,-26.719508894034902,-34.5779646300493,-13.684360616775502,-25.5859498647225,-25.35210565765,-24.0744332781495,-15.9046210788024,-23.7526132515326,-12.6353647337912,-16.320120759423197,-15.746894775783,-9.725459865534429,-10.0295695049375,-8.26098025630126
sub-0092,ses-01,run-01,cognitive,LOC,281,cueL_stimL,-2.15329976801453,9.23333551108914,-13.3426985939904,-13.508529706999399,-13.342946413207601,-1.59484253743339,-12.516195848991401,-10.2070660759138,10.838458126084499,3.7087599095155697,-10.193613065508,3.0793595595037697,8.110855700316531,10.6429514949669,14.8358153830219,8.17013302257032,0.8893857338737869,14.588371143745698,10.2924606673271,-7.916834927973619,-3.67802207041494,0.376221247511477,-18.725203035955,-22.928332157852697,-9.905144136706399,-5.21862744968811,-3.48466510085001,-16.9583847813457,-13.492948499468,-26.4738102664422,-19.1807516496698,-11.6213654623719,-4.87289379779503,-9.96532784709953,-6.74873378325092,6.672858199731901,6.3420289348594405,0.7795984727058392,-11.801831483463099,-0.34333982048518397,-1.22177591036518,1.17726055215128
sub-0092,ses-01,run-01,cognitive,LOC,281,rating,-1.09271413825635,-3.78822212494272,-1.88241701873623,-2.77931629224382,4.87446346227251,1.90158153230603,4.84434576009593,4.09923398234794,10.057984419331,10.1888525024799,10.805348909042001,6.202659415287,14.6716389698767,14.499382733147199,19.1988385706428,15.980092771726301,14.7332546264491,21.4016941613679,18.594267287857303,21.716614729232102,17.497248376365498,12.340470620315001,8.122743543510339,4.31393593421272,-2.84341453335622,-0.445967837236276,0.0648760235787016,-0.563922372606248,-1.83566067880669,-4.02912000530836,-6.28184033373351,-7.92485298122278,-7.23579409014082,-6.222015159546389,-9.31952172183397,-12.5882472222925,-12.5268874216916,-10.5149862113281,-3.96091487697464,-8.24312456573397,-7.8390601809812,-7.352253793608759
sub-0092,ses-01,run-01,cognitive,LOC,281,cue,-4.34377639142538,-2.05317176153277,-3.26871343510481,-3.57893696122738,-4.1560776677596305,-4.96109224876923,-6.965040876139599,-7.561511244261099,0.9494234942363241,-7.71428329345715,1.17021375270161,2.43377189499652,5.63168559242909,4.622084361855849,8.915711575238529,12.950747227021502,7.873595051325519,-0.520246616684979,2.68671229619187,-2.3286578704158996,2.29490750527515,-1.61447888542551,-1.4483093640196498,-5.66726931009514,-8.3145284623336,-12.127838381299,-9.039074195862211,-9.89605757153068,-12.7302911664162,-8.13318447408327,-12.3109148068876,-13.2819366925366,-16.1154667847257,-11.2869323098529,-13.298633678917401,-1.94616108935428,-9.2354445832399,-1.82500616896371,1.77332957037523,9.224757991189849,6.2527377483668305,7.45688985058954
sub-0092,ses-01,run-01,cognitive,LOC,282,cueH_stimH,-16.0707057610761,-16.8316260633577,-17.083251259867,-11.824106553968,-8.83611420479611,-35.1714858017273,-14.036434321770502,-23.2883272155841,2.45303212327385,-34.399308756512696,-29.168427798691802,-35.928298466491704,-6.35481956718057,-16.5528972144388,4.214401887729211,-30.2287226839073,-5.11618577917616,-14.923694105049698,-12.567761848905402,-43.00528451884011,-21.01576348952,-22.5501986192387,-5.33463759543751,1.1457111653018002,-10.5267118871113,-7.2172782915124,-17.680765798276397,-18.031623752731896,-4.8095347518739,-19.1974398873668,-13.573365777375699,-5.178164815974401,-15.564856332923998,-13.9893999815831,-0.639323990970219,-24.141516088533503,-4.55999640171666,-21.9932186706439,1.8202606928093898,-21.0349305989625,2.42492849861898,-1.2451885447624298
sub-0092,ses-01,run-01,cognitive,LOC,282,cueL_stimH,-15.411312492406399,-20.3665473647543,-12.5268261427343,-7.597368324618219,-13.139004023989802,-23.9680292128915,-23.040835446893897,-25.0011008969168,-27.732322389560498,-24.8345802298636,-24.156500683878104,-22.957267952087,-7.97982133136611,-9.80714049823037,-9.29263035433218,-15.3332145809446,-12.718370260363299,-14.8586323646801,-20.7970320279437,6.58063857371524,-25.927165630888,7.51219393014262,-12.261755188208802,2.87330667818001,-9.62677124514236,11.570420749250099,-18.4052691627064,-1.97944398246624,-18.3573205401364,0.9692214710907191,14.2663117025475,-13.3860160378563,0.33079658890309804,13.1587876060845,-7.718740188619339,11.2446853936515,19.1222715487555,-4.62033307723303,-17.2248516005711,-13.176745512000199,-17.0966389870264,4.88456050547823
sub-0092,ses-01,run-01,cognitive,LOC,282,cueH_stimM,10.916544653548401,6.0617416121726295,16.9372713940245,-8.64160659827621,7.643572339767981,-21.7752732495497,6.17528962247094,-13.1212291452426,4.95065036531708,-20.939252751392,-8.52452123161333,-25.0099339466609,-9.39495669295062,-23.9005382815286,-26.183665424752697,-31.5195939464991,-47.4385345717269,-29.3149890790333,-44.3027032299601,-12.086103526707499,-13.649481151140499,5.92446753862942,-2.83681592943124,3.8842722045593603,0.0443266382413476,-9.315444120112039,-8.282800222553691,11.177734296649401,-16.926524537515398,8.76522666243737,-23.640823530327395,9.19121311593838,-7.79753759430241,12.5703126991044,-14.393976408217199,12.3320346717294,1.8190603802188101,19.4806612394897,2.72799176573031,10.833223145588901,-0.394024075895089,18.6696942999871
sub-0092,ses-01,run-01,cognitive,LOC,282,cueL_stimM,5.29286427343601,-1.6728905160730299,-28.334109123504895,-31.475218977181,-41.1435721782475,-61.469406654295504,-55.438688699306795,-48.000833154594496,-47.61485473354771,-43.6274441128949,-48.2820645009822,-36.485778449711,-22.727738504801398,-48.0410507958508,-36.1730711745617,-46.2394035008924,-33.9241918422329,-27.859668551712197,-29.4143939061828,-36.4180462875553,-23.398182663200803,-26.3389780810583,-21.551465716021198,-42.957411097023204,0.22500163594982697,-22.7441758857764,-19.5310227832692,-18.9091638914786,-31.4580817846774,-14.332927820434199,-18.1953046720564,-19.577471350559,-19.9054476611585,-5.6029956136876296,-16.1651323688637,-6.7331281845220605,-11.0309450945391,-10.2286175957987,-10.4166464913328,0.37999054101220503,-6.60229371403059,-8.31510179243878
sub-0092,ses-01,run-01,cognitive,LOC,282,cueH_stimL,-19.835631302124398,-16.3757070532136,-20.914742628514603,-21.817943267192398,-16.538848011198798,-18.1258694030935,-23.665644515529298,-11.1656586775409,-12.0949645545666,-7.46233887703742,-0.807341316420818,-9.660360301788119,-8.094237815085041,-5.904895058536759,-14.266739798613902,-11.764666680437902,8.589214396887058,-14.120935351749699,-17.8626705730119,-7.17360824156746,-9.19948347248377,2.08178656765873,-4.36734545183303,-14.3691766632159,-6.84640966809048,-38.5744973748437,-25.9320167083485,-17.798435957472602,-21.358113927629198,-19.378335224807103,-27.407262063172997,-22.3820712674078,-23.287048646244003,-15.9829893515298,-40.312951457838004,0.9293656106246999,-17.132281961587,-3.8932732437854702,-5.12240330071918,-7.717950957979929,-4.0483388832390395,8.724206208599911
sub-0092,ses-01,run-01,cognitive,LOC,282,cueL_stimL,-0.791199753238516,-19.315665508957103,-11.4580079409323,-15.298389168508502,3.19191046662054,-0.7141932350743149,5.565203338051,-4.07842825719318,12.4633306924872,-15.905088460956199,1.84475100858641,-3.6226867990079703,9.791513938896712,3.52458088234015,15.2355689518555,8.75374895858851,1.6253271849351,-0.10876684838886999,-2.65029799058736,-34.6692668755804,-26.200109783971,-10.784439952465801,-30.1993089919064,-14.669695574685301,-19.5669405978398,1.10266875330536,1.6335345991663102,-1.52477825750673,-19.0334193569567,-12.410304938260401,-12.007113703040199,-13.4398538721539,-10.1226009662869,-4.97430590221256,-14.2176824627966,13.9900784753232,-1.9756640116959598,-12.894169444518,19.8300329550158,1.2481967847453501,10.834821849405,2.14844688209446
sub-0092,ses-01,run-01,cognitive,LOC,282,rating,-10.9751153974335,-12.6754966097724,-12.8070099730795,-7.41686314932384,-18.2782952118248,-11.113097196004698,-13.977403689214698,-9.540964605184449,-12.624331409798,-1.7542854158163201,-9.85210166523291,2.0753136753507597,-1.1212509027361002,-3.1534511705261496,-0.525194310898826,-5.26396426708095,-1.9449228365150801,-4.706128676429031,-2.01354975242546,1.79233798450765,-0.15767517654970198,-1.45264984455298,-4.43901134264403,-7.9784584395476905,-5.71014271866917,-4.61515244585744,2.0586917377258303,-4.973672077107111,-4.57435113961883,-10.3931361597247,-11.1142398359394,-16.8643951816427,-11.2649631268958,-19.3458194205478,-11.326674527565801,-15.2326841732686,-11.0877108246716,-14.807581019939402,-8.77676287387141,-14.1552765205406,-13.0485792821964,-7.11282258587639
sub-0092,ses-01,run-01,cognitive,LOC,282,cue,-12.630117541705598,-1.45388019233904,-7.1483213340657805,-7.9252946791459,-4.90659142481371,-0.0836042657435598,-3.9241920532375096,4.4235034426472595,4.54992726581316,4.8086773842725705,5.68277793363737,3.28767309599671,7.29661364171543,7.786120850010099,9.760822328061131,-0.18108803779284,6.59260851317371,1.26509569155921,14.381242807039499,7.98859098958934,16.0433187011165,20.2965624322368,16.0160012108952,21.840096459753603,7.98421294402269,10.315898999599801,13.063252621777199,11.027370982219,3.3829452647111804,11.3424183529641,-0.581736921018937,-7.257785861136741,-12.3150341823378,-17.8301776440674,-11.423381855657,-6.44322242832767,1.35290412720436,-4.89296963194514,17.010664173413,8.83120234209263,4.47207097346537,7.85554390309671
sub-0092,ses-01,run-01,cognitive,LOC,313,cueH_stimH,-9.73635377875451,-25.1800202837347,-27.435284311012996,-20.139638249312,-22.223840024498703,-1.31650232549706,-18.3147466925648,-7.8504165648391,0.0788520307702528,-1.02582509849941,2.2906184328771,7.81544756567973,18.4197930349451,11.9180045285304,23.338849825823303,36.586163034555,22.7531284015062,29.414684367244803,31.368873824829898,25.2446271541363,22.7415496417523,20.4134517247698,16.071851365255498,11.5537686179513,5.36045983350906,-5.44153801238338,-10.5493322125023,-18.478759891391398,-20.7771763997985,-16.6895689856128,-0.8373383537042192,-9.32101344230712,-9.30856896233394,1.8135386684196202,-1.79736313268487,-11.280406197266,-4.72572888940041,-15.404084822676802,5.99582825224298,-7.36286569005998,-5.23980638923315,-15.659542620772
sub-0092,ses-01,run-01,cognitive,LOC,313,cueL_stimH,-6.856393509537081,-17.183025241964902,-5.17487966304999,-4.05917851787041,-2.02463063001654,-9.4406354257919,-1.39298016533369,-1.31199248734246,1.8863265492722698,4.07092368489905,11.948463890874901,24.654983588049898,31.1686359197189,29.511672535556396,40.5166407941299,20.061526453939898,35.9490713764447,25.579851542406697,26.676916358198,37.6379335207031,29.566285980379895,32.8756732414275,46.96427392216739,51.802999977957704,37.8727265904055,32.8899184464604,22.9787987266305,24.6721041816397,6.8161545372202506,28.2855419394945,14.0922038893783,12.6005103005916,2.97978908098981,5.884531794985381,-4.575674473362651,-12.866869340893302,-15.513065865649901,8.45141890096934,-22.737796593038503,-29.7658335738587,-22.254212226434102,-27.749438736967697
sub-0092,ses-01,run-01,cognitive,LOC,313,cueH_stimM,9.96974677514214,-3.52629502227318,2.5849667120301802,-13.371599712242901,-4.95655759519997,-13.585823627360499,-10.631335121263099,-10.257994002175,4.6689674025333,8.68408557959276,12.1616467871543,19.218230229651603,26.961913299603502,24.137302828154002,29.5058906420311,16.408146461686098,13.309707075381999,13.242331552237001,8.566216995177209,21.1274103681828,20.4361845068205,19.957116843652198,11.0165725817809,10.502170176609699,7.16655761821605,18.4007296965218,6.85460730258708,6.89744288842855,-9.29602518369546,-8.399988393372942,-19.419946476157104,-21.1991925851923,-26.241816896950102,-1.9872565340456,-17.3256154160432,-4.80816115284789,-13.869374129564399,0.40272016771707103,-1.30151424082425,-4.120360570349789,-8.332567856775581,-6.26755695026965
sub-0092,ses-01,run-01,cognitive,LOC,313,cueL_stimM,-5.48344046473467,-12.664746451556402,-12.9546962201401,-22.625988919896802,-23.0804265486169,-41.9877503929635,-25.444698321976105,-32.1074071753951,-22.4637843873792,-16.6665459669669,0.753404925603192,-8.5297387076809,-3.58726647277806,2.0550142548014,5.03544163405455,-3.5378390567478504,3.57077457777974,5.98787865975898,8.0596707587235,4.1021494976779005,-0.367216157883266,-12.246609854810801,-2.2151856058940496,-17.1573823581404,-16.732739994811098,-25.964773280262698,-25.0731741900212,-18.553427458842197,-32.1233137237392,-23.9006778945295,-27.9523749977828,-12.766761898056199,-13.7195989079295,-13.654128027314401,-17.178113168556198,-13.5046698788973,-5.2260276279984295,-7.293852543143999,-11.2258956443188,-19.1924804925921,-15.7822130573475,5.4523294370077195
sub-0092,ses-01,run-01,cognitive,LOC,313,cueH_stimL,-16.5206096513479,-21.963052734815196,-14.3470694565623,-22.5385691637145,-13.841996174529998,7.46486174558807,-3.23690799030358,6.93814342043283,19.795919459087802,24.251353500651998,26.809253662143103,20.8359494517668,27.9115575554602,32.4638950296946,26.1537587264543,26.7143427507455,13.431695322584801,37.8182965421943,30.4194374317755,45.9328925096249,28.3613356460303,38.0505981719858,36.6404478085332,7.1690021180295505,7.70344945781137,-10.171845038535,-2.4338074746682596,2.5009933557021604,-23.7917837678255,-5.05449776280678,-26.5963744180325,-17.439530323536697,-8.40124550082537,-14.5988473824068,-22.083065358098,-7.52888924458165,-12.485372745598399,0.5400973924122321,9.57322572857125,6.52843791982121,1.2729979285833002,-0.13951810636674
sub-0092,ses-01,run-01,cognitive,LOC,313,cueL_stimL,3.98635574105768,-14.3706521689169,-9.61318217831257,-10.3477487779736,-8.90493868895417,-15.3085548351529,-4.450654834505049,-29.028011527379302,0.981623177693391,-0.7420251984287819,14.3539880473401,9.54700236838098,26.3219981837711,32.040526568000395,42.788011502347295,46.146293315179605,46.1625031503871,35.20721679985999,41.2784203905696,47.5077422379264,28.511441213873,16.4632093231722,12.8169842227793,4.00738370557323,10.1013134941818,13.705818839934402,-4.227338942008379,-11.499388571233402,-19.712353956816102,-11.921258670000698,-23.8545091314231,-21.0443910315622,1.05202427290471,-6.62364806152831,16.7101881391191,19.1683880461727,5.3164104446018206,12.382108619047502,1.37560383018815,2.11974388812892,9.33146743795044,-5.407546115427491
sub-0092,ses-01,run-01,cognitive,LOC,313,rating,-5.673514733924379,-6.6627772827731295,-10.686086304462801,-2.9846592844121003,-1.13902147004377,-0.791307410984282,-0.4024910587420011,-4.9322017232478705,7.38466759384352,1.7946564085988301,-1.41881401645473,2.53030919321558,-1.4929105870404802,7.55521344107095,11.3215945011339,10.5759649850424,16.7203849823987,15.9870825547839,15.783289480418802,19.232756044740103,15.2859864003888,13.9848256587822,11.000516578361301,2.18423846900201,2.70976150648467,3.21123464733292,3.0386144011357303,-4.60844811691268,-7.95616899179934,-8.26352420658633,-8.071216871403719,-12.0218445067149,-8.61210147878232,-15.363190427047801,-18.6459382769778,-14.874077480603301,-17.483612529288198,-12.146299204779902,-10.7147723246977,-13.5453523564582,-7.97506623942715,-7.91856935169175
sub-0092,ses-01,run-01,cognitive,LOC,313,cue,6.17674239071426,10.581671011894699,11.6581092293271,10.535947538396302,3.23843459004399,8.582336100957649,9.393005019484141,13.1508265152632,13.294363761113,12.672418713874901,16.0387992438554,16.7776981291745,21.732241911101898,21.3349556575252,21.1702186464414,30.8655518598462,33.4288026028145,31.515379274523397,32.7010643521171,23.9795144822244,28.916068044261,28.037193809031,27.945981217835804,26.477993874744,22.384337371261,9.99656025760149,17.5033923921149,7.26819801546965,8.15288137767092,0.704980582429101,-0.510266856818173,-8.47001360212202,-7.240906374417161,-7.41089093661485,-6.82813862383037,-7.11597520098647,2.5557502173682702,-0.9557528567175742,7.50130959931269,10.1419625296639,17.694298967562002,7.55230823951095
sub-0092,ses-01,run-01,cognitive,LOC,314,cueH_stimH,-23.4406943752765,-26.560978765243696,-12.858613592284698,-11.002149221057199,-21.370504138711897,-36.3849010230715,-22.287108257831502,-30.6866261015872,-17.6941689378247,-11.1186714166587,-19.7931330339288,-13.9539144898911,-7.09903394603338,-9.40956519509116,-19.6925401789175,2.0690687828286203,-16.636742461927902,-14.018448362453698,-17.3572310861217,-24.702257262222098,-22.748934314744897,-26.616436455480798,-19.0727833790048,-17.6891821284824,-21.9652061977102,-5.04896726891928,-32.7298656903104,-35.1134153070166,-40.575763416575604,-30.961705108674398,-28.097583367988896,-15.9034727964538,-27.5643689786091,-10.659363311969802,-21.364159508814897,-26.244779989801998,-27.1091938136824,-13.467555186994698,-18.5794881213007,-11.420045797272902,-18.6104069837148,6.39929087059214
sub-0092,ses-01,run-01,cognitive,LOC,314,cueL_stimH,-15.092864441618,0.6891012970582371,3.0619188085372,-16.3598616035924,6.78580680362832,-1.3981215300407999,-1.1486661939668201,1.69156766333017,-1.37399102167411,-15.1251491785584,-21.115155406742,17.478601057390097,10.497860869378,5.775921107674541,0.0816965732897614,2.5539274291345,5.0402000477716795,-2.9794963138459902,1.28509400079524,6.900772422790281,-6.382267829677781,2.00128785608779,-15.7658530943173,-11.9921544470523,-11.3661764316395,-0.288133161648865,-10.4247951148714,-9.504431576413749,-16.9592242362511,-18.988111233309898,-23.504017475767004,-19.4777275452105,4.56589383259914,11.6672598783333,10.282616149558,-4.805869804645,-6.66213276192828,-6.05164726756558,-16.2748274021522,-11.145903306182001,-26.1890800232589,-15.1761356450486
sub-0092,ses-01,run-01,cognitive,LOC,314,cueH_stimM,6.61877868774753,20.769362314800897,14.4462806258644,16.7765586561177,-10.8717698155807,22.414947788275104,-17.6300376448895,-6.78648141068398,-15.5893175512241,6.849462327218291,10.733627543155801,8.958412260695859,12.3204432287212,3.1924127118209906,6.48683657315917,-1.00904746749816,-4.84032776409499,-11.6537459124366,-17.3160090597942,-24.0088277495753,-24.0828363744175,-23.0358873902672,-27.475828548417397,-26.2390020430901,-12.775162911312599,-27.831311539772898,-12.5478375552417,-20.8875522393753,-8.59228348409767,-4.56628602884992,-6.41240810654775,-27.909364878164702,-17.6657925431066,-34.0876764394569,-10.180769005427699,-9.13639461925816,5.19020662667409,-11.4254536001171,10.049282407861499,-1.38209277088866,3.82825803036438,5.548264856940611
sub-0092,ses-01,run-01,cognitive,LOC,314,cueL_stimM,-19.5847899673375,-13.4024960425214,-29.226200157862703,-37.278530803699496,-38.6187472765018,-35.3083680248418,-47.8921276788871,-33.0078665907097,-21.4537557753538,-39.947718609355796,-43.2078983568041,-23.704067172185503,-25.265262937505003,-23.391896128316397,-41.4299732453027,-28.7532750503336,-29.860184974492803,-28.4078696589323,-24.5651861809679,-9.11857179372498,-33.1675004712479,-12.6162173675544,-23.114536941023,-8.4422869874034,-31.784592325904,-2.7236573208415003,-14.4661889453593,-6.20878308290519,-20.359363194792,-12.3465010984847,-20.6827760410724,-19.158771118128602,-14.2759718183856,-13.733480474105198,-14.2831198692082,-5.108200499592731,-8.9707685165647,-5.90248050667937,-8.39125146692737,-9.876355175054341,-15.5133958206077,-12.7162090207866
sub-0092,ses-01,run-01,cognitive,LOC,314,cueH_stimL,-28.929719760452,-17.4311902289645,-39.942031826633894,-13.013881330512302,-17.2473031075896,-9.5277353043242,-21.0022634709715,-11.2051697391545,1.08223888003539,2.78755524706169,-2.02287667546689,8.45212623737682,17.962140869501,13.0788861889395,16.416452669565597,1.06311615394572,11.386559823489499,9.49707674895877,-1.33996514071299,-10.4298469037888,-23.106656751213002,-28.542383119529198,-25.7787196683715,-49.604926368863,-29.3810119978683,-42.607128134986,-49.33020754771071,-42.0799426144824,-26.3882828198418,-44.8070203745758,-24.084082200423,-26.862874153727002,-18.5717603132657,-15.0205310211138,-24.416248220579,-16.651688847283,-26.4983290765352,-13.948735543864501,-4.9541380973479905,-7.88038149052245,-0.00791551332641305,-2.9399554044411302
sub-0092,ses-01,run-01,cognitive,LOC,314,cueL_stimL,5.3580003969912005,-7.96949996638108,-1.65346336477414,5.7567449623392,-9.34340436290487,-12.716914050955602,-9.24841632160633,-15.5835474432251,2.91554172527516,15.5528384411584,-5.9403760559718295,-13.1162762460054,10.948503624507598,16.1188976567405,16.329396321064902,26.4522555146883,7.927188917117059,19.466474166092,-5.21207932797937,-1.3111403612398997,10.3150190258956,-9.861466050651421,-26.092011586879302,-22.609529720895,-23.337657957319397,-23.0397604662182,-23.272752368760198,-28.0058963438795,-39.7774109647777,-22.151404317775697,-29.1063532456666,-16.7678835650958,-33.251022561582,-26.2873773409621,-24.659036288513697,0.824928162541987,-14.147508258511401,-2.49342064813473,-11.6068017028702,-14.387460407212698,5.85202816562366,-10.2827467400666
sub-0092,ses-01,run-01,cognitive,LOC,314,rating,1.0454177776,-6.412290870824,-5.17607262274882,-3.5287269577555493,-9.05451055204282,-5.1910961754025005,-4.76881437577224,-6.94713533804016,-3.80308108824965,-2.66603943469223,-2.9519459390369702,-3.0786318543909705,-6.66988145745118,-6.180613085843429,-0.660826585294473,-10.5830635552873,-2.3166902540243903,-8.823508234927859,-12.527443833287101,-9.91891343223762,-8.55414101615624,-9.65068372483094,-8.75873974287997,-17.4845299755322,-15.6352644355494,-15.2891950158244,-12.6744169175212,-13.5572136677613,-9.472888749844609,-12.6123865511251,-12.5365508602162,-18.097873428208498,-23.1729805155592,-14.1793994443236,-21.248985276435302,-22.091751247740998,-24.066428155574698,-14.428058976187,-16.2280306617036,-7.98034270358813,-16.943135960221902,-12.5629749581956
sub-0092,ses-01,run-01,cognitive,LOC,314,cue,0.153473847204275,-7.38780533806703,-12.1559960754815,-10.0419806237537,-8.55445648644718,-15.928585606724802,-6.82491118173779,-4.53627033000984,-7.24720595079251,-6.5245713629644,-2.54484637658845,-8.94160332554611,-3.0369732241304503,-0.684460528150041,-3.39125759029856,-7.649005949911599,-8.70450480458226,-3.05581675593177,-1.11870936031146,0.9928264959754641,3.3694440291851,7.03418013988829,12.476188321273801,6.04342750384633,9.00003383399634,10.932086047114,7.350607391785831,5.8937777903146396,7.59830192071015,6.70316497559827,16.1747639454407,10.1870711802406,-2.92513673843952,0.24077139899127398,0.558775556067117,5.882053660842919,3.7369829870868796,7.06210257653963,0.651484690409678,7.83058129705394,13.827447857402301,12.5264878569195
sub-0092,ses-01,run-01,cognitive,LOC,311,cueH_stimH,-16.0750074932048,-17.622605069751,-34.329572593845896,-23.1694651735762,-36.336430420165,-19.4804736671541,-33.499966556378304,-10.6249429772975,1.2165639484584199,6.256261265936789,-3.5004534801494502,2.02011271136573,25.9939431575195,33.4380030493992,50.85562591227,55.41517318066871,46.9186686980787,49.5142116909624,44.9128075527355,40.5652675692819,41.339185585397296,39.79367514700179,23.5735772922538,13.519159629600301,24.7301152547548,-0.151243126681599,-5.96356336397485,-21.978673801206497,-34.605266037377895,-37.0267818293816,-32.899389669837696,-30.3166889195266,-22.84439843969,-10.2982130463373,-27.642874599894398,-35.3055281950844,-30.2150536722734,-20.9578481516793,-18.9758075753139,-33.467125284679696,-16.9150690770011,-24.4077088914293
sub-0092,ses-01,run-01,cognitive,LOC,311,cueL_stimH,-2.70186732478444,-11.659865732776801,1.60003353055794,-16.6161650056073,2.5439259713670697,1.3597731832648199,7.427452124563921,3.15114409388466,5.512487943915611,-0.5976138521295289,12.8768936587427,23.058744888891802,46.1262234258791,55.142806119355,44.733485336798495,53.366439713731395,53.1192822785382,38.2697770247731,57.73099244366939,64.0771900592215,64.4703731391959,79.6198605042224,49.74377586529899,59.029883345417794,44.0527961468112,55.715744339507104,33.9457841636745,16.321532162588998,-3.80715597755502,-6.10730501179227,-6.2694263773925805,-28.080564959406,-14.894114497678,-23.7421529286828,-31.0764912960423,-46.491557905551794,-36.1005452032226,-43.795255112645904,-50.696246390531996,-19.3313146811923,-35.5444138493299,-24.1356596887152
sub-0092,ses-01,run-01,cognitive,LOC,311,cueH_stimM,13.080497688433098,16.0809558949639,23.181591940542198,20.3636313147018,11.5599035820153,-3.2750078780219,-1.4817697499097902,5.45942336652802,3.8543157154669796,24.3401801555124,19.9734853061385,28.527593159906896,48.45046865016,56.364389062598,33.4802207139674,31.1620593153166,27.458618007018,42.175608813216705,48.95637055722529,45.961842168321,38.522209500435096,45.7749920125259,17.3194865354233,18.6531401999772,22.868455825840396,6.12868022761496,-3.6177447246925096,8.33849633640858,-35.398403406699295,-27.624683869695396,-41.9834410159242,-36.3733972922228,-23.168342389893198,-24.4584483116295,-39.6342875995006,-25.6848302387033,-38.0842161925008,-9.36055584541008,-26.5555558113692,-9.226302956440632,-7.06358678444811,-15.6350903928151
sub-0092,ses-01,run-01,cognitive,LOC,311,cueL_stimM,10.7884510707771,5.87912424728259,-11.4471989817852,-27.669617190913,-24.868126715464502,-44.0185255814791,-50.29318160068439,-65.2969418970566,-56.7725384496704,-43.6373353402735,-25.373307103570003,-8.531189641680731,-9.28056135454014,-4.85904795687454,19.3846844377948,9.147685877894,21.973276676676804,20.21154442503,17.7767762889607,13.513614221152999,25.7583827873459,17.4399207929795,5.5927269282804595,-5.81572841854359,-2.8529566292308397,-18.177434942608603,-15.535855007572698,-18.542759516636103,-39.8350999945865,-20.928381691177197,-33.4920255806923,-23.597017399523697,-38.484356341246794,-29.372819812038802,-23.2100634270381,-27.299349264503697,-19.9794402241505,-16.426748522455302,-15.545534619962401,-14.298314157179,4.77324864957518,1.1008527727208601
sub-0092,ses-01,run-01,cognitive,LOC,311,cueH_stimL,-39.5603881385585,-33.834161836372296,-13.861195357922801,-22.080620691084103,-10.976823952720098,12.5560840786853,-3.09733170349588,17.1745825060046,25.41176801335,44.546608536789705,51.1402590025029,49.89102170804621,67.06340432258449,78.5598230124047,76.879198842554,69.1732388672623,75.2281771236265,76.49905540172921,82.0704205106503,71.18680865421821,78.95260660013851,60.3934044650177,49.4692174154288,40.7742411656391,20.9017934305408,4.03711489278071,-3.64374829092776,-14.0835313876277,-27.0996581721955,-23.7534505320078,-24.7875635369089,-28.4242382069256,-16.443243917255,-22.880970057341198,-7.85053796242018,-18.7974619588925,-7.24735077589841,11.899879001926902,2.4261124798519598,17.4906108928498,11.3557103956318,16.4208679853155
sub-0092,ses-01,run-01,cognitive,LOC,311,cueL_stimL,-12.1909821900722,-8.120822041719482,-0.3794605773619679,-12.959430321563401,-18.2673965306783,-14.9393763440061,3.28019365959628,3.08192279632483,12.9933356767165,17.4693546871124,27.4494287849191,32.452263377392505,38.9952489479651,58.35742718313949,68.5400226642699,71.8558107565266,76.0481985397644,66.2142575908805,76.2268862253222,67.731097150942,65.1092735119961,31.7323914593848,17.0728755423825,21.7793593088517,15.0285955390625,-7.8912692863614,-12.615354157974698,-33.0455712958868,-34.7728463985568,-45.7524327082762,-42.6375549555911,-30.7730562100979,-25.1885863731563,-26.2122518436164,-17.518533275676802,2.61876701049228,-12.7959556893379,-3.39204003219044,-4.78917793461205,-1.23519232021133,-17.254813773498302,-12.9130443750137
sub-0092,ses-01,run-01,cognitive,LOC,311,rating,-4.63417601750295,-3.59443441687021,-1.96815482343712,2.6651405106503,0.9879884919638291,3.72943759359088,-4.5111238681838,5.20655550743842,8.42327877559222,11.1619153456041,5.86422479533288,7.915535398103629,9.345730104973429,17.7655571181289,16.6005926890786,22.5268113732591,22.6677838047559,19.479695067496102,19.8134159303051,19.846285679624398,16.7031724474577,15.496121613642302,9.90902678944701,4.51505881922861,-1.5894222493911103,3.3443852439807498,4.50135926389387,3.13748751237808,-1.96345277421675,-9.49943949671903,-10.0100649168205,-9.97529215779892,-9.81651461494272,-16.3207848605527,-16.4343572237715,-17.7572681155273,-13.3835595718243,-11.028162890534501,-6.608638575937491,-11.5858852320097,-6.29832446937209,-3.1387228465706496
sub-0092,ses-01,run-01,cognitive,LOC,311,cue,12.9032858568557,15.9688335382128,6.61316312026896,11.4292481262957,7.22440176885087,11.337512442562803,2.6233871136801805,9.00342533395555,4.11618365722408,3.86169705560732,6.603856907885669,9.904372326306731,9.724057802994599,6.89882621393653,6.643746801490639,11.256066554500801,12.766193548815698,8.19953468652187,8.23840132006124,8.73951220417041,11.7528412368061,13.776185427225599,11.322578966166999,14.9036119769974,16.2585624042007,8.82718792726641,12.1548112451108,3.37053524652928,8.551605036491491,10.6775500520416,8.48788996436639,-4.25966331647374,-9.19821472541499,-7.09419827967614,-7.11198260257537,-2.96212115779201,-5.66542539968765,-1.30065407536068,8.54521837018771,14.0594299136759,21.8100907404505,16.055054757921
sub-0092,ses-01,run-01,cognitive,LOC,312,cueH_stimH,-11.620334090534302,3.17421562910729,-28.7895106619267,-13.676796892729799,-26.057360861320802,-23.904225452259897,-34.9435207716057,-20.2158374939294,18.3997370825142,-2.70604356712075,16.5426629594382,8.32695298408082,23.4772426995376,11.109548477040699,34.8066611813192,37.5765839554293,22.227814393526696,-2.07215238597912,7.8935676250536,2.9734057454138,-7.874468248821679,0.0573034353598203,-19.7121279025285,-23.679412713446602,-31.3304665874359,-33.790537454200695,-29.0800218248105,-31.0713841594369,-27.3968132860037,-28.513804810408303,-17.5560775592067,-19.3811667618698,0.6451280850203249,-10.7809229225582,-10.2882266142706,-37.0112795672949,12.650777581549402,-8.73399963517717,5.67106121533642,-11.3181399724701,-7.076759788989639,-9.426811318789929
sub-0092,ses-01,run-01,cognitive,LOC,312,cueL_stimH,-4.08509163630301,-4.41837325245487,-5.910232000252661,-19.278539178560397,-7.5202319759806,-1.3375627304656201,11.6878189848482,-4.31870105059889,2.62110819715292,-6.12067456029793,26.6246413524517,38.56859756649529,39.19521369986921,40.9922378543938,32.5988043302659,36.7742436849778,22.6186447052132,7.5449173719884595,32.980405773596395,22.979284086680398,29.320300689257397,24.8515634695783,2.96796082452915,-10.2915176104011,0.510703089862865,-1.7581267549150201,-43.682213122711495,-42.749549026236295,-23.753868955448297,-24.991727959046003,-54.3151509240819,-20.457206527603898,-35.0682031515027,-44.02768005720039,-49.1984150237735,-54.192854815948,-63.6795072006293,-30.2494179049405,-37.4478590277955,-55.127646158141005,-35.44873957421329,-69.415318698955
sub-0092,ses-01,run-01,cognitive,LOC,312,cueH_stimM,-2.64995767684029,2.59363934283364,-20.243294373806698,-18.9769574537387,-12.2799977719736,-46.9751967482427,-24.567110960223303,-41.0949061348697,-2.7517401235678602,-5.22080237158523,14.1232044650432,8.05923639696533,20.9861706855712,13.602187777253402,9.98045150914631,-1.01719952039481,6.3529096780604,-10.943351579305402,-2.9424970424105696,2.7990661872253297,-19.5843463262551,-28.602653435795002,-15.003528778327698,1.05214520998484,-38.0926593281378,-29.985662934262802,-31.7425568499828,-32.7844635282586,-44.2031988848677,-44.07480506150479,-44.756430869602795,-38.8670711866738,-42.985353294616004,-34.6690369643867,-54.5440260314816,-20.0979051181057,-16.2234573012028,-0.484168864374666,-5.507868600505789,-1.11303641144964,-24.2273018950242,8.30609186422581
sub-0092,ses-01,run-01,cognitive,LOC,312,cueL_stimM,-10.0918812517686,-36.4883454436002,-22.617753387390103,-56.5096989852225,-43.122536100786895,-75.6516123947437,-61.6593772226264,-70.2722912370147,-46.199252668309,-66.4131004288614,-27.645601612380098,-27.1432372267065,-19.718388034435,-7.489580482554049,-1.31257915798918,-12.7524422722539,-11.9494499192958,-7.96724489963729,-11.373290197774802,-30.159862568375697,-15.8906457608007,-19.1580191553687,-30.8216143898279,-33.958924747417605,-2.4909261100983904,-17.7726190071017,-16.1015050804358,-7.25738797445651,2.3968726059674905,-5.949372280647251,38.80554958186121,16.9090305085841,-7.22082752594664,2.40345647776658,-8.14545456951063,7.24855734069561,-1.8490271675328,-4.448655737008201,8.06256082181746,-13.325965107265501,-1.30923245373356,-5.597128919800349
sub-0092,ses-01,run-01,cognitive,LOC,312,cueH_stimL,-26.710288355780698,-9.63912649956435,-12.357945287443302,-1.02777044649828,6.927045105181611,9.71135805286122,5.26225020742685,-7.0037198364308395,11.3025657787231,28.486234013660198,25.815713448966303,53.7914993446974,41.67331428445271,34.106265784939104,32.9614772238412,37.5420826964027,19.309463962216,32.021366741045,20.6207701822511,4.08507014673643,-11.3085324559867,-22.853350908829004,-28.0747278565205,-66.1010705743373,-55.6216288344436,-63.94510050187671,-34.7746550374367,-42.9842594032186,-36.0297246306354,-21.165598708406,-24.146085235028302,-46.7680510088735,-26.920706462337797,-20.926776339106897,-23.3363881645474,-9.2309235714288,-20.431995052759603,-3.43701540418746,-8.91526873192367,11.987612375571802,-7.1250790300618,-5.399073628997099
sub-0092,ses-01,run-01,cognitive,LOC,312,cueL_stimL,27.1374008875912,15.9029718448959,35.9065219529701,13.9084806116115,14.628379996361302,-11.288548160134999,13.7857034349506,-1.3582380758244699,41.4306450062645,13.0960891634079,44.49626775053329,30.975837408294602,66.8779364899652,58.797275550631106,57.5300246079523,42.582285128791206,55.47798582534579,20.6452772372016,30.553802343594302,13.4051089652111,5.969755307192861,-12.878989125155401,-18.131452091013397,-43.480882965047705,-42.50620569185379,-59.073244684531296,-44.78330589111171,-66.3098765900442,-50.368376924366,-56.02987236006349,-50.140532784399795,-32.2244781584089,-25.968885563514103,-30.4451362940706,1.65712156255752,13.135696936208301,-1.97665256198704,0.724077537080611,-9.346606507132948,7.659892370352,-13.412974213479199,-25.838645968838
sub-0092,ses-01,run-01,cognitive,LOC,312,rating,-3.95776243985349,-4.69309800163107,-10.551342963634198,-7.5152127799569,-2.90935002314838,-16.871258700839,-7.8039531035051795,-7.988434475867621,-8.54198636827401,-8.979780459794359,-7.97696870659304,1.64261833403383,-10.777307771822699,4.92037410780193,5.2407148998550195,2.8741436740822297,3.0267504726091703,3.3771171593180003,-2.16853170556888,1.66970964760299,-1.08846050663933,-1.9215779337032601,-3.25332630605277,-17.1851730889974,-13.284973010195198,-23.4842732907898,-14.0762155666151,-20.1242186510104,-17.5820835865786,-15.665837441584802,-19.6962389147685,-22.225869799538003,-24.8852780589056,-23.5882662307827,-30.4079309188526,-28.4809104110747,-31.817871802190698,-19.0492951741126,-17.4178366850128,-10.043139839995499,-14.3717947620046,-11.5409480445896
sub-0092,ses-01,run-01,cognitive,LOC,312,cue,-2.23552105752898,-6.468397455087861,-9.174585643400759,-7.1016330183615,-17.909482446270303,-10.9009059008779,-18.979474698521102,-19.319670761648602,-13.922674735227599,-2.60105741230061,-5.49964045433026,1.59311034090974,2.30376271682485,-3.0799391573940293,6.5726408081126,6.25263719298101,2.0493188254136596,-2.87344366084857,-6.1695191276233,-14.8696885668891,-5.45629355074948,-14.122931090409601,-5.08002306358347,-4.66216128202826,-3.18744063454929,-13.376933309771099,-8.02723136300105,-14.611787739976599,-4.90765439385607,-17.2770414724007,-7.87400719355513,-8.092211507513799,-3.39453778400436,-6.268589088641231,1.1107378484660901,-6.17742440791445,7.2808826055561,-4.36889494566083,17.870203670277697,10.3411992369019,29.3552671152125,13.669211209902
sub-0092,ses-01,run-01,cognitive,LOC,317,cueH_stimH,-12.687728244240999,-3.68092316323798,-0.707382738459266,0.0169355648858689,-4.19060160827702,-2.6741111138742997,-4.296537441887001,-1.25342394898018,-0.8776632847453829,0.7028012933138039,-6.1189533237869,-0.8346038836846529,8.95116864811838,6.26344377959975,-0.17727494586822196,6.23839905400136,3.09070092161981,-5.8381101439643395,-18.445323495453803,-14.757814050754002,-9.095527220625641,-16.0317068262957,-13.863873444126401,-21.6265242743318,-11.0142311105754,-23.636424026517897,-20.0987177616628,-17.856414301178397,-13.6595881261036,-15.308728839412902,0.372497219339699,-3.7136166356876803,5.44647191010912,2.02284237368102,4.47526276414042,16.5482227179725,0.7987122169198241,-3.71883240884208,11.8301256398665,6.02189126862882,4.88989106089608,3.3117791288967
sub-0092,ses-01,run-01,cognitive,LOC,317,cueL_stimH,15.3403335561745,8.28586324129503,11.9362103789585,11.675532784260199,11.974584821224001,15.8746852408791,18.9537528792793,5.521539712411059,3.41082668961912,2.31299795581197,6.66334749411826,14.4584094652877,16.1129798028695,19.0138249370503,21.4861929725072,13.356628288101001,13.1418483212392,-1.6688728461218798,5.948647923485019,3.2411440076077,12.919916778292901,7.96261497133163,-2.09575831186793,-2.8188443648295998,-22.590985476546397,-15.604799405827999,-15.930416581673,-8.3906339041236,-13.8482554906597,-1.4297103481885702,2.9584655132601405,-3.6660394931218,-8.82086831544944,4.111889533909601,-13.0691425676484,-2.3731069369965203,-8.77607552882749,-7.403657128019691,-10.3868168204023,-17.1308061410435,-23.4251356398211,-13.8725228840078
sub-0092,ses-01,run-01,cognitive,LOC,317,cueH_stimM,3.6765386095826695,9.20035987213097,9.17277086446591,-4.10034559156237,5.28126893902221,-1.97678435212642,-12.549465211903401,-11.3480397584139,-1.84166309333267,-12.4598041773416,-3.3849825450217796,2.50095984217468,4.83255228586238,-6.142588884785731,-5.481289160261849,-16.9476177229462,-12.650332845266199,-20.7041624648215,-20.6969346638004,-17.0697868663819,-20.3044069518334,-19.2988978468206,-24.2804670915595,-25.175476717220203,-25.9838804313868,-23.829167487108396,-25.1702266594775,-14.5004847051596,-29.110653155672303,-33.488281681719606,-26.1933567841049,-30.140191047543897,-16.090845183387,-1.6123512140403402,-1.7863087490943999,-0.40100750205209396,-10.3321372357884,13.002264319816199,6.4550078595926,-0.37954510025124893,-6.024306774743191,-6.82146252445155
sub-0092,ses-01,run-01,cognitive,LOC,317,cueL_stimM,0.611892005144229,-3.89239698616951,-19.025495719102302,-21.9878816754495,-21.280026530552398,-39.704739054556896,-35.52369296300171,-41.6919171864119,-46.5556000105677,-45.686518461784104,-29.7880485766116,-31.0915465136579,-23.265536668878003,-27.0629299833589,-27.3113834050473,-25.146693042188396,-23.6567918671631,-33.021400680575496,-28.3679482379499,-33.6354574647959,-25.9411326913387,-28.196051944226998,-15.954598124800198,-27.2491256947523,-12.8940703225954,-16.410538794804,-1.13240978993371,-3.68846613254517,8.08845123975772,11.6819026607164,7.66468063791088,19.005900549848302,12.437657069695598,12.1844874330534,13.9204871210304,15.3891636175983,16.0890671661007,19.7940236198752,14.3013858631774,17.8385806320074,3.86285218149916,11.1204231262375
sub-0092,ses-01,run-01,cognitive,LOC,317,cueH_stimL,-22.4739423677073,-29.880946175615502,-26.000227687213997,-27.361260626452196,-23.1032536959956,-26.7278810574425,-22.1008725445108,-17.4988894210033,-13.335352458950698,-1.8865078710822702,-6.79308710731877,-6.33763801128798,-6.77411145555562,-9.46039812753621,-7.958838606673781,-13.076268927716999,-14.9444971622911,-20.064973907292302,-24.6507150569983,-24.9393086255216,-30.8851502359899,-30.952381665598,-29.691656516729697,-43.3980278934696,-39.233864142870004,-41.2617083171791,-41.2925633106099,-33.966155771153005,-30.9979163451652,-25.0872115477404,-21.661315822483896,-28.0421541285025,-28.973224205646,-22.207378710291,-20.630790222295,-17.0705310289919,-21.2172307635417,-6.91501099055885,-1.7620068368021298,-9.60185700111673,-11.2850223739359,-10.8209272603903
sub-0092,ses-01,run-01,cognitive,LOC,317,cueL_stimL,-2.6541480782740297,-1.34316784646961,0.303719413603289,-5.54566851375615,6.187674632561441,-6.799045295870661,8.24852606124533,-3.41825298396763,1.8935486029289,-5.097596933909941,-7.45285374330439,-8.06076778090446,-9.09019931198841,-5.18337064643267,7.896845535410839,-11.249743777136299,-12.1396752406601,-20.130385306529398,-17.134468680910302,-28.102867011111396,-29.259252858962803,-44.1723363073703,-36.086183714241706,-37.3762551179392,-37.387405311617705,-41.7629213422968,-23.300753865011803,-40.9393845707314,-32.051951812565896,-43.7201562947335,-33.412662197375,-26.7482606883654,-23.197370988920103,-10.3215609529915,-8.88497555802996,8.820758852362749,3.6252433878811603,-4.44685298299389,1.05569527466268,4.51892387506511,3.1091405737327005,1.38241574080452
sub-0092,ses-01,run-01,cognitive,LOC,317,rating,-4.13165063931957,-11.150176889173999,-10.196985209124,-9.98140549162389,-9.72283469260163,-9.844286367437618,-13.0680847496332,-15.174916238880401,-14.409566741956,-15.9673078088976,-12.972270781163099,-9.10768906139826,-6.9014946095057095,-1.16278557275709,-6.784065527675099,0.6380515675466539,-0.615657140228109,0.573566270198256,0.326405880784456,0.36046168439468895,1.56725128613199,-1.2486618866660502,-4.05882291055974,-8.374049815808739,-11.149983609979401,-12.6198675715939,-8.076966933845661,-10.1857611335714,-10.778963711309302,-11.161962416678698,-13.800871865151999,-13.388407234075698,-11.155392275947099,-10.357383903443699,-11.9619838418213,-12.8679061059599,-9.98001679522858,-11.1561266582233,-7.94762896776608,-9.379159492316509,-8.64698048358483,-5.38583379705436
sub-0092,ses-01,run-01,cognitive,LOC,317,cue,-16.4016202525461,-15.779848475920698,-17.645605607959002,-17.649733526668697,-22.4938690548225,-20.3315942134902,-12.906261685129499,-15.4045180595929,-10.516424647436699,-12.4888441989639,-8.22484430548688,-5.45445608188273,0.37041316647042105,-0.345091569171768,4.66998726592218,3.58190946852392,-4.51878231246597,-6.35950514916282,-8.00722035820721,-11.0486540137584,-8.73575655394473,-13.7546126753363,-17.0743333630054,-13.539995011019899,-11.6050178626017,-17.769048918996198,-16.169986163664998,-15.0451888574839,-8.56694074867487,-8.51321448349616,-10.4682916419675,-13.6539608541057,-13.2386631801905,-19.721238761002898,-12.7883726691432,-15.567059441654198,-10.6289584272319,-8.53613706837512,-1.67633669114957,0.122518516590036,3.76176763144727,2.40191979381639
sub-0092,ses-01,run-01,cognitive,LOC,318,cueH_stimH,-21.372955255628604,-23.246183651223998,-19.9808090898368,-12.7676181437896,-23.794119743095898,-27.6162663900817,-8.96900822134173,-12.4693429909643,11.6245841708761,-6.86172053711731,8.40597314007948,-4.0848216335497005,16.6849532859115,6.41609676447079,3.4027368050269504,10.5563190942714,6.675607681217881,5.57254519117695,-1.01720868985035,-13.7586494679393,-2.09339850385263,-12.0105751795386,-4.6176569489230594,-29.2597422764353,-9.6411211118415,-21.882720577302,-9.274785193663961,-32.5999915467454,-7.810091203721269,-21.112294155226397,-5.48598200567401,2.66344170717097,10.7196908080394,1.95715806324045,4.43008753102252,3.97527550835719,14.4303116365943,6.48720701591873,6.711557500412179,-0.841422890708116,2.6847973257877897,3.16895098332698
sub-0092,ses-01,run-01,cognitive,LOC,318,cueL_stimH,-17.7590807066243,-4.8928023234513605,3.5162428611955803,-2.8795124400345498,3.0268094477168797,6.74072352653458,17.8119195380436,7.7886457714470305,2.82456961785693,14.9576648951709,14.745293448503801,27.6486510390403,31.8100848911612,25.6867898615206,23.625721562136103,16.7670490353053,14.7155759775224,17.9380461699974,16.9630038578326,29.088645814933802,14.854102157109402,23.413367363823298,5.883374544082531,0.8944053275658059,-19.5671833653028,-17.4175383072082,-18.3028650765423,-28.386005713225003,-27.203251171029603,-12.059711091987698,-22.947791176912197,-22.145675251843702,-35.3251768005542,-20.6718191543122,-28.3537981440138,-28.116994359302698,-31.4121116868869,-35.1786870092792,-35.9697412688917,-43.1397187070478,-33.0597050997225,-28.460919077985
sub-0092,ses-01,run-01,cognitive,LOC,318,cueH_stimM,-11.447339639286499,-6.03214968960501,-15.239723125609,-35.2570132091006,-21.161693235317603,-28.9685970814477,-30.971328824636302,-19.1429623264129,-7.5059435753374695,5.33810259806146,1.83159688651776,10.4326698421633,9.78959662917113,-1.14337870250569,1.3218618766280301,-6.292235397732849,9.00875466618881,-0.746724561762687,-1.4366539200632,6.28435853516448,4.6407987203689105,16.4966437762813,-0.6172182784112471,17.1572077271913,3.50585826318973,-1.3369636766059099,-25.099581751339898,-11.066681957588502,-27.257319143931102,-24.107833672097602,-42.8785140549464,-24.0658335147638,-18.1982941988777,-11.2949776970181,-17.3454125555013,-8.76159102111451,-13.0320925052404,-2.10258761763129,5.733714523743861,16.8586634934906,-1.7583035466491899,8.97418385667842
sub-0092,ses-01,run-01,cognitive,LOC,318,cueL_stimM,-3.8252234319137504,-10.902375039187698,-25.627070913379697,-34.4230994550464,-32.2559760413746,-52.257863044502294,-35.0521315853786,-33.434003776119,-42.9720742254574,-31.509123414611203,-26.278037401557,-15.794335828587402,2.73970947217588,-14.858411940733301,1.18326916968944,-12.8310722643295,-0.599343216219609,-0.24773658316118502,-4.44596559376081,-2.26783066238314,-1.82158435163047,-13.3136853963412,-8.74482452289368,-17.7152632819329,-1.36064464387882,-14.3476993169727,3.36905893704121,2.2428488479390603,-5.22661645108707,7.430803152173421,12.470936876585,13.3534653244656,4.808117562297429,5.1215563350467495,0.874382181725025,6.887748505247459,-0.0831974209759068,20.9172831523302,11.061172273598302,10.7234270587025,-0.7075092958854158,-1.98447884817547
sub-0092,ses-01,run-01,cognitive,LOC,318,cueH_stimL,-12.2391136498981,-13.3635210034798,-10.454481018903,-1.91905054935279,-3.5478461290560497,6.2192545781681,-3.72361317616017,8.859832724967289,21.753820360544896,16.963389781685,22.982084643071197,23.858912740285,16.4619012699479,22.6181166441504,16.3745300927126,20.8105792290534,31.376172698196303,15.9595271496447,22.433028720413603,7.0794302064439405,-0.50069841029962,-1.2727547427317198,-13.739328890792198,-16.2647653996139,-20.9399022980061,-9.78550395715463,-21.847368334022498,-32.5579146240419,-26.4841099744408,-16.2957115015958,-18.543560655828102,-17.4527348142783,-9.35216984569206,-0.12925842598303902,-8.56518759022548,-0.8600700723040972,12.2892407778444,6.902101678089711,5.078343592233701,0.889743612726868,-6.2864128416089295,12.5285281652133
sub-0092,ses-01,run-01,cognitive,LOC,318,cueL_stimL,7.31517312367259,-18.3456953075839,12.8095209981089,16.0142414409795,17.581844930357303,19.078574485521,13.752789245088598,17.6187832017198,29.554739625947104,6.7955139475551105,25.142529971741098,27.3466082780328,33.3140235864588,32.415461180937,35.622160045323795,21.9566620079065,18.3428714031266,13.303861304003698,11.3101235933323,-3.0265893613898505,6.32646387697178,-10.7127970783536,-11.3853939018893,-12.756512081989698,-25.937293823663897,-52.1904956338521,-33.940972229647,-34.6597581621797,-45.720247521656596,-29.9977283353002,-42.0085953381802,-16.1398314876739,-20.8873541483105,-1.7416482447603703,0.62884608190636,32.139585679092605,14.2362410015093,-4.25848681329585,-2.08351881516291,7.709621961708269,-6.02080800475318,-7.99244758267707
sub-0092,ses-01,run-01,cognitive,LOC,318,rating,0.689820564247372,0.7675908344926708,0.342219690066987,0.31683021225323,-6.87700948672822,-0.37375716174244394,-2.27885370992415,4.9623143708078805,3.8252510538070603,6.194753750429901,-0.362457478846839,6.733306625882389,6.068491457619821,9.866822177621419,3.99798983689325,4.30412323667775,6.80052556094594,8.49940700066108,9.68464833117702,10.1443049933674,10.8639120839836,6.70308860710628,5.80465051625249,-0.38530574026579706,-0.777661582913588,-3.6037411075277204,-5.78600425693128,-10.527640972516698,-12.3331171440895,-13.138082940337998,-12.327488750964598,-16.2855385750547,-12.980690058638801,-15.550843929326101,-11.616861276352699,-18.628273387926,-16.8550727543441,-12.3106550033418,-5.44235910487041,-3.3293509576860396,-2.2585954559965096,0.17938014983062398
sub-0092,ses-01,run-01,cognitive,LOC,318,cue,-0.24659537540289,2.1165648635156,2.0777345106516,0.568815281539955,-5.1172136745306505,-5.909074378350541,-14.239780883036099,-11.684851172327,-10.055162730728199,-1.14915584773565,2.7124657111996604,-0.9712323442741101,3.47344722597547,6.658204265734151,7.69810825039184,7.78808279897511,8.51657701118969,8.1495153621254,10.6132947357755,4.74323974003735,13.6572667282083,5.9067136506925,5.14349126690141,-3.61661795801702,-7.506641442637099,-6.487960044139321,-12.641771651856502,-15.525374327873001,-13.005617203736902,-8.421037569187781,-7.29909812825419,-7.041369808594039,-11.385281153306401,1.6461330083875803,5.80909494519706,3.0988381545656605,11.52326407714,1.77854329668042,19.779239906219896,12.459607354382602,12.0582556051105,10.1870773886168
sub-0092,ses-01,run-01,cognitive,LOC,3,cueH_stimH,-29.622580161827603,-20.786840195113896,-21.910082178765897,-17.768363291140897,-32.0838126002901,-15.190749380564599,-18.30733203842,-19.752517596233197,-4.44286781152392,12.864059955733,-23.231761166349397,1.0835549571091998,-2.1861202708532,11.881664867238099,17.443823413050403,16.050900019089802,30.292424276619396,17.2532906402227,28.646124737119003,21.933922951833402,19.017127651360003,21.000756944642397,29.202488424467898,18.373502922510898,-3.97208035191607,6.8911145920022,-12.7473072907993,-24.662035614498897,-27.418427944643604,-12.672868176450802,-24.752534034506198,-25.825522518298,-2.2501242107860295,-5.29998245646045,-17.4747191530859,-21.781066943709604,-11.302089674718198,-11.680628065594401,-16.9814136283369,-24.216921238542,-1.51889423766839,3.6876432965754904
sub-0092,ses-01,run-01,cognitive,LOC,3,cueL_stimH,-13.9317721786517,-10.6262310766166,-5.36751261131121,-15.364361667198,-11.476626440422402,-5.25356771392318,-2.77647349053466,-0.39633542094616897,-11.5756370783061,-13.556266015659801,2.565766703146,8.13556189021163,13.2568773986363,20.6277536949605,13.3966496877589,16.706857863242302,24.266562363751003,3.28207069449851,30.096058849642702,6.17205073222586,10.331558823032,38.3067089290283,17.4514381002015,34.4944621742786,0.138259001458135,37.637063152359794,15.4718925634623,13.6320545144793,8.50920231527353,4.2134485029733195,16.9694793710499,-3.1506509335243305,2.87487936395186,-2.56198881256115,-0.528776025427277,-14.7249005118754,10.9882956014913,-22.5477267935618,-22.1314576880201,-16.0810434574314,-2.12402405968562,-14.820228724425599
sub-0092,ses-01,run-01,cognitive,LOC,3,cueH_stimM,0.8933360934518539,-4.1822773394208905,14.962451141710998,2.95470469812514,1.3900461382819298,-10.124319502843901,2.07280611224162,-9.83554483621535,-10.380508132159902,11.446320289774,2.56645711245846,17.1943272364456,18.110430552398398,7.39451880577505,25.9152150818449,-2.5910789197762205,4.612185287984921,30.185219355300102,11.436835948819198,18.2853687954394,8.00958970185321,13.998302825325501,1.29839032260929,4.58048959178333,-16.9716512958746,6.623082721559019,-12.275866227411301,-13.0052111117677,-25.6657175665415,-16.8324662089286,-10.730644348918698,-25.4491774682284,-32.0941196583406,-12.578189977300598,-33.813602547336394,-20.4136997747887,-30.534802090958,-17.439929637208298,-19.4284536737487,-8.58501214659313,-18.6185140626292,-16.2157082156899
sub-0092,ses-01,run-01,cognitive,LOC,3,cueL_stimM,-2.7426806955756597,0.440419581812136,-9.62464392885307,-7.44221020405498,-5.68280624215448,-24.1329141813795,0.412339946458116,-24.813205224328197,-38.7243108766907,-29.028477970539303,0.0648335451186703,-6.6988722455986105,-1.99575145727108,1.1902409994853302,12.9532817804496,-3.61725885853584,16.4120925215667,17.536572649644498,-1.63925803694904,13.174367416005099,13.608374342463401,6.29663849290245,1.9897076190608503,-8.591866864900219,-5.320779964676889,-9.862835266936349,1.32551591321284,-16.1534456293488,-8.900595060042061,-19.845465092680303,-11.892024924286302,-26.6683086658123,-13.987344619631902,-7.446395763254629,-5.537222939241589,7.3193570155289605,4.4863130410857694,-8.72348645017626,-19.786914410710896,-13.761871980607099,5.803103263750219,3.8086589284256296
sub-0092,ses-01,run-01,cognitive,LOC,3,cueH_stimL,-1.96094688426963,-8.195154231859268,2.08277076763699,-4.47000184968792,-10.116366830848401,7.58919646562716,12.6671862107531,6.0513874853887595,9.43259752450827,16.8650368438837,18.66355829672,8.239474757895241,40.098994962354496,24.221195178838396,24.0485947115687,33.8337953099791,19.058954173870898,16.5961251894602,27.4702490497307,42.7118323922922,26.5574110185198,36.265783948028,5.16968798122146,19.2859289195646,-3.3205618925568503,8.09927679304138,-1.4933716337046299,-21.0541921736895,-11.7998325500152,-10.7126315373353,-13.868518042897902,-4.85353124553239,-14.4677765244522,4.66889203783884,-8.55150076860865,3.18084740454071,-8.28824328030985,10.3703968059108,-9.3739759597382,11.5943384646835,6.83133607898983,3.87586793636433
sub-0092,ses-01,run-01,cognitive,LOC,3,cueL_stimL,23.6146750224087,0.8940472769645992,9.604181163582279,-11.0644408921991,4.49026481521371,-3.70561723664522,-1.60625117388488,-3.5604981561099702,6.255019774419909,13.166426810513402,9.057832974508118,9.98628606093124,23.6078806914504,22.664214151897603,46.70129150767679,21.496905030492,42.542023365900704,36.490020545167205,41.663606042329796,33.187028889103,25.835913558122602,12.318718141412699,16.7648936416721,26.6264347703192,2.3833822788643197,-1.29506361048076,12.5104591529495,-13.876026257126998,-9.125778593685,-22.0903369710647,-9.36527971579922,-7.1451888239019095,-5.056173939127009,-1.7611525328774198,-4.04687731123924,8.049995158875099,9.443095385394551,0.7556295884380401,18.627816939231998,18.125447548603198,20.7735244176833,-0.16514006528930703
sub-0092,ses-01,run-01,cognitive,LOC,3,rating,-3.25638065889112,-5.470599793413429,-0.28405404714419896,-3.5774229833401203,0.8428758044841601,-5.12321334031097,-4.08918857334449,-2.47630335541853,-7.6580828328945305,-7.33677464625046,-8.6318396565473,1.9503532063795301,-5.61812834609061,1.11780758233496,2.3452890624785,3.48571368451496,8.84919033980633,9.63188193397569,10.8891163084476,8.81181182766826,3.79237588264767,8.28094653181054,7.35147347041308,-2.4327354798319902,-8.17555859150125,0.0556463029971646,3.1612182216547997,-4.86547823802776,-3.3282553752959703,-0.668949903972589,-6.3837542176386295,-11.6177626647256,-11.5258744114027,-11.2354788245896,-21.559160788963197,-7.283062889474841,-8.03712340843917,-8.88812294744023,-8.59765893211789,-7.734881970978019,-10.9178157835947,-8.533396577602861
sub-0092,ses-01,run-01,cognitive,LOC,3,cue,4.6799207140279195,4.88735563462664,5.1806384020976,2.65748542396835,-2.9887777183615603,7.01398218576372,-2.0705359377690904,5.55427936213012,4.27346472735326,-3.15665059209131,11.0123872493839,12.072092914798999,12.4366043328722,16.5227849833311,22.593511737986102,3.13024871829962,13.965548648668301,16.112412753712803,18.7093690477387,12.9850944098821,13.404622713309697,16.122523062451002,8.20955424044399,9.28821701473416,12.058892517941699,5.886507942139,0.226203833228851,7.794099990218981,9.18426977813589,2.79832719939166,10.2967402373611,3.68945238451366,-4.74836520166039,0.957511949143996,-3.8131721501956,-0.620109727706119,0.101648066571205,0.0959854059622494,10.4445534209044,19.2178283673287,17.2954804004736,10.7110207451383
sub-0092,ses-01,run-01,cognitive,LOC,4,cueH_stimH,-25.360107544839696,-18.8946530412832,-12.2152153142031,-0.8459294249905959,-10.103524600515,-26.506632670665496,4.231428482640649,1.7388212618770802,-8.48173718043016,6.89068677420084,-1.41543693380292,-10.8366276897907,-15.209710914068598,9.39864000029582,0.586768949201934,0.7441566050829419,10.8475876910216,-1.7537319354768202,11.612868254609001,-9.496634731779858,-20.992240300393,-21.0508641500608,-33.9829516660017,-34.0343213810114,-13.1727296635376,-18.8822333843567,-12.7952328515635,-19.648834495117303,-33.8565576955636,-22.9930753659954,-16.822946960037598,7.737407278250049,-12.3321827779808,-1.37909370137801,-11.302964725252302,-13.5310399058711,-7.83123399469605,-0.267608233736738,1.1814479815989398,3.11920759395039,-11.9293668157022,16.510447295357803
sub-0092,ses-01,run-01,cognitive,LOC,4,cueL_stimH,-19.0406494289719,2.7411103661185896,12.395573223799401,24.3414098819843,19.452686922046798,11.2673097706735,4.18626638754439,19.852606679258002,12.434141318160501,25.0449447361835,17.2269877762002,32.3523548818294,24.172926557746397,26.3212592633636,14.2373793737358,18.263173616533603,23.980397420674702,21.3582553044829,-17.040732856995803,8.67792759222222,21.204945821464,15.6536169294733,-7.9558120455004095,-9.166566012742141,-32.1700234997155,-22.7945377273877,-25.8839790976009,-52.935323094026,-31.0092478742176,-25.868322938403,-18.356877786378,-34.6196953270243,-22.659340873969,13.890039554825599,-7.26549204314696,-2.6164243461839503,-14.1246705834967,-13.1606915690309,-3.78240446783938,-44.973757929371395,-38.0061279652091,-37.5866877226339
sub-0092,ses-01,run-01,cognitive,LOC,4,cueH_stimM,-2.30407369173003,-0.620286539897767,-9.19724573026635,-4.66389940376647,-0.39108685040151797,-12.3125841622647,-20.155271020902102,-19.1041743968848,-0.52805680606207,4.8554362954399,-5.135297363430269,20.1572679066207,21.694970559578902,8.54085647973303,17.662301772988897,0.541319268819954,-2.5604190726581497,-14.270197253666801,-2.71365800952132,4.45431095410975,7.944214826014299,-13.859191585489302,-17.0147652065504,1.09891939081377,-18.539947140394197,-16.8086637824606,-22.2621540214258,-19.1804614809022,-20.6059607946563,-6.269430385363231,-19.5627342272352,-22.7185910417307,-30.2861147330581,-29.3821817639609,-23.829652311929102,-15.006156946239999,-16.0682183194224,-15.163846725939699,-12.5177770508575,-14.022877728366101,8.9834639679305,-2.9952392448527796
sub-0092,ses-01,run-01,cognitive,LOC,4,cueL_stimM,-1.2434474010264198,-31.0131142696707,-5.6424610607990395,-12.6366784344819,-31.8617531420157,-28.343063673791598,-11.7648922162928,-16.6835875692814,-36.383719089153296,-30.148567508112997,-31.9913058426684,-21.1065318461934,-5.75515246170047,-24.772438521335,-14.8611802842011,-22.7698338854741,-18.6321865811527,0.624906917796739,-24.6564687220587,-14.5906267472611,-25.922026645591,-15.788426265746802,-12.1762885630232,-15.693229875463901,-8.78028925526573,16.5805291400103,-6.51297572500944,-17.900730660129398,-8.55180996648468,-11.9091925973421,-7.557299195251349,1.46098722286185,-19.3786209568704,-5.3504281132540195,-13.1130117088771,-5.976298897443121,-16.4377287636724,20.402219166583,-11.1601540992959,-0.4385568040772229,-7.43870756575708,-14.999319438074501
sub-0092,ses-01,run-01,cognitive,LOC,4,cueH_stimL,-26.556055008207196,-1.7733721411978602,-3.97302560817559,-25.185977453961502,-16.340139451793497,0.0954952463151422,-13.102379228672302,-4.539241232319299,0.49868154459429803,19.186566225186898,7.86733002384252,3.41342737626557,35.6097621265561,4.88485367089899,14.768472393254001,-0.7334457905981361,14.004719157297899,1.66987426315188,-2.08617662324339,-16.9440406571457,-9.99208186086443,-7.94608987144414,-47.8540567890395,-24.9997487074998,-34.3383802269123,-36.335056722399294,-37.6789517885526,-40.5094053837083,-16.8532649391855,-15.065517965969699,-19.2146493903712,-24.574631257138602,-27.4634894452125,-12.8509176609528,-14.890711188756699,1.2535868832683799,-12.1947081135131,0.32584411848795697,2.03298999710316,-28.7177422883856,2.06658189687485,-7.497635692473549
sub-0092,ses-01,run-01,cognitive,LOC,4,cueL_stimL,13.1397986371514,12.6106858856889,4.922933029217719,8.4423242623597,14.026328279277198,16.438022076347803,6.619165797985599,30.325633238916,-11.918964573501999,16.3895054069208,6.15986811933244,30.710909502060105,2.38569300571552,19.362241479933,27.138924347178804,19.236602011747,6.724280208996429,40.038565148498,13.685765004059201,20.967590828640898,-9.40882679817008,18.9142874346831,-11.5270661935764,-4.879012424860419,-25.5353267250382,-38.877866961696704,-37.889238727793796,-39.1164841312198,-26.903433199089697,-20.5659249846073,-37.5229675302162,-8.759447521106841,-31.974544280804896,-17.4858320783079,-9.2988827128578,22.5434442915967,-15.242428240992401,-17.5066692781011,20.1089450240804,-3.10881419397245,5.82498182175692,13.5531433865539
sub-0092,ses-01,run-01,cognitive,LOC,4,rating,8.299029837329071,-0.8505151548433,2.06761493404511,3.18046670212498,1.26631880826325,6.987271948378909,3.01557701894377,9.818848745251259,9.206347486900071,13.1401819706391,6.5312788478178705,14.0469374728481,6.42208590398015,2.54474027787805,2.02043479543568,3.9676829625941004,7.387867181533441,-4.43940513982854,2.3917947024950896,9.26664606618024,4.52492717583751,2.5253834329608997,-3.4386696610043996,-7.99715996733919,-14.8737984745821,-11.743190590029302,-12.4032956663588,-8.25794850428721,-6.296338138960481,-8.68966784086835,-9.35778664114549,-15.452377515342699,-6.74448185712907,-9.04536459733485,-15.8290077949212,-12.8420971193096,-15.165892467607698,-7.88661580221141,-11.092000776080198,-4.734522550129791,-10.0701299780485,-5.45111663449794
sub-0092,ses-01,run-01,cognitive,LOC,4,cue,-7.12466304058672,-0.48682472251806497,-5.46563894631615,-16.9443632010652,-16.1941223039942,-15.028632939198598,-19.7899610322634,-19.3613715194991,-13.3841334872561,-11.6772108233898,-10.3258441016481,-4.2450172799034895,-8.65781905727774,-7.58716812629663,1.2900660315313002,-9.35363208270989,-10.379600269422099,-4.49583143316953,-4.80207371765256,-6.814440864366079,-1.2602307916628799,0.505192536247478,-6.4020387174916795,-7.59647525551489,-11.4222010643519,-8.16771288194862,-17.111747731657,-7.270612134106411,-4.69488156962966,0.34014600138205997,0.562970249322323,1.22850841182516,0.409533064781904,-10.082462849117698,-6.64884206922243,-2.2137567500429602,-13.143252828689699,3.87722164042817,-9.451366420556962,5.15339354107246,5.179371060308981,9.33843372278207
sub-0092,ses-01,run-01,cognitive,LOC,45,cueH_stimH,-20.1916426527747,-29.3691554342186,-16.3069522716264,-27.5181225458316,-17.3015440761187,-22.071745533052603,-18.053677039552,-15.304680260005,-3.8507981558305096,-3.2060447618376,-13.871677480762001,-9.72963834061841,0.305117767360828,6.730231872514441,15.281077675347,25.3157095551126,23.193746427776,32.0659072508161,28.5243519127485,12.8605534676389,16.6191006048318,16.3200383960679,10.7008839073561,21.007597878900302,0.6652083639052121,-7.67704961034534,1.3537642281739097,-18.454259434514398,-18.9131723709064,-23.2494659158819,-10.5403761759666,-18.7911805833044,-1.95096072445977,-3.67570017980717,-17.3165697704169,-18.188736845073198,-10.1797513577488,-23.1694043757607,-21.4911930896872,-22.1796105269585,-19.687249873766998,-12.727200931076
sub-0092,ses-01,run-01,cognitive,LOC,45,cueL_stimH,-6.2321888882361,-7.53210296813729,-0.609225006532343,10.402715057693198,-5.06910268424401,0.426441396245741,6.06961478976534,0.702848710064227,-5.419191218483619,-0.432684747256193,5.56503722522306,11.6799918424494,18.7350216256605,29.884559059290105,27.0111317249329,34.8751846196004,32.5138932316715,35.505996534023105,30.5631228039508,36.1320491767271,27.198580877351603,42.5322531745051,32.5621469976048,29.7108641203098,11.929044532470801,18.4574046979383,4.07975100947208,-0.7305849680598799,6.0360477378516695,5.52601840530262,-8.02583569783057,-13.0999480454574,-5.72722440950485,-10.832754901008698,-14.8236693724543,-15.3586859741,-20.5088855669421,-22.0392303006126,-20.8375506975628,-26.367720419300102,-23.4239290060954,-28.4786457383038
sub-0092,ses-01,run-01,cognitive,LOC,45,cueH_stimM,9.70641881043351,8.30552349790409,6.44948187181926,12.8546962930165,11.3925570662874,1.12156009436614,-4.96496416947572,-5.806585636307559,0.9114550475286091,14.040495862149198,13.8558014480632,27.6926513784762,28.5777604236159,20.692157563164102,21.3469097124811,24.3722274312539,20.750122822791898,13.441152682195801,7.73572908412632,20.307418509411303,7.90764190553244,7.02932711115549,-0.300809333518163,7.0030691258005096,-5.54013661418756,4.29382999972254,-11.478432367869198,-22.0528769652143,-32.1329311807639,-22.897212138359603,-32.0427704605843,-31.4444332245432,-36.0040840914875,-18.783962917234604,-25.266789828424695,-18.3593584621287,-21.363183618892,-12.3433509646911,-9.787185320614071,-6.61690501637658,-7.86237145494468,-9.70178213618436
sub-0092,ses-01,run-01,cognitive,LOC,45,cueL_stimM,-5.4497299151935,-3.2038983531562,-13.3437288897885,-16.3660107261679,-14.6641440999476,-32.0951807733106,-25.2372438056617,-33.3329375412845,-43.692348652997,-28.4590169801582,-13.953180686333198,-12.449247634084301,-5.29016967777112,-12.0564184847245,-4.783992052582691,4.50559940188248,12.0641039412985,7.366691601442111,10.6390837285533,8.74590044516538,3.4992832920757904,-3.0182757594229104,0.38506473637105604,-1.9937411933045701,-8.13900900530279,-17.2681397763467,-18.9932668670605,-18.3566456150097,-22.2304224095152,-22.5794031624089,-12.8193173904267,-13.8391684452864,-30.2028943516258,-14.805706770746,-10.543504592187901,-9.229246148023721,-12.7970409565011,-5.92760208094562,-2.74753501745256,-12.9500266553056,-5.11058698418282,8.00705035446849
sub-0092,ses-01,run-01,cognitive,LOC,45,cueH_stimL,-15.7083750414552,-21.879742122154397,-7.75219401136393,-8.712288204532701,-3.12204383296833,4.41810886898301,1.1470127995191202,5.13601737083767,25.321365229147002,25.4127895108361,24.1907554884942,52.999369202906294,43.495276937065896,44.5952073310425,54.6826233225224,45.8921621861156,44.9978189225037,44.96756668623429,48.842318781053706,43.8521567031516,37.972436083163096,34.9162222751524,34.7476662001817,25.501996149414897,11.5461936429915,10.4422255141097,-0.0355096317451462,1.3255425595086598,-14.6790423616448,-8.19049113464473,-2.43374210123321,-9.48929059491806,-4.77223164150966,-4.767738993931,-2.8026947743134802,6.84611775944498,6.31323869623752,2.6767325002284,10.4195142436022,14.9169230457726,14.682488614532799,11.6298317420074
sub-0092,ses-01,run-01,cognitive,LOC,45,cueL_stimL,9.129704087341882,-2.06183547944684,6.84469000678642,-6.4838079102320005,0.26443975925534197,2.52622865572416,8.25346152287758,7.961446445218099,27.1715191507303,12.445233775750301,10.6442281277886,32.45626439186189,30.747998696034198,41.297242824945606,49.90961763913649,53.490116407353,55.4340766816749,47.181756687702595,42.3613423495326,35.6139791025513,26.933194464981398,19.586866616898,11.520152939946101,16.966282630320197,3.09749258393496,-4.43123811509064,-7.05370783859677,2.60148042607667,-4.57200087275563,-9.86439690990066,-21.149722138119603,-11.4848196369593,-16.2553118083358,9.80924257850877,3.8169712798880497,4.09228147356114,2.8383571768012406,16.405440027437,8.91844097556633,12.8228761583659,9.30892017543937,-6.89592741539157
sub-0092,ses-01,run-01,cognitive,LOC,45,rating,3.2643405697800802,5.68449958350644,-0.123749428427377,1.6904618475445903,7.48675724809425,7.321203095638389,4.95582490008452,11.167400066180901,10.455798620946,10.4907138328065,8.53252547466244,13.064741148384199,9.88470474368464,16.597434047472202,15.574163630392402,17.0883391455233,25.7167578521939,28.549797855435,32.2859892698457,30.1945347253727,28.6703168572776,26.9569813468728,22.94089578468,15.893554318241401,10.1219701564406,9.20421153839149,7.83651645083828,0.104632795435776,0.21772751880030397,-5.529411342593111,-9.805103753061019,-13.0676257990818,-9.86711164502252,-10.9787823439391,-12.1460465664697,-12.392953475596302,-8.00554953995058,-7.216254899477089,-7.09264752199924,-3.67900719951909,-6.02416764959169,-3.4767583903140005
sub-0092,ses-01,run-01,cognitive,LOC,45,cue,11.8803048884125,14.7331010855684,8.43560481002665,11.911734874730001,12.833099395431,9.50991421604766,3.88012204766132,2.03086558071152,-1.36846178855731,5.01532257762383,5.65317543156667,7.8549085997438,6.7011379263069495,2.52595685436998,10.827931952985802,8.42207472026342,9.64230512455878,15.425922318959598,21.712065810184804,19.3979514708568,25.0377463672718,20.0691123144105,15.0089494062912,10.663040927387,8.61171563488182,8.42483981094072,2.7257205336532904,-0.416810184505398,2.78528769531143,4.80801120628928,6.968724730611959,4.3338100206385395,0.9590103783927258,2.00555721524151,-2.5904515669578196,-0.9546686172762209,0.7266244189488059,1.37782493091643,8.00906100059456,17.5503952246386,13.4731854902959,11.7929319671245
sub-0092,ses-01,run-01,cognitive,LOC,46,cueH_stimH,-16.960586020397198,-15.771348999869799,-17.8452619709477,-19.2132205950719,-21.2513437224326,-25.986532208871196,-10.5501078597153,-15.152558785206098,-1.8822292987089,-19.808107834296997,-16.3956224651285,-11.3720066370583,-4.496380064253679,6.840812901540071,-15.197352540856599,-8.21453693146527,-14.1152639550439,-22.7147890036969,-23.413845247706497,-45.0882999068294,-41.3298228811037,-29.5559736714014,-22.3908001438664,-23.4118303419452,-26.279119897526396,-40.44463541023529,-23.522449377921,-38.843987591167,-25.990517976085002,-32.4475712627997,-11.754432890275302,-19.0337776454543,-14.145132850552699,-16.8054473176958,-8.620060315856481,-3.65920948739563,-16.6221358554166,-8.04149782148293,-5.67959173248669,-12.431742648601599,-17.4977320613977,-11.3459019006938
sub-0092,ses-01,run-01,cognitive,LOC,46,cueL_stimH,0.0331014287961153,4.448298434388099,8.03021451431866,-2.75274746451669,4.5116000426539005,-3.22605508890715,12.451023599214599,0.6963402814472911,-3.7528700978740095,-10.384269249378999,10.9488097270898,18.297153384435,15.863179123390601,8.05379308584486,11.877909356919401,2.57620952522417,-0.0965329385704585,-9.091840374966509,-5.18731018966237,-4.40332914651686,2.1607988432976497,-4.730195746726269,0.27078576405300897,-19.194158889883898,-26.789859070004,-13.477894854121699,-31.836127212723497,-29.215869318372302,-30.3565372237532,-14.8642465873898,-12.803462101928,-18.218056493072698,-17.9508968583583,8.60915703585218,-9.65351113160602,-8.190565504346981,-7.319270423789769,-12.258381429157,-23.6497748772608,-27.9066124937091,-21.4905026063211,-22.316781466423397
sub-0092,ses-01,run-01,cognitive,LOC,46,cueH_stimM,10.958335219109198,27.9879525707905,28.381290990284,-4.1018664840199,4.808866697356191,-18.2548778764796,0.223864045588245,-15.8588883537463,-1.80274279071591,-9.81996882009403,8.559883657413911,3.7124469742688397,-3.63489466018977,-1.6559974441325802,-9.36333675780525,-8.91537357783956,-20.043090397506198,-23.7556150259303,-27.4628325019077,-18.0395754318619,-25.4725456961356,-18.904645158776102,-22.2801471983009,-15.263518859530402,-24.421916522716604,-17.009674422464098,-30.0810437299236,-27.611847761406803,-41.873563037067,-32.0720157258953,-42.39281710526961,-28.2868194582254,-34.664801152813396,-16.3779176019537,-14.8609840379673,-10.6718518235029,0.906596366878148,17.9406963275731,8.032106414299161,13.4947243818908,-0.7604211885417479,4.73211731102533
sub-0092,ses-01,run-01,cognitive,LOC,46,cueL_stimM,-27.6320668650808,-29.715215350849103,-37.076532541736896,-60.1837846209675,-43.992126297390605,-68.81798487438981,-54.24319638787029,-73.2008530407587,-79.2265929938679,-70.49726290865259,-56.5490925783838,-51.4419304121537,-42.5753459487608,-53.122271789121896,-43.837569679877994,-43.699019015545794,-37.4375993848766,-37.8088233643819,-46.35979462355479,-55.7990215915866,-32.5443920206741,-34.6386403579375,-27.5528239802774,-31.0841110466503,-14.762623231647401,-21.2513818448502,-7.8545848520606505,-4.996629428781451,-7.11990406483417,2.9668874216148597,-4.63555203011924,-0.588605628869558,-3.53042506327595,8.77159104107839,3.36031296208772,5.773492419949089,10.114845423900501,-4.68842395007183,8.42695593869496,-1.5034751809903402,13.5802093520105,8.22598278795219
sub-0092,ses-01,run-01,cognitive,LOC,46,cueH_stimL,-33.5781003172989,-20.8182790730082,-26.451744738646497,-27.1374632625413,-21.921434141360898,-26.602907888035997,-15.209985438704901,-6.87534228673803,-1.2148352299331102,2.6926341812405097,1.91453350560907,1.1658172497793602,1.26482744301649,-7.9655341372932105,-21.168817061269397,-13.5013123283481,-1.64109794865881,-9.62430982601976,-27.164589564499195,-31.221910236767503,-37.664211945023105,-32.5338031362965,-36.9673698639921,-40.921382199986,-55.9347563753765,-48.993415181185796,-53.4979861625978,-42.8067943737067,-45.010408671024294,-35.1849427844132,-37.0625985670199,-26.409404243189503,-33.911442368913605,-21.0497177467882,-25.073227984895702,-13.5360799855689,-10.7920529525095,4.15891182706389,-5.51049519755957,-7.218259159445389,-21.3256572334743,-13.423683339619698
sub-0092,ses-01,run-01,cognitive,LOC,46,cueL_stimL,2.2728379744371203,-11.705331967867801,-2.9863497135830803,2.40331310850875,8.336484673239731,3.4539098290422796,0.6982258631226191,-14.688151402818502,0.665292079306738,-8.67350994518714,-7.5555575933693495,3.7874497364332003,4.38268690894752,11.624590474245698,13.9143227922502,-6.11543651540777,-14.5988536259851,-9.71733545424909,-8.8021497216261,-24.4140082617731,-39.015252412818604,-35.081076023765604,-47.852271026164,-46.21795059919821,-52.158997880143204,-54.967387064569394,-39.5182322452634,-45.748996362159204,-42.594852472537205,-41.0372987918644,-48.3152079031219,-27.913407179970303,-34.5168980015142,-26.547331641653198,-17.198009078706697,14.520406236475502,3.02222492344122,-10.1598318708181,1.06997890885918,-6.97364630144783,-4.79018084169093,2.7406995703988497
sub-0092,ses-01,run-01,cognitive,LOC,46,rating,-5.59983295149059,-10.508206376914199,-10.9496408567719,-10.070145423075001,-12.1159861948204,-8.95661728292859,-10.2862966016227,-8.19938241426488,-10.3573629970809,-7.49437357944823,-9.49757626662975,-7.03748598739657,-4.56411404952308,-6.767013468174531,-6.56882529366837,-4.83305390501943,-9.227872983393919,-6.72538935166068,-5.56392584986997,-3.40634299779714,-5.553047763855879,-6.3254731855739905,-8.820070123415311,-17.8456916480696,-16.3003559952922,-15.2655070223459,-17.5231222451583,-14.979104991822698,-17.6145651016251,-17.585942909517,-18.326734208014898,-20.241030575826198,-17.4832604537369,-20.2879142466257,-19.635701825596602,-17.711894277461802,-17.848419551457898,-13.636785331881,-7.294825916354459,-9.89658790753355,-9.07129736785582,-7.989199401640401
sub-0092,ses-01,run-01,cognitive,LOC,46,cue,-12.1096566195946,-15.172810315009801,-16.5719838034183,-16.375481923543,-23.2985932259838,-13.2844744767276,-17.9230329130013,-9.74401772639897,-7.166884622142559,-8.77219938324779,-8.560213910679598,-10.4153929142206,-3.38585246424277,-1.34570510326004,3.82203973562738,-4.0970794143500004,1.8200197963228,-6.40634065004345,-3.73187811451881,-2.5401722836837997,2.93708265515204,2.39523063769605,-2.17461017247788,-4.8823354483084005,-8.46538000495497,-11.326513286918,-5.66601336694029,-10.5944746087943,-10.086872327330099,-2.6027470375619997,-2.30095396614917,-2.4557749575217502,-17.098353805836698,-13.376725233043802,-2.7326393476873796,-4.97380722722095,3.65272228430786,-3.2061129342998798,16.101502929123303,12.942271149247999,20.140174634948398,9.929079795540169
sub-0092,ses-01,run-02,vicarious,LOC,279,cueH_stimH,17.0199430619225,17.0779565566414,8.13896244138531,42.2750734821465,11.4370149606087,21.4186901988421,7.2790721785995105,25.4321461293651,8.89649859389322,26.669410638351998,11.457710209311399,12.0613755604475,11.5503656993165,-8.73447345658477,2.82640058185156,15.126964619635698,19.3339844978544,2.33166391545685,16.7575664717939,-4.0632164411709795,2.91803043890941,-9.83626121584052,-13.8761051503617,-23.496675814964,-7.200744025147821,-33.7552952109981,-12.2986115436754,-32.0633217784294,-16.3342203353379,-21.1076080193767,-3.2792779134184302,-9.79869798459124,6.479262269273959,-4.40324469423528,13.9510395873106,1.4914650720927,20.0898361384336,13.0162692287363,24.416534742486895,10.9617136039377,26.085668831152702,9.545827235697269
sub-0092,ses-01,run-02,vicarious,LOC,279,cueL_stimH,-3.40589520296143,-10.9628451161537,-10.551815414218801,-17.2773095418245,-25.6981448120485,-29.4721975992603,-22.7737930223307,-39.815625060783,-19.0984066596753,-28.393557182349802,-9.131387028995471,-14.627684102558801,-6.50962050898752,-25.9295070994135,1.43089332638754,-3.87104015780801,1.26222870493786,-6.49299032816853,-16.376591052392097,-22.935043918968898,-23.131864885462498,-15.6194744517016,-14.4541234210197,-18.8285157590708,-12.0811261492016,-9.62863755911888,-0.7926582757614541,0.065635858525944,-9.94383242444077,-1.5338705030753002,-4.000357637568779,-0.653175846926494,9.04074876241202,0.462063154227806,0.45111799365891203,10.3087421216161,16.5762308052864,9.666225792431769,20.824945697275602,7.08062853879581,15.419330752108,7.35538239874622
sub-0092,ses-01,run-02,vicarious,LOC,279,cueH_stimM,-5.908738905042481,-1.3551765079719902,-15.3593880095697,-14.9400540783625,-3.3239941925070204,-6.37720134029181,-2.1240145722549997,-2.75688579521985,-10.6528835224452,11.4417721733916,0.498643841619485,5.043187413485151,-3.5671792545501804,21.110206058505398,4.11303379658544,30.2763413032364,15.7788749037377,26.3228097499194,12.763157269108401,25.8318550135878,11.374844862962899,16.995807866888303,5.785867850203901,6.3801612216642205,-8.46932139307029,6.76838273299963,-10.475275004463,-21.553247570086498,-24.5450903545039,-19.077168385434398,-27.9217036440413,-3.9471288574939,-15.843668161098002,-9.30618290804463,-10.5483053877804,-9.20094276570624,-21.655465880802804,-5.6520173892339,-7.91880870450221,-3.8950402131770496,-7.63658806338225,10.8912493804745
sub-0092,ses-01,run-02,vicarious,LOC,279,cueL_stimM,8.49500893839063,8.00422026271119,8.39601932173535,21.3511018029377,-0.7656069894969242,12.625929917687,5.702451403340381,22.755014646425902,8.2424762247769,31.9342034279811,21.2385983184536,31.1924082941367,43.4871715033894,30.946011403216897,26.0121150357138,41.083253805321895,43.5844035515909,48.3724296458385,24.5978136738927,42.5125697253691,30.679333522255803,26.4126728030408,30.0430211171034,7.29654201977712,4.47223008484655,-3.0387414784126605,1.78488589791774,1.44903719452777,-8.568307383313721,2.95159621520494,-14.3181874024314,-10.0985831924755,-12.0644050716456,-13.356340389381302,-4.14850605124692,-2.94171013930139,-5.00301273398379,-4.56971200966898,7.54846110642427,-0.371998535617497,3.77487536712507,1.73848320594107
sub-0092,ses-01,run-02,vicarious,LOC,279,cueH_stimL,-7.394759350996031,-2.37309165422912,-2.80229777114687,4.07353963719025,-1.41825613852279,5.88032577325043,2.2173861973038997,8.2252510693022,7.30885855528386,14.9887273720396,3.6304539160924603,27.167726538887802,26.5766312226934,34.7263150249214,23.537447973360802,39.4274862547499,23.147950867101002,40.781680466771604,24.2688331572308,30.5595095581195,24.1400986072922,16.2271673084061,5.250777316919691,4.164364999220799,-22.321367156908398,-13.3338952557476,-14.072076852727001,-16.4684708538199,-17.2460369980928,-26.3016361395682,-18.358531433013198,-14.610463965018198,-31.2283226352567,-3.16677881617741,-11.907956077911301,2.8346644271406096,-10.4889054384534,9.23217401503925,-10.4482737478447,9.60947138202358,-9.354721387845679,12.9012882478408
sub-0092,ses-01,run-02,vicarious,LOC,279,cueL_stimL,11.746458414986598,-3.8229154639485197,14.2405598733886,-7.94284825146364,16.0525925598799,-2.36331629137924,24.457982219778,1.57677566274721,19.1963400021674,-1.33231470195567,24.124262283180197,4.14657480723153,11.5127055377402,2.3839353683968,27.8863752104633,6.94220684686671,28.3870858756597,13.3503095325044,24.124624935092502,23.925171430671895,12.0235515256042,20.139990760789303,-5.935177406333031,15.2438662631764,-13.133450484435802,-15.4427536621414,-14.2898705846996,-20.9730263593631,-18.4810738457818,-19.0036155964088,-21.860369140851496,-23.152685874705895,-16.9198983107078,-8.70811136595088,-2.4891560002398703,-10.166378873795098,-12.9406902696563,4.25104730278491,-6.772326204853389,5.71857341549412,-1.83124022818487,1.80392244474006
sub-0092,ses-01,run-02,vicarious,LOC,279,rating,13.8435882304459,10.5122576446074,11.905433930211402,12.131396079100801,13.1407043423931,12.0500334316186,16.6258287042825,16.9378988478972,22.0595063165742,25.8967531429057,22.725601681930698,26.5140392426003,25.287855886648003,26.187537538636303,26.2267703564573,26.868962232511898,22.066959695360104,24.761277955548398,19.4956018448026,20.893450107775603,14.6654328805101,10.7126097537291,8.46023278694019,2.6110761881017,4.41662229262868,1.51101598951633,1.65300126559995,-4.48640134596615,-2.29485808942154,-4.18539474719211,-2.0008278247547002,-6.40050410440859,-4.23763982554178,-4.14785338793458,-2.32207089809864,1.74267826033935,0.760116067138009,2.8091453961729003,5.02423876105217,1.2205359097585,4.942311842672731,4.79776406502835
sub-0092,ses-01,run-02,vicarious,LOC,279,cue,-1.25365149627004,-5.13004019868647,0.9379644386671441,-3.91215826233037,1.2032709109786899,-4.020320130674611,-5.2149822563357,-5.589561410683089,-4.869308633195001,-7.100899469917031,-3.69991975727289,-5.772250682518919,-5.9064229673755095,-6.713354689487799,-6.133474242575789,3.2705114657444,4.403428531072059,-1.34954950375752,4.11195711104848,0.9615333366513571,9.550673716261901,3.68894828168187,5.34450119560301,0.350381025794392,5.34363632524158,-3.84286980160002,7.13818008280336,1.5234143877124802,6.454203277009539,-2.96668687501163,4.4518098930641,-7.626600203821809,0.9928014364651279,-2.3070664082222403,4.5267665987255,-1.70277427324693,12.264238537223001,-4.01150045469284,9.637981844865712,-4.180131439910819,8.63975955024106,1.6881062081877198
sub-0092,ses-01,run-02,vicarious,LOC,280,cueH_stimH,25.198208032357996,20.316842335972897,48.2292667161286,25.047192315155698,31.085154509658498,23.587763239805398,16.2440432018924,11.1315187613661,33.360058277571895,24.8616879158313,52.4998078522122,14.4605208943781,29.1796129311005,26.5411235094645,31.864463008399202,33.136500737906104,51.655198777421596,31.605886831185003,32.3475502456313,25.3886001303768,25.7091559263827,23.9465155758246,-2.37272626053047,-2.9278964470718396,-14.001352134187,-3.2960219132242696,-16.892652726373,-5.92986314260775,-14.732437861369199,-4.902854567548349,-13.7668431547824,2.50001952970539,-3.389622255921,15.1032693705005,11.544084385030501,23.1185278117134,-0.6147864645303829,13.184311565292,10.326660595901199,24.8911018953601,27.380008698105502,30.514871850943
sub-0092,ses-01,run-02,vicarious,LOC,280,cueL_stimH,-24.370796474306804,-16.655504947971497,-21.864243636074,-14.062401788536699,-27.5867633367982,-38.5171117248405,-30.503878814331998,-42.966394668251,-46.6834442789482,-21.539967142694696,-33.3009515641507,-25.8674672605615,-16.019230791165302,-4.25594439976488,-8.217250319118909,10.6366960338444,-1.71949545049095,14.538361759809401,-1.61046988389568,17.560828368605403,-12.1221768223779,-4.2111378556336305,-21.353394724459697,-7.41037891367883,-11.629415300241,-12.094484575620301,-12.7807381009713,-16.708442047407697,-12.515243731639499,-12.4793012090745,-25.7174587417171,1.23378854064873,-13.100958647544001,3.68436558144595,-13.944667307999302,0.129103490155764,-19.8913293181777,-6.516445346053881,-25.248091254067397,-3.36800935253011,3.93149254915254,10.187178854017
sub-0092,ses-01,run-02,vicarious,LOC,280,cueH_stimM,-2.13179249716573,-0.600163702411322,-1.41516263061175,6.92263726987409,-4.73160830600704,5.968501310826401,2.02865020250264,10.7161261291609,6.816136776730981,16.8300203196295,17.9322519529124,21.522077310822603,21.8481432848153,22.8530332255474,49.3074757360649,49.051959383383505,62.8980308781289,48.069307250826505,60.8176221037001,63.7964250623369,43.4598717944984,43.989307389927305,32.1949078586824,32.1870533623579,29.4743134437179,13.8637519610251,4.710755460242611,-11.1684374171594,-21.994852477775503,-15.0790698353376,-34.0971051762288,-35.4957820766906,-33.0154253600178,-25.2827612837021,-21.602780509454398,-15.3445820224819,-3.92275607566164,-2.3296795696239503,2.20842400926253,-3.11121706588703,17.766111559209,1.97544287179741
sub-0092,ses-01,run-02,vicarious,LOC,280,cueL_stimM,26.3812759065272,24.4516865092837,24.4034205337014,24.8243971503511,29.034239381459898,23.168891896046702,12.7688485263361,20.434088697523602,33.1875697264817,36.9607755294414,52.252308827199705,55.3282094576871,57.1256691800165,50.8217564164402,64.1131534745074,71.344560511065,72.21187902896929,72.73033934486558,73.3014360464088,66.2177259848721,69.0591630173552,64.3154879475029,56.88138783618879,48.177427350207005,38.5819566747447,46.2842871222023,17.064006966217,13.494542343653901,-7.0817086416222,-13.2459560586921,-17.772383644572,-21.050489364509698,-31.1172560165806,-32.6522838258555,-38.0522481057023,-12.4244719098295,-25.1030359961744,-20.1631444734743,-18.0548939187584,-20.9951087927905,-8.878304142491439,6.043502771728869
sub-0092,ses-01,run-02,vicarious,LOC,280,cueH_stimL,2.90307642488923,8.12569983433803,-8.260994978254441,0.0733255055556716,13.0003691042252,-3.81047366285614,3.0027338304498197,19.4679164850851,17.965717733347002,34.794396750714895,36.866190920554295,57.72235988912129,54.2047587613265,61.713187799452,63.6544385686724,66.09017542285861,91.27334978387279,93.15478967181758,94.71064934384891,91.1396634058424,87.25890458036909,56.134742960847596,50.9222004560651,38.2740139824435,35.4259716800185,18.0874686172248,12.5992548018106,-10.635692506824801,-19.1868545931515,-36.241927113156706,-32.234439213628605,-41.570482499711,-30.936396828740698,-35.5411217993967,-21.889414724608102,-33.210909977409,-16.403285921584597,-18.6449715149921,-14.628456178231199,-14.2645988724631,-3.96284104018682,-15.5086464853809
sub-0092,ses-01,run-02,vicarious,LOC,280,cueL_stimL,16.2919234540427,22.8812407589284,18.8761511998901,26.9915949062957,33.2288178870482,27.212411008398398,8.74919278926169,19.949329735761896,15.3792213463629,23.373398411737103,16.6012489134171,33.3058109106955,38.8047882414621,45.2620674016506,49.8615892767954,60.1299678902662,59.34046267679479,72.0796331022285,62.8247975918962,69.60268282073321,60.6341457654794,62.7112976583394,52.65110417234139,34.8472151009059,30.405180099703102,12.7462442003583,3.27746913997107,-8.83902785373992,-8.6218481634826,-12.8118046533529,-18.3172606893998,-20.1499705899101,-23.015062123377298,-23.758795761752502,-21.864389448972997,-24.954300521818197,-18.732175567299898,-4.79049501443381,1.2331851309838702,-4.803404465919809,-13.8727313230472,-4.29491428710164
sub-0092,ses-01,run-02,vicarious,LOC,280,rating,20.6472174392054,20.2869041311689,22.880299974272898,21.1685279874566,18.2580862091509,17.6967607146215,24.5948827041749,24.377419567878103,29.2004232618747,29.383651297869502,34.3627321533673,32.8828348551477,31.6557928563107,26.407394492189002,30.5248321989963,27.5401758423985,28.7053262787738,19.5068912344627,19.4698867905629,12.642433134370101,7.118821380185749,7.13449411310607,-2.88006105174263,-1.04921982536595,-10.97978054664,-4.46171086925462,-12.0453460909761,-9.70912574770257,-14.792886104351801,-7.4296620515301,-7.98931337153163,-0.9587197829277191,-4.30664393256889,2.5580037186369,1.1888164201396,7.180519053417539,5.70273051947184,9.13696355767776,8.81446146201806,14.413942798719198,13.2607201180584,12.113020455077601
sub-0092,ses-01,run-02,vicarious,LOC,280,cue,8.24648853351425,10.7234809342724,8.85041887657597,9.64886063195318,2.6428381194658996,-3.1496167028709103,-11.4202726002866,-12.058021717500598,-5.5113886968643895,-9.66463548925211,-7.2894884428005495,-3.8660365176067595,-3.08659895516388,-1.29988740333252,-0.0307531044509339,4.26076251661542,-2.58388476096838,2.74076231723426,5.97835361091512,10.279930721396301,7.691589308449269,6.819445681747039,8.62906863952945,6.02400234238168,3.59313524598059,0.696850831999058,-0.9785034340894041,4.98267737707959,2.7201256603665698,9.57216745622527,2.6288559452218703,7.168980696814249,-0.0204885520444551,8.93937944076986,-0.464374692408415,3.77585571201398,-1.1875458973029398,2.45946358134489,1.68101578931172,7.517524441514231,-6.66104391168707,8.642385196105419
sub-0092,ses-01,run-02,vicarious,LOC,281,cueH_stimH,12.0247885271696,1.09864693828092,35.4261024540348,42.7677838773178,16.6139770700201,-0.210407362745627,9.362494322061009,-4.7651608065027,11.7624307344505,8.765092192140441,21.851596751163896,4.92205534419906,4.471741783886079,-15.685802575215002,1.88463740780318,8.85379068401161,16.2609920057994,7.553713340222711,5.481090988534759,12.6466577566068,4.867848754224299,-1.12885169078717,-20.635767362421202,-10.055774299096699,-12.596133968684402,-3.6174585065545295,-5.632027736479911,4.68349955548712,-10.0596782120447,0.122293894010372,-1.88814222680239,6.08969450944329,-7.87128297149454,20.7330216008634,5.45687831239647,29.191323161353502,26.8219555992309,29.565849423016,28.8980264201093,31.302950728982896,27.5220252372698,25.0848967012462
sub-0092,ses-01,run-02,vicarious,LOC,281,cueL_stimH,-9.80879179472634,-9.12657679654034,-17.9972824893432,-27.0016174855071,-6.43712642006554,-45.690846708583706,-28.8974492702699,-31.9206233434995,-36.2224398142976,-24.683846011926104,-17.2122225375687,-2.20731929908915,-4.87291462883368,-1.22429052956599,-6.53187414946815,16.7447507004616,7.70488062253978,13.552204803749799,-7.448509291075751,11.640622520789599,-16.5810311419905,-11.504564224564302,-18.479147090605103,-12.061124365941902,-14.9262734041019,10.4885984105383,4.96545083255896,8.25525579153737,4.19505026405196,-0.6534237867310251,-4.99182333291685,-2.54034980184317,11.485748255129199,15.7576230076474,15.6751696412566,15.332004443279601,31.2471605963309,21.887039703438,26.625866490591697,19.8969058201002,20.4524336746879,29.0973650916945
sub-0092,ses-01,run-02,vicarious,LOC,281,cueH_stimM,-18.5496975217995,-13.962915730992801,-8.58465966542465,-17.8111190845589,-15.6583405143366,-22.2531249035448,-19.7634028136517,5.73186209772879,3.47919216796676,3.84175753073902,12.511505093818199,14.0701266972369,32.4503446481661,43.1315585824294,33.3082867275668,50.3630008196977,39.5470825286121,38.8244872922334,32.0512382444975,30.0622272876654,29.3776791493627,20.301467124469102,32.0630474458324,18.386447523679,15.759167825531499,5.4577136939853395,-0.150218628332238,-12.362613445945199,-2.57741431944227,-11.7004437081582,-12.8226762805795,-6.1243553501625,-10.2590485837656,-21.901909797004198,-5.443998567448679,-3.22583023175495,-9.48656085007897,9.63320350003947,-5.498810904416279,-0.813505972424503,5.56812819575382,-4.98633752674517
sub-0092,ses-01,run-02,vicarious,LOC,281,cueL_stimM,19.520965100363604,18.6735808460885,21.1791489070587,12.6591247097205,15.478835728039599,20.8183070927722,7.21564125735766,12.4460281472463,23.0691579884885,24.771977255022396,27.067695972206202,32.1620781366506,27.6992760442591,21.2977020584722,30.4496451083541,39.0686246559285,57.811160986603696,51.3196773870403,31.915027674209103,45.8786945248783,28.4336321794737,22.0433304230552,17.679318844097,29.357747266976105,14.4913967028022,22.490753792305497,13.655432090590999,-1.8434865477557298,2.9329294692269903,11.813878244370999,-7.899238981288719,-2.14680865583474,-4.11000614295044,-2.80144168238567,-16.1413521051719,6.35282639375916,-5.37606112325549,-8.98799311373774,3.6416496108614904,4.3281586604796995,6.52663159349646,17.824040585873803
sub-0092,ses-01,run-02,vicarious,LOC,281,cueH_stimL,-5.15344425812571,-17.504122750499,-23.7842907341012,-22.5767801358645,-19.5041821770096,-17.5501408767132,-8.24597249666139,-4.4415106130284006,13.9047618574948,12.354899377397802,20.8787190873852,28.050671722942198,26.0014969559693,41.8039859479165,47.8215249788671,33.4128310588771,39.0042491468991,59.570232095508295,42.5134494715918,37.356486316304895,39.634512618215,25.922389033819197,25.955364602235697,-0.00898038161952996,8.8680265956607,1.84477080399141,-0.84235454651713,-6.7015903988943695,-21.342217576657,-15.0125267177298,-19.1931154148558,-8.384713495488759,-7.596058611312469,-14.7145506224001,1.7307613627708,-6.507079087943519,-1.7721018429557198,9.20131732995766,4.925673468268901,0.27362608214170603,15.5536019190677,-18.3534100764743
sub-0092,ses-01,run-02,vicarious,LOC,281,cueL_stimL,-3.07060731220159,5.5527615669409505,-3.91268623015282,7.36917902767352,4.77341263605089,7.01853058045612,10.2310371905989,4.264544571631641,0.20642991506403602,19.871214388155302,-7.118857822976951,5.569650199991571,17.0558001201202,15.0829381327309,20.379151715235103,12.817994483232,15.3181705611274,19.7761433591294,24.4686853630989,7.27712390040516,18.8237536384488,12.2196597563464,-0.39256730173825005,-1.0046289361587601,-3.37799971079234,-10.392648232762001,-17.7364723884066,-13.8453745249259,-17.336922575450302,-21.728315332235397,-13.605714499372402,-4.58274812584878,-15.2102758249556,-12.912231887615599,-5.04075438768353,-6.44238624573655,-12.960428336485199,-4.03474741253011,-10.6976027133604,-5.32483296475129,-12.378152539577401,22.0895507002813
sub-0092,ses-01,run-02,vicarious,LOC,281,rating,16.8517370880896,13.264201595598099,12.5736605917294,18.421476175787397,12.334475529112801,10.5057785722761,17.9191409513,19.0729142217458,16.598197446975302,22.7535475826708,22.2437390018992,22.583149594273,22.9238319327673,19.377630223686303,17.256309061646398,17.081104715532,11.517789585230998,7.9601680343805095,7.92393604567838,7.88745052473905,6.6030872556021905,0.34421768400659397,-1.9114984008951699,-2.18563536360932,0.9057603432639879,0.5630488611459251,0.379529977518066,-3.6037574426107204,-2.26303690791568,-3.3314669674179305,5.31807716320307,1.4525616636595402,-1.70460456643123,-1.6455288897523799,-0.37080015857505105,-0.192938360582808,3.93002234791239,7.96533133682616,5.9215658442873,4.54868094193652,3.50064045704885,6.40992451263654
sub-0092,ses-01,run-02,vicarious,LOC,281,cue,-6.27990899059839,-3.5845166603817997,-2.8908021902236003,-3.44749613817738,1.08985169440399,-4.217569025898279,-8.4462139648822,-5.76580122659503,-4.09800356554827,-1.6556039922388601,2.3185409963407597,-1.30932148971056,-4.42035109856483,1.32666591728011,4.7723356384883795,8.30666183866822,10.4062853558311,6.23857541984259,7.93466253754172,11.3910266528446,7.99022820532406,11.653475487535,9.02126557878716,15.124648500255198,4.67385226194164,0.6966857021647289,0.190085974255368,0.8682481309652841,5.447639144342131,9.5880959686504,7.33954448881163,16.3381596173502,0.8212586878348559,15.751217201731201,8.07234831627192,7.22709526730672,11.070181654951902,17.272904358759302,12.495980008647802,10.688104792529499,9.060286071213419,7.89085750536692
sub-0092,ses-01,run-02,vicarious,LOC,282,cueH_stimH,25.6499100131422,18.0837934527368,58.2509545115505,47.540068438453105,36.4028969710385,44.222607532488794,12.3369253094507,24.673166790076102,16.9254309937741,31.7448841064543,17.9715850737664,8.48355577102093,25.415779243672198,5.346090784331099,22.645323001905304,11.8418935314398,25.3128411196746,15.3519107792804,13.816039485441001,24.679232919923603,6.968577126443041,1.4725649745477598,-1.87369139998746,13.0810994339173,0.7517897283431431,5.78984766381877,5.320061218393191,-12.3876869070368,-4.79431617692128,7.598061429257379,16.0024553763624,5.693075835626451,15.3398039384374,5.7285307337267195,27.9130920224263,8.78465932133021,7.2698503241790995,-11.2889947938643,33.4902789025769,21.592048859797302,21.9168471213656,12.1566277668302
sub-0092,ses-01,run-02,vicarious,LOC,282,cueL_stimH,-2.3185781769326,3.7682854127767,-14.253171721108401,-28.3554951790583,-34.3411562863113,-38.8489040013613,-26.80804395448,-53.80959506018561,-29.610712382962102,-57.305706930073,-39.0298836490034,-30.736908836374003,-20.7919180625286,-9.16327037812261,-8.44528566920739,-18.3244089910153,-11.3512831393627,-4.23664384943255,-7.79253834043311,3.9096877358969504,-9.00712175187046,3.70808214588346,-3.81579833856343,-1.2015045312536101,11.1230966920771,1.5746245606193399,-11.295142077736198,-15.0191641856372,-10.549295103938801,-17.707278621437,-33.7157582567892,-1.66204910775509,1.31445682784297,-4.2490651157274195,0.5120873783883301,-5.06568971246158,6.136115667977211,-14.6006278907866,-3.48478671823861,-4.67661305105688,8.582423186235,14.138733848132802
sub-0092,ses-01,run-02,vicarious,LOC,282,cueH_stimM,2.0445419694330202,-2.1720463378548103,-7.532013883660059,13.044211053436802,-12.642323698331099,16.013673080418002,-2.03411048443299,2.5094983669216497,-8.50648470727208,5.331252735581691,4.4349396766877405,10.545749169673,-0.997713787244221,8.5099118681877,12.345560072885199,29.2193887824995,11.617528928494,33.9725891192976,26.1711511400708,42.343828236701896,15.7375769326009,25.8666765617696,1.164494600381,26.7497792549964,17.0736482168203,17.4812471125342,11.8215982811782,-0.49028333260129203,-1.6654801546803502,-8.94424836622585,-19.721882877584502,-18.9116406415477,-10.683274735286501,7.9419503517298695,2.89842601527131,-8.863939357127618,-8.52211383864754,-3.2716735870957296,-12.948393922120099,15.229381613146801,0.8190395374394691,-6.309486863548981
sub-0092,ses-01,run-02,vicarious,LOC,282,cueL_stimM,16.553467709279598,1.60776149954611,19.2201702429076,0.9738157279636891,26.6767967526902,26.794827043871496,-2.19147435917878,13.1163698130612,16.555693952625102,37.09290210671271,24.9159242086625,42.671890702549796,38.6267302733185,42.1604012055958,46.8198171156224,45.24705256608149,52.87241824144321,53.32712693084579,45.897668614911794,44.107980588737604,67.3040537447283,43.6056629442085,46.94693085502129,41.531727191247704,39.020517058315896,21.163254586328,24.7553284571164,16.891234056379698,10.6282115519086,4.3274788927739,7.8843506627728095,-4.750560486705759,-5.66002985448629,-24.214111129510197,-3.2874816932369,-14.756099744509802,-16.973322265162498,-4.23911089517901,-2.9707190987777503,5.86059025481428,-23.475779080570604,-2.654958975323
sub-0092,ses-01,run-02,vicarious,LOC,282,cueH_stimL,-35.7491242888515,-9.063530945042091,-32.801630463416,-10.0512203317829,-5.218709126873231,-7.7018528924378895,-10.8273367587007,-2.7392655900061698,-8.891170846553461,9.417811942809449,2.93186466266479,27.6968952417217,28.3467580706212,24.8813757187541,21.387356395721103,41.353051132912505,40.4239774898651,41.109218963775604,35.4650240952573,50.0593419106437,46.8438481408513,26.508895089773603,26.6808130497491,34.6325919458709,7.39083614220005,6.68589278123703,-0.34410091544317606,-14.997184086554801,-9.112780798659179,-16.2388982073419,-13.107263777137101,-13.165920859702801,-7.626585325514519,-11.736303204989099,-3.13130436396708,-4.1314339436028,5.280668335412121,14.5696274635409,-2.1931087904664,6.36893337936947,-12.3499514314182,8.72341001930567
sub-0092,ses-01,run-02,vicarious,LOC,282,cueL_stimL,6.52989448296018,12.667265085868099,11.9689241704354,15.499652767881598,26.7899863397513,6.44053424515203,25.0529531317057,7.996933988486121,40.1102104139931,-0.78563046197347,35.802227440845996,9.40649826429954,18.3621201419826,39.751323290684,36.7825932260246,23.7660195917444,56.8091761356028,37.8919867445561,47.1678654353098,44.238784005568505,31.076918153779395,26.0804648711958,17.864174861267397,13.272714397002401,14.930816886484498,-0.09226482106926599,-4.04885357599326,-13.7110413976174,-12.956102651473401,-1.6535077014755601,-15.8570864895727,-15.2678626838941,-11.1984057766712,-18.0312352927901,-12.3933990358497,-8.52690954099035,-0.334963902802421,-18.911501550969803,16.1505564838576,1.61859411917203,15.470609867725999,16.814155661015402
sub-0092,ses-01,run-02,vicarious,LOC,282,rating,10.205827028341401,18.7261897499781,15.512916787825699,23.395973297178898,11.0120199469032,15.511268880287199,20.648898425305198,15.4287155828229,20.9976269741298,23.9694261688447,21.8073774198507,20.425121018265102,11.666779761360099,16.7530373700631,17.260838458999697,10.9189109135399,9.45444587993368,10.381311179675599,8.3263453953528,5.42285163509829,2.37523453982323,0.321238867295357,-0.23537568859990898,6.3146339377503296,5.9039284632378,-0.6687775214201049,-0.65939929057808,-3.2721310557341803,-0.621653877790592,-1.67754160484202,-3.8708765269795196,-6.03741841771358,0.215983662615925,2.0899162155652498,6.19755748352235,6.291702930576,2.855375651109,1.16645768510534,10.447040622455999,11.932315387126,15.779838782908499,8.31710209827496
sub-0092,ses-01,run-02,vicarious,LOC,282,cue,3.02310653557638,14.406288333366499,11.9619777709911,6.9858630874352805,0.689144936376271,-3.14138613051163,-2.6105084422699902,-7.71486035836563,-3.8592865744440497,-8.01422394990869,-12.9087097199314,-2.62765749327005,-14.874869209776302,-7.012664247504119,-7.56811326363214,-6.073043491826151,-8.68056336635983,-7.010617057005611,6.57673735123046,2.3224195506473797,-0.49901161221603707,0.0990056902380445,10.6668176570661,6.76833124389107,10.815384128043199,1.02995037452085,6.24009550641402,0.45284051948966897,10.2412858748056,-8.56201268154745,2.2417602498364304,-4.802691102921701,12.43114141128,4.98573426403337,7.7622718517548295,8.50195637525433,4.950124743120259,3.0679527171616,8.60133412566837,-7.26080765955768,11.5199911245975,1.1780676108671202
sub-0092,ses-01,run-02,vicarious,LOC,313,cueH_stimH,32.921311021737196,37.465517971419004,24.6068115941501,40.5557898364967,35.4273328023786,27.2678053334799,-2.2728699268454102,3.1346464550104396,19.284836532304602,13.1725427217702,13.3576450068079,-2.3956796506851297,-17.7992812264393,-18.804512065670103,-20.5005992473321,-15.1041244245622,-29.432459516167498,-10.5159483588697,-22.8054839932197,-8.2959496718187,-18.9971978816553,-11.183445878803198,-22.565202402543804,-29.829526289074398,-19.1452617206537,-13.535102320639698,-7.381058462399619,-13.078899849184001,-16.926947522861198,-14.941405845525802,-8.92256355528086,9.84900918870876,14.166664497871698,2.4813223614142,7.0838510578194,4.18709316926633,15.668111342494399,-0.974732488766385,27.1467821490001,9.27223681301022,33.7494621367211,25.7285463786438
sub-0092,ses-01,run-02,vicarious,LOC,313,cueL_stimH,-25.3242583432096,-22.255421381193102,-3.44410827095607,-35.94485291303,-23.0399776707866,-21.0116251033136,-16.4029529046683,-31.596252476992003,-22.3818315951504,-33.7970392206462,-23.329384504686104,-31.544167541037503,-30.8404713956295,-12.196345537941001,-27.175937405148396,-25.475816297656497,-25.674975491932504,-26.4860031243021,-42.265203986633104,-37.4702253031846,-35.7439161632495,-21.6942265068179,-22.0086028254473,-20.9570917042584,-7.83672281207715,-19.4013227264074,-18.197011587803303,-22.767460417733304,-17.0413907951588,-6.24884322636201,-16.0801363815646,-8.97549305492387,-10.0922116583981,-0.3867910878334871,-5.73244701934163,-9.578381823055368,-8.47700313642103,-21.0597172901788,-7.60453716658174,-8.23763144137479,6.81291543149865,10.3325428223287
sub-0092,ses-01,run-02,vicarious,LOC,313,cueH_stimM,-13.806386400174999,-25.670835083566605,-19.159783626876102,-29.7734995857943,-16.434415448026098,-18.7027952141018,-17.2042463746165,-12.964292275121698,-1.7590133310343798,-4.922433385206889,4.768245474395299,10.869118167172502,11.749617525964,8.78461249275193,5.200551605847769,8.958662450915401,-1.69335127903411,4.72034303874658,-13.0246717066666,3.4066278320507504,-1.63837226912801,-0.7364803524756349,-0.519183646606392,-4.03798795814464,-4.07443468877048,11.397930066668598,-6.365544784515349,-8.19525459915149,-13.4750128234507,-1.94891759803255,-16.021411652198,-17.5178810057011,-15.8623832587123,2.00273315154122,-13.6232937083235,-7.993972352411599,-11.8661427796012,2.57303211953817,-7.140447211533671,13.155730635662,0.244274865860691,6.054247368911019
sub-0092,ses-01,run-02,vicarious,LOC,313,cueL_stimM,36.1325729548228,30.8171086335877,22.4158764604585,26.2930548404654,13.265245610309501,31.381627506152395,32.6295376734995,21.600972871053198,24.1669592282619,38.5824833255119,37.3997654860251,33.6638898839601,27.3612834766976,23.1275714384693,28.646221168269502,19.0302481472987,23.904274624562202,21.1405426541677,13.947442014264901,5.1004120989809,1.3815599604408402,5.67555632131727,6.56287848914003,14.840747166979302,3.50716478789255,2.6127597127229505,1.41911786452946,1.33049430528219,7.89921527232823,-1.53724990256094,-12.8144261106031,-20.3443885864808,-11.307013702172402,-12.3676938188364,-6.39164161833586,-14.265996182258698,-8.56450175228147,-2.6997549931878195,-11.8931702315893,-6.271409125012389,7.835922674197639,2.85906591027657
sub-0092,ses-01,run-02,vicarious,LOC,313,cueH_stimL,-5.09708473454017,-9.37992061235579,-8.24226888078325,-11.074242179108902,-6.705311455418419,-11.4514701220053,-9.014985134773779,-4.8115157283361505,2.28137662946339,-0.134131356139095,15.8174540178232,10.2186296848541,17.1746289055802,6.361737947773651,-1.21657011709426,8.04279573898964,-0.114568410466206,-8.60152509207977,2.44504538591472,1.1638518960388602,-9.135998100270939,0.0577127260440271,-15.5193764235201,-18.763455126373398,-6.8591845801992095,-6.06734872153554,-11.1832845860651,-19.3695215827095,-12.890923442250399,-20.865787828279398,-30.2439418659159,-35.2221228316769,-23.8427081153534,-30.6164745569507,-28.0779189422582,-33.212775587008,-26.7177182035215,-24.8231162012737,-25.778371885328397,-10.0597183624558,-6.563390111115639,-5.019038792814441
sub-0092,ses-01,run-02,vicarious,LOC,313,cueL_stimL,4.44729120905448,12.4432184423457,-3.83823607366145,1.73043930643026,-2.27968521359223,10.755897346823499,-6.16141062928103,11.689495166907198,8.57010174624866,17.7108249989329,19.074461277347602,22.428835170026897,14.2382174299077,20.686774912825197,14.1683593152564,7.1691558520165595,-2.8383640469896094,2.3511891536829905,13.2395250287626,19.506862791655,0.979759812391813,22.9615581048087,5.33065342194225,16.5781961336126,1.79425435749248,-4.598800916566209,-18.3352239830301,-20.2733217597711,-5.03722639022618,1.9004589689583897,-12.8953222707704,-19.2737720084002,-16.795159524753302,0.22542060278775,0.0695914778289364,1.80878452772872,-8.17443921463004,9.11970358994215,-1.4265743402160098,9.975355238780141,-1.5026685105967599,-0.355287574858181
sub-0092,ses-01,run-02,vicarious,LOC,313,rating,11.5979620067311,9.84962605911172,5.35863041470713,9.31768502030225,7.48425380550498,10.9128447344735,17.5848904321723,22.9196385422875,26.1519039035874,29.8830476248739,30.368706651915602,30.562287482427898,30.033699832811198,33.7529131712503,34.117338678317296,35.5130750806139,33.8967225880127,34.7932414424188,24.4101695641146,23.5015337336724,18.5902048293898,11.228065508145098,1.93370117417001,-1.9091137248262098,-4.3911222579971305,-9.56813154908224,-17.461763798847002,-20.033161030998198,-21.6026274011442,-17.7950963745551,-14.3914170774778,-15.3402996209638,-10.2694331340883,-10.2250820359871,-5.54856976671801,-5.41488455464775,-3.0286392651054,-2.5632983961722697,-5.961462793107571,-2.35141086303673,3.7854745621612995,-0.31039419080831
sub-0092,ses-01,run-02,vicarious,LOC,313,cue,5.710682222203209,4.68276381109426,-0.0410632930992563,-0.910344430142686,-0.7514966576430641,-11.2802818965975,-11.6696800792824,-14.5805340655617,-0.25556207199765896,-0.10258631054233501,10.8777889514024,0.7686528957398059,1.3341457258926899,7.6938849532410005,7.506892444025709,16.7549637626791,10.637297482326801,7.77530866396178,6.80339227005905,1.76909160374801,7.32653607262769,3.20756907705832,3.0854243610290597,-0.8715718974610641,3.8183719777879603,-1.6248897479769098,-0.42217626925845797,1.9352949232916798,1.9463364618438102,5.553269588216581,-1.4951233047496497,4.80900505093405,8.27724793499515,7.624523605368731,9.620273581864259,7.57308838666018,12.7795437232586,3.9626288981830697,11.033531210162801,8.22809449899275,12.4205230560755,-5.7486213074439405
sub-0092,ses-01,run-02,vicarious,LOC,314,cueH_stimH,17.6852992956026,11.319655821593999,34.5425001388311,41.788889357234204,28.0373245473624,38.9643679456715,16.7442009879523,23.2253303237274,30.672288325376396,17.4549914286243,8.74377978401155,20.9732875940833,-1.45214550260174,5.59180049705951,-4.57938113468588,11.780951828273698,8.05873048484861,10.0018323892054,-6.34512392751835,7.32574865543545,1.97556604955566,-20.361910903480503,-19.871476141532302,-12.1689791139383,-16.1127917019895,-13.2393220550717,-3.89968278637276,-22.4383702722663,0.693029177787505,3.97254642197959,17.9706753540004,28.083792843329803,30.133842921438102,34.380187537761,44.9539017534803,23.675988093586604,38.2226393591455,37.915837076436,34.998059223671305,39.9732472235257,32.0509268290128,50.16156064716971
sub-0092,ses-01,run-02,vicarious,LOC,314,cueL_stimH,-17.918744274052802,-10.768530209179099,-1.9295906288750602,-21.089053314858,-33.2801805956134,-28.730428800155803,-35.157386344551,-38.3995172613759,-30.0237265267243,-21.3889873999502,-25.529626502979802,-40.3021529424478,-23.3511109185475,-23.396964106452604,-22.338096881111802,-17.6201536135357,-25.055124358451902,-2.92851942282791,-20.0611381259934,-25.673808027442497,-6.0779474093563,-34.0217542217051,-13.553272591294,-18.9851056281433,-10.3249406428998,-0.675947173351656,-0.7935090351114449,-4.81468168213667,8.98680135659268,10.801632455348802,13.8736174577527,4.553291834364191,17.7204244275462,24.4371416211772,4.72352479772704,17.2040409934462,-4.2234970187375,8.35811135998319,23.650235447330697,12.740392751305,11.4486036861937,12.6115058717219
sub-0092,ses-01,run-02,vicarious,LOC,314,cueH_stimM,-14.928241797975199,-3.38065018869092,-10.159438039305698,4.31102134862142,10.4076351843064,4.9608982693767,-4.51043150268713,-14.9533799833279,-0.16024231772484698,-9.17150629923782,-11.600470281953099,9.141847232187,13.0961314417091,-2.49633256504168,-1.34730078355551,26.043642982413896,29.5439589689392,24.5102058082343,36.79147913581021,30.6961025392958,34.8438233948624,-2.9257260295614795,4.78390591481594,6.22374194999115,11.2464523835446,-6.85955951006117,14.328669489307801,-8.66793248663096,1.02363536755336,-3.7118764612436803,-8.88115114349119,-3.5703729099966,3.8551324881547404,3.6790644854622103,19.2657593813462,9.657012784767891,8.84689443521577,6.363103679773901,12.2074894590047,6.03862370578576,5.425662781551679,0.11698962823654901
sub-0092,ses-01,run-02,vicarious,LOC,314,cueL_stimM,2.6856320836100696,7.76028422809035,-4.77189646907607,4.70568718054824,2.9591050344709804,6.9809293126090095,10.7944704668969,-1.3820998928272,15.2592211787956,6.0923225940415895,12.5099508382128,30.044052528345,18.9690148362528,29.275476559198605,36.5961734905073,53.2828743492772,51.0603959697332,42.3688108582994,31.356612109425,52.1936284832553,37.649947130649,43.12914064499311,19.0376916971663,21.7575123528276,7.527155190226639,15.1888525830079,2.44909196239622,-13.835805869723199,-8.713916162283809,-5.6859937152510405,-2.05055121476435,-6.373368332530809,22.8437956765449,0.272543850254518,1.3940575686846297,12.0453298571589,6.34538024978893,7.2445068649579,19.82835195462,11.9426845245216,14.7082973965167,21.4150365025743
sub-0092,ses-01,run-02,vicarious,LOC,314,cueH_stimL,-17.0430779263951,8.31789777066806,-1.58701798175594,-2.45298059462588,-0.7846185886398679,1.15841974682434,-8.20587580016355,8.17849864633739,-6.38801054786489,9.306957249835119,21.641534774306102,14.5666725110694,18.0753866470919,33.4129324031058,29.6279310258811,35.1154507232977,33.9563351951875,58.8659748125109,55.1242557913208,42.8704042571811,55.8045776186994,20.1692473853341,25.451131082307,10.547013913194599,6.51441899658766,0.0478067471398953,-15.6956108193821,-14.921227762193599,-10.2180045428827,-12.4157155101401,-16.9018903979039,-24.820577755815396,-20.7141697351698,-19.324637095131198,-4.5705721730148,9.41261407466499,0.8128664352433929,7.92111079257779,5.857050789738981,5.1182260900699195,11.4032466132203,1.2889366949018402
sub-0092,ses-01,run-02,vicarious,LOC,314,cueL_stimL,7.207276104666049,8.73150161271571,15.0883753851922,27.7495437785514,23.444071317814803,19.677426315368198,-1.26522765941326,22.8973637233675,10.0668283272139,29.179579431701605,13.041914589173901,30.7953628137687,11.950399904835699,29.498560251862504,17.2376311314937,31.1096012002296,26.381127374614202,28.1525686210137,33.3966819691012,29.4447235991042,31.4476022800462,38.558666430784704,21.681760289537802,11.845023227283699,17.7891634845594,14.5724086519567,14.0977073028356,1.4755231912563798,4.81835700812181,-0.327915435565808,4.27483821522069,13.5682861248375,4.260463168725701,4.35992996088848,8.767336614350599,3.1782473804203906,7.98846353568854,8.935416096422749,1.6043819371933201,5.2166487470785805,11.6765072560867,5.994462106971481
sub-0092,ses-01,run-02,vicarious,LOC,314,rating,12.9009187552932,19.037725959641303,18.3087125485742,15.8948790495877,16.598972251798802,10.6685851544862,15.901020633521302,11.190919027235598,12.2231919757632,13.015294385641802,8.646343386345741,6.803179909191001,4.73740144247791,3.3524369708995003,-1.6862704698258701,3.3938006975840698,5.4005436583182,-4.66457484873204,-1.96346880668627,-6.7866961209231995,-1.5273983243613702,0.6182471343393199,3.9960251542752303,6.266209320294981,7.74098214570966,8.40807490530617,7.2131733358293895,5.07856050358457,3.40423013911143,12.918039406113,12.304098632544699,11.066647859161801,5.010734519431,8.70765654805059,13.990012445473,11.529182983965098,15.316553364410698,13.957723738941699,10.471740397452301,11.6417454923844,13.5593855642512,15.397678314857199
sub-0092,ses-01,run-02,vicarious,LOC,314,cue,3.00137297244596,-5.331611895013861,-3.64541565293939,-3.61932352278375,-3.32371758250552,-1.67050830514948,-10.821680147870099,-6.385170837269161,-6.06340715677212,-5.9809523884210805,-1.19437967848007,-6.5253293057199,-5.41994739568817,-5.8113810722739005,1.3254869931211,0.3164134568033711,-5.65871438062627,5.5642743854899,11.3443433290694,11.0510968621979,6.49331890459604,7.44543376818547,9.856903200780131,19.0204661327714,13.400001245048099,19.665970348521302,10.3135138278282,9.53789703338285,9.372670958319052,13.4633156854282,3.59130353145257,13.611504739042198,2.12226488682989,5.83497480026556,2.15333948018891,2.43458947100886,-4.0787710241196,2.59482767799569,-5.02394440498847,1.2832651276446398,-0.23150245794689603,-9.38944882238986
sub-0092,ses-01,run-02,vicarious,LOC,311,cueH_stimH,36.0169111765551,34.9249049664946,49.6461616695607,46.6163263524269,30.3592858030051,20.851628728814898,7.38136447762725,18.8893504417592,16.979675272929402,26.1163499044453,16.470631817628902,-4.1534149954349795,-10.4202465308771,-17.5836649211621,-10.1715285592802,-13.8155489480926,-11.156188443909901,-14.866723453133199,-17.5712062842717,-18.550493251966103,-17.5279047731202,-16.5564284173466,-32.5229501956077,-29.9923648403452,-26.587300730809602,-24.7470497216075,-19.9861326120166,-17.744889218631602,-30.9477094615665,-19.690494710883698,-19.420231419986898,-3.8349488464128703,4.42969959844161,14.7030196711572,12.903479034505699,29.2546047738171,25.9235707541914,16.1389451367886,27.0587290258041,30.3617336764325,42.163476595879295,40.800482335468395
sub-0092,ses-01,run-02,vicarious,LOC,311,cueL_stimH,-28.743570484779898,-33.5801691573739,-31.7629818487536,-22.1354641637565,-44.1273300124314,-35.7472725864569,-55.3646897037632,-48.02583680009211,-38.811435185385896,-55.192295944460405,-32.5134409047159,-29.8263933599889,-34.8553991159795,-42.635854488256996,-33.8225113550808,-33.2703718514907,-30.8012358065836,-29.6561393850993,-38.8389515234558,-28.3294442097788,-44.3771472120782,-37.103396594058,-45.642358284164295,-35.4073124540349,-41.3096253033374,-25.616156236575303,-29.0499266757378,-27.302830984502503,-40.2261102466469,-30.9927553932377,-28.371397599348,-16.9151950835568,-12.7424366547214,-17.768478738597103,-27.4932533565264,-20.4224760588912,-18.454100487294603,-22.310258844193896,-21.098481094319602,-16.099985556600497,9.031626559014901,7.879101696936481
sub-0092,ses-01,run-02,vicarious,LOC,311,cueH_stimM,-11.141203135158598,-14.1333879344965,-2.8202896893134803,-11.699715727065499,0.561622750549724,-11.560812000273799,-3.67895659313854,-9.78134437281911,0.8458579099211079,-3.22490194399521,-0.6500510146423331,5.786823206689401,-2.35175294634847,26.114611622273998,19.7560421686267,42.8844863205888,27.8391227822332,19.442864565062102,11.002305595207801,25.7031364461483,19.747990083199,15.2235186428222,14.951267405965801,12.055692700639,9.527098786129391,2.44659595845349,1.8874494344741202,-28.193142501669396,-41.4668245285861,-42.413837884135496,-15.4782393330711,-7.123267057752059,-19.581000904345103,-20.797850042544397,-23.1324685518103,-22.7367977325802,-16.859779083204803,-12.9280505857398,-2.44688865785851,4.34383375842954,6.04478071150656,1.71104695836084
sub-0092,ses-01,run-02,vicarious,LOC,311,cueL_stimM,2.7023375916567702,8.273938064030041,13.021358166490801,9.189544428476971,12.138523073977801,9.74872640032648,13.6917233979496,15.546492226833902,11.639233445235,19.9722565765432,7.73588766913489,29.756780052631,23.8570777449668,32.1672656635506,30.902220181626397,40.993879981786606,34.9426962514148,28.8721105068733,35.9152901527754,23.8125815957059,34.2196968695967,20.824090383597397,20.318047308287802,25.0131615710832,3.6297052868635697,7.8198371461712,6.76001325190597,-5.509978248332359,-9.46188570667863,-6.808883452751581,-26.6990285252756,-23.688816922576,-28.1068936452835,-25.6998161950826,-27.380316934239602,-15.2667118793437,-25.3803517812322,-23.895934146760997,-20.5009747636125,-15.7871797054531,1.60472820575637,8.64748053477506
sub-0092,ses-01,run-02,vicarious,LOC,311,cueH_stimL,15.774040836374303,2.0230073817641396,14.1028417429444,18.809792464806,0.247832621796082,-8.008885402211991,8.24651509853968,7.13769104417338,9.702334637624212,-3.1190767712487997,22.6134983230313,6.62582173763836,8.74367304763529,7.416755696556421,18.530491575509103,21.5055657889074,23.9083199959428,32.4950281304587,34.281563063576,34.0108470124792,24.2316039556006,13.2991160621205,-13.003491286180301,-12.242352828757902,-19.4366248971347,-14.985805875792101,-21.903666807656304,-39.334094344596,-54.25012259699079,-46.518645324934596,-47.4207895706018,-35.9029170212433,-32.500234755613604,-26.1347506605674,-14.513111572439401,-22.6855735890447,-5.2462077303431505,-6.76891110017527,-11.024925678217098,-9.511976243094391,2.17812128186266,0.9116106395398299
sub-0092,ses-01,run-02,vicarious,LOC,311,cueL_stimL,19.7390323747162,20.8389134649226,23.825763834467697,29.0124276426597,29.808129828775503,23.666751532958198,30.8406753613722,25.6282131285758,26.1271930487677,15.441135863902199,26.8725867911757,27.6033416240064,19.8638995404606,25.2211378604935,26.311326896845497,29.376563843370104,27.048535599855104,18.671091419556898,34.194036731234306,32.7411190063631,24.0436119537901,27.3552355804489,25.1769685099373,31.7045977000099,16.9146976149573,-9.830582834229519,-10.0226715794238,-10.418397450143301,-21.8467696302404,-16.5284794951231,-21.4905719420155,-26.5315070032445,-12.1720085213221,-20.010195729086,4.56400962827206,-2.43514498598854,1.2788229541351102,0.239215895021102,-2.09064555960939,0.5249579431383611,-2.91946920317523,-7.57283317986681
sub-0092,ses-01,run-02,vicarious,LOC,311,rating,17.848884032576102,21.5825308770822,17.402488844349197,15.6284783482798,12.347302183136302,20.9562676510042,30.4905558221845,29.0505892899818,28.450930412441803,31.9482838802109,27.171765929043698,25.819468973228997,29.172391870164,26.0978508439506,26.831453874619303,30.479082307645196,28.701325828494703,23.4524691336881,20.948370587087,16.8805822612275,12.421775217797402,9.00509135864044,5.901942496244541,0.9617967906662809,-1.31829597452909,-4.05767616560511,-8.65045926903616,-8.47147048192739,-10.850804835875199,-5.58338268190142,-5.33751874668837,-3.83022084500054,-3.2368059127967297,-5.55590335452047,6.11472536539386,7.04419855943716,7.536706026193251,10.6657748790116,8.92144374193661,11.9316916646997,12.7587914170581,7.68445282603956
sub-0092,ses-01,run-02,vicarious,LOC,311,cue,-1.5645138290613703,-0.37384881980782597,1.8232392900341698,-0.868617243150517,-2.43026062469066,-18.5750098315349,-22.5065386490229,-19.2842581909573,-13.7451427408675,-16.1067029544599,-11.0241455392669,-17.6535329039778,-22.262658182417997,-17.1623730123949,-14.3992276494646,-5.17443799328452,-5.084827025554571,-2.58207220193977,-5.032680537799741,3.1308768453598397,0.9272404047844129,-0.193347922910355,4.820322920550719,-2.8628787360447205,1.90853339725328,0.11788358929901199,-1.05975985132994,-2.38247510954165,1.5666882893938798,8.70624834059801,8.118391781689429,5.82848834682451,10.7464689214863,5.28945960844212,5.92716811376935,2.4769424403492404,-0.826172954370718,5.92551801189014,6.7042252233780895,1.43617077446749,4.25623995201552,-3.8835978193408702
sub-0092,ses-01,run-02,vicarious,LOC,312,cueH_stimH,57.137144970461996,48.007919494015894,62.4729742132719,63.579222919937294,37.5541732171855,17.0152601596378,3.8571435858871603,-3.6894036064545603,21.2827562937559,15.033720827103698,18.6241383992858,3.1828285639304705,-15.4248273109045,-12.2246258506023,-15.5143251430224,-16.7188639736919,-11.373686727566199,-27.7647770014851,-18.4752899771465,-41.5597644023637,-49.48641120226561,-61.576881734709204,-45.133711916854296,-42.612642712479996,-38.7599557792234,-30.635044260020102,-15.0788861512002,3.5215507219909705,-20.169624688661802,-10.4578298482442,-10.435764615122,15.428698478794999,26.3638546338738,35.349315526265,71.6503475185424,56.317958978636206,28.0761701520183,0.6809986801248941,61.8857251495766,59.001040061549794,27.242175693203897,55.160724541276906
sub-0092,ses-01,run-02,vicarious,LOC,312,cueL_stimH,-36.470046154399,-51.609200647695396,-35.7011408824222,-55.700062375985496,-59.409391384875605,-84.3032643256762,-63.657848516968095,-72.80803862077191,-86.41817445166929,-83.8313316423667,-96.1546798628524,-61.63467643337171,-66.83782176437279,-60.505069566334896,-75.6253267550919,-57.8192136956108,-64.961409006397,-67.3415279039879,-66.7872433289406,-66.0883366353091,-63.823064127797394,-68.57450575187879,-59.060280382542295,-52.48789575838779,-46.786686001891795,-33.2477384110078,-40.6279952609084,-36.3194795492899,-48.6791772366891,-33.8042847515222,-22.717158608623098,-12.3957650595332,-8.72115678637192,-6.320414284282111,5.40234523332545,-31.2742627690128,-19.120162201496697,-22.7797689854593,-24.5914892832901,-25.283168170005304,-22.0829540238573,-14.106494642493
sub-0092,ses-01,run-02,vicarious,LOC,312,cueH_stimM,7.537701513832441,-2.44665390246666,-17.1064292846076,-8.37896344145545,-0.7453117272911608,-13.4350077536672,-7.692602327155191,-16.9588425768346,-5.79414015347564,-9.08312773119251,-16.8255951672881,1.5047760725551,0.254564532165356,-2.9968509844066,1.10404606250231,7.364353989153289,-6.58180959324422,9.39150941342703,-17.2386560534568,-8.833665074579589,6.84802795389464,13.410171807212999,-9.572163746956349,-9.70959380275789,-10.8082444840514,-24.3779235915632,-28.601998564649,-36.068575408404705,-29.1537504959667,-30.182288454326102,-16.6422782807702,-28.1455338441574,-32.1716270476214,0.241166307612168,22.9784760408008,8.47967708680486,25.3114750812782,30.687028619404103,28.1644004936962,21.4001908092633,25.3199446513605,23.969768086092202
sub-0092,ses-01,run-02,vicarious,LOC,312,cueL_stimM,16.061700366367802,9.52040879046052,20.130613852021,29.954555898389103,5.29958811221805,-6.7087202064472695,9.57063057146874,-16.744228609946102,18.8380853202199,-6.7357323645247495,-14.3259373605596,14.5046478213694,7.18241537632818,10.7910896942246,19.855811542818,37.926127380146,36.0870294132822,34.9755542356093,14.279893599511098,11.4791073336374,6.75387958853348,9.81075437450833,13.3810500647001,2.5136796571132405,-8.11485879349808,-17.5038253426134,0.38787067888000004,-32.692986252869304,-19.689999242547103,-22.373340897109298,-26.5857638327745,-39.0781312675444,-33.483865841146,-35.0301791831414,-28.94131978686,-29.730135094436697,-23.8273809755444,-15.4623119958531,-0.541671045377754,-14.690235161523399,3.7664906865301604,25.2012120268037
sub-0092,ses-01,run-02,vicarious,LOC,312,cueH_stimL,7.23333765389562,-4.15694368780531,10.411262312542599,10.569522375560599,-20.810110009942,-6.13381729761572,8.89833551594208,5.996860074746151,4.95060374178641,15.307760902276799,8.1629768507647,9.492829859759189,13.168573104322,21.4451262627042,17.7337449247228,21.1776873669202,43.909304879222795,47.304804826167604,41.997933981781394,51.5312278408597,24.341652493616,6.9080477474344,-10.0836871873086,-30.2344090681256,-30.6159280489721,-37.2627241657968,-61.423528463461196,-60.36350395902139,-68.4608819301805,-69.14165919539779,-60.034597143785106,-55.137809465522395,-47.0368735501769,-23.8596174403964,-17.599246279610398,13.026904294464801,-2.27844499180275,8.818924443028001,3.0050458362182497,4.4317198657128705,23.734629453687102,-5.4325498075633005
sub-0092,ses-01,run-02,vicarious,LOC,312,cueL_stimL,15.8649321686691,32.1171461728446,54.085586991809905,43.37972164976561,43.57662185770229,21.492824842037898,20.2680569851325,20.564453340290502,27.5960300356348,15.4400766253809,28.5520079445639,27.0830683164319,4.56779433769967,8.347084792684589,13.4301482473247,21.355567241598603,27.9888039360156,28.8428634821846,32.7368554872233,56.70156022357929,37.440928664298,44.271223723250195,36.8557034983209,28.4732299658021,10.5055778977834,9.642585561309641,11.5229970806606,-16.6473065148542,15.2326800446599,-12.320376808172,-20.6063926079901,-18.6390165545909,-26.825196810042,-19.4270055468161,-39.112475474033,-15.1674847506577,-4.11691944115561,-6.769448717568441,-7.91280525532135,6.131880849135539,-16.7781417949584,-4.186637090360589
sub-0092,ses-01,run-02,vicarious,LOC,312,rating,14.7679697037079,20.534049627581002,27.760472278053104,20.2810646021749,21.038879701027103,20.0875388022693,23.7046131513413,25.1644150492725,31.048786290241605,28.420655577683803,18.8565793853987,23.1652196670882,6.2617190518143095,5.1101104433334905,-9.804718347668882,-5.59465468826697,-11.3236987114672,-23.0176282911138,-13.8228945305425,-25.4256094819416,-26.1982345827954,-17.8729271627201,-17.2210445165279,-17.330497278160998,-8.19641320879955,-8.4045553041519,-2.12630817375165,-2.6055238189328502,-9.43091075021041,-1.2485238614148102,-3.20598116422958,-5.02307748469352,3.45918484963554,3.4405623270028403,19.5734996113217,17.532937644962402,16.208734623369697,26.2350881709368,20.761977553447302,26.119028542003697,36.016025150397,22.692625261767603
sub-0092,ses-01,run-02,vicarious,LOC,312,cue,-4.30876099797659,3.27812775647241,1.95572669175576,0.70057689354913,6.4714998988009205,-6.79212221567168,-15.479809515666801,-16.618058681597,-22.0089977754063,-19.8862776405523,-21.0625234662567,-17.6022453949673,-16.7566490842189,-20.3818052694081,-22.5648629785067,-10.926943696533401,-17.741225596994397,-14.845518828245401,-7.48448527578838,5.5329466803511504,1.7942220558133102,0.160804338452913,-5.565430052263,4.7563563408533795,-4.08012823417869,-8.87208273543968,-1.0807483195085998,-1.8467539402256998,14.416029024147198,11.5792051823097,-1.7158599508947399,3.4060292263415293,7.5881834580339405,6.5931727212078295,12.5270641582513,8.89231634823397,17.243903242695502,11.138774092845399,7.62584083482408,1.51845579096336,-2.4484893603622995,4.1043509230499104
sub-0092,ses-01,run-02,vicarious,LOC,317,cueH_stimH,11.578733733664901,14.254118864707902,20.1579180018275,26.9795625551336,22.271900376215,2.09695501538289,3.95696383699018,2.30051723928364,1.7434777332231999,-8.22501131961327,-12.7274182002811,-26.196213466175898,-23.4437739514405,-39.656729439363296,-26.5755290823384,-37.2363587805376,-24.9611549192663,-37.014675845774796,-25.260646002684304,-40.8418245834604,-36.1563112215626,-39.9754452259154,-28.945742035366802,-20.472794315123803,-26.746006181778196,-23.5381001827467,-17.2539851604555,-11.1644228768682,-10.9298417044544,-6.1957465838787495,-4.96883178609622,1.36947155625747,3.60290411867403,8.13275291710926,10.2108832459761,16.788906639686502,20.149960020836197,25.911549454170604,32.182581820878895,24.0914187122649,32.541248165913,31.154993742273103
sub-0092,ses-01,run-02,vicarious,LOC,317,cueL_stimH,-22.066924553087603,-20.509375933712896,-16.080300268119302,-39.42508810230021,-30.870925202716602,-41.6002575023232,-42.14411645713879,-50.846437140778505,-43.7291294100599,-50.0822662685027,-39.573583280063296,-45.0942942792251,-30.599069662566198,-31.802631522663603,-34.277016649530694,-24.6919030755935,-37.2322564677515,-34.4875301532213,-40.9865924888415,-39.370913552491395,-38.6397120680043,-36.0868218380047,-38.5441681300683,-33.737228085915696,-17.9933031471472,-15.8031315596529,-12.556708409184301,-5.58766731011305,-13.105933966385301,-6.75825964701891,-6.25659885199937,-3.6429993846111204,3.8551570260297,1.92994272065901,-0.38053378958153394,2.70576160212677,8.38960616849991,2.5504815768567997,-8.12872217680415,3.93073568363487,-1.8558576939713,-10.8717153937619
sub-0092,ses-01,run-02,vicarious,LOC,317,cueH_stimM,-16.580131152145,-21.9090945499923,-19.905426120896603,-13.2798496703443,-10.201204644953,-16.2051406399856,-14.2391001902174,-9.223869290414669,-4.35885645681718,-5.61610663671991,0.0502832874925829,0.19724347798421105,-2.11429334728987,5.14474166277904,7.092701636477781,3.6085134221944397,-3.7809104728076406,-2.00328185897138,2.52447506838884,-1.11810754730164,-0.40756012832871996,3.52367738755409,0.207470478422663,-9.899350844941289,-14.8876200553018,-6.82103871952249,-10.6212011304381,-25.5606905567396,-25.452395680945898,-31.519128113699498,-34.3766905487065,-18.6855853830312,-24.528050633733102,-9.832543208587609,-11.1447068016362,-12.2024532117491,-7.1656917544203305,-7.2207893094665705,-0.631211470901381,2.36798127899054,1.25538640699897,2.8965314381793
sub-0092,ses-01,run-02,vicarious,LOC,317,cueL_stimM,12.4584385599318,15.736198977379999,13.572353508523,11.982149742078303,9.120609930639269,-2.65325484296739,3.2883288552677703,10.8280872331074,13.993406952534599,14.6180109595354,5.924983204565179,10.733759467579599,5.7032317142772495,14.530232563891401,13.250097027901402,11.933088544975801,16.5641420510659,11.566330877657599,10.730433719935,14.5947736468382,12.925728883877099,6.7131675632638395,18.6834763560299,8.333243119464111,3.1995452156959105,1.9947815681006003,0.34687047361720597,-9.57651031602943,-12.7709416801991,-13.155293503583401,-12.3481010810136,-14.687609392070101,-12.4178437596942,-22.7627602422427,-19.2486229938182,-12.3011112436269,-15.0330595523214,-11.1072513669471,-3.29741403280589,2.91039107255682,-2.2428582975734903,5.89869746762005
sub-0092,ses-01,run-02,vicarious,LOC,317,cueH_stimL,-15.869856970453,-9.17644354638528,-10.408447983138801,-4.83818661325988,-8.23162595036205,-2.1594057681281797,-8.77008928272029,-7.98771682529822,-1.59483259586252,-2.5852360872547204,5.5267823787598,11.8518410268185,14.8857093382597,4.3901367259192,8.34565181413,10.7325430140132,11.0690997844248,7.2777507103018095,5.38129637527053,-3.6063003869015198,2.79850700283374,-17.2646575006242,-20.0085474691733,-21.336335355132803,-25.4709580086023,-25.2230440229426,-26.648980386194896,-45.114683331345,-31.109283230286998,-29.6786268851653,-35.0052602127694,-32.0927876410852,-23.2825582927653,-13.480360684900598,-13.3522091131056,-2.9824502554221404,4.10941586521057,3.4408968173097496,5.7698307070652195,9.00446526696289,7.34661428784416,1.74649474158832
sub-0092,ses-01,run-02,vicarious,LOC,317,cueL_stimL,16.915607989030303,7.17459315863176,16.5423475658746,2.24500878830665,14.305181002931302,-1.15905279576783,4.73377657854096,4.32688119299801,-7.39581792572854,-17.0365275136549,-5.97782651898729,-14.065855977655099,2.6043695386271,-5.600759242420911,0.6409423918082879,0.8500849721681171,0.0587674844254202,3.92476547585299,11.0540331639873,6.26214983985051,3.8571027559560602,5.01088885202305,-3.02354691463439,7.587300830336809,-14.583067603531001,-9.74875550084082,-12.642812745909,-8.03643866192027,-11.3572349427426,-8.42479612232343,-11.973087799384901,-17.2098600282357,-16.368491857048,6.59483523139362,-4.54411498174321,-5.11818121153082,-10.940496260130699,1.2718181584795099,-1.4341056890633703,3.70651928161215,-6.78295001610356,-2.3064919456360298
sub-0092,ses-01,run-02,vicarious,LOC,317,rating,11.1410034415458,12.384803665890699,12.164146297160599,14.855537177852199,13.801925709946499,13.2489141452143,15.859676068018599,14.811583003081601,16.9412531248864,18.9416168222685,13.5871501325478,12.0599693766234,8.96106763238496,6.15350729397527,-1.26221955387282,-2.90311903487817,-4.11250839538768,-8.537524395755451,-7.775049084540759,-9.58609689628008,-4.1915198444273996,-5.75031622293381,-8.21873884498426,-5.088038606401531,-8.91123961180578,-5.1792509125488,-4.667694280389741,-5.2002350967131505,-6.339925672699679,-5.77237619398399,-6.2819676218843306,-4.6760058508278295,-1.62612757093866,-3.57514001074468,-0.297417822205697,-0.71223311156053,1.91975898092745,1.9647719342898797,5.470193676235531,5.65974418338501,0.139537118412974,-1.35004440047826
sub-0092,ses-01,run-02,vicarious,LOC,317,cue,-2.85960355365973,-0.250018751465127,-1.69009840750923,-3.4895596259094703,-1.1818318728597499,-0.368084781854996,-9.49624310324039,-14.1827015299985,-14.259305070435099,-13.3882486623893,-11.2486282404864,-8.983587733230221,-15.087870753707499,-13.1493916146117,-9.63670460319321,-6.093876689725599,-0.0531139554557356,-0.541269194422046,3.2696252869637696,2.7319073574311696,5.717865514906781,9.157913432531151,8.2952031053373,1.50394535795768,11.4684184510578,2.62232976004796,1.6297101033326,3.73527052725703,9.57569797412312,6.56567350090432,7.626314691495099,13.962850405320498,13.8809096527634,18.2673772422362,17.550612467632,14.1864457177841,13.6377066981061,14.3309127821225,9.14710132516772,9.220141050564962,1.70310924288205,4.525564240520571
sub-0092,ses-01,run-02,vicarious,LOC,318,cueH_stimH,44.733656458200294,26.4474053104423,49.1916469788545,47.614459071465596,31.983045116009496,7.715105343284219,3.1832869719253796,-1.18188786169668,10.1065377898025,-5.5681186379477,-11.1193626410378,-29.9422205369303,-34.6310364666001,-54.980278902490504,-55.268286162832496,-65.5586091550821,-50.589386683515606,-47.826041448793,-52.9711887246544,-60.1975123070426,-49.8171574975942,-43.0403712268247,-49.5012043775234,-52.4594247287817,-33.1961391562858,-25.5288697433819,-16.5607383896595,-21.164321794386602,-13.1913730707238,-15.2693442435628,-7.896961494111499,-3.25158819108618,12.8015973162448,0.864714343496377,16.6410807349805,1.5417462355169198,7.824011728440679,5.4190071765536905,19.8899908599699,28.6396666591147,22.212046484837302,16.7021732019963
sub-0092,ses-01,run-02,vicarious,LOC,318,cueL_stimH,-26.2029971788597,-25.4266322195458,-26.621462744703496,-38.677013228164,-38.8113686226409,-48.90314765527079,-39.8922906178339,-70.90606324156059,-50.410027641243495,-59.5969350606065,-48.4966602005449,-44.9586345243355,-60.568027960033,-55.7119947418952,-68.8080221158379,-70.1585858348791,-67.6862783731913,-59.8985204637683,-46.1264792461192,-50.970139595769304,-44.277374032501605,-38.3925028723384,-36.8577629376735,-14.4246082539141,-17.481213626012302,-14.2098961260908,-16.3310551672052,-20.244895351382,-10.2697852094829,-17.848785933506104,-9.40846080798116,-14.7836721020045,-6.74871091175285,2.83689459738802,2.19220913786332,-2.1931458375749697,-11.874050851034601,-13.8560966129478,-17.130010895499698,-11.0977573836987,-16.9741960185654,-25.769372020989298
sub-0092,ses-01,run-02,vicarious,LOC,318,cueH_stimM,-32.6496951127728,-24.2205957221068,-39.0752785115789,-26.6915400207588,-39.3782796862325,-35.8557110789486,-35.167504132055505,-23.0331159014942,-24.307558235561398,-23.369095967973198,-21.070164266271302,-18.039596674292103,-29.082705428855,-17.7168306292273,-22.4597781925961,-23.6143123595442,-29.2023541788763,-33.2018864547333,-27.875461941813,-24.0597383250623,-24.500484355589197,-20.5040363477577,-18.570769119248897,-8.78512717450814,-8.45597517252735,-15.0193858105304,-22.038694233523998,-23.6540879757932,-23.3015204587739,-24.4254039160053,-33.181770053090304,-30.133201874977605,-24.0245417349507,-10.807872495360101,-5.32964797906529,-12.8846229268143,1.06568479109248,6.6783864302642,-8.10500518739687,5.24621262735591,-0.0541464978941821,5.93328424271735
sub-0092,ses-01,run-02,vicarious,LOC,318,cueL_stimM,-3.08811272959881,11.6281569936358,10.4516579298643,10.973825162588401,12.966733345141002,-0.8995479581394009,-10.891284421646303,-3.9033377770125197,-4.1838328057852,6.379813137762821,-5.6946121077587994,1.0019863668072702,-5.36888899228382,-12.8212894403416,-21.869474957958698,-20.403408712637102,-11.134268818611698,-16.659760206733598,-22.494590388429604,-20.4389198922626,-2.70573490961677,-12.290496915694199,-4.84008472396571,7.24521865749537,10.2324012649593,13.8379921746438,17.6043024203193,8.462949349658231,0.9315918244085529,4.83621035742215,-4.5260966672475496,-9.420103919276132,-17.240563565222498,-28.4757120174393,-16.496727220490197,-18.9612931601621,-16.4986079974581,-18.7860425185417,-27.6552704915768,-18.2379010305872,-7.6840735368829405,5.15746398110116
sub-0092,ses-01,run-02,vicarious,LOC,318,cueH_stimL,-7.92015613497292,5.71432625601488,-14.163229275706598,12.431149042762899,-14.2604644857074,0.9688674532919109,-14.8293390273871,-3.08986159998022,0.39954725410108394,8.66939142596748,-6.02057300769803,6.410086997649901,-1.2193113104795,-4.0065172141105405,-18.114563737077397,-5.79409631173769,-13.804138730402801,-19.690179991513897,-15.6340621093168,-14.592350187141301,-22.103575358088797,-18.5290126582054,-22.6551780853148,-17.0764641542076,-21.0296761789657,-29.1791927788562,-45.984119761326895,-53.0736655992011,-48.43940304474871,-58.0809531869991,-47.300749039844895,-34.052207997755104,-42.3854653774276,-26.550192324416198,-20.2336498637153,-11.684634621230199,-17.2230235434148,-14.481751838998198,-17.1891966110539,0.5718752768856921,4.84948917118061,-5.1581021328479695
sub-0092,ses-01,run-02,vicarious,LOC,318,cueL_stimL,-1.8888279876607499,1.94905328383344,14.363646761226802,6.3577275830411795,20.9773882093736,9.7666180995371,2.4126061992542596,5.654880719258809,7.772560218977,7.36592967635511,-4.15371711875403,-1.71091072291336,3.04187594282502,-0.848983502080749,-4.22434585315036,-20.8143326290845,-6.17471042970291,-15.719183735513699,-9.90552392113734,-3.12284061226471,-6.4366468315978205,-1.9322520357968,-5.738834880910599,-6.283423923658379,-16.053700371925,-26.479933131128202,-12.5897028766125,-17.1805361619795,-10.0164700884559,-11.8771863836978,-2.3181384338222797,-18.036320933015002,-19.003979604314,-21.569552411281,-10.511078307537199,-19.9349579381241,-13.961720320938301,-9.73146541948002,-7.08454875195086,-11.912626585201002,-3.5921432682396,-16.445924710774502
sub-0092,ses-01,run-02,vicarious,LOC,318,rating,11.7385076661234,14.5370981124697,16.8890401845777,18.394296604653803,19.5012498717203,21.5106697861761,23.1702957785379,27.6939104600423,28.292110674443897,32.421124079228704,26.522726002894398,28.1008655756177,20.1824406435836,14.5962924857366,11.111309172392302,4.94082102530967,5.3692005642371905,-3.9838006542113398,-9.795784607156731,-11.4313107200614,-10.286447512595402,-13.767135096899601,-15.3088577601191,-12.031041530351802,-16.0657993837827,-13.7285850767076,-14.396196476810902,-11.984345792746801,-10.5662548566792,-3.39136132954587,-3.91325586072152,-3.9175650361430496,1.1603188869990702,2.46173444512838,4.511734455009821,6.454465619735791,11.3042064825846,10.103790710954199,10.0981974801315,12.336192512248301,16.301478711168198,10.811086483848
sub-0092,ses-01,run-02,vicarious,LOC,318,cue,12.141097856830699,6.331336142732401,3.7330763071402204,1.8859587028189297,0.69068495951914,-2.12147843071102,-11.4426903805004,-14.969447108356901,-12.268666077555801,-15.164001752572698,-13.9591765124039,-12.4124257235791,-20.457450794428002,-18.3958042561442,-18.8157953793694,-12.6482272269072,-13.381868034419199,-16.8764413467199,-8.36487533730801,-5.75677583360574,-6.194003975313951,-3.84096971090064,0.23919100362616397,1.03145427944885,5.7300863738537,-3.8115607021690203,-2.6287915745559203,-3.83549002666185,13.8170075257341,14.182520545471,7.01523465474403,13.7214962656416,12.6781131615728,16.128421963352803,9.101371985732749,8.58538679592093,9.371720579657302,9.660446121257971,13.563477693106,0.612924501698986,5.9043034693686405,0.506732496321638
sub-0092,ses-01,run-02,vicarious,LOC,3,cueH_stimH,26.2035945410433,15.636332497144101,21.217757476654,35.1033854957875,35.6355449447715,37.681309886345296,35.0142842429589,22.429224666137902,-0.6843228366002829,2.56754650234723,-15.0001819722176,-17.6822895027289,-19.1784638715448,-36.6125703214613,-38.747104073383795,-39.2071057624632,-23.239971561180703,-17.0019038637843,-28.1597511834956,-30.8483345160697,-36.5002675752391,-26.4880766034386,-34.7101102778999,-26.814417774421397,-11.4598764445208,-30.555721066783498,-0.0651133903891807,-30.795440509693798,-19.6957400613733,-26.407036391626896,-15.215074325607901,13.415007994139,3.3437931950064304,-13.1466703468022,-3.67126087964191,-10.0601480099525,21.4163547351414,-1.97857060280343,38.207989304994605,4.6800860408447,28.141112013199603,14.8001195323329
sub-0092,ses-01,run-02,vicarious,LOC,3,cueL_stimH,-16.216183693717,-15.5139631183475,5.385855081634429,-19.366296245915102,-28.076710271019103,-34.539490754616104,-27.409208319262,-42.0652002554227,-27.8730207188577,-26.901758482109297,-20.7283824936937,-45.0274779670521,-6.516077852261421,-17.7778878073833,-15.0140755421844,-21.438283489499604,-17.5596411942358,-23.537416112400198,-29.4972862732055,-21.5415852102139,-29.1391126415201,-23.339829942547198,-27.4234268905073,-22.362313586265696,4.2036713570404,10.902613845555802,-8.107570492014,-13.715392701538802,-19.3059625245597,-19.112868764505603,-18.1130014177158,-9.487030384252241,13.658212035239199,-3.1892331679212003,1.3422034729215,3.1556638280726097,-0.836704742003275,4.0726294921754995,11.684109823457801,1.3026349552088101,-5.00198162576653,20.8411296846534
sub-0092,ses-01,run-02,vicarious,LOC,3,cueH_stimM,-18.789514447690802,-9.54439084284216,-22.777442997262998,-21.135562883875803,-10.828383838433599,-26.190059733958602,-19.185076142979,-25.4137912703878,-13.7228454599509,-24.616313247787105,-3.52132004070775,-13.855832750216699,-2.7907638660765497,9.436381573819961,-6.9175546004566595,-7.816727456076139,-30.4487693090452,11.2714212418131,0.741278123205879,19.9967547094403,-5.65330136885519,-3.64540580957054,-6.06307761257509,11.8222232820281,11.1584531612709,-3.9078434031271203,-13.769094359319901,-23.239728992747,-21.0437846847619,-14.0128832705026,-36.922305767720005,-5.25564589074284,-19.541293652361396,-19.028471010681802,-18.7731923242401,-18.6410737043428,6.1296227278564,-3.3506745061531,9.1808826481101,-1.39496281405742,10.6837625657795,-5.70988833108045
sub-0092,ses-01,run-02,vicarious,LOC,3,cueL_stimM,33.127571300524394,-0.9681364351814671,9.868587674034721,3.0519626511422002,5.11804820528831,0.8671883356945319,20.157660020326396,28.0405797526316,38.9765017980303,16.6786371415578,14.3406347753388,22.099913345682303,8.119122700266429,20.7887051988258,9.786269612276529,19.523058959214,0.29575009549444703,-2.1093807841942502,14.7284954469579,-0.7470234116047959,3.63478486509731,2.5953327845404504,1.55702255508311,-7.9752336714628305,-4.16991000147771,-5.20251238855875,-12.297925501312498,-7.2902997943829595,1.38965599890136,-10.6963239097792,-16.175106382109302,-11.4182175869622,-7.78662485221643,-15.7712214841811,-19.878142621706,2.7025511359652996,-1.34836154956817,-15.2103085930067,3.28183054954717,5.096048748957321,0.194729226906128,-1.17962818616611
sub-0092,ses-01,run-02,vicarious,LOC,3,cueH_stimL,-4.8495331137823,15.6625020825352,-11.1702461662943,5.671069878714699,-7.914417407006919,-33.8979948303324,-13.619363679425799,-10.4480390233175,1.35744920179142,-7.43167430483899,-9.64777455475832,9.78175335218953,2.13620440166789,5.27566208632916,-19.602042634811802,14.765748667746802,2.98973199331023,13.404953180101499,8.73746814304703,17.5584480644414,4.49434312775155,-7.416428229825129,-13.5393483499704,-0.9131550077113259,-23.766693140516,-19.9002801183305,-18.4843437679402,-35.891362820806705,-16.606023641833197,-31.846945883843198,-18.9045342919012,-20.4536278255664,-25.8402657105713,-29.2496268040657,-2.8781436933258395,-16.896269742404098,-25.966950854534,-17.8877342660462,-13.661168431202901,-12.915102746105301,-14.4306033488999,-14.684672364476599
sub-0092,ses-01,run-02,vicarious,LOC,3,cueL_stimL,-5.824308607962441,-3.08941371652588,15.595192982660501,9.406214721191722,2.30452676470519,4.640265258571031,17.5215974392748,10.0609170390692,4.3886856353243395,8.82594506337828,3.07935870837318,-12.2953070062884,2.3727143000877002,-9.957480676500321,12.0886517975371,-10.318225850300902,-14.8135254919999,-13.743616189841699,29.6500236200634,2.13700839225501,-5.55414041785341,0.25362632491362097,-12.737569345824198,3.8641011754542203,3.4976402114569902,-13.982539509445902,-10.453866347238801,-12.817614313614301,-6.1446249484950695,-20.1783324534751,-21.895929813699798,-18.514489577274198,0.9364904764954219,-6.061138885559091,16.922727109616698,0.42632064037787,8.22471020720321,-6.6779961487191795,-10.1135929258729,-7.16209786866011,-4.67520455578112,3.65738009779028
sub-0092,ses-01,run-02,vicarious,LOC,3,rating,3.0480781285877203,8.409414015362131,1.1932830199479598,6.27383159050389,3.50130675837072,8.23535236456105,9.77360598889454,11.8891913080229,11.246845296326198,14.573841568431899,16.9190291601478,15.775582508472302,22.271637967860798,20.733202844003802,17.7049045160848,12.275883432214199,12.5402589553405,14.330387718452599,12.276506183646,6.60611714254046,7.759449392120099,7.13769160080081,0.47838583063358797,-3.82136398552375,-4.56425693843257,-9.201751941280321,-5.3501803009105,-8.18693759951206,-7.86315035489393,-9.075510239978179,-2.17325753376798,-10.2823302869606,5.33763524073805,-3.51041255900464,4.6021457637747005,-4.44209001665505,2.88579480094525,-3.3248464512734004,-0.158252160631353,2.82680688520661,6.376966663727799,-0.22984386364710802
sub-0092,ses-01,run-02,vicarious,LOC,3,cue,-3.00297037973292,-0.00997600570710944,-2.3011065318502797,-3.69667594218376,-6.608778572124139,-7.87465809474509,-5.703238969042809,-3.26257521300479,-0.403746914050949,-5.91997922303451,-4.22517782014592,5.23816165066244,1.3113265890159098,-8.65118407297671,0.18551163665662804,1.4948625155998898,1.2704258547742602,-3.9890694758218395,-2.16516688337896,-6.40262620987399,-2.11576379295383,7.4650573655698205,7.7964431699087,7.57324469509841,5.7021855288651,0.408871955004777,5.8295816990336595,-7.30720180236829,0.6483618970292541,0.7637803547834959,-4.51253836335545,2.31640909629527,-1.4634701912910102,7.98642855170871,3.9714257517817497,2.96159682535769,8.40268679477289,5.386882464086679,8.71626198533847,1.2306243448548002,1.65159901727532,-2.8375801853311096
sub-0092,ses-01,run-02,vicarious,LOC,4,cueH_stimH,-3.6101640609794803,14.265636169846198,26.113380018182397,11.8418942180137,13.082609315237901,17.3805893508682,18.9443316094094,-1.8189370532003102,9.36433098105904,23.3066238949615,-3.64164985396958,17.7689283409353,1.14782221208265,-5.442414792383231,7.37524900353374,-3.4594823621727997,0.608801508250912,5.896928894622411,-17.2562150269674,0.38342712378395793,-13.953030057717,-6.69151745750752,-12.9777154117451,-27.8792690416623,-15.521916470032599,-9.77017077032402,-7.205561934447111,-0.755625250336148,-9.504159498698039,18.1462521211494,18.211000586216397,30.0628489591841,15.2752473884531,28.563040471578603,35.141465793734305,57.65768741497789,45.1337630214633,22.183988943262502,40.3080237768248,41.130316772225704,45.032101604769295,51.94673604037621
sub-0092,ses-01,run-02,vicarious,LOC,4,cueL_stimH,-21.336955230434803,-8.439601055862381,-23.7356022165129,-51.6935962496095,-44.054256790819394,-22.547040136652697,-46.544962465178,-30.696787388447,-49.249037485379105,-15.9660265787115,-13.785859188321,-33.0443551855942,-45.7646166211934,-8.91209464558598,-14.4084270219628,-29.7133743571773,-28.744343568502696,-2.032564435402,-30.870558139176897,-17.0696438479535,-27.879158449622697,-21.5395209240218,-15.3352788163675,-15.112236629830699,-8.40444819783766,3.2381662825336,-4.67165809260266,-4.50010809355704,14.9482688637648,-4.08853854717185,21.9292556253386,4.50470952005615,9.13943485999665,29.9609015721128,-6.528527609623049,4.544626656599919,2.9603254945818502,26.5087769260425,-22.5428373054794,12.580966935425199,6.53476861220474,14.0393712492414
sub-0092,ses-01,run-02,vicarious,LOC,4,cueH_stimM,-9.1048709547311,7.06593053718089,-20.1250440237815,-22.778543942789103,6.9275783807647,-4.987555212935019,-12.347660606354498,-5.955326422980889,-2.58339711290825,19.5786747533703,8.63292559150083,11.2782588942789,18.294996126516303,23.7695842368866,14.786357277465001,24.6666973518294,21.5709381856738,39.7059179741842,14.5149839959052,14.3127846897447,19.395589203194803,2.7571000372955603,8.839409455123391,13.8874696894544,-6.24914914031757,-20.522690830677302,-0.504648680346154,-19.1355276875437,-7.191188239974589,5.9188537706867805,-29.739142396121302,3.5598999170835097,-21.485361152261,14.8664630357218,31.7801423450298,-9.74319918823122,26.7641532995056,6.728400306675731,20.4411173148073,1.89275497552191,41.2190048462074,11.3989076858184
sub-0092,ses-01,run-02,vicarious,LOC,4,cueL_stimM,10.481130223428199,-5.317966590570969,1.76396201469272,3.24545717908006,9.17878872688452,-4.10666606277296,12.663125981433101,-23.722709415346998,-13.250719492483801,30.338622168618002,-9.15345666831245,8.4291220344469,10.570467690220699,-3.28190218071667,9.78255942676542,19.204968801253898,17.888911955628604,22.135008294341002,17.5082918875173,19.096397781071104,18.629264181683602,12.701403035135801,2.65213880091824,19.8813359572633,11.9602435116278,7.2845642346301105,-18.2687202337271,-34.5802147451908,-33.7911204154496,-11.0885485781155,-12.6772174850106,-10.5048004040943,-4.37354829040445,-18.212922659028898,-6.42384311066924,-11.889437702725699,2.31557544979433,-3.3168104102522498,-8.11834985136873,-4.44442462755115,-15.571304619598699,21.9337381895856
sub-0092,ses-01,run-02,vicarious,LOC,4,cueH_stimL,17.4055527750595,25.473819797775302,5.10178315671181,-11.8514978702189,4.82406150374919,13.4130634821997,12.750560617193901,19.3798842311612,7.33140724875057,-14.3121684513258,16.0067585804617,31.799273059359496,6.94291070988737,30.547451547817897,42.5313651225553,28.373343546142202,36.4425744640263,39.203873281479794,51.5866861505224,35.9129694561975,21.3408203809614,9.429560156398221,31.094964317610103,-0.301170056322406,9.842897441146699,-14.603185852832802,-11.9740398913065,-17.2782330132568,-25.981388964471897,-39.184900579065,-8.90525624675913,-0.649471307162031,-1.02034969230276,-5.709172223849349,0.9429763956325029,-7.76377513903378,20.092046453936,5.5009992455782,14.3275245765843,1.33250200650696,30.1369996674542,12.0121897934359
sub-0092,ses-01,run-02,vicarious,LOC,4,cueL_stimL,-14.2862473141563,-0.293841308502721,-10.505632748908699,5.941915393977599,2.4112413499417404,6.66036776029833,-7.5442845882381,24.580117249383,15.112789599535198,16.7149885197788,11.401319697086599,3.1956596693744506,6.09080125525495,15.4856818046125,23.118021863882998,27.159747504366198,17.8402990357708,20.5060722349109,20.762229252492897,35.1008714899831,15.651962426394201,18.5371864473554,-0.44421833676397493,3.96869730450073,-5.3297394701185095,3.81028395007078,-1.61334790447256,-16.5807501713394,3.30948834954153,3.45529582868579,-11.8566478932912,2.6161168047417798,-12.877390724154301,7.89666339802787,10.609408351911801,-11.692391868278,-7.25283797831172,-24.148785310672398,11.6216274586036,1.5401071397182,-2.9189045387479706,-26.1118091364441
sub-0092,ses-01,run-02,vicarious,LOC,4,rating,11.4537558389837,18.6023801733067,26.201877907811397,22.9820112438135,21.3250633695515,19.078795462042603,8.92375335277532,17.4891124363855,17.9871077938097,29.6329299236526,11.2666745237171,22.0485927260166,14.093087044672401,5.97613737241467,6.43308679513453,-4.05633621168241,1.15504419310474,-0.601185926773278,-6.22352779645869,-11.7355468749895,-0.326473322584604,-1.3355313769361499,-2.42010349559911,0.7272309215083009,5.43494983582898,6.36070036196846,-2.00560996286386,-0.5049996734232299,1.3534201532468302,13.512273630909801,11.3039082572943,4.83133781998488,11.735809247191,15.567605586923401,20.1338189579028,16.0939006856294,8.53539018505454,10.206173250760001,11.896327207035199,9.892671992678961,11.983005168960199,12.3972824914925
sub-0092,ses-01,run-02,vicarious,LOC,4,cue,6.1732426585509,1.50314484916028,12.8281768273787,3.05118209595725,7.70742030481992,-1.9087177974396399,-6.23671867364504,-10.0172002889239,-10.6259665528704,-7.57433062053656,6.05030199475618,-2.6993746864472903,-0.34860964245933196,-1.13909027475026,0.5726768704402719,-6.128463057718969,-17.1128011334907,3.4508403799492995,7.54477057408059,9.83192109436065,12.922161171566401,2.766101679983,6.455371900162059,14.1690138196595,18.770587518815802,14.0639236247456,12.2351753373277,11.922848028831101,6.293921002763059,10.8402672707917,12.403262285991302,15.8189629694041,12.1032057694679,17.6216536335851,14.158170310281598,5.15329426066544,5.079155234926589,12.630122619814,-5.80503417512272,-1.58613664873667,-7.25741625497805,-1.8711400538917398
sub-0092,ses-01,run-02,vicarious,LOC,45,cueH_stimH,39.3984425303032,29.7086236880798,36.4557885191714,57.4252227281276,41.8838297482957,28.6206727852669,5.275953406207,7.875529114232429,7.75229256213171,6.82005649617237,-6.663090082050509,-8.52062233241682,-17.6556698176608,-20.023703706135898,-13.6402355628877,-15.3958425834885,-9.95287246307709,-20.708765111905603,-20.112220958564603,-26.650224736612703,-14.376688652809401,-24.896454337985396,-25.2183110882896,-26.5699756434761,-22.1206276142848,-28.381997924917698,-12.179585355422402,-21.201955272929002,-24.2359742028853,-12.1647035158707,-9.68532484858623,-6.265084073424241,2.42253022496922,-7.325404183108731,11.7406577038957,4.9588935712541105,20.347715330016,18.5796717149545,19.847976739508397,18.2530914213475,33.3083960340462,26.099742878777498
sub-0092,ses-01,run-02,vicarious,LOC,45,cueL_stimH,-23.4101096565053,-26.342667090296,-14.2186150438019,-30.2732532222516,-27.9502020802736,-28.968020862426897,-38.9114592169588,-45.5119093440508,-36.9774998106774,-32.045893869699995,-31.686224851627397,-29.6903564179003,-22.1104459837295,-24.718967284298703,-23.5965038014007,-23.225413230001802,-13.1950693576735,-32.3645274912718,-29.0951422090415,-31.1737529652823,-37.4240391858397,-34.839630186522896,-24.9096388567106,-25.259091908639302,-14.4428212171508,-17.8657994534211,-15.094957342400802,-19.7378311648593,-15.436261569314999,-8.67883805215685,-14.401582760595401,-7.09176002428884,-3.0150626607540096,-15.8944528913212,-5.526912454582,-1.83690803179579,-6.43046376157952,-7.3805726091117,10.7762988618608,0.613034777739713,11.5788814620138,13.426036845770499
sub-0092,ses-01,run-02,vicarious,LOC,45,cueH_stimM,-9.44830772185431,-10.7226047580801,-16.5361988340056,-18.3906687454796,-7.47575725027898,-9.02331197670291,-10.8222045037167,-7.8522672617371905,-5.37317996800995,-2.32270655949488,-10.119019126499301,-0.698983493451166,-6.6238452352404105,11.575677491292,10.959711394309199,17.7916961624597,9.568720275784539,17.9425458377877,14.086778001386001,22.8706772793382,21.4990144665256,12.687701696855301,11.3034225336867,12.6412082935354,4.47692944499347,-1.75060983994774,-6.61787145015823,-24.3458659611134,-21.313858889760198,-26.817954123388702,-32.8299347897961,-18.4584572555876,-37.7166147163379,-15.9739885414921,-17.038340154307303,-10.872797845459,-3.9556746157719798,-2.02531801000174,-3.0130332007315697,2.07030279195798,2.31428783382455,10.193979211002
sub-0092,ses-01,run-02,vicarious,LOC,45,cueL_stimM,10.5701725309562,7.15326209486765,6.5298266580211,15.8693942404105,14.506360486011902,16.284408500967697,15.439068223090802,24.246991231592197,20.7245408976141,28.1449323270569,25.995435744465198,21.8506564660207,27.379456121352803,25.310325193443102,36.295379817618496,36.3483363415809,37.1332286061607,33.4276484840303,33.1259494552852,24.0680940645072,23.948408968663696,14.4231030340153,21.2627461442777,12.886613281173199,2.941258217556,1.2067533500483,-8.64804465224633,-15.105066305185401,-3.77743885827398,-16.1403023219341,-13.1716821067248,-26.3358058331215,-22.075113855854802,-28.615592957237602,-15.5705956472584,-16.3932544460529,-20.817219287165102,-22.3521293702433,-14.5724417019219,-16.6903648043265,-9.513829117547631,-0.8075297879283171
sub-0092,ses-01,run-02,vicarious,LOC,45,cueH_stimL,-2.62901642713492,2.84930774695608,10.705129267134,12.3087001934726,2.63436416136798,4.28106678564715,8.124049517928691,3.5237249621356295,9.03402281241119,7.0078970025112906,5.5576408190302,12.727822774369098,18.6519164483145,21.3563266281815,22.2261452867279,29.894897379018,27.830846986161,37.1459816734296,36.3164073188316,28.838175517655202,25.6234624943467,23.300518538124198,4.13159236907524,1.43212784651117,1.5073439204212902,-3.12464356765819,-16.95732128784,-23.328604955369002,-31.269172996627603,-43.8216733132106,-39.034447940934,-38.4802288337914,-30.938485554461497,-33.6731030726882,-22.717164490370997,-18.6421415773356,-8.55088170106705,-21.6598083719945,-16.357067358287598,-6.87043333818692,-2.1144813431377103,-0.09547382091145099
sub-0092,ses-01,run-02,vicarious,LOC,45,cueL_stimL,6.522355956534059,7.86614598314486,18.154210529357897,14.623282746259301,24.2046099242279,15.5272826034473,24.2190804837644,3.7962285707972097,17.3684409333744,1.65860480818227,15.370156350915599,9.433491460688641,5.21686733506215,6.01341364486739,20.237829826862303,25.992769024422604,20.9728827358217,21.0021764978821,25.6931962448632,31.707586577717198,29.729769519355603,22.9021727760001,33.2674180507091,21.774718074586897,-1.3772443459364099,-0.0304401651227817,-7.7196604056305995,-6.7471984177860795,-0.590859823620697,-6.40089702957444,-4.6455979192545005,-15.130255750214697,-10.9082047188687,-1.6080653348165699,-13.4372263482779,-8.40524712476422,-9.60036836907951,1.9831084851548002,0.22614966850210502,4.66718402069728,-5.1434838186157,1.06184410181551
sub-0092,ses-01,run-02,vicarious,LOC,45,rating,11.862502407212501,11.5813455064629,10.022892693949599,9.07585033319831,6.2162972561136,11.802819756045698,17.7247514897199,15.755271019838,24.084334603010003,24.4180180269023,23.9742027921167,25.091554262444802,28.076675678779896,27.579008475092202,26.5512597764954,26.2933999191282,27.236592090023397,21.1043473527484,19.213450665805603,16.8898752444871,13.7444948241635,9.92314168360588,4.910340974683,0.929703384584101,0.525073942793123,-1.69379396973926,-4.88900902219139,-7.90273106832567,-11.605544173215,-5.84072776909576,-4.413186311234099,-8.39185429168988,-3.96546638070777,-1.85653607626194,-0.731368387123871,-0.853336311509912,2.11118748446852,3.59522079571728,1.6370233622215802,6.491854589161379,6.53891183471489,5.1068080562168205
sub-0092,ses-01,run-02,vicarious,LOC,45,cue,3.5073162366056603,-4.54847881415474,-2.09016341816373,0.7068450860175691,-2.1799171095380903,-5.23979089472775,-11.1347271199029,-12.3841638605006,-6.80569383252954,-9.11428850890537,-2.90105444948784,-5.428840960105309,-8.62888280084087,-5.4946463647753205,-4.608350063028309,4.0140580315572,1.1316014649811001,-0.418112529877465,2.89367015828411,6.398318359326839,3.2142712662058996,6.42739208466893,8.75498448996657,9.984745028127369,11.6829679776547,1.4005067983680701,1.29748093172923,-1.2520805098410401,10.278466269900001,5.024521362994861,1.8865453848244802,-0.8229483857509251,2.6302760752052303,-1.43008236597547,1.9033677121394899,3.04450806060431,1.03155358040114,-2.33931020500433,-0.927270154326144,-4.44096175316335,0.0977672463575452,0.975922752646215
sub-0092,ses-01,run-02,vicarious,LOC,46,cueH_stimH,32.8169236448758,34.2246198926932,46.7328853273248,39.760719244079795,45.146297905844,31.3184568156901,14.322136962047601,30.2217977172042,37.3645281148081,26.0160275230544,17.4606646464727,7.57134736326707,11.134776733460601,1.94615785799521,-9.12246872017181,-8.81949771751609,-3.1237726890863105,0.408081383719158,-7.081198296892491,-7.51237460331289,-13.3914189320045,-7.920528630134781,-23.7515269043541,-26.2774531884957,-14.472557389803901,-30.4636275149698,-18.5427400604964,-11.827221954564,-3.39154158545019,4.42864947637814,3.2122053209332,23.8213161398383,35.926624406775105,34.5895958357277,39.1626786538271,34.8659641549679,25.0290221939397,25.9239438279869,34.4801476459352,55.6633502184375,41.149452307580106,43.0135172773195
sub-0092,ses-01,run-02,vicarious,LOC,46,cueL_stimH,-13.505345802787499,-4.640945546627701,-15.2399440062124,-33.982985463481,-41.482890487720496,-49.4199128225416,-56.572764410844705,-68.037715851087,-54.207859107336795,-59.6558799013472,-52.8708950837177,-49.7305663330401,-37.9729752038313,-44.2577369882676,-35.4929131695644,-32.402661928403,-35.6069025959185,-20.5410683817598,-43.4269350261553,-32.0266789730101,-41.13594190910771,-45.6413810178411,-41.294683546402396,-24.963815247821604,-18.023269636789102,-5.8807374580283,-15.9182374218498,-6.26761152313452,-3.4427282220030295,6.03097292620782,-13.2516976355303,13.4161439085494,16.6784385736932,28.916271381993297,24.806901252575496,11.6772371632392,8.69252109097974,5.10716659158852,-3.5399904529170696,5.160559082633441,4.857387618933879,11.038869559866901
sub-0092,ses-01,run-02,vicarious,LOC,46,cueH_stimM,-22.659189919313,-14.5115362059628,-21.1064098720697,-14.710326651084399,-8.87946117935615,-2.6686764486114103,-10.376401749269998,-6.010845322710741,-5.096603318958031,14.1117825748194,3.87050332102633,7.105082029841241,1.37057644621653,7.5657601143007005,11.3805774048085,31.3010242192383,20.206469464655896,35.0806933362964,23.0166251018787,31.9145845225296,19.8983504147414,10.5490273359957,9.99033191668289,10.3977330288299,1.49469022508959,1.74730017359322,-8.61331582899191,-27.9577631743063,-25.131928982733697,-16.90753005166,-34.8648887710316,-27.372993824541897,-23.925511423099103,-10.858286240944299,6.182753049051629,-1.30611846571729,9.25456586761875,13.211907238587301,6.42173531233712,15.8426870115134,10.126924925909,13.658040185265401
sub-0092,ses-01,run-02,vicarious,LOC,46,cueL_stimM,11.935993377085,9.550030908162439,3.31440737799943,4.50953131161008,5.198504163666669,-0.793351259210889,0.7828912628318141,10.2781167502824,11.711655666933598,16.616460235989802,13.471362781482,25.442940515963397,20.922928755445,27.8859895692208,26.009838595383503,44.1105032186579,43.9638497177074,35.814933253255795,27.172116253023,33.0956060617225,24.9276859854806,19.9361425533416,33.3813974851295,13.791836781491899,5.13472491144548,7.5732678975253,-6.9918156563342,-28.675886303573197,-19.595260232875802,-19.1232668080445,-20.6584170802548,-20.1448690485848,-36.6649652838066,-20.4359319817687,-15.4829444457517,-15.0004450072314,0.348854569306358,-6.53553666445964,0.17341284979613597,-11.085101931744301,-5.89436115944714,9.45648461661999
sub-0092,ses-01,run-02,vicarious,LOC,46,cueH_stimL,-1.9792637995239601,10.525504099350199,11.1362656499876,6.213916085478701,3.7075861944449704,-4.24600519102333,-1.3096488973070601,11.9286844065695,1.62566722132296,15.2049000878841,24.3994354098363,33.777724851394,47.2608450023464,47.6532767396563,46.0323060349255,48.52995599276301,44.8354397942058,64.2846280118024,53.059895918349,48.6799663499647,49.946912882696196,20.841438644581,15.7859691095949,9.49996395727373,2.32343531262452,-11.4031028364878,-23.434431361143602,-14.7570459464525,-28.07683975175,-20.844194490128103,-36.7566108451602,-20.444005630782897,-20.405202881698898,-5.24215750705835,-3.40263217223257,6.989397268353831,14.933422838582098,22.7194594513312,8.34714550424141,28.130257915745602,19.092895369431698,16.2083540983904
sub-0092,ses-01,run-02,vicarious,LOC,46,cueL_stimL,8.87087901191751,9.402707476062849,21.6202739015376,23.489146215567104,27.149134127481,18.8958308461734,-0.885891064362607,6.084291405296919,1.46065699244295,10.2013919703616,7.358633177983821,7.23629979282318,-2.3326168121048703,-0.8971192611144059,13.096954795013499,5.27331368219401,14.184023822274199,17.624476336521102,15.728916134463502,28.8335246769838,17.1711374932108,24.2074618040392,7.93637442918113,3.8083120460461,-9.751277945858561,-21.0651439612104,-11.6734437376136,-23.2583198063897,-2.2372284669130598,-22.9160495102627,-18.552218159581603,-22.712544660433103,-24.0597287784386,-13.245330077107,-8.7644684534689,-11.651974172914601,-8.707456641984491,-10.4767066368155,-6.29313546852013,-12.8021276682462,-11.999650082098201,-13.284720516351198
sub-0092,ses-01,run-02,vicarious,LOC,46,rating,26.1251563829622,21.8081083537219,25.200597263991998,29.2108262650963,25.576723188909803,25.2934703192882,31.9446493817675,27.868945815283602,30.429325917986002,32.8881707592834,31.0473394332473,28.6057395029263,23.9855305392891,16.322306152483403,12.648933093158698,6.9921650955724095,2.6289025061181097,3.00630638508188,-2.7742487043285298,-0.338669170000927,2.2009211335772,2.63563676601721,-0.265339823430807,-1.7978799768937002,-2.65429308074236,-4.096332002076029,-5.97005175442674,-2.15720055075272,-6.6554297510253395,4.94602856828155,3.8380397043594,6.65211848822256,6.998526215846361,11.870724292865699,15.5146146008035,15.4214481778137,14.2901429893643,14.462543382092099,16.0841931316117,19.2290040127427,18.4708750050834,16.2895310386765
sub-0092,ses-01,run-02,vicarious,LOC,46,cue,8.214032942419161,13.6859790073031,12.7913573367978,6.04172851070668,2.1094509257488103,-6.8596026608805705,-9.95648008028239,-14.6079984448593,-13.6102826975875,-7.25914511124395,-6.968066806720099,-9.74733731070851,-12.9671659609151,-9.15627395349181,-11.3108382792015,-6.926530117292581,-10.5563745913424,-3.9850108639557202,-4.35976348897572,5.72423088612625,10.241195277803,9.94397929389358,10.2772274515383,13.995282775894001,11.8247912720275,8.58851782020697,4.99638367653569,7.72295411835362,11.6106698226858,16.521121327916802,22.2307786016238,20.394003763015803,23.4708575311025,21.124540065298,21.7929692331596,17.005415208874,19.4077978978772,12.6426792990404,11.1714389180073,6.098496369796361,3.8592517306384106,3.89555817428153
sub-0092,ses-01,run-03,pain,LOC,279,cueH_stimH,-39.4804534912109,-41.8565902709961,-39.9149398803711,-40.4666900634766,-51.399600982665994,-57.43940734863279,-57.887809753418,-53.678737640380895,-38.429595947265604,-38.621269226074205,-32.3419799804688,-30.2525577545166,-15.050304412841802,-30.1055641174316,-25.6187763214111,-16.2030391693115,5.92144918441772,4.42033004760742,4.27497911453247,-2.24058604240417,-1.97000432014465,6.7198801040649405,0.866195201873779,50.740055084228494,44.1288528442383,17.9686431884766,9.36227607727051,1.4154257774353,-1.59101581573486,-1.2660858631134,-5.43081903457642,-14.4742946624756,-18.4995212554932,-3.8388295173645,-18.7993850708008,-10.320363998413098,-18.3490085601807,-23.6184616088867,-25.984926223754897,-34.8388519287109,-27.277597427368196,-33.110363006591804
sub-0092,ses-01,run-03,pain,LOC,279,cueL_stimH,2.46627807617188,7.65091896057129,26.6823577880859,20.7326049804688,14.862073898315401,10.9003753662109,2.5288665294647203,7.572734832763669,-6.72680521011353,18.923828125,-3.66307973861694,-4.776053428649901,-26.5249423980713,-30.4046783447266,-18.2318706512451,-29.971599578857397,-1.3425483703613301,5.4046139717102095,4.19049024581909,21.111925125122102,22.354900360107397,37.086723327636705,28.1360378265381,16.3855304718018,6.08703422546387,15.233962059021001,18.027023315429698,22.9685955047607,18.958560943603498,20.339666366577102,12.4262380599976,27.197973251342802,26.6474227905273,17.8392715454102,21.7864112854004,27.9018993377686,34.4190254211426,29.499380111694304,33.0091896057129,29.734176635742198,20.6670074462891,20.809635162353498
sub-0092,ses-01,run-03,pain,LOC,279,cueH_stimM,-20.8194561004639,-27.471464157104503,-9.46316432952881,-22.730690002441396,-23.9620628356934,-44.384883880615206,-20.834529876709002,-35.277961730956996,-5.73834466934204,-22.494318008422898,-3.96916747093201,-2.32830142974854,-5.89613151550293,-25.9344329833984,-18.4773006439209,2.73507857322693,-18.1252613067627,-1.59978187084198,-14.8695545196533,-14.3148775100708,-11.5655527114868,-3.6596100330352797,-0.0819729417562485,3.05264043807983,-8.125002861022951,-11.2292490005493,-9.84985637664795,-21.7198886871338,-22.1000156402588,-28.3241348266602,-19.5388240814209,-21.5029621124268,-23.9692726135254,-13.7617092132568,-25.7002849578857,-18.4255542755127,-38.6748466491699,-24.6129722595215,-29.2883949279785,-22.749242782592802,-30.653804779052702,-10.5168924331665
sub-0092,ses-01,run-03,pain,LOC,279,cueL_stimM,5.7483806610107395,-3.9604277610778795,23.239337921142603,-1.87941265106201,14.132554054260302,9.99143218994141,25.522348403930696,11.8771457672119,23.824523925781197,-8.124660491943361,45.2302742004395,18.7885799407959,27.519804000854503,2.6931426525116002,35.6110038757324,34.3078804016113,11.635155677795401,43.918697357177706,44.586605072021506,32.3555564880371,31.528333663940398,32.3289947509766,18.4148349761963,29.7331428527832,23.8621826171875,41.985282897949205,45.8541984558105,27.803104400634798,57.14521789550779,61.8380928039551,69.9221878051758,53.128204345703104,42.0595588684082,54.8522262573242,38.8862533569336,53.2934989929199,38.4099731445312,44.2417488098145,22.4011383056641,18.9680576324463,19.0036544799805,17.5751152038574
sub-0092,ses-01,run-03,pain,LOC,279,cueH_stimL,43.6227798461914,33.9241714477539,16.5434322357178,16.81103515625,5.5551261901855495,20.317884445190398,2.20802760124207,26.374900817871104,21.6796989440918,38.980476379394496,16.2325820922852,24.4390487670898,33.1331100463867,-1.60901355743408,13.464347839355499,-20.0965728759766,-36.270133972168004,-14.099370002746598,-15.035648345947301,12.349444389343299,20.253261566162102,27.1670074462891,36.163383483886705,14.1217203140259,-0.0790185928344727,-14.465914726257301,-29.9042186737061,-26.3734703063965,-33.267829895019496,-32.038825988769496,-18.5448913574219,-10.9856472015381,-0.101447224617004,3.98795127868652,13.174321174621598,-13.6690587997437,-0.765286564826965,-7.92006587982178,-18.495042800903303,-27.4194164276123,-16.2773857116699,-19.7835750579834
sub-0092,ses-01,run-03,pain,LOC,279,cueL_stimL,-1.5411262512206998,15.5671396255493,0.0545499324798584,16.6324806213379,0.7665022611618041,7.82872676849365,-3.03950786590576,-1.69022130966187,-12.8347940444946,0.538979291915894,-2.6760585308075,-2.3657023906707795,12.409038543701199,5.47798347473145,2.51687383651733,-3.94233989715576,-5.06501960754395,-5.0278115272522,25.6872997283936,8.499194145202638,19.6561031341553,23.4811305999756,10.7314586639404,28.568313598632802,38.110294342041,27.7009811401367,29.718778610229503,24.960208892822298,29.9001789093018,31.9989967346191,38.708553314209,15.8599586486816,34.8151702880859,26.912784576416,37.7005157470703,24.350093841552702,38.415130615234396,26.617961883544897,17.751220703125,33.0293769836426,43.765785217285206,26.7983894348145
sub-0092,ses-01,run-03,pain,LOC,279,rating,-12.8607749938965,-14.6261653900146,-19.193180084228498,-16.2620697021484,-15.562198638916,-16.708843231201197,-18.2957782745361,-18.881748199462898,-12.119132995605499,-14.767681121826199,-16.7902011871338,-18.1822509765625,-23.440471649169897,-18.8590087890625,-22.2172470092773,-11.129554748535199,-12.960105895996099,-10.3748569488525,-0.0438041687011719,-0.0521354675292969,4.66484785079956,1.48421239852905,0.36725425720214794,-1.85880184173584,-10.943854331970199,-11.904354095459,-13.3429203033447,-16.578161239624,-10.562063217163098,-11.049221992492699,-11.3603839874268,-15.139034271240199,-13.014767646789599,-11.8310871124268,-7.82187366485596,-10.134094238281198,-7.99971342086792,-9.26697540283203,-3.0283780097961404,1.36594414710999,-0.0994672775268555,-5.38968801498413
sub-0092,ses-01,run-03,pain,LOC,279,cue,5.01825523376465,3.5973663330078103,4.55865287780762,3.1762533187866198,10.1939735412598,11.895214080810499,15.9634485244751,12.2277135848999,22.5321025848389,22.4759635925293,23.5195121765137,30.238950729370103,29.4097499847412,33.768058776855504,29.2749538421631,36.9463539123535,37.213447570800795,40.8010292053223,47.696624755859396,46.1646118164062,42.726676940918004,39.6924171447754,30.2720928192139,26.7725524902344,15.925411224365199,11.548337936401401,1.3584823608398402,-4.39675712585449,-8.16654586791992,-4.4811110496521,3.29829168319702,0.9500316381454471,1.61925387382507,9.98738098144531,14.7811183929443,4.29354524612427,22.0441513061523,18.087718963623,23.092403411865202,18.1782188415527,2.52063941955566,8.025890350341799
sub-0092,ses-01,run-03,pain,LOC,280,cueH_stimH,-24.707233428955103,-39.717041015625,-39.64501953125,-46.4299468994141,-46.1823387145996,-41.261501312255895,-42.732093811035206,-43.0084075927734,-30.0426330566406,-27.761045455932603,8.39530372619629,15.448187828064,9.01169395446777,29.6835994720459,43.384635925293,47.6377143859863,54.1910743713379,41.88893508911129,43.5134506225586,32.8204727172852,52.56816101074221,61.9871406555176,38.4845199584961,60.423587799072294,62.154048919677706,59.526790618896506,57.5828857421875,46.2920989990234,54.02392578125,40.0273323059082,33.2084541320801,34.0629653930664,37.708168029785206,34.3254737854004,35.042049407959,26.302360534668,24.012737274169897,15.850746154785199,8.73114013671875,-0.35337948799133295,14.235833168029801,10.0039472579956
sub-0092,ses-01,run-03,pain,LOC,280,cueL_stimH,20.316364288330103,14.646942138671902,19.755672454834002,21.7705764770508,15.602577209472699,18.7476692199707,8.51705360412598,4.49764060974121,23.4748706817627,13.6782865524292,3.6436924934387203,16.9612922668457,6.74281215667725,29.485445022582997,39.389575958252,47.172534942627,51.402561187744105,59.5556716918945,68.930534362793,53.4462966918945,50.9586372375488,51.1453666687012,49.1726684570312,52.349037170410206,46.1955490112305,46.608219146728494,27.19411277771,13.0425539016724,1.38600969314575,3.7808885574340803,1.7979445457458503,8.38796138763428,0.5176677703857421,5.63166046142578,7.0043048858642605,10.8370523452759,6.385528564453121,5.77214813232422,12.467823028564501,10.882678985595698,9.72130584716797,-2.6839008331298797
sub-0092,ses-01,run-03,pain,LOC,280,cueH_stimM,8.326366424560549,6.527234554290769,2.54510641098022,7.49850988388062,12.459355354309098,6.40574550628662,25.778047561645497,18.0257167816162,29.7134094238281,10.213885307312,41.296779632568395,44.209358215332,39.1623954772949,54.1807136535645,51.9254379272461,56.9015045166016,62.776763916015604,54.123649597168,67.26632690429689,70.0337677001953,77.415771484375,70.0243377685547,62.6619873046875,70.3856658935547,53.6588325500488,50.9945259094238,39.0283699035645,24.911920547485398,20.4265251159668,22.355737686157198,15.8926677703857,6.82997035980225,10.462718963623,4.19392967224121,-5.29867029190063,-13.3446054458618,-17.490703582763697,-23.968412399292003,-26.2211055755615,-18.435905456543,-14.3474025726318,-14.307415962219201
sub-0092,ses-01,run-03,pain,LOC,280,cueL_stimM,15.6758079528809,28.1054496765137,33.297981262206996,14.486713409423801,31.670179367065398,39.5396881103516,39.7653923034668,34.5102577209473,44.903736114502,45.733951568603494,39.546657562255895,36.719696044921896,35.335300445556605,52.145511627197294,48.8463325500488,53.1210594177246,43.512847900390604,77.10792541503909,57.5382423400879,44.5482368469238,52.137790679931605,42.8284454345703,50.1086845397949,64.8560028076172,67.4677352905273,64.8556289672852,58.789093017578104,50.049556732177706,59.798789978027294,48.9903373718262,32.1861038208008,27.514820098877,34.741455078125,32.6290855407715,6.81897735595703,14.1892957687378,-0.0975179672241211,-7.572811126708981,-29.139831542968803,-12.8640747070312,-22.14892578125,-15.370853424072301
sub-0092,ses-01,run-03,pain,LOC,280,cueH_stimL,7.565105438232419,10.3126068115234,2.7882852554321302,5.09198760986328,5.379522323608401,4.82529878616333,14.001457214355499,4.910802841186519,2.0552594661712598,21.1431655883789,4.39536809921265,16.0179405212402,27.026985168457,24.6752738952637,20.165630340576197,31.3460254669189,38.352325439453104,24.512437820434602,22.2631454467773,29.0528926849365,31.535814285278303,43.062892913818395,36.119171142578104,37.490570068359396,23.3191413879395,7.30216884613037,15.673210144042999,11.2788352966309,20.401775360107397,24.578058242797898,31.3905849456787,37.7259292602539,42.858802795410206,46.958805084228494,29.0416641235352,28.6033401489258,13.218151092529302,11.816444396972699,5.901183605194089,-6.36131381988525,-7.707647323608401,-6.592516899108889
sub-0092,ses-01,run-03,pain,LOC,280,cueL_stimL,-1.27762222290039,8.59121131896973,1.2693948745727501,2.00196051597595,6.83618831634521,13.2902088165283,0.989599704742432,4.335289001464839,-2.65125155448914,5.74141025543213,4.8781442642211905,8.851881980896,18.137187957763697,17.1164855957031,25.9717864990234,23.687067031860398,28.8024845123291,32.148757934570305,35.905666351318395,37.213893890380895,41.2036285400391,32.021720886230504,44.7123336791992,38.963432312011705,32.2841148376465,24.0500335693359,7.27466678619385,9.58495140075684,-1.6679941415786699,-4.78436517715454,-5.291558742523191,-8.445497512817381,-7.70222473144531,3.14504480361938,-10.460301399231,-7.11280155181885,-16.0725135803223,-22.0939025878906,-21.2841796875,-25.067512512207,-45.68110656738279,-25.4699020385742
sub-0092,ses-01,run-03,pain,LOC,280,rating,7.169090747833249,13.493106842041,14.320340156555199,20.1433486938477,23.9670352935791,26.5012054443359,30.4515380859375,35.437217712402294,39.625885009765604,38.449150085449205,42.3857650756836,47.4049186706543,48.9533462524414,50.11408996582029,53.790557861328104,55.9963150024414,54.981929779052706,58.197116851806605,57.3909034729004,52.7305908203125,50.0085296630859,48.3670501708984,45.3176803588867,34.681247711181605,28.940820693969698,28.6036949157715,27.680492401123,26.0231666564941,26.997673034668,31.0588493347168,28.547664642334,28.727548599243196,26.308500289917003,27.455774307251,20.449752807617198,18.4848804473877,19.100116729736303,18.4115371704102,16.7816257476807,13.658637046814,12.839099884033198,10.3481922149658
sub-0092,ses-01,run-03,pain,LOC,280,cue,15.761356353759801,13.470350265502901,17.1522598266602,16.088058471679698,7.52273225784302,8.05091285705566,-0.99552059173584,3.0277686119079603,4.08086395263672,3.88455772399902,11.2721824645996,19.221878051757802,16.186918258667,16.2271575927734,16.8434162139893,21.5780334472656,17.8121185302734,18.2443733215332,25.5554599761963,26.8945198059082,22.940332412719698,20.229824066162102,16.5805320739746,7.33236312866211,2.75406169891357,0.852735996246338,-0.35954761505127003,-7.3688869476318395,-6.01846694946289,-11.6510896682739,-2.01637840270996,-4.7483029365539595,-9.19464206695557,-4.907305240631099,-10.0512208938599,-9.3799295425415,-8.11294841766357,-6.60496711730957,-4.637024879455571,-8.16306495666504,-3.01394772529602,2.6971421241760294
sub-0092,ses-01,run-03,pain,LOC,281,cueH_stimH,-35.8996810913086,-56.4538421630859,-36.8603973388672,-52.2738647460938,-41.0912971496582,-44.0958099365234,-54.3336372375488,-23.8361930847168,-15.693653106689501,-5.23035049438477,4.97278356552124,12.731897354126,23.3269748687744,9.569520950317381,-0.308806419372559,-17.148494720459002,12.250119209289599,11.3176603317261,3.5817439556121804,12.993236541747999,17.4687423706055,16.8978137969971,26.3294410705566,75.5562286376953,47.359691619873,41.6664810180664,18.722736358642603,4.3047780990600595,10.525691986084,6.49145698547363,0.25511342287063604,-3.01565384864807,5.46192073822021,-2.7289581298828103,7.60273790359497,-11.159183502197301,-9.13998031616211,-10.0584182739258,-21.9722785949707,-36.6319618225098,-32.4225387573242,-28.599563598632802
sub-0092,ses-01,run-03,pain,LOC,281,cueL_stimH,26.5316009521484,15.5552978515625,14.26380443573,27.256591796875,30.0599250793457,30.300474166870103,22.6991329193115,28.521320343017603,2.9803903102874796,5.493737697601321,12.722017288208,-2.53603315353394,-17.610143661499,-4.749804496765139,18.3379764556885,16.3331394195557,17.0737266540527,42.7933578491211,39.8190574645996,38.3353271484375,52.7290229797363,36.3596420288086,33.602809906005895,20.0535945892334,19.6066741943359,8.25093650817871,36.302394866943395,18.7906589508057,20.9365863800049,29.105054855346697,14.1282386779785,31.7287654876709,23.5758972167969,31.9276466369629,32.6588821411133,40.5335845947266,41.6679801940918,36.3071632385254,31.889551162719698,31.069900512695302,20.6647338867188,10.0142230987549
sub-0092,ses-01,run-03,pain,LOC,281,cueH_stimM,-8.444934844970701,-26.4708099365234,4.2630929946899405,-9.92897033691406,-16.028020858764602,5.34763813018799,0.0757350921630859,-1.16628682613373,16.4435157775879,13.2089262008667,19.2746467590332,24.7139949798584,22.507442474365202,-3.0075452327728303,10.0826730728149,12.4117021560669,15.878929138183599,10.1741189956665,10.2298107147217,-1.12025046348572,17.1434936523438,16.3486938476562,9.106019973754881,6.91656684875488,-17.1959648132324,-7.800451755523679,-11.324013710022,-21.634567260742198,-17.2079277038574,-22.996261596679698,-13.9717082977295,-19.318546295165998,-19.760290145874,-18.5002765655518,-18.0032806396484,-19.553258895874,-18.647394180297898,-8.48739624023438,-20.1087379455566,-14.483602523803699,-15.8540201187134,-17.6571159362793
sub-0092,ses-01,run-03,pain,LOC,281,cueL_stimM,-2.71067905426025,-3.5028548240661603,3.71733903884888,6.68147754669189,24.2070426940918,39.7301177978516,15.791393280029302,22.4361267089844,0.37861645221710205,7.865459442138669,-1.6232535839080802,2.17270588874817,5.794315338134769,-3.5385594367980997,-4.84774303436279,17.9579677581787,32.5922431945801,41.80470657348629,33.3233108520508,20.2452011108398,7.66442584991455,15.234411239624,-3.0361971855163596,-10.5612907409668,-12.292233467102099,9.754316329956051,17.033052444458,9.25282669067383,34.0660781860352,27.448091506957997,33.075290679931605,24.623661041259798,16.1438789367676,24.3230285644531,6.99609470367432,1.98923134803772,9.31407356262207,8.55179977416992,-5.14091491699219,-9.63487529754639,2.82408905029297,15.4561767578125
sub-0092,ses-01,run-03,pain,LOC,281,cueH_stimL,27.2547874450684,40.4832611083984,20.6136493682861,21.780591964721697,21.830511093139602,14.2160863876343,8.00749111175537,25.7268581390381,44.6094360351562,38.9472808837891,25.9267883300781,48.5221290588379,43.7527847290039,21.6738777160645,18.7698287963867,18.8943710327148,0.00487101078033447,-3.9596798419952406,28.023498535156197,43.9646682739258,52.778751373290994,65.52443695068361,53.619224548339794,36.810722351074205,11.6239376068115,-13.021566390991199,-12.104785919189501,-41.4143867492676,-35.52476119995121,-0.506055772304535,-8.48367977142334,14.144248008728,3.05075597763062,-3.3804473876953103,10.8882579803467,6.54935026168823,4.93267583847046,-2.8895425796508802,-13.7823991775513,-11.6526832580566,-15.662577629089402,-13.126487731933599
sub-0092,ses-01,run-03,pain,LOC,281,cueL_stimL,-18.187429428100604,-0.7924702167510991,-14.762616157531701,-16.6052284240723,-10.7179002761841,-27.9383926391602,-26.630784988403303,-34.6690101623535,-27.1761131286621,-14.9983911514282,-3.2505202293396,-7.291500091552731,-4.731781005859379,3.23782706260681,-16.4122161865234,-17.8628997802734,-14.459063529968299,5.0328683853149405,14.4541845321655,12.690880775451697,17.9599933624268,36.8078765869141,23.4251556396484,7.531378269195559,15.927300453186,8.49901866912842,-13.6546125411987,0.924134910106659,-13.6288738250732,-6.443316459655759,2.80493211746216,11.713040351867699,10.0683059692383,15.7328786849976,22.4411430358887,10.194657325744599,4.08621788024902,1.9376449584960902,3.099609375,2.7591381072998,11.963376998901401,19.6420059204102
sub-0092,ses-01,run-03,pain,LOC,281,rating,-9.25894451141357,-8.73154449462891,-10.7774810791016,-7.96597862243652,-6.94919157028198,-5.705561637878421,-3.89866805076599,-4.1582407951355,-1.99041104316711,-0.38581418991088895,-3.4244799613952597,-2.09286308288574,-7.04484081268311,-8.329029083251951,-5.53171539306641,-6.280731201171879,0.283266067504883,1.32412910461426,0.900826454162598,4.75406074523926,11.013075828552198,4.06526470184326,8.05473804473877,10.0636777877808,5.87687158584595,6.672513008117679,4.57944917678833,-0.682190656661987,8.46244144439697,0.719465613365173,7.19890594482422,4.129816055297851,3.15370154380798,3.1027636528015097,0.38805627822876,-0.681633710861206,-3.72239303588867,-5.718318939208981,-1.4252622127533001,-3.5176522731781,1.12761974334717,5.08726358413696
sub-0092,ses-01,run-03,pain,LOC,281,cue,10.895895004272498,9.30757904052734,8.17737197875977,7.38088607788086,-0.6162052154541021,13.1997871398926,11.1509037017822,10.900815963745101,16.7849960327148,14.7249059677124,20.5475120544434,27.9711837768555,20.9943962097168,29.692655563354503,32.2865524291992,29.9272785186768,34.0536422729492,27.1611824035645,36.5629005432129,42.0057144165039,43.2136421203613,30.838207244873,28.607774734497102,17.5604286193848,7.41716432571411,5.14126205444336,-2.18836498260498,-6.87215375900269,-13.8946008682251,-6.55802726745605,-0.8996063470840451,-1.04208636283875,7.24675846099854,22.2063388824463,10.077223777771,3.83082342147827,12.8097734451294,17.510892868042,11.798097610473599,3.9981210231781,7.664117336273191,0.00102114677429199
sub-0092,ses-01,run-03,pain,LOC,282,cueH_stimH,-28.9187831878662,-27.7040119171143,-35.241813659668004,-14.8282995223999,-30.4704284667969,-36.4879493713379,-49.8878860473633,-22.3067188262939,-27.1574516296387,-5.96096324920654,6.54390907287598,11.6656141281128,32.368255615234396,15.3078193664551,20.7751064300537,0.45485460758209206,19.771587371826197,22.404390335082997,23.9267559051514,20.4011631011963,24.1388473510742,43.6667327880859,43.6134147644043,47.7280960083008,31.0652885437012,43.4033813476562,18.8730392456055,22.5672416687012,26.863842010498,30.777019500732397,26.2498893737793,29.379070281982397,8.13858890533447,28.351463317871104,8.03461074829102,4.42535638809204,0.612040162086487,-10.8352603912354,-23.315210342407198,-10.3963356018066,-42.2914237976074,-10.7331218719482
sub-0092,ses-01,run-03,pain,LOC,282,cueL_stimH,-4.44244384765625,9.44368839263916,9.38487434387207,18.9091873168945,22.813535690307603,38.121280670166,-2.76921629905701,1.5785193443298302,16.038610458374,-12.7500085830688,-12.286337852478,1.96859037876129,23.9063663482666,15.4667263031006,35.599552154541,36.391384124755895,59.296535491943395,92.9178314208984,66.9993362426758,66.6652908325195,60.778934478759794,56.2281494140625,64.50302886962889,45.957576751709006,56.2466011047363,61.417449951171896,51.848628997802706,33.005447387695305,41.817234039306605,40.024253845214794,27.309471130371104,24.1261692047119,37.9691276550293,30.013309478759798,31.8331508636475,25.032537460327102,38.152229309081996,21.9201545715332,19.306076049804698,27.0911521911621,15.241321563720698,6.68835639953613
sub-0092,ses-01,run-03,pain,LOC,282,cueH_stimM,-12.3949308395386,-5.33155584335327,-14.802151679992699,-15.7707347869873,-18.9507732391357,-38.174953460693395,-4.45640277862549,3.9531269073486297,11.526745796203599,23.6375751495361,27.8884105682373,39.844352722168004,28.226188659668,25.246170043945302,47.6462326049805,51.637611389160206,62.5509262084961,65.9324493408203,36.4635772705078,72.5758590698242,61.3142509460449,57.35722351074221,49.2098045349121,28.402416229248,50.5591697692871,30.7210502624512,35.176361083984396,20.7779006958008,8.67292785644531,20.986644744873,9.34570407867432,9.98000907897949,-12.621690750122099,3.46957612037659,-5.15672731399536,2.19104099273682,0.8951487541198729,6.8987751007080105,-2.23408126831055,10.636441230773901,-2.0042176246643097,4.69071769714355
sub-0092,ses-01,run-03,pain,LOC,282,cueL_stimM,8.4239330291748,-12.8893699645996,14.195343017578098,2.10295295715332,16.5883922576904,-8.6755428314209,8.92862033843994,1.69751501083374,16.166404724121097,4.6511125564575195,18.5885047912598,22.297721862793,14.0085296630859,11.3696384429932,44.93513488769529,31.5971698760986,40.5127410888672,61.2064437866211,53.13859558105471,65.43804931640621,46.311985015869105,44.823795318603494,43.82768249511721,27.999952316284197,51.396514892578104,66.64792633056639,62.143714904785206,53.711429595947294,66.01548004150389,50.759124755859396,41.254600524902294,34.908889770507805,36.1306266784668,44.9904899597168,34.9066963195801,15.366292953491199,18.166814804077102,0.736438751220703,4.140464782714839,2.42607355117798,10.9098587036133,0.7037582397460941
sub-0092,ses-01,run-03,pain,LOC,282,cueH_stimL,38.5341148376465,32.634162902831996,34.4821128845215,22.4483337402344,2.9701976776123,17.362285614013697,25.0885543823242,11.593692779541,7.351794242858889,50.2795829772949,13.7242088317871,1.16389453411102,28.8634929656982,25.2695121765137,31.302480697631804,32.1089057922363,9.95144557952881,28.710390090942397,14.521707534789998,23.128843307495103,46.025508880615206,86.1801223754883,43.635425567627,24.9038143157959,12.364351272583,0.749126374721527,9.562273025512699,2.17036151885986,34.981353759765604,19.0860691070557,16.962287902832,21.040584564209002,29.075172424316396,42.8863677978516,15.433048248291,4.86718988418579,13.204854011535598,8.39075088500977,4.5606589317321795,-3.45993447303772,-1.05286884307861,-6.26450061798096
sub-0092,ses-01,run-03,pain,LOC,282,cueL_stimL,-31.469087600707997,5.31367349624634,-16.6281394958496,-4.12931346893311,-9.183774948120119,-14.3216705322266,-24.449996948242198,-12.9909048080444,2.3617496490478502,-0.298039019107819,3.1808309555053698,1.2503145933151203,5.35425758361816,7.165410041809079,-3.80929088592529,4.44353866577148,19.5025234222412,18.5914916992188,58.483795166015604,67.8481903076172,45.2024421691895,42.829185485839794,57.7856559753418,33.1037406921387,21.0393905639648,16.4934902191162,16.91162109375,0.163036525249481,12.0049591064453,6.904333591461179,27.9477844238281,-5.20747756958008,27.230998992919897,9.83043098449707,5.4421215057373,-12.3206634521484,-4.76847171783447,-21.2754516601562,-13.919677734375,-17.381446838378903,28.5572566986084,9.209272384643551
sub-0092,ses-01,run-03,pain,LOC,282,rating,-0.68985790014267,-4.768624305725099,-1.3215217590332,1.09914326667786,-2.47868204116821,-2.1392233371734597,-5.662447929382321,2.8826584815979,-4.5135202407836905,-5.50560522079468,-8.145139694213869,-5.424015045166019,-9.103963851928711,-8.14126396179199,-6.17347717285156,-0.36676788330078103,1.9958658218383798,0.20121085643768302,9.60080528259277,15.7093152999878,16.6707153320312,21.7084903717041,25.439212799072298,19.6589946746826,18.144830703735398,21.2924842834473,19.786052703857397,17.5288352966309,16.1811504364014,14.111285209655799,17.2685928344727,17.962877273559602,24.0539245605469,14.8019571304321,20.8468704223633,11.860407829284698,14.3248891830444,2.86918568611145,0.22125792503356898,3.88273787498474,16.349044799804698,8.16343879699707
sub-0092,ses-01,run-03,pain,LOC,282,cue,7.06982612609863,3.5789222717285196,4.63957214355469,-4.46097850799561,9.60772132873535,6.745944023132321,5.793889045715329,0.47275352478027294,-2.84959077835083,1.0639072656631499,6.9895281791687,13.930682182312,10.4956693649292,15.88916015625,14.6295557022095,21.3821754455566,14.100706100463901,25.251544952392603,23.1777076721191,32.7499160766602,20.671676635742198,21.6809425354004,13.943126678466802,16.3074073791504,7.531280517578121,5.53209733963013,-5.92562341690063,-1.48138022422791,-11.8942337036133,-9.607179641723631,2.3643159866333,12.148562431335401,8.68379688262939,14.283322334289599,22.2412948608398,4.64607906341553,7.60795593261719,4.45220899581909,-5.35150146484375,6.00037384033203,-12.694715499877901,-3.0139176845550497
sub-0092,ses-01,run-03,pain,LOC,313,cueH_stimH,-16.997257232665998,-23.381113052368196,-26.450416564941396,-24.515647888183604,-41.4372673034668,-50.547149658203104,-62.194972991943395,-51.1502456665039,-34.697986602783196,-40.3789100646973,-49.891727447509794,-42.625213623046896,-36.136260986328104,-22.0107574462891,-11.276902198791499,1.2033985853195202,0.8246868848800659,1.0017558336257901,10.8759212493896,9.44964599609375,1.9885426759719802,20.3834228515625,15.458372116088901,-9.6972188949585,25.358112335205103,5.415265083312991,2.6665494441986097,-4.41835689544678,-17.053485870361303,-14.7378931045532,-10.346293449401902,-3.9952564239502,-6.71604347229004,-12.3377237319946,6.81202268600464,-2.47128486633301,11.2840995788574,5.95702362060547,5.87627410888672,-5.2775239944458,-2.26088118553162,-4.69493103027344
sub-0092,ses-01,run-03,pain,LOC,313,cueL_stimH,-2.57940673828125,-3.98890113830566,18.183391571044897,4.87300968170166,7.2671222686767605,11.587608337402301,1.1028478145599399,13.4030237197876,10.664924621582001,12.218997955322301,2.77001142501831,-9.61321258544922,-21.003473281860398,-18.5165424346924,-20.2394237518311,-16.1581993103027,-2.44648408889771,14.2335472106934,7.8031005859375,18.659782409668,21.6858978271484,31.2954883575439,-1.6130881309509297,15.8582592010498,7.92455768585205,15.384718894958501,12.1605682373047,0.862533688545227,4.39896154403687,14.8649291992188,10.083211898803699,1.7200956344604499,22.9332447052002,11.867784500122099,14.4763336181641,11.1674394607544,6.40152740478516,13.9645576477051,11.519184112548801,13.189338684082001,14.8163261413574,8.4879322052002
sub-0092,ses-01,run-03,pain,LOC,313,cueH_stimM,-12.511467933654801,-10.8713111877441,-4.74509334564209,-4.00168037414551,-3.3452937602996804,4.24239540100098,7.05324459075928,-0.194953918457031,8.90712070465088,8.10213375091553,14.2340984344482,18.6768894195557,22.550107955932603,22.142225265502898,10.7612791061401,11.911047935485803,1.34649085998535,19.4901103973389,15.189615249633801,10.2797546386719,16.383468627929698,18.401046752929698,15.221604347228999,4.5597653388977095,-2.50004124641418,-16.2549228668213,5.882031440734861,-4.29471874237061,-12.243691444397,-5.18924999237061,-11.909991264343299,-12.3157539367676,-12.453269958496099,6.34084844589233,-8.40803813934326,-11.638692855834998,-16.8398475646973,-18.0589218139648,-24.639612197876,-11.399799346923801,-20.4649353027344,-7.32015514373779
sub-0092,ses-01,run-03,pain,LOC,313,cueL_stimM,11.368633270263699,-5.2936296463012695,4.89789390563965,13.9944458007812,12.887336730957001,11.9121618270874,4.89280605316162,6.79114437103271,8.33278560638428,5.8237619400024405,27.3605270385742,25.583614349365202,16.3112106323242,10.2024984359741,29.6173267364502,3.20295381546021,12.037446975708,33.5018539428711,47.30146789550779,35.809089660644496,50.140453338623,47.7382659912109,26.7619113922119,50.2259674072266,41.9978637695312,35.5069465637207,48.552097320556605,45.2275161743164,44.6010551452637,51.0520210266113,39.9583702087402,37.562217712402294,33.272140502929695,32.4765090942383,31.9321823120117,41.3060302734375,33.347599029541,29.9191970825195,11.997467041015598,19.9680767059326,26.5680770874023,11.514087677002001
sub-0092,ses-01,run-03,pain,LOC,313,cueH_stimL,5.17860412597656,1.6736831665039098,4.04850387573242,10.4571743011475,2.93281173706055,-14.001258850097699,1.8425464630127,18.9061508178711,9.06499481201172,8.11262607574463,-5.881970405578611,10.7450590133667,22.954114913940398,-18.3095531463623,-4.97886610031128,-31.1390171051025,-23.130765914917003,-24.943904876709,-27.5483703613281,3.4204387664794904,-6.64491510391235,24.4789886474609,3.2772452831268297,11.0945510864258,-0.868726253509521,6.80524110794067,5.88137292861938,-5.802411079406741,-5.728496551513669,-11.799048423767099,1.6283533573150601,6.13969230651855,7.48769092559814,14.209990501403801,4.64136838912964,10.8609952926636,-2.15271306037903,1.0387034416198702,2.37760090827942,1.73984837532043,-1.25074934959412,1.37364220619202
sub-0092,ses-01,run-03,pain,LOC,313,cueL_stimL,-5.287288188934331,19.224412918090803,23.5173187255859,9.917717933654789,13.4173431396484,12.7876739501953,1.29366397857666,21.668973922729503,-5.301846027374269,28.9108829498291,21.316440582275398,19.2857646942139,26.523057937622102,10.186673164367699,24.7227344512939,18.7539596557617,28.0355911254883,10.8103742599487,16.500207901001,-11.310584068298303,26.5330505371094,26.918348312377898,23.7505569458008,17.6041049957275,13.2466678619385,-10.6180953979492,-14.2222127914429,-1.63672780990601,-4.87051248550415,-6.29483413696289,1.8008892536163301,13.4311771392822,22.966928482055696,14.198860168457001,13.728527069091802,1.0175094604492199,14.4088649749756,9.22783660888672,2.533447265625,8.39063930511475,-23.941602706909197,-1.1867580413818402
sub-0092,ses-01,run-03,pain,LOC,313,rating,-0.379090785980225,-5.62472677230835,4.71401309967041,0.8381154537200931,0.9572643041610721,2.1593563556671103,7.36016607284546,10.3076934814453,11.090041160583501,14.785059928894,19.6351261138916,24.9548492431641,18.765455245971697,24.248682022094698,22.122947692871104,29.583312988281197,28.272502899169897,32.4472808837891,31.7651386260986,29.8847713470459,24.9445114135742,19.373706817627,19.463941574096697,10.092841148376499,9.54385185241699,9.3182430267334,8.691493988037111,5.64183044433594,0.932938516139984,10.1735515594482,4.99285078048706,11.676509857177699,10.9661540985107,6.37208700180054,5.17963457107544,6.84363555908203,9.85983371734619,0.128934383392334,7.431137561798099,4.48763418197632,0.173750877380371,2.2148904800415
sub-0092,ses-01,run-03,pain,LOC,313,cue,14.724246978759801,12.8562564849854,9.16147041320801,10.7439289093018,11.8512630462646,7.50063753128052,13.302145004272498,13.064414978027301,23.2782669067383,20.297695159912102,28.1720237731934,28.9267520904541,28.403244018554698,27.989244461059602,25.313800811767603,34.9390525817871,27.836069107055696,28.7515144348145,23.6139221191406,27.9942817687988,32.257209777831996,27.9281005859375,16.5234127044678,23.544370651245103,23.2071685791016,15.3276376724243,3.61883449554443,7.92666101455688,11.711763381958,8.9364013671875,9.74937629699707,1.6699504852294902,-0.5288560390472411,6.86132526397705,10.914388656616199,1.6129968166351298,9.328653335571289,9.40444660186768,12.728607177734402,6.15352344512939,1.97752332687378,-3.89218544960022
sub-0092,ses-01,run-03,pain,LOC,314,cueH_stimH,-30.2666912078857,-16.6374206542969,-12.8472442626953,-19.250862121582,-18.104160308837898,-25.772081375122102,-26.931829452514602,-30.9267253875732,-13.9771175384521,-24.4259033203125,-5.46828842163086,5.82477569580078,15.859840393066401,6.41588687896729,12.371985435485803,10.4278593063354,-14.9702911376953,-7.64001321792603,7.3825211524963406,17.0812549591064,16.150520324707,1.07244348526001,40.6631660461426,46.959011077880895,38.613563537597706,31.2043800354004,34.8542633056641,31.3537445068359,33.067478179931605,24.8933601379395,18.657033920288104,22.4547500610352,22.3333568572998,14.603608131408699,10.217447280883801,17.7583503723145,27.774372100830103,-1.42547988891602,8.99927520751953,9.45719528198242,12.5961589813232,-2.3155548572540297
sub-0092,ses-01,run-03,pain,LOC,314,cueL_stimH,-3.3626136779785196,-1.27309608459473,12.2255964279175,6.14026641845703,12.2183074951172,1.6524486541748,-6.804935455322269,-6.183893203735349,22.4654846191406,-5.448010444641111,-3.75931668281555,2.42560982704163,1.75128221511841,8.251696586608888,23.1111011505127,27.1321907043457,22.523639678955103,57.3980941772461,52.409397125244105,30.4669914245605,53.5402336120605,49.3529167175293,56.0335693359375,21.130802154540998,37.122245788574205,53.9689064025879,49.9071388244629,37.1311531066895,26.254436492919897,24.1026287078857,29.666183471679698,-0.5093441009521479,24.5251846313477,12.676483154296902,3.75622510910034,13.862080574035598,15.193378448486301,20.0066871643066,24.3990783691406,16.9329719543457,25.5031661987305,8.36184692382812
sub-0092,ses-01,run-03,pain,LOC,314,cueH_stimM,-13.017311096191401,-23.3206253051758,-9.88582515716553,-1.2545166015625,-19.1549892425537,-15.1864433288574,6.05566263198853,6.484745979309079,20.0039081573486,28.8314609527588,36.887020111084,31.3119049072266,61.467681884765604,38.0977439880371,43.43000793457029,53.1131172180176,66.7692413330078,64.47158050537111,54.889045715332,69.6068496704102,85.421028137207,90.45520782470699,58.006721496582,55.9371452331543,56.8199577331543,64.1239013671875,43.0924186706543,20.106586456298803,16.2455043792725,29.226697921752898,20.6737442016602,21.206508636474602,10.9790906906128,14.8774671554565,14.0697593688965,1.55532312393188,23.878170013427702,-5.01571369171143,4.82428932189941,-2.7040169239044203,-15.621438980102502,3.9052772521972696
sub-0092,ses-01,run-03,pain,LOC,314,cueL_stimM,-2.13475894927979,-7.48702049255371,-4.01856994628906,-2.02009606361389,-2.60313510894775,7.334711074829099,14.4394845962524,10.088796615600598,11.8548974990845,29.198791503906197,43.5095634460449,9.49024486541748,2.37741231918335,-6.04629993438721,20.2363719940186,28.684425354003896,28.5761833190918,52.2873306274414,49.788150787353494,50.7784614562988,30.9545822143555,43.04475402832029,23.4398727416992,26.8951072692871,26.2128410339355,48.172454833984396,44.1364212036133,42.6396980285645,38.2251472473145,45.6842269897461,45.9920043945312,28.493745803832997,18.3009071350098,27.192527770996104,21.4466781616211,16.5181274414062,19.8930931091309,6.48525238037109,-3.3482284545898398,17.775920867919897,-3.6530609130859397,-9.39839553833008
sub-0092,ses-01,run-03,pain,LOC,314,cueH_stimL,18.0967025756836,25.1137676239014,4.15015172958374,-10.5894823074341,-2.86933708190918,2.47835946083069,6.14748334884644,1.51231622695923,-4.06158351898193,18.5829181671143,24.8250427246094,28.1241245269775,32.524246215820305,34.2664108276367,2.28664255142212,32.375984191894496,-19.6475524902344,21.0983963012695,27.0541172027588,14.2236595153809,45.1045608520508,76.0084915161133,66.89662933349611,48.6094284057617,44.53669738769529,6.310110569000241,7.46092414855957,19.6066493988037,14.9576950073242,24.348072052002,10.7764272689819,21.499732971191396,49.478153228759794,62.200042724609396,43.69523620605471,29.0186042785645,26.9710121154785,14.897045135497999,6.75341796875,21.501916885376,13.5557537078857,13.3623466491699
sub-0092,ses-01,run-03,pain,LOC,314,cueL_stimL,-2.5564606189727797,1.32405686378479,7.01640224456787,-2.97271275520325,8.03944492340088,-12.2952795028687,-21.3446655273438,-2.62022089958191,-17.3246994018555,-0.0708166360855103,9.3621129989624,-4.6507248878479,14.715450286865199,9.20864200592041,-3.9780311584472696,10.6423234939575,24.811468124389602,22.8355026245117,33.2161026000977,49.403934478759794,51.668212890625,50.6085052490234,35.85837936401371,38.175575256347706,46.3469085693359,30.304296493530302,23.2880516052246,-3.79504823684692,2.0350136756897,-2.32577705383301,-3.70858478546143,9.428812026977539,15.316402435302699,10.385374069213901,0.330631256103516,-5.45225095748901,-0.32363224029541,5.49322509765625,-16.62890625,-18.1127662658691,3.62002348899841,2.01501560211182
sub-0092,ses-01,run-03,pain,LOC,314,rating,-5.411437511444089,-2.02217769622803,1.2544033527374299,5.217114448547361,2.23267364501953,3.18619346618652,12.954286575317399,9.5170202255249,4.79640245437622,7.77534532546997,8.04423522949219,11.9205808639526,11.3722591400146,11.774987220764197,10.099891662597699,11.8433074951172,10.639915466308599,13.996934890747099,17.4016799926758,19.8635177612305,20.315448760986303,28.0477485656738,25.992811203002898,24.5807800292969,26.176465988159197,22.849811553955103,28.7374954223633,14.4035701751709,18.713306427002,17.873615264892603,27.827203750610398,21.8983135223389,23.7860641479492,21.549922943115202,18.3818054199219,11.356890678405799,12.1866931915283,13.7330160140991,10.385385513305698,14.9603595733643,9.88275623321533,14.324730873107901
sub-0092,ses-01,run-03,pain,LOC,314,cue,1.10005950927734,7.75875473022461,3.01455688476562,6.5365104675292995,10.051102638244599,13.826393127441401,9.88406753540039,3.48069429397583,-2.08052587509155,5.27721786499023,9.568056106567381,14.6168909072876,12.6220970153809,4.6617116928100595,9.26966285705566,20.6374416351318,12.863347053527802,1.9991989135742199,23.3401374816895,23.2331695556641,14.086073875427198,9.47837448120117,15.466800689697301,14.8976707458496,14.881793022155799,14.0594902038574,8.22383499145508,4.05844926834106,1.91531872749329,8.16494750976562,14.6442785263062,9.41750717163086,5.81011438369751,16.5803718566895,15.3650951385498,16.5016250610352,17.4976501464844,13.279131889343299,5.4659128189086905,11.0347328186035,7.6277165412902805,-8.507678031921388
sub-0092,ses-01,run-03,pain,LOC,311,cueH_stimH,-44.1613655090332,-42.9265365600586,-56.5206909179688,-66.73220825195311,-79.4201202392578,-74.2054138183594,-65.98733520507811,-56.4781341552734,-51.749107360839794,-45.1010818481445,-44.510555267334006,-37.7836456298828,-18.7918739318848,-28.8864898681641,-11.288081169128402,-25.2283096313477,0.959851264953613,-3.1055607795715297,-7.1102409362792995,5.18411064147949,-1.5880352258682298,7.58371925354004,-10.7233772277832,3.85855984687805,21.336978912353498,4.45384073257446,-23.2452411651611,-27.4402732849121,-30.6413269042969,-62.071193695068395,-42.6068458557129,-44.1318206787109,-39.421703338623,-43.026187896728494,-49.728542327880895,-41.8073616027832,-39.6303558349609,-53.260105133056605,-40.8838005065918,-51.1139526367188,-37.6099700927734,-32.5441284179688
sub-0092,ses-01,run-03,pain,LOC,311,cueL_stimH,3.3362884521484397,7.86583709716797,16.6583366394043,13.280392646789599,18.5212726593018,23.1885147094727,21.670959472656197,23.680118560791,26.7163410186768,45.8527984619141,25.8409595489502,27.276903152465803,6.89774227142334,3.49757051467896,-2.9804337024688703,-6.44615268707275,-1.93253350257874,39.4281578063965,30.008897781372102,22.084114074707,19.9773960113525,19.2984580993652,11.855320930481,17.249586105346697,6.12799072265625,11.7772674560547,17.4611206054688,-4.10774374008179,4.39880657196045,-16.7451171875,-7.75831508636475,-5.50020503997803,-4.40427255630493,2.7636513710022004,8.28522682189941,11.5887298583984,17.6658554077148,22.1823806762695,4.14601707458496,21.6605796813965,19.9875564575195,12.768089294433599
sub-0092,ses-01,run-03,pain,LOC,311,cueH_stimM,-31.9478569030762,-45.1765823364258,-28.3799152374268,-38.5695762634277,-32.5776329040527,-19.071086883544897,-18.1632308959961,-41.4037322998047,-27.3802490234375,-43.3399810791016,-9.51595878601074,-1.6254563331603997,-5.73342037200928,-12.8232107162476,-5.17995166778564,2.57777547836304,2.55933690071106,-9.91492080688477,10.1261749267578,2.96733593940735,18.321302413940398,2.3203289508819602,-3.1752741336822496,-8.19478607177734,-16.6840400695801,-35.894702911377,-41.7936134338379,-37.471851348877,-48.4574317932129,-45.6964454650879,-42.8982391357422,-36.2971229553223,-40.2028579711914,-33.1483573913574,-45.5490531921387,-44.72538757324221,-47.5790214538574,-27.6969833374023,-38.4094886779785,-34.2687644958496,-47.0158576965332,-33.0618095397949
sub-0092,ses-01,run-03,pain,LOC,311,cueL_stimM,17.407903671264602,7.43688201904297,22.251085281372102,23.509151458740202,21.1778354644775,26.0416145324707,28.695775985717802,33.992218017578104,17.319513320922898,23.7574119567871,40.9208641052246,13.727184295654302,3.65361404418945,-13.2532777786255,7.45799779891968,21.0279445648193,26.355758666992198,21.3219394683838,6.140338897705081,28.3233432769775,22.1289386749268,16.867412567138697,25.513402938842802,33.4607086181641,24.062978744506804,30.2930736541748,55.271610260009794,45.333438873290994,55.8049545288086,68.7689056396484,53.8333015441895,34.3445892333984,61.4076919555664,51.19694519042971,47.881107330322294,43.5382080078125,47.672119140625,40.7172088623047,36.4370460510254,40.0104331970215,34.1834945678711,14.3401756286621
sub-0092,ses-01,run-03,pain,LOC,311,cueH_stimL,20.373703002929698,15.429351806640598,1.2665891647338898,8.41838645935059,14.454246520996099,1.8651010990142802,-5.83178520202637,8.80887603759766,8.60077857971191,0.7952594757080079,-5.404212474823001,-11.5356435775757,1.53696286678314,-12.2521562576294,-20.5773983001709,-12.4677419662476,-32.9153213500977,-37.580150604248,-26.2396183013916,-31.003381729126,-27.2474899291992,-8.65018272399902,-4.38668775558472,-27.6349201202393,-49.089241027832,-66.863883972168,-68.0212860107422,-70.7832489013672,-73.53533935546879,-60.0680122375488,-57.4883003234863,-34.9012298583984,-32.9624671936035,-27.701879501342802,-29.4161224365234,-29.2498722076416,-22.0109367370605,-25.2307300567627,-47.8578033447266,-29.094331741332997,-25.2122592926025,-34.1957321166992
sub-0092,ses-01,run-03,pain,LOC,311,cueL_stimL,6.49611759185791,29.8867874145508,20.033535003662102,26.9477214813232,24.9136619567871,27.4002571105957,14.625352859497099,27.8393707275391,15.6673994064331,18.3722534179688,21.6289596557617,16.8326015472412,20.474100112915,6.470669746398929,17.848896026611303,11.8567047119141,2.05777502059937,-3.9955184459686297,-18.0406818389893,-21.5327987670898,28.2633247375488,21.922340393066396,-0.6817960739135739,5.72745609283447,16.3715438842773,7.302425384521481,-12.593502044677699,-24.7470550537109,-12.186414718627901,-17.2221660614014,-6.2576389312744105,9.46569347381592,21.9692230224609,10.9577903747559,6.84826755523682,9.05077171325684,19.2863273620605,19.019401550293,20.53369140625,41.93043899536129,60.831882476806605,49.859657287597706
sub-0092,ses-01,run-03,pain,LOC,311,rating,-14.744500160217301,-22.3335609436035,-20.6451301574707,-19.5878047943115,-19.1603717803955,-22.3237495422363,-19.3232822418213,-21.651346206665,-22.669736862182603,-20.4529418945312,-15.7275047302246,-19.4576568603516,-22.2898445129395,-16.8284091949463,-18.4435729980469,-10.5823974609375,-13.596423149108901,-6.02189111709595,-5.89265012741089,-3.6922626495361297,-7.1118869781494105,-8.53018951416016,-10.123101234436001,-11.5695352554321,-21.3941059112549,-15.9769611358643,-20.668478012085,-23.5661563873291,-18.9664707183838,-16.717140197753903,-10.6365280151367,-11.4240274429321,-7.8191180229187,-7.3918929100036594,-5.8556222915649405,-2.01628971099854,-1.3588354587554898,-2.9131011962890603,0.383390784263611,4.6510920524597195,-4.01984691619873,-0.294197082519531
sub-0092,ses-01,run-03,pain,LOC,311,cue,14.351280212402301,9.180908203125,13.150367736816401,14.0469093322754,21.6775283813477,23.2812805175781,19.7120151519775,28.3836994171143,32.484691619873,30.6756210327148,36.7380523681641,47.433219909668,41.3323860168457,47.900352478027294,42.967247009277294,47.5497817993164,44.1453247070312,47.680027008056605,51.236778259277294,55.073394775390604,53.43351745605471,52.437629699707,45.6825141906738,41.088203430175795,32.8462905883789,29.3016014099121,15.982191085815401,13.9734172821045,9.78330039978027,8.150571823120119,8.969340324401859,5.6611647605896,6.888014793396,17.5929203033447,18.2599811553955,10.9999313354492,13.6528759002686,15.5248327255249,10.860818862915002,14.0840845108032,6.65035152435303,4.0993824005127
sub-0092,ses-01,run-03,pain,LOC,312,cueH_stimH,50.196128845214794,50.242218017578104,40.2711181640625,38.1263275146484,21.5964546203613,36.5903434753418,20.771408081054698,4.170799255371089,12.9574584960938,4.59234094619751,-5.1224861145019505,42.891288757324205,64.3375778198242,60.3327484130859,96.1504135131836,93.6781463623047,85.1066131591797,82.3695831298828,91.69481658935551,125.54198455810499,119.922172546387,117.619140625,128.448684692383,140.63427734375,159.82604980468798,151.66845703125,133.379104614258,112.800048828125,125.29468536376999,134.115432739258,138.359024047852,98.3401718139648,84.89825439453121,88.61145782470699,81.5222396850586,82.0954895019531,65.54201507568361,49.745491027832,46.819915771484396,58.6482963562012,57.9571723937988,29.341157913207997
sub-0092,ses-01,run-03,pain,LOC,312,cueL_stimH,4.54826354980469,-12.643307685852099,-8.5304651260376,-16.2165832519531,-8.201428413391112,-17.4272804260254,-9.23800659179688,-27.6358947753906,-17.2317752838135,18.3350601196289,-37.6746788024902,-4.91257238388062,12.2178955078125,23.1905250549316,65.967170715332,54.168308258056605,87.0369720458984,122.93255615234399,98.7543487548828,134.621932983398,125.857955932617,152.302551269531,147.970062255859,163.75715637207,155.228912353516,164.671646118164,132.45510864257798,101.916885375977,70.4610214233398,58.1377105712891,89.6985015869141,51.2732429504395,48.538330078125,41.611457824706996,42.1359252929688,44.5202445983887,28.2988204956055,25.0134162902832,46.581241607665994,52.154998779296896,47.836429595947294,54.5877342224121
sub-0092,ses-01,run-03,pain,LOC,312,cueH_stimM,3.1699464321136497,-9.41666221618652,-5.668530464172361,12.888484954834,12.7420663833618,15.141660690307601,21.4029808044434,23.9865226745605,62.752960205078104,63.236907958984396,76.0297088623047,73.3395004272461,88.2528915405273,94.74969482421879,118.783378601074,126.16750335693399,121.676864624023,131.996719360352,130.544097900391,143.779968261719,175.153182983398,174.23435974121102,127.11190032959,147.757766723633,122.461738586426,127.960777282715,102.343101501465,109.102867126465,93.8059921264648,90.6612319946289,79.547981262207,70.1080169677734,61.1645698547363,33.6057090759277,25.7357063293457,18.4029636383057,17.0637168884277,12.6949901580811,5.21708059310913,3.5684027671814,-4.824750423431401,-12.469218254089402
sub-0092,ses-01,run-03,pain,LOC,312,cueL_stimM,-38.5482330322266,-36.6702766418457,-40.16505813598629,-56.7617034912109,-54.4626655578613,-39.947174072265604,-41.387111663818395,-45.3893547058105,-30.97340965271,-13.039070129394501,-5.33517169952393,-8.89745712280273,-25.473217010498,-8.83509254455566,40.8423004150391,31.631305694580103,43.7693367004395,50.760379791259794,45.5005416870117,69.46096038818361,79.2722930908203,75.637809753418,64.6176376342773,80.4775772094727,67.2913131713867,90.2333450317383,81.9062957763672,57.3657417297363,62.7539482116699,44.531421661377,37.7723541259766,48.501651763915994,24.631916046142603,30.8647346496582,-7.56013965606689,-9.77127552032471,-17.4240875244141,-9.14029693603516,-33.784660339355504,-33.708034515380895,-46.2980842590332,-47.5750389099121
sub-0092,ses-01,run-03,pain,LOC,312,cueH_stimL,29.014625549316396,-1.12663650512695,16.460149765014602,12.445447921752901,4.6119213104248,-9.84209632873535,32.2588691711426,23.2175312042236,3.92023706436157,25.2605304718018,15.827709197997999,24.470399856567397,53.874851226806605,21.1934089660645,29.8142967224121,44.6762619018555,21.0160064697266,60.6004486083984,48.0778884887695,50.563724517822294,100.56458282470699,84.6069564819336,75.4389190673828,74.7699737548828,74.9330978393555,75.1440048217773,78.39967346191409,82.2032012939453,99.6350936889648,89.5665054321289,88.8531265258789,94.44799041748051,121.22909545898399,93.79920196533199,102.854454040527,58.8943481445312,67.997932434082,53.5344924926758,59.630523681640604,36.04905319213871,27.0265216827393,24.705883026123
sub-0092,ses-01,run-03,pain,LOC,312,cueL_stimL,-26.931703567504897,-25.133398056030302,-33.682502746581996,-32.2668876647949,-26.1433486938477,-42.3377685546875,-46.2107009887695,-41.01869583129879,-51.6281967163086,-7.989148139953611,-8.461745262146,-36.80942916870121,12.0185537338257,-0.22557258605957,-14.952543258667,-1.9642877578735398,9.88003063201904,9.10057163238525,32.0030288696289,62.682682037353494,79.0224304199219,59.0307426452637,63.4109001159668,45.692596435546896,56.9820899963379,32.2431869506836,16.586647033691403,5.914068698883059,-7.2792854309082005,-10.0243701934814,-38.1732940673828,-35.3916053771973,-10.3834571838379,-33.9102439880371,-27.2845573425293,-50.5188140869141,-53.7986526489258,-35.4315414428711,-42.653564453125,-23.231298446655302,-25.3621101379395,-30.5405979156494
sub-0092,ses-01,run-03,pain,LOC,312,rating,7.8964557647705105,20.5339031219482,24.817438125610398,40.7109336853027,53.9824028015137,47.574802398681605,54.9999771118164,58.6635131835938,59.48310852050779,65.11728668212889,70.1066055297852,75.4780960083008,79.9156036376953,83.8582305908203,77.1865997314453,84.02500915527341,76.005729675293,92.3931350708008,82.4858856201172,80.4203720092773,82.8626022338867,85.3684310913086,76.2374572753906,75.8715286254883,66.9640045166016,73.42340087890621,70.6657943725586,71.1409454345703,57.610080718994105,71.0979919433594,67.27243041992189,62.1185150146484,67.4434432983398,59.2775688171387,63.0493354797363,64.14102172851561,49.670539855957,45.5535163879395,36.9318351745605,38.0419960021973,29.375240325927702,25.9745559692383
sub-0092,ses-01,run-03,pain,LOC,312,cue,12.638111114502001,18.7654933929443,16.1382961273193,13.285402297973599,13.0531167984009,-4.52478218078613,-5.31836891174316,-15.3126735687256,-9.425905227661131,-20.6410179138184,-22.1416873931885,-14.6621866226196,-18.027629852294897,-28.240402221679698,-15.004008293151902,-14.9116373062134,-28.2915954589844,-36.957550048828104,-20.1544628143311,-36.6887817382812,-32.3943099975586,-32.0413665771484,-26.291790008544897,-22.675090789794897,-19.1130065917969,-8.90489292144775,-17.8552780151367,-17.4108180999756,4.04497671127319,-3.53728270530701,-7.31666374206543,2.70746350288391,-10.205266952514599,1.5295426845550502,10.0171222686768,11.013822555542,11.5692873001099,-8.459095001220701,-6.06447410583496,14.448005676269501,-11.4080238342285,-12.9555406570435
sub-0092,ses-01,run-03,pain,LOC,317,cueH_stimH,-0.611858367919922,-8.40246963500977,-5.65092468261719,-2.87816619873047,-1.5592555999755902,-9.80202960968018,-15.551403045654302,-10.7050485610962,-14.0083541870117,-10.3501710891724,1.88217759132385,10.3971748352051,1.5139867067337,8.66269588470459,22.8227233886719,27.8621520996094,38.5233726501465,34.6372222900391,41.827419281005895,38.4495429992676,40.8738670349121,42.9155120849609,49.442287445068395,59.7641410827637,57.4810981750488,73.63616943359379,71.8376693725586,45.7029838562012,43.092498779296896,40.6724815368652,37.1191368103027,29.3498687744141,26.615121841430696,27.949626922607397,32.854152679443395,31.1501197814941,15.146010398864698,9.992573738098141,-0.5928181409835821,3.4708311557769798,-3.34014940261841,8.27104663848877
sub-0092,ses-01,run-03,pain,LOC,317,cueL_stimH,2.3666000366210898,9.23151111602783,6.24953651428223,1.9388742446899399,4.699707984924321,-0.625751972198486,-0.891180038452148,-7.21248483657837,2.61707019805908,16.1068382263184,4.268690109252931,15.330507278442399,9.6727237701416,-0.306214809417725,26.1744022369385,29.4611129760742,53.1046562194824,53.448734283447294,47.8725090026855,54.478939056396506,64.03079223632811,88.6318359375,82.0275573730469,76.18324279785159,60.6408157348633,54.24711608886721,41.5322036743164,26.818233489990202,25.4553928375244,24.314567565918,19.771951675415,21.2190799713135,14.357616424560499,23.82297706604,23.2965354919434,11.941734313964801,14.019256591796902,13.4159622192383,18.374179840087898,14.725318908691401,21.0771560668945,10.3661050796509
sub-0092,ses-01,run-03,pain,LOC,317,cueH_stimM,7.19469499588013,3.57797312736511,12.1576271057129,23.8465213775635,25.135070800781197,21.9380149841309,39.9033241271973,38.362495422363295,39.2860870361328,34.850555419921896,42.1712532043457,50.8296012878418,40.82777786254879,36.5469245910645,47.284095764160206,51.1200752258301,45.462825775146506,60.5014724731445,51.7908744812012,55.242462158203104,58.7700614929199,45.931209564209006,49.3065605163574,64.9249725341797,51.4540214538574,37.0788230895996,35.9910469055176,34.7350654602051,27.210393905639602,23.4959201812744,23.6713485717773,13.30224609375,10.157723426818801,0.482304275035858,-0.816707611083984,-5.09220600128174,-12.1239452362061,-9.69523620605469,-9.94277095794678,-8.33507442474365,-17.2005577087402,-14.127889633178699
sub-0092,ses-01,run-03,pain,LOC,317,cueL_stimM,-1.31155967712402,-4.0043249130249,-0.67966890335083,-7.85681247711182,-5.80910348892212,-7.98303556442261,-2.4098873138427703,11.968994140625,9.40341567993164,0.7342526912689209,24.2356224060059,16.185419082641598,17.039041519165,13.0608005523682,39.235294342041,31.8419532775879,45.0749740600586,42.1547889709473,48.340206146240206,42.585018157959,35.4084358215332,35.0368118286133,26.6394424438477,31.662130355835,25.317184448242198,28.858806610107397,28.517557144165,32.6744804382324,26.123836517334,24.5467014312744,25.4556198120117,13.5609455108643,19.3330402374268,6.75886011123657,-6.51596546173096,-10.632359504699698,-10.6042175292969,-23.777229309082,-20.8685684204102,-21.9142227172852,-27.9240226745605,-30.714599609375
sub-0092,ses-01,run-03,pain,LOC,317,cueH_stimL,16.6760292053223,14.140499114990199,17.0385646820068,12.220848083496099,19.030216217040998,15.8132839202881,20.332866668701197,38.806648254394496,38.0074005126953,53.8941841125488,45.069297790527294,51.0937309265137,64.3551864624023,45.6072006225586,33.5011367797852,16.3059902191162,26.655454635620103,20.2301254272461,27.971815109252898,46.4392509460449,56.0796966552734,53.029815673828104,67.0024566650391,64.47052001953121,52.3790969848633,34.5471611022949,37.3651084899902,31.6101970672607,25.0487766265869,32.344470977783196,33.442371368408196,37.2634506225586,46.0544586181641,36.393440246581996,44.054759979248,25.7991676330566,22.0090160369873,18.067943572998,11.6383838653564,5.632818222045901,10.816368103027301,-0.61009955406189
sub-0092,ses-01,run-03,pain,LOC,317,cueL_stimL,-27.315750122070302,-19.884325027465803,-14.9557228088379,-8.61420440673828,-11.4659957885742,-17.059259414672898,-22.304864883422898,-5.84859371185303,-10.659780502319302,-12.9727010726929,-0.8727746009826659,0.0157317072153091,5.47347354888916,2.3626530170440696,6.93372440338135,-6.0851035118103,-8.928019523620609,-4.7104320526123,12.643601417541499,-9.79093551635742,28.127748489379897,26.4881381988525,14.5320892333984,18.643630981445302,19.255691528320302,12.7672815322876,1.5892072916030902,-1.5992546081543002,-18.2974700927734,-16.6622734069824,-20.0344543457031,-13.3069677352905,-14.1069250106812,-17.440448760986303,-9.81039237976074,-24.331832885742198,-12.977081298828098,-25.123680114746104,-25.593017578125,-31.8964958190918,-17.428855895996097,-27.915307998657198
sub-0092,ses-01,run-03,pain,LOC,317,rating,4.18733787536621,5.23421287536621,10.5155782699585,13.305757522583,17.5351123809814,23.347974777221697,24.172119140625,26.0553340911865,25.172384262085,29.6016139984131,28.607360839843803,28.6397361755371,25.500913619995103,23.4141521453857,26.8753509521484,29.097229003906197,25.823020935058604,28.8217964172363,26.238670349121104,27.4782657623291,27.723014831543,24.277587890625,24.7798194885254,23.6918640136719,19.1117305755615,21.835630416870103,19.8798427581787,19.3448638916016,18.546977996826197,22.4588356018066,25.6163673400879,23.634319305419897,19.2444019317627,14.7937498092651,15.6860771179199,11.4856538772583,9.16472434997559,4.69668388366699,6.54198455810547,2.9627671241760294,2.77987194061279,3.9227604866027797
sub-0092,ses-01,run-03,pain,LOC,317,cue,11.339780807495101,14.289318084716802,9.251466751098631,12.979850769042999,7.9637312889099094,8.08082866668701,0.264045715332031,-1.5954909324646003,2.69410014152527,1.26678907871246,-1.10671520233154,1.2839032411575302,3.55210018157959,-0.80045485496521,2.8889207839965803,4.77133893966675,1.7830710411071797,1.7076187133789098,3.1950216293335,5.77047348022461,2.9461221694946302,3.42894458770752,2.79020500183105,2.25666904449463,5.76412057876587,3.0609159469604506,2.7125439643859903,6.306219577789309,-0.219826936721802,-0.14436125755310097,-3.6747593879699703,5.30387592315674,-7.808215141296389,-2.60580968856812,2.74201536178589,-12.7592716217041,-5.586010932922361,-1.2741498947143601,0.5815629959106451,-3.68545866012573,2.2564067840576203,3.0977835655212402
sub-0092,ses-01,run-03,pain,LOC,318,cueH_stimH,-5.976287841796879,-16.7214183807373,-0.507003784179688,-8.600634574890138,-5.708083152771,-16.3371696472168,-22.8822593688965,-4.20213031768799,-10.0630836486816,-29.4516944885254,-5.67362022399902,12.881715774536099,6.2131462097167995,5.40637302398682,25.3627414703369,26.0871391296387,39.17063522338871,42.2291603088379,41.6322631835938,40.9855995178223,46.420928955078104,49.122894287109396,59.3627243041992,87.4893035888672,76.44386291503909,83.9101181030273,75.3356094360352,53.311275482177706,54.67338562011721,31.2955493927002,37.4671745300293,36.0651741027832,35.27382278442379,33.4283294677734,27.949630737304698,34.231296539306605,24.2951545715332,22.7258033752441,15.793740272522,24.4933967590332,13.735089302063,11.960322380065902
sub-0092,ses-01,run-03,pain,LOC,318,cueL_stimH,12.6781616210938,4.71193027496338,7.688785552978519,-3.6623697280883802,-0.0445599555969238,-2.40428066253662,-13.518129348754899,6.781438827514651,22.3798809051514,34.126823425293004,11.4996089935303,30.8298606872559,16.5395088195801,42.5424308776855,59.2396469116211,55.95906066894529,66.5937347412109,82.6613464355469,69.335205078125,86.83666229248051,73.8794631958008,79.6803359985352,70.0353546142578,81.8143768310547,81.3014755249023,78.0368118286133,76.0713272094727,63.4015960693359,50.8490104675293,33.977737426757805,28.9426956176758,21.1480960845947,23.331584930419897,24.4520606994629,13.2291870117188,14.3786945343018,15.3669891357422,13.9872703552246,10.245680809021,24.383869171142603,14.4108428955078,16.8563442230225
sub-0092,ses-01,run-03,pain,LOC,318,cueH_stimM,-15.4681901931763,-4.69192218780518,4.7554006576538095,10.0921421051025,0.509778022766113,8.85694313049316,25.6584091186523,18.5997314453125,27.856086730957,15.082404136657699,40.9930381774902,46.1969680786133,54.5838775634766,63.3266487121582,74.1679992675781,74.8044738769531,58.051628112793,72.1142120361328,55.2791519165039,71.8326644897461,69.09207153320311,74.19947814941409,54.6958198547363,54.5576362609863,32.818893432617195,43.6743316650391,30.823289871215803,11.847972869872999,18.185129165649396,17.0691623687744,19.1972503662109,25.4760551452637,21.819566726684602,15.6771936416626,3.07884073257446,5.11593198776245,-7.15500020980835,-3.13298797607422,-16.7587394714355,-17.5267333984375,-23.3144416809082,-16.3458156585693
sub-0092,ses-01,run-03,pain,LOC,318,cueL_stimM,-3.84628772735596,-9.42211151123047,1.0658991336822499,-15.6889934539795,2.25987100601196,-6.65880918502808,0.5509246587753299,-4.44691324234009,4.806745052337651,6.6393404006958,23.4522552490234,18.0166168212891,13.1328382492065,18.5932579040527,35.3207588195801,54.0070571899414,39.3437843322754,89.8536605834961,62.7954254150391,70.6481475830078,76.351203918457,71.626350402832,58.316745758056605,71.5289077758789,75.72422790527341,71.5621871948242,72.35498046875,72.4743347167969,86.96636962890621,64.8365097045898,58.7132682800293,39.740242004394496,47.5127067565918,50.0958671569824,27.3363990783691,16.5960693359375,12.4030323028564,4.57098007202148,-9.11084747314453,-12.8435001373291,-11.2090377807617,-4.54841995239258
sub-0092,ses-01,run-03,pain,LOC,318,cueH_stimL,26.504699707031197,15.621116638183599,16.274028778076197,13.6157751083374,8.94711494445801,16.1397018432617,24.188051223754897,28.2671947479248,12.5475492477417,42.824432373046896,38.688880920410206,20.4184513092041,56.2703437805176,28.2736511230469,30.3035507202148,4.64653635025024,-19.7292785644531,-15.4495458602905,-5.7227644920349094,0.148416638374329,22.4209995269775,33.903224945068395,41.6412391662598,43.301387786865206,23.2817687988281,23.0467166900635,21.992755889892603,30.785354614257802,27.3733348846436,29.138257980346697,19.047433853149396,29.3007698059082,45.7030220031738,39.0696983337402,21.3720073699951,19.7363185882568,19.3551330566406,2.5832090377807595,10.0562353134155,2.7786939144134504,12.444958686828599,-4.89033699035645
sub-0092,ses-01,run-03,pain,LOC,318,cueL_stimL,0.0740752220153809,4.50594902038574,-12.954583168029801,0.545509934425354,8.276013374328612,13.0016927719116,-0.419485330581665,-6.92636442184448,10.3137054443359,6.60967254638672,6.94361448287964,15.7989864349365,19.750156402587898,15.160792350769,28.8205509185791,23.961555480957,34.813205718994105,29.945009231567397,49.42472839355471,40.125648498535206,54.8923492431641,57.140907287597706,47.1192016601562,45.5280647277832,27.397212982177702,27.45166015625,27.4863815307617,8.7691478729248,7.124370574951169,-3.7900326251983603,7.78090143203735,-5.69892978668213,-0.043525218963623,13.080181121826199,15.7039194107056,-5.43009853363037,3.0200405120849596,-9.44202423095703,-21.731689453125,-1.5144214630127,-1.9982887506485,-0.509106636047363
sub-0092,ses-01,run-03,pain,LOC,318,rating,3.93614745140076,5.12463665008545,4.321624755859379,8.17282390594482,9.60086441040039,11.3599185943604,16.3109378814697,21.237468719482397,30.5123023986816,26.3450660705566,26.6759223937988,33.7980804443359,30.4417915344238,31.203170776367198,33.540725708007805,32.848556518554695,28.8951606750488,33.4019775390625,34.4557266235352,31.8365135192871,30.9507026672363,25.9672908782959,27.0926399230957,21.789104461669897,17.2222499847412,25.5805587768555,26.5103874206543,20.593952178955103,25.6249732971191,27.048629760742198,23.3975391387939,25.477247238159197,24.0105171203613,20.3547286987305,12.3890542984009,9.24662971496582,12.180068016052198,12.991247177124,18.136066436767603,17.3685913085938,11.905214309692399,4.63299083709717
sub-0092,ses-01,run-03,pain,LOC,318,cue,6.871112823486331,11.7254123687744,11.143980026245101,12.876129150390598,10.5264902114868,7.183240413665769,3.4379658699035605,5.2034792900085405,17.7548999786377,12.8815593719482,21.9149055480957,24.7070999145508,16.7489395141602,10.2440004348755,6.62542581558228,11.9663410186768,5.7214665412902805,9.45077323913574,12.0830774307251,14.3971681594849,13.391094207763699,14.818906784057601,14.4565982818604,11.6994142532349,10.781102180481,3.4638652801513703,3.5361795425415,11.54478931427,7.54571533203125,3.69080448150635,-1.47514522075653,4.04650974273682,-7.943599700927731,-2.8147222995758097,4.8539328575134295,-6.64152002334595,0.9847751259803771,0.324511051177979,0.11515927314758301,5.0218195915222195,5.4411931037902805,11.963582992553699
sub-0092,ses-01,run-03,pain,LOC,3,cueH_stimH,-10.3267784118652,-26.9919757843018,-39.3175849914551,-39.2843475341797,-39.0690879821777,-36.094398498535206,-40.5296401977539,-36.3909187316895,-51.1629409790039,-33.302902221679695,-36.9689140319824,-48.0695991516113,-66.7598037719727,-65.4333114624023,-70.6090393066406,-56.6558494567871,-33.2481842041016,-40.4619560241699,-32.008987426757805,-31.0626583099365,-35.0877151489258,-17.7039966583252,-14.9619197845459,-14.6443557739258,9.712822914123539,-14.306610107421902,-6.6296672821044895,-34.7441902160645,-52.672737121582,-41.4724998474121,-59.809474945068395,-38.7332916259766,-52.0386085510254,-54.446262359619105,-32.8439559936523,-32.2849540710449,-46.446468353271506,-51.57722473144529,-59.7778396606445,-59.980297088623,-38.529937744140604,-46.519378662109396
sub-0092,ses-01,run-03,pain,LOC,3,cueL_stimH,15.4757652282715,6.21303558349609,1.45711040496826,18.670467376709002,13.4828681945801,19.1471328735352,21.154342651367198,17.0613613128662,18.3383617401123,12.7941722869873,-0.954738020896912,-16.8277263641357,-35.3171501159668,-25.179557800293,-37.8946647644043,-45.664947509765604,-30.040573120117198,-4.25939846038818,-28.4149703979492,-12.3622961044312,3.06712055206299,31.5101108551025,15.5050315856934,-7.88427448272705,-23.408695220947298,5.23746871948242,4.18167066574097,20.200159072876,8.77821636199951,26.416442871093803,-5.74039173126221,16.670728683471697,-0.9942045211791991,20.651958465576197,25.079227447509798,10.0509338378906,32.619983673095696,28.964920043945302,17.0443477630615,25.234378814697298,7.82254409790039,3.17894554138184
sub-0092,ses-01,run-03,pain,LOC,3,cueH_stimM,-53.9228706359863,-43.287506103515604,-40.9667091369629,-24.498210906982397,-38.4103660583496,-27.0597839355469,-37.4769630432129,-58.1455230712891,-16.6958122253418,-41.506862640380895,-24.7203941345215,-12.9958753585815,-29.9707813262939,-13.784142494201697,-26.141016006469698,-14.7882680892944,-29.540189743042003,-28.744844436645497,-31.7124729156494,-48.9036331176758,-42.1737937927246,-55.915496826171896,-48.351409912109396,-38.6336326599121,-30.8494529724121,-51.037933349609396,-31.2762107849121,-48.747039794921896,-48.532928466796896,-50.743255615234396,-61.7847709655762,-48.563694000244105,-22.0173854827881,-38.2532196044922,-30.4597492218018,-43.110435485839794,-33.4730796813965,-36.825222015380895,-33.376106262206996,-19.247634887695302,-38.6870231628418,-24.9227294921875
sub-0092,ses-01,run-03,pain,LOC,3,cueL_stimM,8.726133346557619,3.7345128059387203,19.216871261596697,5.20377254486084,32.6888427734375,-0.332379817962646,26.314027786254897,3.84287476539612,-7.57660007476807,-10.3983020782471,42.2621650695801,11.124595642089801,11.548300743103,-0.844857931137085,-0.9528368711471559,26.253210067749,4.59026575088501,46.1600494384766,59.2553176879883,35.82252883911129,23.8337841033936,33.480094909668004,-0.242476284503937,15.824747085571301,6.63860273361206,2.91108679771423,29.8586616516113,31.2241382598877,47.251071929931605,31.7359447479248,39.5617218017578,26.8093662261963,51.116302490234396,36.33790969848629,41.0787467956543,42.662784576416,37.9785614013672,33.0789947509766,30.219356536865202,33.484771728515604,29.229393005371104,33.864990234375
sub-0092,ses-01,run-03,pain,LOC,3,cueH_stimL,20.565990447998,35.123805999755895,6.31516408920288,28.1767654418945,18.443338394165,18.278619766235398,-8.6928653717041,40.116424560546896,37.724514007568395,50.7182540893555,20.650074005127,40.5657081604004,26.1729049682617,-9.46145343780518,-10.826202392578098,-37.606372833252,-39.3683013916016,-26.896390914917003,-30.6322593688965,-11.6705923080444,6.618780136108401,27.0569381713867,12.6232995986938,-7.55995178222656,-3.81592893600464,-25.021512985229503,-17.737350463867198,-32.4007720947266,-39.400051116943395,-32.971828460693395,-47.485809326171896,-20.3213672637939,-21.3484268188477,-14.539308547973599,-13.344482421875,-25.6546783447266,-4.07063388824463,-17.5079021453857,-17.4171009063721,-41.8568572998047,-37.036472320556605,-16.3403224945068
sub-0092,ses-01,run-03,pain,LOC,3,cueL_stimL,0.358613967895508,23.059574127197298,32.0664100646973,36.5662231445312,20.4522323608398,12.799135208129899,9.30457973480225,15.9855375289917,9.00870513916016,10.1935434341431,3.22907209396362,19.099040985107397,24.408555984497102,21.6379909515381,-4.57933616638184,16.631248474121097,-2.02392411231995,-22.1853885650635,16.0655212402344,-5.0433454513549805,11.6760501861572,16.1236190795898,1.7254490852356001,2.2213563919067405,11.001450538635302,-4.70997905731201,3.41551947593689,8.95859527587891,5.32041931152344,22.122083663940398,26.5106773376465,22.3123893737793,9.33489894866943,3.5039014816284197,21.6402053833008,31.6377792358398,34.4500122070312,19.059944152832,27.329833984375,76.6759796142578,37.6801338195801,43.588138580322294
sub-0092,ses-01,run-03,pain,LOC,3,rating,-13.889984130859402,-20.4982738494873,-19.7375164031982,-26.1079597473145,-28.1575355529785,-31.0628147125244,-29.0324440002441,-23.661746978759798,-26.3005218505859,-28.619461059570302,-26.5427742004395,-39.2843742370605,-39.1061134338379,-38.1707611083984,-39.7049713134766,-35.2210922241211,-31.386625289917003,-29.437074661254897,-22.746780395507802,-21.6260833740234,-24.096599578857397,-26.6937828063965,-27.965946197509798,-29.314693450927702,-28.555643081665,-33.2730674743652,-25.006710052490202,-40.683753967285206,-26.658302307128896,-29.5181941986084,-25.4289875030518,-16.7894496917725,-24.2949542999268,-23.380065917968803,-24.836307525634798,-26.616220474243196,-9.40568542480469,-20.5734825134277,-18.753490447998,-14.8322467803955,-16.4824466705322,-17.277687072753903
sub-0092,ses-01,run-03,pain,LOC,3,cue,-0.791873931884766,6.051080703735349,-2.9344596862793,4.37536144256592,3.89083290100098,17.8542251586914,17.798320770263697,22.085680007934602,25.6374111175537,30.4997577667236,42.78759765625,37.5443572998047,28.341821670532198,36.1288452148438,35.6616363525391,42.843544006347706,40.756034851074205,45.3928718566895,40.1679229736328,48.0743598937988,41.147045135498,46.18537902832029,41.866447448730504,32.6443290710449,20.8291168212891,14.423693656921401,12.454080581665002,15.752924919128402,3.34655857086182,10.0754089355469,17.3036956787109,18.067035675048803,12.6697826385498,24.2436904907227,19.8771820068359,21.373291015625,27.010196685791,25.773324966430696,25.4531593322754,18.3697185516357,4.69315719604492,0.9950449466705319
sub-0092,ses-01,run-03,pain,LOC,4,cueH_stimH,0.502147674560547,2.4481048583984397,-24.064865112304698,-10.2198810577393,-13.3374891281128,-31.6199073791504,-18.0192184448242,-11.649120330810499,0.630488395690918,-4.526127338409419,-7.814630508422849,12.651878356933599,18.3059101104736,39.1259155273438,23.8311767578125,23.794616699218803,28.9033050537109,30.386157989502,48.1651420593262,50.858062744140604,32.0505142211914,22.5984420776367,51.7276802062988,70.0746917724609,52.070629119873,74.0314407348633,79.5097274780273,48.866634368896506,52.2359504699707,38.4728393554688,49.9346923828125,66.2519454956055,48.7748794555664,42.810020446777294,47.289066314697294,45.0911712646484,49.894889831543,36.6722564697266,50.7849731445312,40.16552734375,30.035446166992198,34.2371444702148
sub-0092,ses-01,run-03,pain,LOC,4,cueL_stimH,-28.885314941406197,-14.870480537414599,7.379947662353519,8.926886558532711,-3.8186945915222203,0.61044979095459,2.52735447883606,0.18837976455688502,16.70530128479,42.63132858276371,11.6866044998169,37.2418670654297,36.509613037109396,27.8840770721436,42.9866218566895,58.023464202880895,48.12504577636721,67.211799621582,57.7251968383789,39.583625793456996,74.85064697265621,56.403102874755895,39.136692047119105,41.4190559387207,44.559455871582,52.665065765380895,19.246507644653303,37.2977523803711,20.2401371002197,5.36506462097168,26.7558574676514,-3.10502243041992,2.18133544921875,8.06782627105713,-14.257188796997099,-6.5081882476806605,18.466495513915998,0.286491394042969,-12.9304609298706,16.4280128479004,24.1711807250977,-3.2845249176025404
sub-0092,ses-01,run-03,pain,LOC,4,cueH_stimM,11.827442169189501,1.51341617107391,44.7258377075195,1.410560131073,29.9051856994629,19.0799026489258,60.7513236999512,52.468177795410206,65.16580200195311,38.7624359130859,38.6986312866211,30.4690799713135,62.17597961425779,54.429027557373,69.338752746582,84.9244384765625,73.2097854614258,73.6695098876953,52.01252746582029,52.382205963134794,64.69073486328121,68.9164505004883,52.0938110351562,76.1525344848633,42.2431030273438,52.2332153320312,40.8152465820312,32.9791831970215,40.8814086914062,42.7485961914062,29.4637851715088,14.377060890197802,3.8834807872772203,9.39012718200684,6.06913757324219,-0.173821568489075,10.5455751419067,24.9856014251709,-11.780122756958,-5.923846244812009,-9.10423469543457,-6.44566106796265
sub-0092,ses-01,run-03,pain,LOC,4,cueL_stimM,-3.4251317977905296,-16.348068237304698,1.4422528743743899,-23.449029922485398,19.835773468017603,31.1615295410156,6.40575885772705,19.7656745910645,11.6873044967651,42.9013900756836,53.88671875,20.5166015625,7.2159686088562,12.285449981689501,38.2405433654785,37.150077819824205,34.6350440979004,80.1767501831055,54.2853507995605,36.362419128418004,29.173709869384798,35.652130126953104,11.5970554351807,42.7417144775391,34.834255218505895,33.711677551269496,29.730323791503896,48.3487129211426,41.127647399902294,42.789337158203104,23.4542083740234,13.3979930877686,39.5724868774414,10.692687988281198,22.070251464843803,17.7546424865723,-7.0272312164306605,-11.156787872314501,-20.0676956176758,-4.71489000320435,-8.81842803955078,3.5856361389160196
sub-0092,ses-01,run-03,pain,LOC,4,cueH_stimL,9.89871978759766,3.5517539978027304,-6.4277029037475595,17.6378555297852,-3.82870483398438,-5.23368120193481,8.867634773254391,18.8451919555664,20.488117218017603,29.6634864807129,26.908264160156197,28.412706375122102,67.94455718994139,43.154109954834006,48.1051025390625,10.431981086731,6.4647531509399405,5.3161110877990705,11.326873779296902,13.214485168457001,34.758068084716804,51.620811462402294,65.56088256835939,59.8098831176758,17.211200714111303,43.03080749511721,10.498601913452099,15.981886863708501,40.0394287109375,0.6077234745025629,31.1703453063965,22.6750755310059,53.4573822021484,56.789680480957,42.2085609436035,13.714642524719201,35.5234527587891,25.2932815551758,1.2228357791900601,15.596038818359402,7.6895112991333,9.36647033691406
sub-0092,ses-01,run-03,pain,LOC,4,cueL_stimL,7.06159114837646,1.41183185577393,-2.9402961730957,10.118755340576199,-4.74799156188965,4.60168790817261,-8.97960186004639,-9.164289474487301,4.67007637023926,3.3379385471344,16.163799285888697,16.5887794494629,37.894218444824205,26.523008346557603,6.22922658920288,16.9831962585449,0.182368069887161,22.926156997680696,52.8735580444336,74.9548645019531,78.30706787109379,42.1668701171875,20.222188949585,41.3961029052734,42.4647369384766,17.1680393218994,8.71724510192871,5.754425048828121,1.5819917917251598,-6.657824516296389,0.391891002655029,-17.359910964965803,-6.532038688659671,5.57243156433105,-16.8011226654053,5.883835315704349,-10.3715200424194,-1.0775146484375,-31.820556640625,-35.770320892334,-12.852283477783198,-26.4847717285156
sub-0092,ses-01,run-03,pain,LOC,4,rating,7.16063117980957,13.8411455154419,17.1674175262451,15.743988037109402,21.8907623291016,24.0134963989258,19.649923324585,29.970888137817397,39.7758636474609,33.9258651733398,38.114250183105504,46.814781188964794,35.4105796813965,44.477230072021506,39.9206085205078,45.4580001831055,44.618465423584006,36.8586387634277,39.1578483581543,38.6066436767578,38.5364646911621,24.911174774169897,35.9009590148926,24.957908630371104,17.647144317627,33.245361328125,32.121414184570305,32.2376327514648,28.6993465423584,27.957946777343803,30.271024703979503,36.2617797851562,37.4273338317871,30.5619716644287,20.4494934082031,21.829309463501,13.207462310791,17.9835186004639,17.573871612548803,2.8549807071685804,8.76290607452393,11.8590602874756
sub-0092,ses-01,run-03,pain,LOC,4,cue,16.7105293273926,21.699138641357397,17.4118976593018,5.42708015441895,7.94598579406738,5.85955810546875,5.26487874984741,-1.9053030014038101,2.61808443069458,2.52033805847168,13.39049243927,12.6119728088379,-0.698477983474731,2.8628542423248304,-1.45303058624268,11.4184904098511,1.64795064926147,-5.546002388000491,5.73453807830811,-1.6548881530761699,2.38525676727295,7.600164413452151,2.2157001495361297,14.298668861389197,9.64084339141846,9.51760959625244,8.06043434143066,5.5501399040222195,9.84927463531494,3.85256934165955,3.9459044933319105,-3.8597958087921103,-5.72123050689697,3.11282777786255,0.18190598487854,-6.63524532318115,-15.3094539642334,-10.8435888290405,-11.508119583129899,-4.83651256561279,-1.0230741500854499,3.3786172866821302
sub-0092,ses-01,run-03,pain,LOC,45,cueH_stimH,-17.4285926818848,-22.020498275756804,-40.3014526367188,-33.8439140319824,-50.3972969055176,-46.3975143432617,-43.017208099365206,-31.145940780639602,-35.3326530456543,-28.450231552124,-28.145393371582,-38.205635070800795,-29.3113574981689,-24.7920436859131,-2.0074262619018604,-7.66704225540161,14.8195362091064,15.882439613342301,26.622142791748,27.342348098754897,10.819787025451697,6.74098777770996,19.423204421997102,21.4503173828125,19.5015430450439,4.746453762054441,24.204656600952102,-7.96815299987793,-11.3377017974854,-25.1168727874756,-34.7001152038574,-28.7167987823486,-30.2192440032959,-20.0008716583252,-32.6270217895508,-29.3696994781494,-27.709831237793,-37.612510681152294,-39.2197608947754,-33.618049621581996,-33.803703308105504,-32.1726570129395
sub-0092,ses-01,run-03,pain,LOC,45,cueL_stimH,9.95832824707031,9.16959190368652,22.0100364685059,26.6897125244141,26.7625541687012,29.7885894775391,21.076951980590803,30.283245086669897,22.5642948150635,41.4842567443848,29.1830005645752,19.1579704284668,15.689638137817399,3.96768426895142,-8.88072776794434,7.18227291107178,10.060321807861301,22.7195358276367,7.96695756912231,33.9794769287109,24.4434509277344,37.1471176147461,34.3320121765137,16.7728023529053,24.5514945983887,29.293992996215803,27.0317897796631,22.706518173217802,6.04531288146973,9.82311248779297,20.7108173370361,17.8663654327393,30.366197586059602,22.5042343139648,35.643726348877,28.9847984313965,36.0657386779785,39.0657157897949,34.953010559081996,40.333930969238295,29.069503784179698,24.658226013183604
sub-0092,ses-01,run-03,pain,LOC,45,cueH_stimM,-15.113374710083,-25.409399032592802,-15.201189994812,0.459124088287354,-13.7061405181885,-19.918140411377,2.99722576141357,-3.2466902732849103,9.09913635253906,4.28949069976807,-5.20565938949585,0.9684786796569821,-0.273256778717041,-3.7147231101989706,-15.6906299591064,9.32223224639893,-18.5215244293213,9.53268432617188,1.8271784782409701,2.1128597259521498,-10.3734760284424,-4.347582340240479,-9.794374465942381,-7.52899312973022,-4.340258121490479,-19.2386379241943,-12.922975540161099,-25.152944564819304,-35.0084648132324,-32.9762344360352,-36.907295227050795,-26.6981029510498,-31.613985061645497,-27.5089645385742,-31.9314079284668,-37.8660011291504,-45.5559272766113,-30.2646598815918,-34.5750198364258,-36.0103340148926,-41.08433151245121,-21.9146537780762
sub-0092,ses-01,run-03,pain,LOC,45,cueL_stimM,13.483705520629899,15.996726989746099,22.2261695861816,-3.7213804721832298,27.9507904052734,16.5281200408936,22.563001632690398,18.433179855346697,22.787099838256804,24.462965011596697,65.01303100585939,28.093341827392603,44.9391975402832,26.990037918090803,62.176597595214794,41.3337821960449,30.5358505249023,48.2803421020508,68.8568572998047,44.1145896911621,40.935699462890604,24.106260299682603,1.6728804111480702,16.9310035705566,23.7284507751465,31.473115921020497,55.9000930786133,34.7728271484375,41.093601226806605,52.082790374755895,46.6730880737305,41.788818359375,51.6355171203613,50.910285949707,37.3950424194336,39.7637214660645,43.711483001709006,28.7619743347168,16.905658721923803,8.16769218444824,17.5308227539062,10.662010192871099
sub-0092,ses-01,run-03,pain,LOC,45,cueH_stimL,35.5000343322754,32.2858047485352,23.6365814208984,22.108495712280302,27.1938171386719,32.3110771179199,10.4112987518311,34.593982696533196,38.9913673400879,42.758693695068395,32.0432739257812,42.244384765625,51.8216400146484,10.3308229446411,18.7620220184326,-8.171482086181639,-10.036094665527301,6.120892524719241,-8.56253242492676,5.454909801483151,27.1439533233643,23.824285507202102,22.9130420684814,-2.5156512260437003,-17.1132907867432,-23.6420078277588,-23.4965553283691,-38.188774108886705,-41.6399345397949,-41.0881767272949,-33.1089286804199,-14.792005538940401,-2.2945976257324197,1.58704721927643,8.14315700531006,-1.8478404283523602,3.9847021102905296,-10.250787734985401,-13.522366523742699,-25.998775482177702,-11.716329574584998,-16.6582984924316
sub-0092,ses-01,run-03,pain,LOC,45,cueL_stimL,8.243894577026369,31.7019119262695,30.0331172943115,26.875581741332997,19.1971187591553,35.9699554443359,20.571975708007802,35.2898406982422,15.9956884384155,27.8894577026367,18.402629852294897,24.587461471557603,35.6496238708496,24.856054306030302,22.879697799682603,26.5514450073242,6.63590002059937,5.13712882995605,0.5280842781066889,-17.0685062408447,22.9657096862793,26.9896049499512,9.14488983154297,20.312932968139602,24.572586059570302,30.1271667480469,15.7887668609619,6.207688331604,10.8299341201782,2.67706727981567,1.79265093803406,13.778831481933599,24.3144264221191,20.3122253417969,18.5919151306152,18.0100135803223,22.123802185058604,26.2724533081055,25.692626953125,57.0773315429688,40.313117980956996,26.2458572387695
sub-0092,ses-01,run-03,pain,LOC,45,rating,-12.9910545349121,-16.6385650634766,-18.369318008422898,-14.875724792480499,-13.450442314147901,-14.199921607971199,-9.786200523376461,-8.05019569396973,-12.756863594055199,-9.706501960754391,-8.37385559082031,-10.7191963195801,-15.3215322494507,-14.7737369537354,-12.2962493896484,-3.4358367919921897,-5.3595299720764205,-1.03923583030701,3.13791465759277,4.43944549560547,5.1688985824585005,-2.76988649368286,1.21730184555054,-3.74001979827881,-12.5860939025879,-13.0140895843506,-14.4142513275146,-19.1774959564209,-14.8958473205566,-9.842794418334961,-16.1531715393066,-12.7300357818604,-8.84359836578369,-13.1110935211182,-7.339980602264401,-9.05866241455078,-8.850831985473631,-13.7646036148071,-1.20511531829834,-5.53200817108154,-5.665637016296389,-4.57302379608154
sub-0092,ses-01,run-03,pain,LOC,45,cue,17.047588348388697,12.8397789001465,15.563943862915002,11.1597423553467,17.3002243041992,16.8837108612061,18.6207962036133,22.7362365722656,29.3702201843262,27.8345680236816,31.414213180542003,36.124229431152294,35.6113128662109,34.0738143920898,35.5578002929688,48.9993782043457,47.9074363708496,54.0354881286621,50.3870429992676,53.5408248901367,51.5761375427246,48.076999664306605,42.9182891845703,36.8520011901855,21.757469177246104,15.354485511779801,3.984450340271,3.8555135726928698,-4.16382932662964,5.12580013275146,3.4801790714263903,-2.4799427986144997,-12.2549095153809,-4.818245887756349,4.35667371749878,-7.83015441894531,-0.9053453207015991,3.9791707992553698,0.766131401062012,4.0987377166748,-9.13584518432617,-6.47147274017334
sub-0092,ses-01,run-03,pain,LOC,46,cueH_stimH,-43.4019546508789,-32.773185729980504,-35.0764770507812,-36.558986663818395,-32.5079727172852,-27.6906623840332,-24.5366516113281,-26.1808929443359,-14.380925178527802,-14.3004055023193,6.13718938827515,25.697872161865202,31.5262985229492,35.311794281005895,53.6185646057129,34.4653549194336,60.5634918212891,72.4092102050781,44.11946105957029,55.816734313964794,55.348018646240206,56.580936431884794,69.1790313720703,92.5203323364258,80.88380432128909,91.4516983032227,72.33909606933591,65.3485565185547,64.7211990356445,48.2771797180176,45.5264778137207,35.492992401123,30.363328933715803,18.2309131622314,24.4998474121094,29.677553176879897,22.557992935180696,4.65986967086792,-1.44244921207428,-1.18894982337952,-0.906384944915771,7.76469612121582
sub-0092,ses-01,run-03,pain,LOC,46,cueL_stimH,8.41826629638672,11.254148483276401,20.568923950195302,14.1002655029297,7.05857419967651,32.172882080078104,16.666633605957,13.540190696716301,20.1452522277832,35.4390640258789,16.363763809204098,31.5178394317627,33.8807945251465,36.146110534668004,56.3587646484375,53.0267753601074,53.5986328125,66.99301147460939,74.025993347168,70.72557067871091,64.97964477539061,74.01698303222659,64.57327270507811,69.4994277954102,60.607749938964794,64.0032958984375,47.6696434020996,48.944820404052706,27.8138809204102,18.4791412353516,15.1490640640259,9.25066757202148,12.0662393569946,7.6510105133056605,1.3663039207458503,1.18759918212891,1.9241561889648402,12.0665283203125,5.42636346817017,19.1201133728027,13.104522705078098,-3.8916339874267596
sub-0092,ses-01,run-03,pain,LOC,46,cueH_stimM,4.25547313690186,4.93773889541626,29.946231842041,22.263013839721697,12.4230499267578,13.1043186187744,24.7988357543945,20.5461692810059,30.5174827575684,31.769367218017603,47.98371887207029,51.712928771972706,62.943199157714794,68.5512771606445,70.4877471923828,78.2916717529297,67.8266067504883,69.6839447021484,72.29347229003909,80.2476577758789,91.0524673461914,77.8869400024414,75.3589859008789,69.05319976806639,63.149662017822294,55.0812644958496,52.9965476989746,38.653736114502,28.6874465942383,25.1357021331787,24.5274257659912,17.5664215087891,19.4042911529541,8.2248010635376,-10.7915811538696,-18.8437900543213,-19.8811721801758,-18.2769985198975,-26.2219638824463,-10.531457901001,-21.7089462280273,-15.721446990966802
sub-0092,ses-01,run-03,pain,LOC,46,cueL_stimM,7.69506072998047,13.528056144714402,8.67637729644775,13.8931941986084,18.479701995849602,16.9036979675293,19.4585456848145,15.338707923889197,20.8761386871338,32.7951850891113,39.8957939147949,2.90521144866943,14.5102882385254,38.427742004394496,49.0213012695312,49.25883483886721,45.6538238525391,66.0196914672852,62.376434326171896,55.447193145752,40.4782295227051,36.925933837890604,36.8691749572754,40.357368469238295,48.7192230224609,46.493202209472706,51.4938735961914,50.7475357055664,39.5487632751465,36.2961883544922,33.016956329345696,20.1898345947266,33.9793930053711,31.259708404541,7.6925754547119105,0.0916457176208496,-8.82637023925781,-22.5994033813477,-29.1834182739258,-25.016141891479503,-32.985706329345696,-33.1888809204102
sub-0092,ses-01,run-03,pain,LOC,46,cueH_stimL,15.671642303466802,20.0804557800293,10.300424575805698,13.4791784286499,7.91619777679443,6.887629508972171,29.6777992248535,24.956497192382802,19.3217830657959,46.1159515380859,40.362232208252,9.09101581573486,42.262535095214794,28.0060863494873,15.862788200378402,33.482170104980504,2.8511824607849103,14.1095743179321,25.7941551208496,33.3778915405273,47.125091552734396,67.6971282958984,76.0784606933594,54.3433418273926,39.490997314453104,21.3698997497559,24.459758758544897,19.6310501098633,27.2656307220459,24.94997215271,21.5235786437988,23.182638168335,37.3793334960938,40.026054382324205,22.7034912109375,13.0410480499268,7.61910057067871,3.76869535446167,-9.60987758636475,-3.27336144447327,-3.67481756210327,-9.72982501983643
sub-0092,ses-01,run-03,pain,LOC,46,cueL_stimL,-3.9541225433349596,14.774645805358901,-5.28914928436279,4.780603408813481,1.01878690719604,11.5711059570312,-11.1472578048706,-2.7645788192749,-3.70275926589966,4.82867097854614,8.75540351867676,8.93247890472412,27.8450756072998,20.259365081787102,11.931628227233901,24.805692672729503,35.358070373535206,33.5732002258301,45.444896697998,51.2215995788574,60.98677062988279,59.4186515808105,57.253623962402294,68.1940994262695,63.382381439209006,42.8605461120605,25.6204109191895,24.7766990661621,7.83912658691406,1.22470808029175,6.10303592681885,5.4544367790222195,4.95679426193237,9.46113014221191,-1.76267719268799,-6.97764587402344,-3.20349216461182,-9.67682647705078,-0.24609375,-17.7105407714844,-19.4924850463867,4.27599430084229
sub-0092,ses-01,run-03,pain,LOC,46,rating,0.730310320854187,1.7986844778060902,3.33590126037598,13.5900049209595,15.9555406570435,19.7857627868652,20.111255645752,28.901203155517603,32.5364608764648,28.638744354248,26.1483726501465,29.2910041809082,27.8329296112061,26.984642028808604,26.555549621582,25.358642578125,26.877380371093803,29.9561576843262,32.3573379516602,31.6019973754883,29.2991962432861,32.5842437744141,29.7114086151123,28.213838577270497,19.871826171875,25.6786842346191,26.6563720703125,25.431579589843803,29.1000061035156,26.079895019531197,22.932138442993196,23.5380535125732,20.3757362365723,18.7426738739014,10.3173961639404,10.2123308181763,13.958860397338901,14.7196617126465,13.192770004272498,15.875205993652301,9.328554153442381,10.954395294189501
sub-0092,ses-01,run-03,pain,LOC,46,cue,16.2154884338379,13.7892017364502,19.07350730896,19.129837036132802,12.296278953552198,11.9423122406006,12.725775718689,7.78145313262939,15.3688411712646,9.12638568878174,17.1696510314941,17.0068473815918,8.17002487182617,5.4054684638977095,7.442425727844241,11.845799446106,10.778211593627901,11.3431854248047,20.631900787353498,26.827522277832,25.4302635192871,27.416015625,22.2602462768555,12.1266317367554,8.162538528442381,6.3679370880127,-3.68078565597534,4.5898323059082005,-2.63280296325684,-11.7375831604004,-7.00974082946777,-4.052362442016601,-10.1347026824951,1.9829564094543501,4.93290615081787,-8.08726501464844,3.5040335655212402,8.86368274688721,5.6413059234619105,12.323770523071301,15.381571769714402,5.998371124267581
sub-0092,ses-01,run-04,vicarious,LOC,279,cueH_stimH,3.15708804130554,8.85533714294434,6.74763917922974,12.6728258132935,12.8574314117432,10.230147361755401,28.1320419311523,15.7639579772949,23.8466110229492,34.363796234130895,20.1465969085693,31.3831958770752,15.0813703536987,48.5683097839355,11.527452468872099,41.2537422180176,24.2642307281494,51.235042572021506,20.7392272949219,36.8045539855957,22.790025711059602,20.7252140045166,9.70768642425537,26.3594818115234,1.8542883396148702,13.388146400451697,8.94460773468018,16.735782623290998,6.439471244812009,16.774583816528303,9.45911407470703,14.8513832092285,8.75525569915771,21.2116546630859,14.3069267272949,29.805789947509798,23.8682422637939,17.7861061096191,19.2288436889648,-7.92769718170166,-6.105865478515621,-7.84891510009766
sub-0092,ses-01,run-04,vicarious,LOC,279,cueL_stimH,14.8346643447876,11.227768898010302,8.79031276702881,16.3458385467529,0.117543578147888,4.26250314712524,5.67395448684692,16.2773399353027,13.0108642578125,15.527247428894,24.666114807128896,47.382198333740206,23.283578872680696,44.8637504577637,42.0591468811035,52.3518600463867,40.19862747192379,57.377376556396506,34.383743286132805,55.3980903625488,37.6406745910645,36.6451301574707,26.6350021362305,21.6677780151367,2.01155519485474,10.6308860778809,-6.09313821792603,-0.683506011962891,0.24075603485107397,-2.43247509002686,-13.3568363189697,1.6296672821044902,-14.217308044433599,13.0858154296875,-13.896018981933599,5.70181655883789,-23.943246841430696,-14.0432071685791,-27.616329193115202,-24.3207492828369,-33.6203117370605,-26.611427307128896
sub-0092,ses-01,run-04,vicarious,LOC,279,cueH_stimM,3.7650537490844704,-0.334487438201904,-11.937259674072301,-3.1999585628509504,-8.31501770019531,-17.3169364929199,-12.564753532409698,-7.1239519119262695,-14.2029581069946,4.972352027893071,16.0347290039062,14.7220726013184,39.990692138671896,20.8535003662109,40.674201965331996,39.2519569396973,35.599250793456996,40.859992980956996,33.466316223144496,25.2872428894043,27.444709777832,16.4468040466309,7.17873477935791,15.110131263732901,11.600852966308599,21.2805290222168,3.56565570831299,7.36111307144165,-1.60438716411591,-2.97915863990784,-4.82019996643066,2.28284740447998,6.08001518249512,6.401221752166751,3.5195164680480997,9.210734367370609,11.398801803588901,12.4131078720093,-3.22679710388184,11.3878879547119,2.7404632568359397,13.7794198989868
sub-0092,ses-01,run-04,vicarious,LOC,279,cueL_stimM,7.3166399002075195,22.8902645111084,22.345378875732397,17.336986541748,8.10939025878906,11.6086273193359,24.200481414794897,15.583867073059098,43.601837158203104,31.571588516235398,51.4759521484375,24.560241699218803,55.988597869873,31.5550174713135,60.793731689453104,37.4602851867676,59.031253814697294,36.374828338623,59.355430603027294,41.949897766113295,48.604923248290994,19.046459197998,27.251632690429698,18.4606323242188,17.597736358642603,6.4376316070556605,16.5444641113281,19.203971862793,13.1031856536865,7.3938093185424805,15.116395950317399,6.29502010345459,20.3123626708984,-2.86508750915527,9.391357421875,7.58169174194336,11.1154022216797,4.16469621658325,16.2062854766846,9.65431594848633,25.5860900878906,25.059452056884798
sub-0092,ses-01,run-04,vicarious,LOC,279,cueH_stimL,2.6185297966003396,-9.4975471496582,-4.4512224197387695,-8.13740921020508,1.98787450790405,3.91138601303101,6.68821096420288,-2.06062197685242,13.129894256591802,6.30306482315063,17.2706928253174,23.134037017822298,42.4738273620605,26.0230445861816,41.2396125793457,51.2552719116211,53.4291839599609,53.150974273681605,49.9309272766113,52.984012603759794,41.573802947998,40.3215370178223,28.723922729492198,24.6641826629639,8.38979434967041,20.8354606628418,7.99843692779541,9.38760089874268,4.17377948760986,6.704546928405759,-19.8176040649414,5.99555158615112,-19.4968528747559,-0.537407875061035,-1.32196950912476,5.4865217208862305,-3.8672890663147004,2.1044325828552197,-2.05041027069092,6.890069961547849,-10.527029037475598,0.584197998046875
sub-0092,ses-01,run-04,vicarious,LOC,279,cueL_stimL,9.34058380126953,16.5965042114258,-3.22260928153992,17.689037322998,-8.03404808044434,18.1494407653809,5.97640323638916,6.70943021774292,17.1122455596924,10.4921455383301,36.336727142334,26.5427227020264,25.4227447509766,32.5184707641602,42.726753234863295,36.819793701171896,31.544420242309602,37.3262786865234,38.8308219909668,27.9524803161621,24.873210906982397,17.5656394958496,22.096376419067397,12.4152584075928,17.320411682128903,18.5009479522705,26.796932220459,7.268530368804929,27.250408172607397,4.85143089294434,17.375373840332,2.2178592681884797,10.9759769439697,3.9493560791015603,16.472900390625,-27.226675033569304,-14.038813591003402,-28.344409942627,-19.016672134399396,-11.665403366088901,-18.880788803100604,14.8246364593506
sub-0092,ses-01,run-04,vicarious,LOC,279,rating,3.0847215652465803,4.51054811477661,7.40646743774414,10.2341718673706,8.25182628631592,7.4205636978149405,3.54831647872925,8.972784996032711,7.192172050476071,13.927375793457001,14.329486846923801,14.8094539642334,18.0389766693115,20.581369400024396,19.0604476928711,16.701881408691403,22.8066349029541,20.140451431274396,23.557487487793,20.27219581604,21.7231750488281,21.4202442169189,16.7720947265625,16.673713684082,9.921067237854,1.48498487472534,2.1112298965454097,-1.29231929779053,1.83357274532318,0.213780403137207,-3.07180666923523,-1.08614921569824,-4.11501693725586,-8.69084167480469,-4.77667045593262,-9.4128303527832,-12.4039459228516,-9.00168991088867,-12.1210479736328,-11.9757499694824,-7.92692756652832,-9.71017646789551
sub-0092,ses-01,run-04,vicarious,LOC,279,cue,12.985757827758801,12.278919219970698,18.8287353515625,13.747903823852502,14.2340955734253,12.3714256286621,10.2639169692993,4.05766439437866,1.73864221572876,13.355937004089402,11.5982027053833,16.8359050750732,18.5022277832031,15.133197784423801,19.312534332275398,14.516727447509801,15.8170709609985,16.5222873687744,16.225904464721697,6.93472671508789,18.231559753418,12.2571144104004,11.420352935791,8.89223957061768,1.29052877426147,-1.55220985412598,-2.54386043548584,-6.0404987335205105,-8.4243631362915,-15.8648109436035,-10.678013801574698,-6.6286106109619105,-10.5618772506714,-5.84322595596313,-9.76069259643555,-4.343833923339839,-12.2930755615234,4.6585588455200195,-4.17325162887573,2.88210535049438,-8.56981086730957,9.17758083343506
sub-0092,ses-01,run-04,vicarious,LOC,280,cueH_stimH,9.03108978271484,-4.22752952575684,4.60490036010742,2.8038337230682404,9.89832019805908,23.219022750854503,25.7248878479004,37.2743148803711,48.58366394042971,44.42036437988279,40.1361541748047,30.8751525878906,54.4028472900391,40.61793899536129,60.3049736022949,46.6136245727539,66.5954132080078,48.869758605957,66.0349578857422,47.862377166748,56.7032699584961,40.7987098693848,48.96903991699221,47.9741439819336,38.443489074706996,31.8104305267334,19.496425628662102,14.6192474365234,6.08497858047485,19.712711334228498,19.6512222290039,20.454626083374,25.5023250579834,24.181631088256804,31.9170112609863,25.0846099853516,23.006832122802702,20.7425765991211,7.32769775390625,5.57300567626953,-4.13556671142578,-8.40030670166016
sub-0092,ses-01,run-04,vicarious,LOC,280,cueL_stimH,24.2143936157227,33.884765625,37.763999938964794,41.6339836120605,34.1015129089355,27.1291770935059,37.7283172607422,38.8917808532715,50.529369354248,46.4474945068359,62.281223297119105,58.6240310668945,68.76699066162111,60.1914863586426,78.68121337890621,81.5272979736328,90.6190414428711,87.7564010620117,100.407333374023,90.2527236938477,87.1935806274414,76.4726181030273,68.96676635742189,48.550994873046896,48.2953033447266,19.8557949066162,27.2891139984131,10.076512336731,10.5670471191406,-17.4221115112305,-12.2953453063965,-19.2104473114014,-25.2214202880859,-22.416091918945302,-16.0670585632324,-34.946681976318395,-39.4105377197266,-42.6787719726562,-52.8037643432617,-57.298282623290994,-52.7466506958008,-45.52226257324221
sub-0092,ses-01,run-04,vicarious,LOC,280,cueH_stimM,-21.8704128265381,-24.5262107849121,-30.4448127746582,-23.871156692504897,-18.7661018371582,-12.509005546569801,-21.1301155090332,-13.060481071472198,4.90028190612793,6.824748992919919,24.7573356628418,31.7628746032715,36.270576477050795,64.892692565918,55.4244232177734,63.11320495605471,74.1104507446289,71.2935562133789,74.7317886352539,63.2366714477539,81.8733901977539,71.6260757446289,64.40219879150389,58.6385269165039,63.9253921508789,45.4334564208984,34.060272216796896,11.328775405883801,-1.63050675392151,-7.85645866394043,-14.9521999359131,-14.7498512268066,-11.626514434814501,-6.6620512008667,-12.7887477874756,-3.5205364227294904,-2.48715686798096,4.8945198059082005,5.4579963684082005,-1.12017822265625,14.2828826904297,10.2681083679199
sub-0092,ses-01,run-04,vicarious,LOC,280,cueL_stimM,25.9159507751465,26.266149520874,23.587060928344698,27.3521423339844,20.939296722412102,34.2634124755859,39.8954963684082,47.393001556396506,45.788932800293,68.5509490966797,55.1210746765137,82.1173095703125,59.87406921386721,87.50985717773442,79.8647537231445,103.37888336181601,96.3967971801758,111.96573638916,107.19945526123001,98.6639633178711,92.0797500610352,84.7305374145508,82.7994766235352,79.3466415405273,81.3947677612305,66.74777984619139,67.79525756835939,61.7515182495117,64.5223922729492,55.40812683105471,50.185031890869105,49.2791976928711,53.441097259521506,26.000305175781197,33.386775970459,30.405906677246104,25.152893066406197,34.4885406494141,35.899566650390604,56.1033401489258,48.8587799072266,63.4047966003418
sub-0092,ses-01,run-04,vicarious,LOC,280,cueH_stimL,-8.14649391174316,-7.1275138854980495,-14.692394256591802,-13.0142602920532,2.31970882415771,-8.10331630706787,-0.862055420875549,15.4316062927246,18.624557495117198,27.111061096191396,24.236915588378896,50.416862487793,58.2175369262695,71.6035995483398,70.7571640014648,80.8628463745117,85.45928955078121,80.5721054077148,96.1017227172852,80.5739288330078,93.6678848266602,68.2149658203125,69.9069976806641,60.4441986083984,53.9800834655762,37.6564788818359,40.55198287963871,24.542644500732397,18.169849395752,-6.71211767196655,3.60222053527832,-22.5821914672852,-9.51919555664062,-20.8976726531982,-6.30743598937988,-17.9968223571777,-8.11505126953125,-19.253591537475604,-10.935655593872099,-14.603014945983901,-19.1009273529053,-7.52851867675781
sub-0092,ses-01,run-04,vicarious,LOC,280,cueL_stimL,15.5843772888184,6.04907751083374,14.0926570892334,4.2686882019042995,21.734748840332,2.30823230743408,23.8263130187988,21.0261249542236,32.9577598571777,28.9540100097656,50.3031616210938,62.814781188964794,67.9168701171875,56.3491287231445,69.68048095703121,79.0470275878906,75.2364883422852,80.36427307128909,87.63589477539058,68.8089065551758,65.4183731079102,62.083591461181605,63.990852355957,51.07673645019529,60.1751594543457,55.563381195068395,39.4903526306152,47.77021789550779,36.668361663818395,34.9563789367676,23.949209213256804,23.4938659667969,8.879150390625,18.7229919433594,-1.180419921875,-5.77032279968262,-24.3763542175293,-12.6430492401123,-10.7263212203979,-10.3356971740723,-7.2022199630737305,-2.53311967849731
sub-0092,ses-01,run-04,vicarious,LOC,280,rating,5.19578218460083,4.80583953857422,10.600444793701199,6.103633880615231,9.56989002227783,5.08523941040039,8.60004425048828,6.28905487060547,11.139522552490199,11.9659261703491,19.7669677734375,20.3794536590576,23.838556289672898,21.328592300415,19.2753295898438,23.3633651733398,23.406883239746104,27.7530174255371,25.4032764434814,27.784622192382802,24.4596157073975,26.469274520874,25.1555881500244,22.0669860839844,9.00721740722656,5.23337650299072,3.1734218597412096,1.12474751472473,4.523565769195559,3.45890927314758,3.32364821434021,3.15092658996582,-0.0741967260837555,-0.0383796691894531,-3.8339319229126,-6.61564064025879,-6.397891998291019,-10.4852142333984,-9.45904541015625,-12.924121856689501,-9.91159439086914,-10.435554504394501
sub-0092,ses-01,run-04,vicarious,LOC,280,cue,21.6979026794434,23.6290588378906,29.8753089904785,28.7060699462891,19.9489803314209,22.212011337280302,11.2543621063232,9.11349391937256,8.8075008392334,18.3066082000732,20.662298202514602,29.1016159057617,32.617195129394496,34.7834854125977,30.1927490234375,28.888250350952102,22.0997047424316,27.0333766937256,21.7038917541504,22.4152450561523,18.934440612793,21.1317043304443,10.431607246398901,8.47408771514893,7.18023443222046,-1.33828592300415,-9.05773830413818,-11.980072021484402,-18.6306095123291,-19.8868370056152,-18.2032508850098,-19.565607070922898,-17.949565887451197,-15.9752769470215,-10.7011423110962,-21.473831176757802,-12.5230979919434,-20.9174175262451,-6.32707643508911,-16.7388114929199,-4.86814498901367,-9.27299404144287
sub-0092,ses-01,run-04,vicarious,LOC,281,cueH_stimH,25.282409667968803,9.40005493164062,1.2375066280365001,16.3095569610596,13.830912590026902,13.3989572525024,26.0429878234863,30.7928810119629,41.7658233642578,24.230131149292003,32.269435882568395,28.9573249816895,47.228214263915994,31.4175834655762,14.918079376220698,17.2315635681152,34.8721580505371,42.6205406188965,34.9722480773926,26.6688556671143,26.645202636718803,6.98193168640137,16.670467376709002,8.99332523345947,22.712360382080103,11.1756410598755,7.44336462020874,21.634340286254897,0.8974709510803219,1.04438495635986,14.308778762817399,6.1426100730896,13.0878143310547,21.1554794311523,27.4626617431641,8.56831550598145,33.2323608398438,15.033409118652301,7.37426853179932,-5.18943119049072,-0.700397491455078,-11.231575012207001
sub-0092,ses-01,run-04,vicarious,LOC,281,cueL_stimH,33.294303894043004,23.7471008300781,24.372146606445302,15.6853761672974,26.325731277465803,27.7500324249268,29.474422454834,20.2598915100098,40.2082748413086,25.062646865844698,43.7503433227539,43.8787651062012,53.5192451477051,46.578041076660206,50.774486541748,62.458919525146506,59.4545745849609,58.6000556945801,52.297908782959006,44.7679977416992,51.5801277160645,39.040863037109396,43.3742866516113,18.067180633544897,17.006980895996097,16.5194721221924,8.849283218383789,7.5439157485961905,-2.35115623474121,1.32685661315918,0.835163116455078,-9.069070816040039,2.12454986572266,-5.9503898620605495,9.80615615844727,2.7906036376953103,-15.8139476776123,-29.164630889892603,-39.2089881896973,-38.6720733642578,-21.749515533447298,-31.2565593719482
sub-0092,ses-01,run-04,vicarious,LOC,281,cueH_stimM,-9.01539516448975,-19.4835643768311,-15.519491195678699,-10.247594833374,-11.4183893203735,-26.9484691619873,-11.0072727203369,-1.09643006324768,-21.881860733032198,-1.7517170906066901,19.994571685790998,11.9853420257568,11.684419631958,36.720516204834,30.922534942627,20.2823371887207,34.8975677490234,34.7884368896484,28.7740325927734,27.8372650146484,18.278450012207,6.697490692138669,16.525005340576197,19.5866470336914,12.817943572997999,15.011943817138699,23.237157821655302,-0.5299754142761229,2.4384310245513903,0.678197860717773,1.3774847984313998,-13.7689266204834,-2.03242254257202,7.77013826370239,3.09854793548584,8.71330070495605,-2.92105770111084,8.837198257446289,9.82489776611328,5.77460479736328,18.785400390625,3.9254112243652304
sub-0092,ses-01,run-04,vicarious,LOC,281,cueL_stimM,16.6324424743652,27.2760353088379,27.05517578125,21.7091598510742,32.6276512145996,24.048131942749,22.9154319763184,42.7960205078125,24.072576522827102,45.006778717040994,44.233184814453104,53.5468559265137,49.948413848877,43.6279067993164,52.8262786865234,43.6602592468262,51.9591407775879,48.940799713134794,52.7119636535645,41.4732055664062,39.974128723144496,28.1677780151367,25.751632690429698,32.464035034179695,32.420764923095696,39.9543914794922,37.8269500732422,29.0885925292969,49.000762939453104,31.1224479675293,28.1928329467773,38.5979995727539,52.8042182922363,20.369699478149396,31.366638183593803,25.8772468566895,15.7727737426758,35.176586151123,21.780578613281197,42.848258972168004,31.906717300415,40.3872489929199
sub-0092,ses-01,run-04,vicarious,LOC,281,cueH_stimL,-3.5402798652648904,-7.0372486114502,-10.3885612487793,-20.529878616333,2.16499519348145,2.7232437133789102,-3.88717865943909,7.89368343353271,9.533323287963869,9.46466159820557,14.7038307189941,36.620304107666,38.5331687927246,27.5813102722168,34.995021820068395,46.0986251831055,48.370491027832,41.0250968933105,45.907806396484396,31.840759277343803,39.4457969665527,20.7241191864014,22.9350929260254,23.691608428955103,18.4607620239258,5.5498161315917995,20.5402908325195,1.01355850696564,8.95342922210693,-11.346198081970199,-5.450427055358889,-1.55219388008118,-5.50234603881836,-15.4244832992554,-0.775537014007568,1.28142738342285,-6.518024444580081,2.81405258178711,2.8768711090087904,-3.5783891677856405,-4.76970100402832,1.39036560058594
sub-0092,ses-01,run-04,vicarious,LOC,281,cueL_stimL,6.458447933197019,9.34976005554199,5.1512155532836905,-4.40285015106201,-2.03679895401001,3.06586837768555,19.7736740112305,27.144363403320302,11.126213073730499,13.9281959533691,19.117174148559602,44.0579223632812,36.0242576599121,35.9432487487793,47.239871978759794,41.5702972412109,36.947170257568395,48.1530227661133,44.61296081542971,40.3449592590332,34.2906455993652,22.940109252929698,11.613640785217301,29.0381889343262,15.409149169921902,32.6214179992676,18.3940734863281,26.1949310302734,20.3092937469482,24.6397323608398,21.4507846832275,17.8441848754883,16.6015625,18.0795974731445,11.4339599609375,-2.30893063545227,17.433355331420902,6.9519758224487305,4.746024131774901,-3.2412183284759504,-9.0894021987915,-7.02613306045532
sub-0092,ses-01,run-04,vicarious,LOC,281,rating,1.88160824775696,5.99520444869995,4.98415660858154,6.5329451560974094,13.4017553329468,6.386441230773929,10.717750549316401,10.9813842773438,12.6796455383301,14.818956375122099,13.5299558639526,13.5316219329834,17.4493007659912,16.930685043335,14.907371520996099,20.1429977416992,16.0454177856445,16.3434162139893,16.738899230957,18.4435501098633,18.2844829559326,23.2322082519531,18.6274566650391,17.704683303833,9.66535568237305,1.9063258171081499,1.9590749740600601,-0.545676350593567,-2.64271354675293,-2.0508182048797603,-2.4996180534362797,-5.098803520202639,-4.50766849517822,-8.1572322845459,-6.068331718444821,-11.471755027771001,-8.861063957214359,-11.8753147125244,-7.9692487716674805,-9.34896755218506,-10.609149932861301,-7.25280857086182
sub-0092,ses-01,run-04,vicarious,LOC,281,cue,11.2688770294189,13.545257568359402,21.8560447692871,16.3292846679688,12.565084457397498,25.288215637207,16.383113861084002,12.484673500061,8.448032379150389,19.440198898315398,14.4592742919922,16.927848815918,24.2855205535889,23.8966331481934,22.3151321411133,25.7495231628418,26.500324249267603,27.500930786132802,17.7674655914307,14.8958473205566,21.4830627441406,20.734689712524396,10.7330904006958,2.5555429458618195,3.0681738853454603,-9.21605110168457,-14.9726915359497,-15.611900329589801,-19.836595535278303,-23.3421230316162,-19.501323699951197,-15.853617668151902,-12.186159133911099,-11.4314794540405,-5.01464605331421,-17.3646450042725,-8.22748184204102,0.39699757099151595,0.969237923622131,-0.6437649726867679,-6.874446868896481,6.409255504608151
sub-0092,ses-01,run-04,vicarious,LOC,282,cueH_stimH,9.72392559051514,-2.27010154724121,24.197750091552702,11.1733055114746,5.24475765228271,7.09239149093628,19.4338912963867,-13.835706710815401,14.749645233154302,-0.492624998092651,12.2563056945801,-4.36725473403931,0.9618407487869259,24.2871112823486,34.2912750244141,15.8856678009033,16.2773323059082,32.596832275390604,32.2629013061523,28.509929656982397,39.351997375488295,18.1474628448486,38.648532867431605,44.7223587036133,43.31169128417971,38.8225135803223,31.929397583007802,3.1970458030700697,4.3671178817749,31.502138137817397,37.6450042724609,38.3032646179199,22.8898735046387,33.846378326416,44.9975051879883,39.535881042480504,18.527025222778303,40.4825897216797,15.3073892593384,32.6918754577637,11.4993438720703,28.8434562683105
sub-0092,ses-01,run-04,vicarious,LOC,282,cueL_stimH,3.27823758125305,-2.85878276824951,6.81815147399902,9.20831298828125,7.42929601669312,-6.722021579742429,-4.29469299316406,-0.0512518882751465,12.265382766723599,16.376895904540998,14.2159061431885,29.063817977905302,32.247097015380895,44.9783248901367,37.7798919677734,43.532386779785206,47.959789276123,49.742580413818395,57.9704742431641,53.5120506286621,54.87263488769529,50.954166412353494,43.3594970703125,38.7758293151855,35.0638961791992,21.6519050598145,26.7068653106689,-2.64746809005737,1.3202419281005902,-2.93925285339355,-22.4813423156738,-12.952596664428699,-8.47589111328125,-5.94321060180664,-15.944873809814501,3.67375946044922,-10.842248916626,-24.205419540405302,-15.481728553772,-27.2831249237061,-22.1773662567139,-31.584398269653303
sub-0092,ses-01,run-04,vicarious,LOC,282,cueH_stimM,-2.34368181228638,-19.0110988616943,-20.390071868896502,-11.564960479736301,-4.55060577392578,0.698189258575439,12.071160316467301,-0.5093364715576171,11.7581615447998,17.4337310791016,34.6911659240723,38.2434043884277,43.355987548828104,43.142219543457,46.5174026489258,48.984649658203104,55.1089286804199,55.4020195007324,48.5393486022949,59.461097717285206,62.565338134765604,55.2269706726074,20.490407943725604,35.818153381347706,36.890419006347706,51.5365409851074,26.4298629760742,12.233744621276902,3.64997601509094,21.4147911071777,10.9914064407349,13.1656436920166,14.964961051940902,28.828186035156197,20.5081424713135,17.4042587280273,27.3176193237305,10.5862607955933,-3.63923835754395,16.3383636474609,10.7313919067383,20.997144699096697
sub-0092,ses-01,run-04,vicarious,LOC,282,cueL_stimM,12.098593711853,25.552442550659197,23.9479827880859,23.5187091827393,15.0834865570068,19.8827018737793,17.7129173278809,27.7363338470459,18.0397567749023,33.421638488769496,40.404502868652294,48.041419982910206,46.055824279785206,47.751956939697294,51.825954437255895,52.78410339355471,64.9371490478516,83.3674011230469,75.9352493286133,57.35173034667971,73.6967010498047,63.3729934692383,63.3591156005859,60.1755523681641,55.64350891113279,38.983669281005895,69.10189819335939,49.4817771911621,62.4747848510742,58.7537155151367,50.0810661315918,52.9004898071289,64.057373046875,52.5675659179688,41.715358734130895,43.1013259887695,47.7194595336914,48.507450103759794,27.163064956665,38.011058807373,29.7142639160156,23.521198272705103
sub-0092,ses-01,run-04,vicarious,LOC,282,cueH_stimL,-2.8823437690734903,-15.302476882934599,-0.9025028347969059,-10.9428958892822,1.4457302093505902,-31.4138011932373,12.2359094619751,1.9760842323303203,6.59885025024414,12.536277770996099,17.2696857452393,24.907531738281197,30.4445476531982,29.996244430542003,56.6355781555176,42.128898620605504,58.3553123474121,56.611412048339794,53.280391693115206,45.8024978637695,57.6317672729492,46.017951965332,37.7290191650391,43.2789154052734,33.623542785644496,32.7829627990723,28.118591308593803,15.177650451660199,6.139550685882571,6.57298946380615,18.895206451415998,7.67601013183594,2.36512613296509,11.511333465576199,9.88850402832031,-5.15087223052979,3.8457846641540496,2.62734889984131,4.22808742523193,12.264514923095698,5.727178573608401,7.77982330322266
sub-0092,ses-01,run-04,vicarious,LOC,282,cueL_stimL,2.80561447143555,-4.40991020202637,3.3086352348327597,-0.212087869644165,-4.29283761978149,12.244885444641099,-21.6412086486816,3.23885774612427,3.71804523468018,20.732685089111303,26.3659820556641,43.1189193725586,41.9116439819336,39.374172210693395,59.5071029663086,42.7149047851562,58.142784118652294,54.8973541259766,88.0892105102539,49.530269622802706,53.195865631103494,41.0665397644043,38.167320251464794,46.794677734375,39.3500938415527,31.3838768005371,44.0381393432617,37.798759460449205,32.2110023498535,25.6586227416992,7.511706352233889,3.61960411071777,36.0673980712891,14.175544738769501,11.390625,-14.017427444458,-13.3577556610107,-29.1677646636963,2.88498282432556,-16.3863658905029,-10.2586784362793,-15.547426223754899
sub-0092,ses-01,run-04,vicarious,LOC,282,rating,0.419736862182617,1.7728698253631598,4.36220455169678,1.8168401718139602,7.1401891708374,3.2070682048797594,1.38489627838135,5.68112754821777,6.13746881484985,9.954607009887699,15.627892494201697,16.993919372558597,15.7504558563232,12.511238098144501,12.6738739013672,14.5731658935547,15.4335231781006,17.842357635498,23.186706542968803,24.6445751190186,26.375301361084,28.4046611785889,19.3689289093018,19.201625823974602,14.728364944458,9.80483913421631,9.15819454193115,3.0937237739563,3.6113903522491495,2.7056312561035196,-2.82846283912659,-6.25917291641235,-8.70536231994629,-6.23091554641724,-7.69621276855469,-7.6554670333862305,-3.66170024871826,-3.80986833572388,-4.62339162826538,-8.35922527313232,0.9071626663208009,-6.18166971206665
sub-0092,ses-01,run-04,vicarious,LOC,282,cue,1.4559516906738301,12.7646942138672,12.4105968475342,11.8198413848877,12.257025718689,16.8533115386963,11.8915910720825,8.52191066741943,5.973156929016111,9.96764278411865,19.453031539917,19.873357772827102,23.469144821167003,17.2188377380371,16.1532325744629,19.8816452026367,6.756591796875,12.6206607818604,13.607791900634801,17.772878646850604,23.1529655456543,14.124046325683599,10.1127614974976,12.0901050567627,-0.485897064208984,-3.18569278717041,-7.1794757843017605,-7.20562219619751,-15.6075286865234,-3.4182958602905296,-2.36325001716614,4.07444381713867,2.8377709388732897,5.50633430480957,7.66046953201294,13.4849910736084,8.24451637268066,4.531441688537599,9.49416828155518,18.6536693572998,0.6921725273132321,7.270474433898929
sub-0092,ses-01,run-04,vicarious,LOC,313,cueH_stimH,-0.41018056869506797,9.582174301147461,11.1377363204956,19.4379634857178,16.0261859893799,9.14398193359375,34.842342376709,23.487789154052702,23.5295524597168,7.491168022155759,5.3319234848022505,19.685226440429698,11.4641008377075,15.8540716171265,7.12915563583374,9.17194080352783,-11.645256996154801,-1.87537860870361,-6.1658411026001,-5.74702262878418,-9.12863159179688,-19.8445873260498,-13.186143875122099,11.947225570678699,2.45977139472961,-8.11562061309814,-9.10183715820312,1.2656939029693601,-12.6420745849609,-14.1452302932739,-12.581441879272498,-8.58672618865967,-23.8250579833984,-0.299168109893799,-19.9402713775635,-14.647856712341301,-17.639194488525398,-35.4784736633301,-41.4361343383789,-38.4103584289551,-45.227333068847706,-40.973945617675795
sub-0092,ses-01,run-04,vicarious,LOC,313,cueL_stimH,31.0550174713135,40.2528877258301,29.001243591308604,27.5439796447754,15.0536251068115,26.5322189331055,29.448091506957997,23.3117561340332,26.981821060180696,27.4739818572998,27.0071964263916,47.3968353271484,10.1370124816895,20.5571594238281,13.6876058578491,6.361159324646,11.8408708572388,12.1311559677124,3.5230917930602996,7.6694040298461905,17.085426330566403,5.221739768981929,7.320481300354,5.83757448196411,1.01766490936279,-4.2113366127014205,-0.6629252433776861,-1.05543041229248,-8.33930969238281,6.21610832214355,10.282939910888699,5.02174949645996,6.55500793457031,21.0963096618652,15.2607154846191,13.5817337036133,6.51796913146973,4.22268295288086,-1.18185901641846,-5.30097770690918,-15.2775344848633,-27.5378742218018
sub-0092,ses-01,run-04,vicarious,LOC,313,cueH_stimM,-3.30652618408203,-4.69239616394043,-15.016605377197301,-22.4102516174316,-25.458869934082,-31.7066211700439,-32.4224014282227,-20.167758941650398,-27.1841316223145,-17.681949615478498,-21.4897346496582,-10.5233211517334,-16.114315032959002,-16.885597229003903,-13.7055149078369,-18.1076030731201,-1.7254462242126498,-11.0428047180176,-19.148513793945302,-20.791090011596697,-18.1648731231689,-17.8726367950439,-14.6792755126953,-9.70247268676758,-6.36848974227905,2.53138947486877,-1.96759033203125,-10.4844064712524,0.35665035247802707,-16.0873413085938,-30.2753524780273,-9.674241065979,-18.1696338653564,-11.340476989746099,-27.483093261718803,-12.6332006454468,-13.330054283142099,-13.422149658203098,-1.9441413879394498,-4.94217872619629,-0.41979217529296897,-10.817516326904302
sub-0092,ses-01,run-04,vicarious,LOC,313,cueL_stimM,13.0791759490967,19.3941211700439,2.2382264137268097,20.4253559112549,10.375511169433599,17.4674053192139,19.026926040649396,18.5125370025635,28.8470077514648,23.948228836059602,26.942564010620103,16.3486938476562,44.63899230957029,12.6980085372925,17.363353729248,5.71458530426025,17.6187953948975,6.16762208938599,-5.287646293640139,-3.25489044189453,10.4759960174561,4.02386665344238,13.4266710281372,-8.6290454864502,-7.26878547668457,3.638840675354,11.776141166687,19.9955139160156,25.0545349121094,11.526527404785199,25.6990070343018,33.1278076171875,15.4999656677246,5.4516887664794895,7.00423812866211,23.5016708374023,20.5730514526367,35.444297790527294,25.0624160766602,49.0721664428711,31.51513671875,27.441293716430696
sub-0092,ses-01,run-04,vicarious,LOC,313,cueH_stimL,6.2863883972167995,4.356458663940431,4.43660116195679,1.1725273132324199,7.17497158050537,2.2387304306030296,29.4134902954102,-1.4501199722290001,10.083009719848599,12.034655570983901,11.6204929351807,3.65470767021179,5.70245361328125,3.1246461868286097,34.188777923584,8.71760940551758,14.248969078064,5.77623081207275,1.9125542640686002,11.67320728302,2.67397022247314,-1.3724863529205302,-6.742928981781009,11.793755531311,-5.4723105430603,-4.6466269493103,-7.35219240188599,-12.306060791015598,-9.44071102142334,-8.95750427246094,-7.58327913284302,-16.221088409423803,-21.3559131622314,-14.8967819213867,-8.7956600189209,-15.2821292877197,-11.3302364349365,-5.951543807983401,-4.607336044311519,-14.7295637130737,-16.1614990234375,-13.012237548828098
sub-0092,ses-01,run-04,vicarious,LOC,313,cueL_stimL,7.57277345657349,2.64026999473572,-4.7292165756225595,7.99782991409302,-5.68575668334961,14.535641670227099,2.25464606285095,9.58196258544922,-4.29221963882446,-1.54080843925476,-0.8197340965270999,6.636061668396,11.199857711792,0.602615356445312,0.5903949737548829,-2.85832834243774,2.3553729057312003,10.1976451873779,4.7580270767211905,-5.5200505256652805,12.931642532348599,3.8357007503509504,1.2629389762878402,-1.02772617340088,13.4245758056641,17.9903602600098,15.845458984375,20.6201477050781,38.428260803222706,26.537202835082997,33.179443359375,8.231555938720701,26.2561092376709,18.5153884887695,24.002685546875,52.4884567260742,52.1901702880859,42.7147979736328,38.3935203552246,21.4848251342773,14.1572713851929,2.2265393733978303
sub-0092,ses-01,run-04,vicarious,LOC,313,rating,-2.6410157680511497,-7.31514167785645,-1.98538517951965,0.552468299865723,-3.43620014190674,-1.23421049118042,-6.735059261322019,-4.55218124389648,-1.5026144981384297,1.88192081451416,3.0753059387207,3.52264404296875,6.50961875915527,4.2332878112792995,3.49925994873047,1.9396286010742199,-6.53234529495239,-7.389959335327151,-9.71912002563477,-9.65361213684082,-7.409915924072269,-6.47226285934448,-7.04198360443115,-9.6666841506958,-20.3502731323242,-22.050390243530302,-22.249225616455103,-23.3779735565186,-20.609661102294897,-19.2578945159912,-19.4566802978516,-17.949104309082,-25.329412460327102,-22.3839988708496,-23.2877140045166,-23.967102050781197,-19.143949508667,-17.5854759216309,-14.960084915161099,-13.1589040756226,-13.9539051055908,-8.97639751434326
sub-0092,ses-01,run-04,vicarious,LOC,313,cue,12.7619800567627,12.0000762939453,16.0812950134277,18.5926132202148,18.5051097869873,18.478746414184602,16.3267192840576,21.016344070434602,23.871223449707,26.929498672485398,30.5331077575684,44.726245880127,39.5398597717285,43.3724784851074,44.051692962646506,43.40486145019529,38.157646179199205,34.7183990478516,30.6807975769043,41.137844085693395,42.1904258728027,44.349822998046896,39.564971923828104,35.1487617492676,27.177339553832997,17.917812347412102,8.25050926208496,-2.8421158790588397,-9.547651290893551,-15.1692705154419,-16.4678268432617,-12.693963050842301,-12.5604829788208,-12.53453540802,-20.688167572021502,-14.772346496582001,-9.40245151519775,-3.69470977783203,-6.81996059417725,8.100757598876951,-2.50009632110596,4.4568986892700195
sub-0092,ses-01,run-04,vicarious,LOC,314,cueH_stimH,0.547104835510254,7.93832063674927,6.27460527420044,10.7696199417114,8.75662040710449,22.168537139892603,20.2299118041992,45.00444030761721,36.573524475097706,32.8956108093262,35.314399719238295,43.5989837646484,30.4467124938965,36.054660797119105,23.7077655792236,15.7360782623291,7.958648681640621,37.561637878418004,12.614487648010302,12.6147775650024,23.488842010498,29.098943710327102,28.2725658416748,34.808235168456996,30.358909606933604,31.151063919067397,24.5774040222168,11.1188430786133,9.72331428527832,31.209375381469698,31.723167419433604,21.721412658691396,23.065002441406197,23.8011875152588,33.7115898132324,24.2503471374512,27.4191703796387,13.2683324813843,14.483168601989698,6.124700546264651,7.677204132080081,9.29839324951172
sub-0092,ses-01,run-04,vicarious,LOC,314,cueL_stimH,8.2546911239624,35.3745994567871,22.2369575500488,30.5258808135986,28.518339157104503,17.2599239349365,41.9552001953125,39.9258918762207,41.1108551025391,19.902540206909197,35.456878662109396,44.4347534179688,35.657402038574205,35.481239318847706,51.1148147583008,43.7875823974609,55.580738067627,42.0293426513672,47.8639793395996,49.2575454711914,40.8702239990234,39.2853507995605,26.4627666473389,20.8656959533691,18.3018913269043,-1.5936989784240703,8.3293981552124,4.88559436798096,3.48215389251709,12.4882202148438,0.5275936126708979,1.04681396484375,-3.66246795654297,-10.8260231018066,-15.680423736572301,-4.41957473754883,-19.012527465820302,-8.438083648681639,-34.1415481567383,-36.575714111328104,-45.9752883911133,-36.8756561279297
sub-0092,ses-01,run-04,vicarious,LOC,314,cueH_stimM,-26.728818893432603,-34.181564331054695,-34.0189437866211,-27.521427154541,-27.1333961486816,-31.1311569213867,-29.3705883026123,-6.28381681442261,-6.90962648391724,-11.428858757019,14.6982679367065,2.03537082672119,30.3307800292969,24.1108779907227,35.709510803222706,34.9815292358398,40.403507232666,29.514223098754897,48.1749992370605,53.193675994873,36.123477935791,36.750431060791,38.908390045166,8.69381713867188,31.625551223754897,32.839786529541,37.6541748046875,1.68364417552948,-8.57105255126953,-25.7018928527832,-15.311495780944801,-15.476676940917999,-21.7168788909912,-18.971887588501,-23.549259185791,-29.0265197753906,-28.053882598877,-5.40450477600098,4.97804069519043,-9.71561241149902,-12.7706146240234,3.32961940765381
sub-0092,ses-01,run-04,vicarious,LOC,314,cueL_stimM,-14.8040456771851,3.43811655044556,13.4927539825439,-0.665232479572296,11.9036684036255,-0.574312448501587,21.8640651702881,32.1861343383789,21.36305809021,50.5020523071289,47.9622955322266,37.996410369873,41.2623748779297,45.7601509094238,44.7574043273926,43.124927520752,48.4688186645508,83.6920471191406,62.898921966552706,80.5408935546875,67.82961273193361,70.4077987670898,45.9625473022461,46.165164947509794,53.262580871582,46.4710464477539,50.063419342040994,45.9884719848633,48.2853660583496,33.9268989562988,37.2849006652832,44.2440910339355,43.2556838989258,21.4840526580811,28.4651794433594,42.7973976135254,38.1894683837891,17.6712627410889,49.459190368652294,44.3449897766113,65.173828125,38.9724349975586
sub-0092,ses-01,run-04,vicarious,LOC,314,cueH_stimL,-18.647508621215803,-9.20439529418945,-11.6009912490845,-17.536504745483402,-5.67134666442871,-3.63767862319946,-5.75534391403198,6.018502712249759,13.5331077575684,13.6492576599121,6.523578643798831,26.7525634765625,22.7057075500488,34.1853523254395,32.155750274658196,38.1478996276855,40.3398895263672,37.6399269104004,35.858238220214794,16.8318023681641,32.7827949523926,25.2579727172852,35.214790344238295,28.2742748260498,30.6545429229736,19.622465133667,16.7079486846924,12.955078125,13.4802951812744,9.10368537902832,8.242565155029299,17.015983581543,1.1098017692565902,3.6788573265075697,5.008697509765621,-0.693868637084961,3.1370091438293497,6.37133455276489,-1.14576816558838,-12.516522407531701,-3.22017288208008,-16.4693565368652
sub-0092,ses-01,run-04,vicarious,LOC,314,cueL_stimL,19.160243988037102,13.041522026062,25.5257244110107,25.7734069824219,15.127220153808599,32.8780670166016,17.07057762146,4.50536394119263,16.029607772827102,27.8226642608643,37.8768310546875,58.2900314331055,32.7266311645508,43.6729545593262,27.786180496215803,34.55810546875,50.373779296875,38.00107955932621,47.395179748535206,42.604583740234396,36.831657409668004,30.4120559692383,26.276737213134798,32.8178672790527,12.0064754486084,29.6032371520996,18.071613311767603,30.846702575683604,25.3765678405762,24.0322456359863,3.1921443939208998,20.077428817749,3.62252235412598,27.856491088867198,-1.1126708984375,-2.08563923835754,-5.76777839660645,9.69651699066162,17.3966484069824,20.4995975494385,4.87969255447388,16.9378833770752
sub-0092,ses-01,run-04,vicarious,LOC,314,rating,0.412960052490234,7.6150918006897,11.556163787841802,5.9576702117919895,9.2830867767334,13.486410140991199,13.2428159713745,10.279128074646,16.509620666503903,19.049486160278303,17.7523193359375,11.4739551544189,12.430034637451199,12.627628326416,9.14507293701172,4.32317352294922,11.708945274353,4.47983455657959,11.9668378829956,10.2941789627075,14.998392105102502,19.6451168060303,18.964092254638697,17.7804565429688,17.744159698486303,11.4851417541504,13.114970207214402,9.61471366882324,10.6987743377686,12.5968351364136,11.5336236953735,8.91494750976562,8.15291213989258,6.264643669128421,3.45635032653809,4.59583616256714,-1.32988834381104,1.9856112003326398,-7.72318506240845,-0.5525611639022829,-2.7840404510498,-4.77367496490479
sub-0092,ses-01,run-04,vicarious,LOC,314,cue,16.6874847412109,18.8371658325195,22.369239807128896,22.22873878479,21.6511077880859,12.3467855453491,7.99295806884766,4.27011775970459,-0.8275215625762941,6.50360918045044,3.8523590564727797,8.81186676025391,9.710771560668949,5.73911952972412,5.4466814994812,-0.28430461883544894,3.30335140228271,11.2684001922607,10.8073787689209,6.72408294677734,9.41416835784912,11.269693374633801,8.63159847259521,5.0419015884399405,2.44109201431274,6.340569972991941,-0.282664060592651,-8.51740837097168,-9.17045497894287,-16.3873882293701,-17.9915561676025,-15.4515981674194,-17.1858692169189,-15.6758642196655,-14.8620853424072,-17.4359951019287,-13.3849334716797,-20.255207061767603,-7.675128936767581,-3.3221383094787598,-19.9397239685059,-4.5097918510437
sub-0092,ses-01,run-04,vicarious,LOC,311,cueH_stimH,22.0042991638184,17.4201965332031,15.6643486022949,5.5227346420288095,10.4330635070801,11.0261945724487,50.830394744873,44.646087646484396,42.7023696899414,38.673191070556605,37.1765251159668,41.8786010742188,35.386791229248,28.623956680297898,53.5760841369629,32.3682861328125,26.237003326416,22.854515075683604,39.0485382080078,11.3169822692871,24.873510360717802,7.971158027648929,14.585469245910598,29.638282775878896,46.844821929931605,16.5719375610352,25.293846130371104,-0.286209106445312,4.593029975891111,6.4837970733642605,-10.5101175308228,3.8755702972412096,-8.872212409973141,12.8821573257446,1.92870759963989,4.72317028045654,-7.79980039596558,-3.4462490081787096,-2.67306423187256,-9.16542720794678,-12.3381099700928,-18.907787322998
sub-0092,ses-01,run-04,vicarious,LOC,311,cueL_stimH,50.0144157409668,55.364009857177706,49.069007873535206,42.795417785644496,56.3922233581543,53.7977981567383,61.1944351196289,46.74726867675779,68.8564376831055,68.5587005615234,59.066898345947294,57.55790710449221,54.74531555175779,62.2175712585449,55.712043762207,62.59306335449221,64.1595306396484,57.311187744140604,52.779598236084006,52.875308990478494,47.2586898803711,23.2503509521484,11.4555997848511,9.41954612731934,-0.692295074462891,-10.2007694244385,-6.59677886962891,-21.2750606536865,-25.3878364562988,-16.0379943847656,-18.03782081604,-12.314178466796902,-7.56727600097656,-17.678279876709002,1.1479530334472698,-14.8172187805176,-17.535448074340803,-20.108777999877898,-34.641693115234396,-38.803825378418004,-44.9990768432617,-61.2990036010742
sub-0092,ses-01,run-04,vicarious,LOC,311,cueH_stimM,-8.19895362854004,-15.825174331665002,-19.1429138183594,-9.87236976623535,-28.644456863403303,-15.8722476959229,-22.7699089050293,-23.748788833618196,-13.5028839111328,-3.0625758171081503,-2.36241602897644,9.68427085876465,3.82331609725952,9.43266296386719,23.522834777832,37.2355079650879,17.7663955688477,27.027610778808604,20.2715225219727,37.9488983154297,42.204994201660206,37.4481658935547,32.8444213867188,35.6718139648438,28.128812789917003,36.2477416992188,30.8664169311523,29.6799011230469,3.1921937465667702,2.5936713218688996,-16.8180179595947,-7.5206794738769505,-18.177158355712898,6.859326362609861,-15.639322280883801,-13.5162572860718,-6.97450923919678,5.62236022949219,-12.1202335357666,-14.810474395752001,-1.9751663208007801,-4.0857429504394505
sub-0092,ses-01,run-04,vicarious,LOC,311,cueL_stimM,16.4954738616943,29.7273597717285,22.302566528320302,51.3893165588379,32.8761138916016,37.7493553161621,34.8230819702148,47.3003082275391,51.794795989990206,73.08140563964841,63.701820373535206,60.754207611084006,70.0260467529297,63.96260070800779,66.88706207275389,62.7317924499512,64.2945022583008,54.8878898620605,64.3524017333984,55.6078300476074,66.8603591918945,50.4767189025879,54.972484588623,49.688846588134794,43.0755424499512,54.768150329589794,53.042049407959006,70.4190673828125,62.099948883056605,69.1550750732422,56.469181060790994,58.05900573730471,60.5017623901367,42.4729766845703,49.05305480957029,46.1686897277832,35.907112121581996,54.080535888671896,46.084869384765604,52.486778259277294,54.5859603881836,70.9308319091797
sub-0092,ses-01,run-04,vicarious,LOC,311,cueH_stimL,-5.55849981307983,2.47965145111084,1.40757536888123,3.62544226646423,4.84278106689453,-2.6922817230224596,12.8559885025024,5.96950721740723,19.556203842163104,16.766502380371097,20.355880737304698,37.0652923583984,33.865062713623,42.5234527587891,47.057586669921896,50.5237808227539,50.5398368835449,63.3025512695312,61.68342590332029,55.9894409179688,44.841800689697294,68.6894912719727,52.425045013427706,50.744602203369105,40.3858413696289,40.7127456665039,16.4778213500977,4.69337558746338,3.7829134464263903,2.77686667442322,-12.0351467132568,-2.84280467033386,-21.24609375,-8.42091846466064,-13.9502954483032,-17.711389541626,-16.988422393798803,-15.5561275482178,-5.08231925964355,-12.140851020813,-10.383277893066401,-3.32532501220703
sub-0092,ses-01,run-04,vicarious,LOC,311,cueL_stimL,28.6868362426758,34.3250503540039,30.276758193969698,34.705368041992195,29.0270843505859,41.073188781738295,18.622362136840803,23.8907203674316,22.2400550842285,31.852426528930696,58.0336799621582,32.201019287109396,63.044490814209006,56.4643135070801,62.9938812255859,59.119815826415994,64.7162399291992,64.3393936157227,60.6284294128418,64.1657562255859,55.9166946411133,40.9992027282715,38.799873352050795,38.413764953613295,47.9949798583984,49.9987602233887,51.3716011047363,45.619815826415994,46.0294418334961,30.6575813293457,36.1829681396484,16.0854415893555,11.1845436096191,24.105224609375,25.532470703125,14.4970092773438,29.747112274169897,28.938472747802702,36.982395172119105,13.0875692367554,19.1862812042236,16.5464744567871
sub-0092,ses-01,run-04,vicarious,LOC,311,rating,1.34364151954651,6.60337686538696,14.293994903564501,15.4877185821533,18.4572601318359,22.631477355957,14.188072204589801,19.5820388793945,19.3810863494873,26.0352096557617,25.7192707061768,25.592063903808604,26.5954074859619,28.5856590270996,24.757736206054698,24.734085083007802,20.907543182373,22.347557067871104,17.0071067810059,20.4137878417969,23.171459197998,25.2451820373535,26.0370197296143,25.478284835815398,7.37545251846313,2.9101886749267596,3.95973110198975,-0.293776869773865,0.262527704238892,4.347101211547851,1.98467421531677,3.2288942337036097,-0.874278545379639,-4.27776145935059,-1.01348304748535,-6.39460563659668,-5.70291805267334,-3.6496562957763703,-8.63290691375732,-9.39341640472412,-5.98540449142456,-5.7325754165649405
sub-0092,ses-01,run-04,vicarious,LOC,311,cue,19.4923400878906,18.4567489624023,28.840572357177702,31.2964267730713,29.3490695953369,29.0966281890869,23.8418369293213,14.023050308227502,8.64500999450684,18.3085041046143,16.490280151367198,29.3219718933105,33.259998321533196,26.244815826416,19.3029289245605,24.300594329834,22.517574310302702,16.9662399291992,14.6456642150879,13.127178192138699,18.9992561340332,20.6224536895752,16.005172729492198,12.5884857177734,9.09680080413818,-2.73095607757568,-7.95631504058838,-12.5969982147217,-17.831497192382802,-35.1163940429688,-26.596878051757802,-24.1739940643311,-27.638301849365202,-26.2475566864014,-28.784555435180696,-28.770620346069304,-19.564907073974602,-29.6065673828125,-19.306661605835,-14.7818164825439,-10.3037891387939,-10.4360008239746
sub-0092,ses-01,run-04,vicarious,LOC,312,cueH_stimH,35.4238739013672,48.046348571777294,21.279317855835,12.329062461853,45.2434425354004,34.754138946533196,75.68165588378909,49.3999633789062,81.4607620239258,42.4908561706543,89.7540740966797,56.416088104248,100.219551086426,52.03153991699221,96.8771286010742,48.590633392334006,81.4816513061523,44.686920166015604,86.1616973876953,47.934879302978494,63.0794067382812,44.165412902832,60.648990631103494,70.100700378418,84.91302490234379,78.3071060180664,73.5174789428711,64.8317947387695,49.48063659667971,57.8144340515137,44.4352035522461,41.335178375244105,34.2790870666504,42.144172668456996,38.9014434814453,37.330635070800795,9.01198863983154,26.654827117919897,9.46771812438965,2.65671730041504,-8.007762908935549,-2.08740234375
sub-0092,ses-01,run-04,vicarious,LOC,312,cueL_stimH,46.315311431884794,68.79990386962889,48.262786865234396,57.6151657104492,73.6641464233398,85.1377716064453,88.8060302734375,74.182502746582,91.8118438720703,95.4041061401367,97.1274261474609,73.7572860717773,90.4783096313477,82.9090118408203,107.628807067871,92.6427536010742,86.39917755126949,96.8803176879883,97.1232757568359,98.70935821533199,69.842658996582,57.5707893371582,54.0620040893555,39.478855133056605,43.748905181884794,35.3941421508789,19.5753173828125,17.0964050292969,12.8324851989746,-13.9630441665649,2.17378425598145,-7.73227310180664,-3.0450592041015603,-16.9872207641602,14.0274047851562,-17.5619163513184,-21.2188758850098,-10.953550338745101,-40.7508087158203,-56.468421936035206,-47.9552688598633,-66.61618804931639
sub-0092,ses-01,run-04,vicarious,LOC,312,cueH_stimM,-53.5204010009766,-31.6929588317871,-33.9365882873535,-50.6667976379395,-46.085693359375,-38.7573127746582,-36.6975135803223,-37.3944969177246,-15.436728477478,-0.87568998336792,20.9544296264648,41.6916999816895,46.6429023742676,39.9620132446289,40.072456359863295,50.996612548828104,49.8474998474121,48.1824607849121,60.0865058898926,72.4568862915039,65.7524490356445,71.2868423461914,72.3204116821289,66.3239822387695,73.2289810180664,85.3386001586914,34.6810455322266,14.021488189697301,11.059469223022498,-25.4663276672363,-41.979076385498,-46.120452880859396,-47.3650054931641,-48.3061866760254,-58.6750297546387,-45.480377197265604,-47.4347915649414,-41.246368408203104,-36.5135612487793,-36.573814392089794,-34.7806968688965,-16.2072124481201
sub-0092,ses-01,run-04,vicarious,LOC,312,cueL_stimM,16.649908065795902,25.7842636108398,-2.8835506439208998,35.6932945251465,28.173807144165,49.831027984619105,55.3666458129883,52.3775787353516,64.76333618164061,87.0895462036133,63.7174682617188,92.6678848266602,67.622802734375,97.9154052734375,59.9986801147461,79.4924697875977,67.66799926757811,81.6067581176758,68.7091522216797,71.309684753418,80.7568817138672,69.363151550293,80.9848403930664,62.290584564209006,69.9503555297852,61.902004241943395,81.32334899902341,75.7865753173828,86.5332489013672,59.922889709472706,74.2676162719727,80.7258987426758,87.95580291748051,62.5726852416992,53.579315185546896,53.4354591369629,48.885837554931605,73.6111679077148,86.51000213623051,120.197021484375,77.9422988891602,105.51962280273399
sub-0092,ses-01,run-04,vicarious,LOC,312,cueH_stimL,-12.910492897033699,-18.5322360992432,-18.6953201293945,-16.8112201690674,-3.1564297676086404,5.1810097694397,12.720724105834998,19.0634078979492,9.0493221282959,27.5927352905273,35.731483459472706,38.767238616943395,50.3744583129883,65.6222763061523,72.013916015625,69.35440063476561,65.6378326416016,79.6247177124023,70.6100234985352,71.0171203613281,73.3149490356445,75.3981628417969,68.3765182495117,72.00653076171879,80.9534683227539,79.6309585571289,65.787971496582,44.310638427734396,46.7855224609375,20.010009765625,36.38612747192379,38.857307434081996,35.707462310791,18.4854946136475,21.1589260101318,12.266327857971199,13.7233943939209,11.152101516723599,4.0430593490600595,1.89524555206299,-20.3740310668945,-0.9066543579101559
sub-0092,ses-01,run-04,vicarious,LOC,312,cueL_stimL,33.8116798400879,24.0672779083252,40.3485679626465,21.0906658172607,47.332763671875,25.0144424438477,61.041011810302706,44.2971687316895,67.9919815063477,49.7097663879395,71.0757217407227,71.97450256347659,105.072090148926,80.9544296264648,84.3772430419922,76.3639831542969,92.30023193359379,87.90673065185551,74.74420166015621,53.757598876953104,80.2173385620117,46.426139831543,59.656566619873,29.726848602294897,42.5262680053711,41.9663696289062,64.0025177001953,47.523380279540994,63.2977523803711,45.2028274536133,47.7766799926758,37.9992561340332,26.257278442382802,54.652427673339794,6.9140625,57.4703979492188,36.7148590087891,57.803260803222706,42.5029067993164,28.6075057983398,2.24309158325195,38.5778770446777
sub-0092,ses-01,run-04,vicarious,LOC,312,rating,14.632164001464801,11.9152383804321,24.8435554504395,29.6193904876709,43.1396484375,47.344078063964794,47.8471832275391,40.8760528564453,42.470554351806605,49.2731056213379,43.9439926147461,42.333221435546896,45.0395431518555,34.848884582519496,32.2385940551758,29.4118499755859,25.973730087280302,28.687942504882802,21.766521453857397,27.8772811889648,25.7435321807861,52.614330291748,43.3270988464355,43.61674499511721,35.73801803588871,29.4072647094727,35.0974617004395,29.5896377563477,35.8910484313965,29.736022949218803,33.613094329834,30.9585361480713,31.1266441345215,22.466295242309602,19.5263500213623,12.664134979247999,11.5228939056396,4.37094688415527,4.06510257720947,2.9192047119140603,6.196057319641111,5.441734790801999
sub-0092,ses-01,run-04,vicarious,LOC,312,cue,32.5359077453613,37.61350631713871,45.12577819824221,56.4017944335938,45.7733840942383,37.2001724243164,18.0179595947266,16.5039577484131,4.47610902786255,14.089358329772901,3.20230984687805,8.32297515869141,5.31500959396362,2.49197292327881,11.2207889556885,8.89091682434082,10.272437095642099,10.563129425048801,9.57756042480469,11.4575481414795,10.2325916290283,19.9666728973389,-0.0879783630371094,9.13243770599365,-10.0982542037964,-4.79018259048462,-20.8919792175293,-29.7005882263184,-36.4269371032715,-38.3537559509277,-28.1688747406006,-43.1016731262207,-32.325496673584,-38.9138145446777,-46.4651107788086,-41.7920379638672,-21.2851066589355,-37.9036254882812,-21.136631011962898,-33.190628051757805,1.4283851385116597,-21.4245681762695
sub-0092,ses-01,run-04,vicarious,LOC,317,cueH_stimH,-4.30084943771362,-2.63331270217896,2.27888154983521,-2.97126007080078,1.55966901779175,0.447174906730652,15.845235824584998,22.7149276733398,26.744848251342802,14.6386117935181,11.917713165283198,16.532232284545902,12.690326690673801,-3.77568316459656,13.5305652618408,-3.0361528396606405,-6.69673776626587,-9.553915023803711,-0.8609108924865719,-27.210807800293,-11.2090110778809,-13.137691497802699,-2.9107129573822004,-6.746533393859861,-2.37934398651123,-7.81618213653564,-3.18684053421021,0.0936920642852783,-3.4360489845275897,-11.2888956069946,-11.4237861633301,-4.0144338607788095,-7.98448371887207,-9.46074390411377,-6.526512622833249,-4.74152421951294,-15.4714994430542,-11.0826683044434,-25.1352462768555,-22.301610946655302,-28.7072410583496,-19.6566123962402
sub-0092,ses-01,run-04,vicarious,LOC,317,cueL_stimH,34.7295303344727,40.357063293456996,41.4057006835938,39.610847473144496,31.2983055114746,43.67744445800779,32.4192085266113,32.5522308349609,43.2070655822754,39.9222564697266,44.5573234558105,36.9205436706543,40.630455017089794,34.5915489196777,27.639461517334,35.1252250671387,32.8395652770996,17.339147567749,12.177462577819801,24.2367477416992,11.8455448150635,9.09117126464844,7.25543117523193,13.386697769165002,15.6718196868896,6.17707920074463,7.17902374267578,15.590573310852099,3.1361713409423797,0.27660846710205106,0.8166522979736329,7.9633502960205105,7.15773010253906,9.32971954345703,8.583034515380861,1.8815727233886699,-5.764300346374509,-4.31399154663086,0.644966125488281,0.289327621459961,-1.6307296752929699,-13.9719400405884
sub-0092,ses-01,run-04,vicarious,LOC,317,cueH_stimM,-26.454833984375,-19.2386627197266,-23.9327049255371,-15.7800626754761,-17.083812713623,-18.1671867370605,-29.586841583252,-28.724584579467802,-18.4177875518799,-33.669281005859396,-25.7561302185059,-20.5876426696777,-24.478651046752898,-17.1425819396973,-24.047706604003896,-22.161434173584,-28.6161098480225,-21.5844917297363,-22.7579536437988,-30.260274887085,-8.67775535583496,-10.68092918396,-17.786151885986303,-14.9996509552002,-20.179096221923803,-19.948383331298803,-12.3489809036255,-11.8514986038208,-30.4220027923584,-30.5179500579834,-31.8034172058105,-36.063606262206996,-28.3171768188477,-24.5001487731934,-27.681522369384798,-28.184398651123,-30.0018310546875,-26.133323669433604,-23.8850994110107,-20.1005001068115,-12.4303512573242,-15.9447765350342
sub-0092,ses-01,run-04,vicarious,LOC,317,cueL_stimM,11.588385581970199,20.104543685913104,19.4711303710938,17.421283721923803,29.357830047607397,31.3969345092773,30.327346801757802,34.816577911377,39.434822082519496,35.1514892578125,34.1602172851562,33.775115966796896,31.6203308105469,43.657962799072294,31.1491165161133,31.1918239593506,25.053226470947298,15.7589855194092,17.5265941619873,12.8969640731812,19.451831817627,11.6272554397583,17.795579910278303,16.1480464935303,27.6918411254883,20.8029346466064,29.9191589355469,27.8682975769043,30.3342552185059,37.666534423828104,34.2713661193848,35.555046081543004,39.916954040527294,27.7842483520508,33.8684310913086,34.1120185852051,39.906768798828104,34.3164291381836,46.47026062011721,53.8905181884766,55.2865180969238,70.49754333496091
sub-0092,ses-01,run-04,vicarious,LOC,317,cueH_stimL,1.9827675819397,-8.8487548828125,0.9896189570426941,-7.215703964233401,-3.19172215461731,-8.93634414672852,0.5083240270614621,2.02328062057495,-4.43420696258545,4.9547014236450195,-1.20811653137207,11.448141098022498,9.35801315307617,11.7086944580078,1.48695659637451,5.27526569366455,22.4112205505371,19.5559978485107,3.8510880470275897,9.56408977508545,0.760875642299652,-6.342899322509769,-4.325941085815431,-4.4678444862365705,-15.0639820098877,-11.716571807861301,-10.58815574646,-10.4844188690186,-14.960881233215302,-17.7567749023438,-16.3956985473633,-18.345912933349602,-16.046537399292,-10.1898670196533,-21.8050346374512,-22.943826675415,-16.5323486328125,-17.5228595733643,-15.6326751708984,-6.845172882080081,-7.851200103759769,-12.875682830810499
sub-0092,ses-01,run-04,vicarious,LOC,317,cueL_stimL,5.98716735839844,10.6874217987061,13.759729385376,5.00496530532837,6.043771266937259,10.4815721511841,7.574792385101321,3.8411302566528303,11.860452651977502,10.4673376083374,18.721878051757802,16.2325973510742,15.1648483276367,7.6350421905517605,11.3677463531494,10.3449459075928,8.096141815185549,7.076556205749509,4.923155784606929,-4.7961544990539595,2.04900693893433,-2.5411429405212402,6.95246076583862,15.274808883667,17.9046936035156,27.820358276367198,23.8215141296387,23.931026458740202,18.8549957275391,21.3730506896973,19.4551563262939,16.0343856811523,24.837869644165,11.6641159057617,11.058837890625,28.356420516967802,23.1099700927734,37.5471954345703,39.5956802368164,27.0838413238525,33.9949569702148,34.6747245788574
sub-0092,ses-01,run-04,vicarious,LOC,317,rating,-6.20533752441406,-8.93564987182617,-4.05443716049194,-10.4561357498169,-10.0540590286255,-11.785587310791,-14.718053817749,-12.2404022216797,-12.081313133239698,-12.2879085540771,-8.89150142669678,-10.562424659729,-11.3976535797119,-13.206714630127001,-12.455085754394501,-15.402198791503901,-16.961746215820302,-16.0770626068115,-19.1760559082031,-18.2827110290527,-18.8645553588867,-12.5498056411743,-7.945861339569089,-3.0968630313873304,-8.014773368835451,-8.30716133117676,-8.40094566345215,-10.362879753112802,-10.295217514038098,-9.41000175476074,-10.2353010177612,-12.3931465148926,-14.139078140258801,-14.0814971923828,-18.5878944396973,-17.341625213623,-18.334087371826197,-21.63840675354,-19.154132843017603,-18.2281494140625,-18.0574340820312,-13.319704055786099
sub-0092,ses-01,run-04,vicarious,LOC,317,cue,6.14965581893921,6.84017562866211,9.47858047485352,6.539761543273929,11.985877990722699,11.081737518310499,15.034412384033198,12.4617748260498,5.222877502441411,19.395250320434602,21.8832931518555,20.7144680023193,24.011310577392603,21.462116241455103,23.416404724121104,20.115581512451197,21.7829265594482,18.5842170715332,15.032501220703098,15.744747161865199,15.064393997192399,17.2507247924805,14.1835489273071,12.4716024398804,11.985435485839801,8.54162979125977,-3.08582711219788,-10.8738679885864,-12.7487354278564,-26.323843002319304,-34.8680801391602,-31.093822479248,-26.0642776489258,-23.535587310791,-30.300817489624,-25.2298049926758,-17.9538974761963,-18.153854370117198,-13.708518981933599,-13.048196792602502,-11.170413970947301,-15.6664867401123
sub-0092,ses-01,run-04,vicarious,LOC,318,cueH_stimH,33.9462051391602,19.7843952178955,28.2768020629883,23.001070022582997,30.7341957092285,28.9617233276367,33.6692085266113,33.6591758728027,33.2717819213867,31.5846729278564,33.704494476318395,29.148902893066396,24.604660034179698,17.1537265777588,7.21869087219238,4.35840559005737,-7.13929796218872,1.65287637710571,11.2287254333496,-6.17999458312988,6.07591009140015,3.9440948963165297,18.4375171661377,33.9379730224609,39.980052947998,36.106014251709,39.8987808227539,32.072643280029304,26.0404491424561,37.415557861328104,24.860050201416,26.609544754028303,21.9509677886963,-1.01048135757446,-2.7494733333587598,1.7669982910156203,-8.9085693359375,3.70502471923828,-14.2438354492188,-27.606876373291,-14.9055938720703,-26.71484375
sub-0092,ses-01,run-04,vicarious,LOC,318,cueL_stimH,30.849390029907198,39.531909942627,37.5470123291016,36.39357376098629,44.549381256103494,53.139930725097706,39.266845703125,42.1275215148926,48.0791130065918,35.0337562561035,49.044124603271506,39.543037414550795,24.993135452270497,23.611627578735398,11.8993263244629,7.812652587890621,21.569152832031197,13.830196380615199,22.8223476409912,22.6604385375977,15.437270164489698,12.4604930877686,14.505167007446301,28.9554557800293,21.908510208129897,18.6340942382812,5.86672115325928,18.7041645050049,22.1489791870117,14.3098907470703,10.506492614746099,15.903480529785199,16.3864440917969,7.720306396484379,1.1059761047363301,-0.6858596801757809,-15.2116003036499,-22.4634704589844,-20.4359493255615,-22.996778488159197,-35.7913246154785,-29.2043609619141
sub-0092,ses-01,run-04,vicarious,LOC,318,cueH_stimM,-13.0128860473633,-6.14652299880981,-17.144889831543,-11.3868923187256,-10.3296051025391,-12.7402658462524,-24.4675025939941,-24.322313308715803,-14.995951652526902,-12.350632667541499,-3.7502460479736297,-9.93020629882812,-10.189208984375,-6.934017181396481,-24.5391502380371,-10.7707509994507,-13.7875280380249,-9.0634183883667,-6.28790473937988,1.7529890537261998,10.7833585739136,21.9064044952393,18.5133380889893,37.181789398193395,20.8541584014893,41.180690765380895,29.614599227905302,30.246919631957997,14.7701416015625,12.056987762451199,0.950567722320557,-7.35581970214844,-18.927631378173803,-22.5901527404785,-21.587947845459,-17.770055770874,-16.4516620635986,-15.365475654602099,-16.335443496704098,0.408645629882812,-8.99803161621094,-0.110851287841797
sub-0092,ses-01,run-04,vicarious,LOC,318,cueL_stimM,16.066930770874,26.359691619873,22.407495498657198,37.4459991455078,36.1610069274902,28.5885829925537,40.7891845703125,35.1698417663574,44.508415222168,39.5543251037598,25.197801589965803,22.3943405151367,25.8384189605713,22.238500595092802,20.5114307403564,4.22199535369873,3.21947121620178,7.584764957427981,15.828865051269501,11.748189926147498,30.8471946716309,31.911592483520497,43.7176513671875,31.272813796997102,33.8067855834961,34.58349609375,35.639564514160206,41.0220527648926,49.034820556640604,49.6221923828125,58.72358703613279,59.1512222290039,50.02812194824221,33.3112640380859,39.1871681213379,39.1933479309082,36.0612754821777,39.818183898925795,33.888126373291,48.880062103271506,42.1840972900391,45.5673713684082
sub-0092,ses-01,run-04,vicarious,LOC,318,cueH_stimL,-1.3664350509643601,-7.70325565338135,4.21780967712402,-9.84915161132812,2.24349904060364,-7.58243131637573,-2.14190793037415,-17.8687858581543,-4.458239555358889,-5.53182744979858,-5.649893283843991,-5.82324457168579,-3.4764003753662096,-8.14647960662842,-10.2255535125732,-9.37488651275635,4.84540748596191,10.6804056167603,-7.48835563659668,6.9740486145019505,-2.69645190238953,13.8099422454834,8.71059131622314,22.198020935058604,16.5359516143799,30.453180313110398,30.490777969360398,35.6315689086914,26.526987075805696,29.253047943115202,21.0020751953125,19.9399490356445,13.0855236053467,12.528800964355499,3.3370518684387203,19.8177261352539,16.3600673675537,15.285839080810499,7.949374198913571,5.79095268249512,14.1405735015869,19.7519912719727
sub-0092,ses-01,run-04,vicarious,LOC,318,cueL_stimL,11.8003740310669,-6.6768217086792,9.5098762512207,4.67473411560059,0.96320915222168,9.114030838012699,9.04658603668213,13.049513816833501,7.4403591156005895,9.32663249969482,10.554664611816401,18.6230716705322,23.551176071167003,19.643352508544897,11.478391647338901,14.4952554702759,1.17493653297424,4.2181601524353,6.9811105728149405,27.115026473999,22.011709213256804,16.7906494140625,28.1040744781494,20.5755348205566,38.2774505615234,38.462150573730504,39.6717872619629,44.3050003051758,44.6326751708984,44.9176025390625,44.589195251464794,37.3685455322266,43.0504760742188,38.2270965576172,22.82666015625,37.7501373291016,43.920692443847706,33.4771957397461,36.637424468994105,22.622779846191396,16.0733013153076,9.6253023147583
sub-0092,ses-01,run-04,vicarious,LOC,318,rating,2.39940738677979,5.4323005676269505,10.3274669647217,6.2116231918335,9.87134742736816,13.133206367492699,15.3456344604492,18.829067230224602,17.750617980957,14.754354476928699,19.4551906585693,16.5738964080811,16.5008182525635,11.036397933960002,10.2759704589844,11.6120758056641,6.9971613883972195,6.502811431884769,8.44861507415771,11.1582441329956,13.245751380920401,21.0611953735352,17.8137588500977,20.4985389709473,6.91484260559082,8.52971076965332,10.0269451141357,9.61721420288086,11.6890172958374,11.9386463165283,9.46635437011719,11.0701208114624,6.32814598083496,8.10670280456543,4.56294441223145,2.8060078620910605,4.80374622344971,-1.90824365615845,-0.25374507904052696,0.441629648208618,1.55663204193115,-0.318823575973511
sub-0092,ses-01,run-04,vicarious,LOC,318,cue,25.874996185302702,22.7432518005371,29.5067672729492,28.6939392089844,26.058950424194304,24.067197799682603,23.6881923675537,13.932360649108901,13.376239776611301,25.368766784668,23.2328662872314,23.9902267456055,20.0815544128418,21.839157104492198,21.971996307373,24.7163734436035,15.759815216064501,25.006376266479503,17.9565391540527,11.382303237915002,19.234754562377898,15.8657283782959,16.5700988769531,5.26482582092285,2.48580026626587,-3.9620580673217796,-14.3904418945312,-27.514381408691396,-24.645633697509798,-25.7625198364258,-23.635633468627898,-21.4576358795166,-23.9521751403809,-18.726863861084002,-26.889703750610398,-18.85329246521,-19.3473796844482,-16.9496536254883,-9.79070949554443,-8.25569438934326,-10.0115222930908,-9.79718589782715
sub-0092,ses-01,run-04,vicarious,LOC,3,cueH_stimH,4.6914005279541,-4.05924606323242,0.582138657569885,7.5622696876525906,-10.0814952850342,23.5579147338867,8.12817478179932,15.763059616088901,11.4864559173584,21.430709838867198,17.836256027221697,6.18209266662598,9.44585227966309,-15.124768257141099,18.999191284179698,-10.3572273254395,-6.994732856750491,2.2384366989135698,-4.63037919998169,-6.95004940032959,-1.8036255836486799,-22.874452590942397,0.078096330165863,-13.086682319641099,-2.4885661602020295,-25.809129714965803,-18.5361480712891,-23.8361301422119,-16.731782913208,-32.405330657959,6.54442024230957,0.0896267890930176,-12.5964832305908,-23.262107849121104,-2.86378264427185,-3.72590160369873,-13.2941122055054,-8.900270462036131,-15.149959564209,-17.559402465820302,-16.8205432891846,-19.3235397338867
sub-0092,ses-01,run-04,vicarious,LOC,3,cueL_stimH,16.782249450683597,31.3974304199219,20.6992263793945,31.0546550750732,9.23002243041992,22.844051361084,36.2572898864746,5.94921779632568,24.823806762695302,14.7935447692871,21.528959274292003,29.976116180419897,29.093341827392603,14.3179769515991,17.8429012298584,8.38075542449951,24.6457138061523,6.1988697052002,0.21403074264526398,-10.8323631286621,-2.55272579193115,-16.875308990478498,-0.022996187210082997,-5.42605018615723,-15.931049346923801,-7.724187850952151,-10.627216339111301,-9.58933258056641,-5.90467739105225,-2.22821521759033,0.64973258972168,6.79994201660156,18.8014068603516,3.44184112548828,13.395732879638699,-8.92116165161133,-9.00844764709473,-2.10387802124023,-8.37560367584229,-12.7192115783691,-26.085613250732397,-42.083400726318395
sub-0092,ses-01,run-04,vicarious,LOC,3,cueH_stimM,-11.254771232605,-23.3484840393066,-28.7862148284912,-11.022632598877001,-16.221481323242198,-27.444503784179698,-31.3624629974365,-15.7140216827393,-10.0487499237061,-20.356277465820302,-3.38340640068054,-18.6296272277832,-28.608097076416,0.33646488189697304,-8.593152046203612,-3.07706713676453,6.97272396087646,4.98721981048584,-9.87271595001221,-2.6741070747375497,0.30693507194519004,-15.699300765991199,-8.99319934844971,-24.5326709747314,-12.2710647583008,-15.287191390991199,-5.441174983978269,-27.4692897796631,-2.94068098068237,-14.331535339355499,-23.384864807128896,-3.89351940155029,2.36711406707764,-7.7536916732788095,-20.766323089599602,-7.19935512542725,-9.1869535446167,0.46720504760742204,-3.2755966186523398,-9.00288772583008,19.4151382446289,12.672081947326697
sub-0092,ses-01,run-04,vicarious,LOC,3,cueL_stimM,22.3657169342041,26.439962387085,4.5121755599975595,10.433613777160598,20.187814712524396,33.5064086914062,32.9392127990723,27.320581436157198,43.970100402832,13.8254880905151,13.410350799560499,45.0790901184082,19.570569992065398,24.6032543182373,8.52797031402588,20.9952793121338,16.288433074951197,3.89295864105225,-1.61244869232178,20.488483428955103,16.2635383605957,18.0737247467041,19.117610931396502,6.350518703460691,12.720232963562,16.823308944702102,20.2245693206787,35.7097282409668,33.204044342041,23.128517150878896,25.2176780700684,4.22038173675537,25.9770584106445,15.3027019500732,14.3975830078125,17.2570838928223,29.7328720092773,11.1279907226562,22.039117813110398,30.772939682006804,20.526538848877,39.2547454833984
sub-0092,ses-01,run-04,vicarious,LOC,3,cueH_stimL,7.59627819061279,-5.18326187133789,-12.3094987869263,-4.0096139907836905,10.4069023132324,-4.28619384765625,6.402557373046879,5.23144149780273,3.89336013793945,7.956119537353519,5.99306297302246,8.65037631988525,-2.6792149543762203,31.6926975250244,-1.12379789352417,18.614181518554698,10.031661033630401,14.6467905044556,28.425704956054698,17.679912567138697,13.781880378723098,30.9591445922852,25.590553283691396,-1.46164965629578,9.3911190032959,-24.797777175903303,6.27954769134521,-6.5851578712463406,-25.333505630493196,-34.005081176757805,-26.031553268432603,-22.989791870117198,-11.6575355529785,-8.27043342590332,-0.187522411346436,-0.71198844909668,-2.09052610397339,-17.2889404296875,-10.3073682785034,-2.46653652191162,-6.67931365966797,-5.03015899658203
sub-0092,ses-01,run-04,vicarious,LOC,3,cueL_stimL,-9.890116691589359,6.38428831100464,27.1814155578613,-9.36033248901367,12.3505420684814,-6.94895505905151,14.4807891845703,15.535572052002001,4.01055145263672,9.11507034301758,6.4085392951965305,5.02774715423584,-0.0647969245910645,-5.2347097396850595,9.99960136413574,-3.7217843532562296,-1.36551570892334,6.41288948059082,8.07313346862793,4.457187175750731,3.6054351329803502,-4.36445569992065,4.56099939346313,2.27801990509033,28.737005233764602,20.233816146850604,11.515357971191401,24.884357452392603,21.639549255371104,14.791942596435499,24.455642700195302,14.776458740234402,7.904155731201169,20.783004760742198,13.2806396484375,2.74162721633911,16.3447265625,15.8546047210693,23.298786163330103,21.602304458618196,-0.545202136039734,15.747007369995101
sub-0092,ses-01,run-04,vicarious,LOC,3,rating,0.309356451034546,0.508322656154633,6.16733264923096,4.51592350006104,-1.54603695869446,-4.33004426956177,-7.0684909820556605,-6.5223217010498,-10.9448776245117,-4.9256386756897,-4.90446376800537,-7.7807092666626,-6.26989555358887,-3.07271766662598,-6.00788116455078,-3.9641571044921897,-7.60504341125488,-7.644292831420901,-5.11970710754395,-6.4834890365600595,-5.79330968856812,-4.849578857421879,-6.7232761383056605,-1.58391952514648,-13.049599647522,-21.3338088989258,-13.374086380004899,-14.5120391845703,-13.108142852783198,-17.151912689209002,-16.464044570922898,-12.4740495681763,-17.725116729736303,-13.7543334960938,-10.3261852264404,-12.493769645690902,-13.532832145690902,-11.698955535888699,-6.006866455078121,-12.473560333252001,-16.780105590820302,-9.994401931762699
sub-0092,ses-01,run-04,vicarious,LOC,3,cue,5.24352550506592,0.7495651245117191,11.550785064697301,14.104201316833501,12.5659284591675,12.8430795669556,8.00795364379883,3.1695120334625204,10.076047897338901,15.263578414917,16.602848052978498,18.2996730804443,26.696958541870103,23.031175613403303,24.2309494018555,23.0207633972168,27.392728805542003,30.335916519165,14.928077697753901,7.847162246704099,18.7116680145264,19.5499534606934,17.9871940612793,23.7208137512207,14.7640743255615,6.43764781951904,-3.4524559974670397,-0.47908759117126504,-11.0381927490234,1.4391975402831998,-6.264277458190921,-11.294786453247099,-3.3704261779785196,-8.38378810882568,-12.791335105896001,-6.97526025772095,-2.2663171291351296,-18.347101211547898,0.786801934242249,-8.89754486083984,-0.354467511177063,-1.5472943782806399
sub-0092,ses-01,run-04,vicarious,LOC,4,cueH_stimH,18.553676605224602,-1.7460733652114901,19.568706512451197,10.707736015319801,6.71941375732422,27.4220352172852,40.6109619140625,60.02384948730471,39.791229248046896,45.4561767578125,22.1990642547607,44.2002182006836,49.8104476928711,50.873199462890604,39.872001647949205,39.5872344970703,20.1844272613525,11.1895656585693,19.6330718994141,12.395302772522,2.66585350036621,32.832717895507805,24.802930831909197,53.4656181335449,42.9298248291016,36.94826126098629,26.1554126739502,22.737873077392603,28.0205974578857,9.90936756134033,24.1891403198242,22.7467575073242,12.198238372802699,7.00924253463745,18.6044635772705,20.7572021484375,11.2643404006958,-2.3048982620239302,1.28533363342285,4.26946258544922,8.568309783935549,-9.38587188720703
sub-0092,ses-01,run-04,vicarious,LOC,4,cueL_stimH,32.9562492370605,37.3624610900879,32.2874412536621,4.2626051902771005,27.1598014831543,38.669162750244105,45.8208122253418,38.148040771484396,30.9349040985107,42.8127403259277,47.1483497619629,39.107513427734396,32.8124656677246,42.556884765625,45.9997062683105,27.955713272094698,43.447593688964794,38.4244346618652,43.0168876647949,35.9696006774902,13.562572479247999,12.560619354247999,29.374486923217802,25.473800659179698,14.255234718322802,5.00215101242065,1.1420145034790001,18.591995239257802,17.6333103179932,5.27776432037354,-3.83542251586914,18.076940536499,-18.6242408752441,9.27923202514648,-22.6697998046875,-0.155803680419922,-28.667747497558604,-8.93267250061035,-44.6546478271484,-29.995403289794897,-65.86044311523439,-32.1580085754395
sub-0092,ses-01,run-04,vicarious,LOC,4,cueH_stimM,-14.8459625244141,-17.1342239379883,-3.0892992019653303,-18.8214645385742,-17.8484573364258,-9.402099609375,-9.408806800842289,-6.95860385894775,12.0280179977417,-24.2788581848145,-0.599258899688721,33.2260055541992,14.530399322509801,25.0237121582031,28.069435119628896,41.3285980224609,22.0313701629639,18.8756084442139,31.6612358093262,28.8108940124512,50.224246978759794,21.1807842254639,32.3770561218262,33.221302032470696,41.8314208984375,37.6497764587402,24.4348087310791,19.9094486236572,8.12398147583008,-25.2770175933838,-20.792631149292,-17.7691040039062,-32.026985168456996,-12.6589097976685,-18.3909530639648,-12.8957691192627,2.14655876159668,4.15334606170654,-5.13408851623535,-11.200475692749,1.7182998657226598,6.6229887008667
sub-0092,ses-01,run-04,vicarious,LOC,4,cueL_stimM,-15.200706481933599,10.3755569458008,14.6532526016235,14.082012176513699,32.8326187133789,9.01465797424316,9.05207538604736,42.4317169189453,32.4900894165039,46.7634353637695,55.4337692260742,24.175230026245103,26.5324058532715,30.2788009643555,32.635242462158196,34.9820365905762,24.4517631530762,51.405433654785206,59.7024002075195,40.748386383056605,49.248626708984396,54.6598129272461,58.8247871398926,49.9468116760254,26.067777633667003,49.701171875,58.3339767456055,63.770900726318395,54.7163200378418,52.738494873046896,55.0834159851074,65.2304229736328,56.9993667602539,48.649993896484396,51.9431381225586,56.3438568115234,33.868171691894496,44.348274230957,41.6620101928711,55.049808502197294,65.27923583984379,70.7222900390625
sub-0092,ses-01,run-04,vicarious,LOC,4,cueH_stimL,-15.723011016845698,7.40400886535645,2.5356502532958998,7.785320281982419,1.79819178581238,3.0139718055725098,-3.3546442985534703,22.1045761108398,0.9289879798889159,12.4579753875732,9.76718997955322,30.6848583221436,19.5257301330566,15.257489204406701,30.7555465698242,21.066364288330103,38.2884979248047,26.9228401184082,48.675048828125,21.5840873718262,38.819919586181605,35.340507507324205,26.1034622192383,30.1436920166016,25.8614177703857,15.756476402282699,13.498419761657699,24.5064640045166,39.827175140380895,23.141527175903303,16.7413215637207,-6.73542022705078,7.16306972503662,4.90074396133423,4.8637995719909695,6.3417830467224094,7.4274411201477095,-12.1537218093872,-1.9560098648071298,-7.96286773681641,6.19230842590332,-8.53681182861328
sub-0092,ses-01,run-04,vicarious,LOC,4,cueL_stimL,37.242118835449205,18.6261901855469,19.1930541992188,0.220736980438232,15.9700031280518,5.71195316314697,44.5498123168945,39.376071929931605,28.455064773559602,13.7914934158325,35.481658935546896,44.387908935546896,42.540901184081996,24.186250686645497,24.988151550293,30.7573928833008,34.162063598632805,35.4404792785645,44.4962310791016,47.83528137207029,21.950204849243196,18.5026893615723,31.132511138916,32.7881698608398,34.3111572265625,56.5505142211914,40.217845916748,35.889801025390604,52.4968414306641,43.706203460693395,57.11946105957029,33.575225830078104,41.632110595703104,24.5388336181641,37.449951171875,1.11047530174255,2.5587911605835,-10.7259311676025,18.8238525390625,-0.5564647316932679,-7.13501262664795,25.0510444641113
sub-0092,ses-01,run-04,vicarious,LOC,4,rating,0.0195214748382568,4.50120782852173,11.606712341308599,13.2639007568359,18.4376583099365,14.243936538696301,21.522352218627898,16.9506950378418,16.2208862304688,17.9280471801758,14.0288600921631,19.1465148925781,15.3105716705322,8.33519172668457,12.264007568359402,6.68091583251953,15.3988389968872,15.550061225891099,20.326244354248,13.9126787185669,24.951126098632802,22.0754337310791,22.356575012207,25.2418422698975,17.4973468780518,16.3605880737305,18.1445579528809,21.4287509918213,14.2284469604492,16.4405250549316,18.9526462554932,12.113180160522498,9.97560405731201,15.1593170166016,9.421281814575199,12.808466911315902,7.72132968902588,7.35406303405762,-2.33388090133667,-1.98694753646851,2.60889148712158,1.30891942977905
sub-0092,ses-01,run-04,vicarious,LOC,4,cue,19.723552703857397,16.8874130249023,27.807575225830103,26.617689132690398,25.9609260559082,12.640862464904801,14.7034549713135,1.1886223554611202,-5.48628044128418,3.1443326473236097,2.3891773223877,9.994382858276369,3.48121881484985,11.1599130630493,13.804162979126,13.821179389953599,10.8120927810669,6.2459812164306605,17.3545761108398,9.24774742126465,14.714122772216802,6.081598281860349,-2.7432193756103502,-7.696612358093259,-3.07363176345825,-7.95212173461914,-15.1404266357422,-15.0636425018311,-16.6396102905273,-26.9173965454102,-28.479471206665,-31.043607711792003,-15.945908546447802,-19.7347259521484,-14.2090969085693,-32.074050903320305,-20.0240440368652,-18.474685668945302,-9.702516555786131,-12.1782732009888,-6.85057783126831,-8.16427326202393
sub-0092,ses-01,run-04,vicarious,LOC,45,cueH_stimH,4.98551082611084,-6.51621913909912,10.9987316131592,9.51193904876709,15.7802448272705,4.261268615722661,29.9305858612061,34.849216461181605,31.4727439880371,28.284780502319304,28.6584968566895,26.297887802124,26.9205303192139,11.9803409576416,18.0418815612793,7.39414262771606,13.7448472976685,19.4034805297852,23.4240989685059,2.25230884552002,-8.30068778991699,-11.168210983276401,5.97196483612061,7.23309993743896,3.7495756149292006,-13.165646553039599,-5.5859494209289595,-2.62616348266602,-12.852532386779801,-14.900238037109402,-18.511798858642603,-8.17322158813477,-22.630201339721697,0.5173892974853521,-0.632131576538086,4.88950061798096,-0.6990151405334469,2.1695499420166002,-12.540507316589402,-24.704122543335,-20.3727741241455,-31.444744110107397
sub-0092,ses-01,run-04,vicarious,LOC,45,cueL_stimH,24.3052864074707,42.164176940918004,35.530479431152294,46.7015991210938,37.281379699706996,35.6812019348145,33.639331817627,31.254661560058604,41.625396728515604,30.5647811889648,43.277042388915994,45.73381042480471,32.777904510498,35.25563430786129,38.039157867431605,46.566291809082,33.0727310180664,38.7779655456543,25.7029495239258,26.9615173339844,14.9353275299072,7.6516427993774405,-0.137021541595459,-6.2812404632568395,-7.784319877624509,-11.244407653808599,-18.1187019348145,-20.2352294921875,-19.662483215332,-19.8887023925781,-16.1568717956543,-4.61380958557129,0.276206970214844,-6.1923828125,-3.27762222290039,-11.021541595459,-18.5569953918457,-19.2172927856445,-23.3621520996094,-33.6379432678223,-34.859710693359396,-45.479175567627
sub-0092,ses-01,run-04,vicarious,LOC,45,cueH_stimM,-19.217464447021502,-14.329455375671401,-16.4474296569824,-19.0077590942383,-17.58278465271,-34.348850250244105,-31.0821800231934,-19.0686645507812,-14.688905715942399,-13.205930709838901,-16.305198669433597,2.45799398422241,-4.01473712921143,2.8161783218383802,8.46527767181396,19.0141201019287,8.43344783782959,13.557716369628901,19.8105640411377,11.983374595642099,18.638902664184602,17.81614112854,18.084093093872102,15.460426330566401,8.08383846282959,20.7324390411377,3.9171004295349103,0.86909294128418,-13.9646167755127,-23.982374191284197,-26.1218910217285,-16.6613903045654,-10.042578697204599,-11.7075805664062,-15.9935150146484,-14.9684801101685,-8.987382888793949,-4.739916801452639,-10.299259185791,-3.5137825012207,-0.7515640258789059,-1.4724617004394498
sub-0092,ses-01,run-04,vicarious,LOC,45,cueL_stimM,18.0487899780273,27.275218963623,20.8577575683594,20.7896995544434,26.6460800170898,41.3894691467285,41.4279937744141,40.213897705078104,58.7519874572754,55.077449798584006,52.5057373046875,53.811241149902294,61.4518165588379,52.8708152770996,55.3505325317383,57.2538566589355,56.6061019897461,50.415187835693395,43.1182861328125,34.6519393920898,39.8691749572754,30.822898864746104,32.165599822998,23.9759502410889,24.078166961669897,20.0438079833984,31.5452308654785,25.008855819702102,27.107896804809602,28.215534210205103,28.720291137695302,25.4429931640625,28.9277458190918,7.10202789306641,16.4055252075195,15.5166549682617,16.6241035461426,38.1455116271973,36.057014465331996,52.6122512817383,38.2235832214355,46.4109382629395
sub-0092,ses-01,run-04,vicarious,LOC,45,cueH_stimL,3.33584237098694,-7.55179262161255,-3.23070502281189,-1.3372230529785198,5.84296989440918,8.35651206970215,6.87418413162231,5.86841583251953,13.2554759979248,12.0998592376709,14.7848854064941,19.8723926544189,34.9225883483887,23.6859245300293,32.4849472045898,41.3434944152832,45.489418029785206,46.574920654296896,51.6430854797363,46.241783142089794,45.530422210693395,38.2566986083984,32.6070213317871,31.3053874969482,19.0904102325439,12.107581138610803,-0.295070648193359,-5.6995968818664595,-9.25968551635742,-22.9892501831055,-13.111297607421902,-28.4003791809082,-15.236209869384801,-22.000562667846697,-22.2333965301514,-20.672872543335,-17.124324798584002,-13.120608329772901,-24.3126792907715,-7.4041452407836905,-21.0260925292969,0.639976501464844
sub-0092,ses-01,run-04,vicarious,LOC,45,cueL_stimL,23.558813095092802,20.903146743774396,28.937280654907198,29.6767253875732,28.587398529052702,24.1113128662109,25.2566757202148,13.544308662414599,19.215764999389602,18.1002521514893,31.7251491546631,40.2830238342285,39.413993835449205,34.668430328369105,44.4476737976074,37.48793411254879,37.5470123291016,40.616539001464794,35.668529510498,29.432445526123,36.859092712402294,14.404109954834,20.6765995025635,22.7999382019043,25.158248901367198,23.5703010559082,27.1487636566162,25.647020339965803,33.5122413635254,26.77392578125,21.7043762207031,12.6049537658691,16.9045829772949,13.8350830078125,10.3707275390625,20.2265949249268,19.324821472168,-0.16022157669067402,10.7532405853271,7.19436502456665,8.09661197662354,22.0134258270264
sub-0092,ses-01,run-04,vicarious,LOC,45,rating,3.1330041885376,3.0818784236908,9.82240581512451,7.4083890914917,8.50986671447754,3.22262096405029,0.511878967285156,5.8498225212097195,2.81037664413452,6.87055969238281,10.673151969909698,8.13941955566406,11.402851104736301,10.9160938262939,5.921356201171879,11.3834838867188,7.2876482009887695,4.34369945526123,0.586315155029297,3.2055015563964804,2.22424793243408,6.90441465377808,5.59120178222656,5.49454641342163,-3.4514966011047403,-10.3449745178223,-9.7091178894043,-12.246474266052198,-8.27130508422852,-10.868671417236301,-10.4530067443848,-6.85872459411621,-11.025398254394501,-15.2405195236206,-15.826458930969201,-16.3220062255859,-16.4717102050781,-16.9173679351807,-17.118141174316403,-18.861722946167,-13.6178302764893,-12.528678894042999
sub-0092,ses-01,run-04,vicarious,LOC,45,cue,11.9634227752686,19.6967811584473,19.3592910766602,20.1674976348877,15.291071891784698,16.8095283508301,10.3887453079224,9.9754581451416,9.946329116821289,19.3309230804443,24.5357475280762,23.163326263427702,29.2153244018555,28.283771514892603,28.744239807128896,31.782285690307603,29.510066986084,27.9211597442627,22.546895980835,22.570005416870103,25.9248962402344,31.2061462402344,30.712463378906197,28.8495979309082,23.336767196655302,15.8098239898682,0.9962089061737059,-4.97391223907471,-13.254869461059599,-23.7255878448486,-24.051908493042003,-23.4320125579834,-22.633102416992198,-25.3675708770752,-21.9730205535889,-20.3351650238037,-15.1250419616699,-12.7593278884888,-7.93536376953125,-7.75788927078247,-10.5231466293335,-8.764904022216799
sub-0092,ses-01,run-04,vicarious,LOC,46,cueH_stimH,13.0430202484131,7.083551406860349,16.6299705505371,13.6378517150879,8.598438262939451,26.1505908966064,34.4605140686035,45.113712310790994,51.339958190918,43.309173583984396,48.89595031738279,38.7598915100098,44.7507247924805,41.0840263366699,35.015106201171896,24.1594734191895,25.983760833740202,23.5172843933105,20.8047561645508,24.380880355835,9.41925048828125,14.5305786132812,22.534887313842802,37.0645523071289,34.8516998291016,27.9612350463867,28.919897079467802,24.437314987182603,23.9438667297363,18.6114139556885,22.0624046325684,25.094970703125,18.525955200195302,14.5714921951294,13.3478498458862,15.0712242126465,8.38722229003906,5.41251373291016,6.589252471923831,-0.22409439086914104,-3.6738128662109397,-4.25304412841797
sub-0092,ses-01,run-04,vicarious,LOC,46,cueL_stimH,28.7197704315186,23.6293067932129,34.1102714538574,27.6183547973633,30.562664031982397,34.306854248046896,40.958503723144496,51.7762603759766,39.439479827880895,30.6016311645508,47.98246765136721,40.657279968261705,43.245876312255895,49.9042816162109,51.2966461181641,50.818267822265604,44.875339508056605,46.581146240234396,47.2881202697754,58.790618896484396,45.5634613037109,36.4085273742676,36.879402160644496,17.255174636840803,26.689245223999,15.099742889404302,6.188751220703121,19.937320709228498,20.8519592285156,-7.1087741851806605,-12.357364654541,-2.78058815002441,-4.539894104003911,-9.27762222290039,-15.3599166870117,-11.153919219970698,-33.7606735229492,-28.125307083129897,-51.160682678222706,-39.5905990600586,-32.2774658203125,-37.9887275695801
sub-0092,ses-01,run-04,vicarious,LOC,46,cueH_stimM,-22.9266738891602,-25.5755558013916,-24.7569847106934,-23.7582473754883,-28.7184524536133,-24.6224708557129,-14.1431436538696,-13.9925003051758,0.891109466552734,8.32445526123047,12.7757148742676,18.533512115478498,28.482341766357397,28.6787376403809,34.6351699829102,41.50185012817379,40.43626022338871,45.0125541687012,48.7035942077637,55.4084129333496,51.0248832702637,55.6383934020996,32.2703819274902,37.5613899230957,40.79221725463871,38.40110397338871,35.619571685791,17.2135620117188,4.6310319900512695,-1.88866305351257,-10.989025115966802,-9.15958404541016,-8.84243392944336,-6.9576535224914595,-4.703341960906981,-10.107382774353,-2.64289283752441,-7.79033088684082,-9.96280097961426,7.37992858886719,4.513572692871089,10.6857900619507
sub-0092,ses-01,run-04,vicarious,LOC,46,cueL_stimM,22.999334335327102,20.4395065307617,22.2983093261719,33.4739303588867,22.618127822876,36.235099792480504,37.061088562011705,45.2161750793457,51.96330261230471,51.7121086120605,45.1190719604492,47.7365188598633,28.742933273315398,48.126346588134794,49.846508026123,47.140895843505895,55.070930480957,62.47123718261721,61.156124114990206,53.564579010009794,53.50688171386721,47.6395988464355,52.1040191650391,37.0054969787598,43.8012008666992,26.7894554138184,40.599029541015604,42.2407875061035,44.3515129089355,36.108249664306605,38.1585083007812,37.994720458984396,49.9162063598633,32.398796081543004,37.609336853027294,24.5170364379883,27.9084129333496,31.24729347229,43.330924987793,46.9163131713867,46.6210250854492,65.1558151245117
sub-0092,ses-01,run-04,vicarious,LOC,46,cueH_stimL,-6.397271633148191,-13.671851158142099,2.00215411186218,-2.3939402103424103,15.0256681442261,8.37467765808105,7.81667566299438,3.5105280876159703,26.496263504028303,23.7579040527344,22.6407089233398,32.7661819458008,35.710243225097706,38.489349365234396,33.4615325927734,36.1632080078125,42.4879875183105,39.804039001464794,40.521556854248,43.684364318847706,43.005165100097706,41.709968566894496,50.523929595947294,23.4312896728516,36.697566986084,37.3567390441895,28.2745895385742,25.1790561676025,15.882688522338901,14.6470441818237,9.59316539764404,12.811412811279302,13.9511108398438,13.1616983413696,21.5183601379395,13.67005443573,6.5784807205200195,6.417425155639651,3.5600872039794904,10.4534120559692,-0.0877323150634766,4.06022644042969
sub-0092,ses-01,run-04,vicarious,LOC,46,cueL_stimL,24.365211486816396,11.6783351898193,16.265998840332,17.1138648986816,19.814323425293,12.6359529495239,18.7279434204102,16.1673336029053,22.376708984375,24.838626861572298,27.512565612793,34.932487487793004,34.3414154052734,32.2180976867676,29.3479919433594,35.0630264282227,39.2164535522461,38.7534790039062,50.3518257141113,44.599460601806605,43.486110687255895,42.595001220703104,29.3863258361816,41.950401306152294,40.2224998474121,45.0625,51.2978706359863,43.2030906677246,50.699554443359396,33.700836181640604,31.400587081909197,24.406805038452102,25.553123474121104,20.2107772827148,10.27734375,-2.9557888507843,-6.309374809265139,-16.9218349456787,-18.0474967956543,-10.6562385559082,-20.206111907959002,-0.0123314410448074
sub-0092,ses-01,run-04,vicarious,LOC,46,rating,1.2300591468811002,4.91538715362549,10.3411273956299,9.18278789520264,12.7721214294434,15.016256332397498,14.2943172454834,16.5908737182617,15.792860984802198,18.1910991668701,20.7773056030273,21.4694137573242,18.2859191894531,9.20486450195312,10.683601379394501,11.8060836791992,13.481517791747999,13.348656654357901,18.5290470123291,19.6113567352295,20.785718917846697,30.817640304565398,26.5226745605469,25.8283576965332,14.796436309814501,8.985517501831051,9.99598979949951,12.0871744155884,15.7056970596313,11.056830406189,9.08846378326416,7.59591197967529,5.605963230133059,12.1313791275024,5.59289741516113,2.75951099395752,3.9315147399902304,-1.4449877738952601,-5.17171573638916,-2.32562017440796,-1.0129709243774399,0.32893180847167997
sub-0092,ses-01,run-04,vicarious,LOC,46,cue,20.8232688903809,23.3236770629883,30.1423187255859,28.0908393859863,24.250108718872102,17.8902149200439,20.8133544921875,7.68737506866455,0.978430271148682,10.3942394256592,6.46488332748413,11.961475372314501,14.241574287414599,16.727258682251,13.628177642822301,12.952012062072802,9.68387126922607,8.77615165710449,7.390644073486331,11.9851722717285,9.91956329345703,12.6310081481934,9.55222034454346,0.5841045379638671,-1.7236428260803203,-9.394694328308109,-19.9465446472168,-21.2972640991211,-22.9839744567871,-27.1214427947998,-27.0790710449219,-29.688421249389602,-28.9169101715088,-28.3393898010254,-20.9291038513184,-25.689327239990202,-18.020339965820302,-16.9519748687744,-8.5626974105835,-16.200756072998,-9.2605619430542,-4.36700344085693
sub-0092,ses-01,run-05,cognitive,LOC,279,cueH_stimH,-0.43680477142334,2.9300584793090803,8.55716514587402,-13.6269283294678,-10.6247215270996,-20.2614479064941,-4.45729351043701,-22.3462696075439,-11.139400482177699,-14.046714782714801,-4.9014253616333,2.85860729217529,6.65377378463745,-11.821281433105499,14.6126041412354,11.4797630310059,5.1998462677002,15.7812767028809,-2.30194234848022,6.934146881103519,-6.86567831039429,8.87393379211426,5.628606796264651,6.56715393066406,-10.246187210082999,4.484704971313481,-5.47868537902832,14.039319992065401,-7.369232177734379,8.49066543579102,7.21112060546875,7.76853942871094,2.11646270751953,-4.894676208496089,3.7531852722168,-9.720947265625,-9.873067855834961,-4.2687063217163095,-12.2972679138184,-6.03135681152344,-11.8034057617188,-4.83172225952148
sub-0092,ses-01,run-05,cognitive,LOC,279,cueL_stimH,-14.454318046569801,-19.5080261230469,-8.20670986175537,-14.0353832244873,-6.5266752243042,-4.07924461364746,4.416075706481929,14.7157955169678,2.1842060089111297,13.532982826232901,6.82739114761353,15.378721237182601,4.94630813598633,16.174024581909197,1.04497814178467,18.9058303833008,14.3087549209595,17.7588005065918,-0.294766515493393,12.4018974304199,-10.871976852417,-2.9299535751342796,-2.71580696105957,-1.6228199005127,10.284510612487802,10.6398763656616,-11.637432098388699,14.628454208374,0.657649993896484,3.50623321533203,5.01804733276367,5.264801025390621,4.66409683227539,4.510459899902339,4.05025863647461,2.7287712097168,2.0227031707763703,13.5262908935547,-10.5263681411743,1.20499753952026,-9.61484146118164,-1.19282865524292
sub-0092,ses-01,run-05,cognitive,LOC,279,cueH_stimM,6.24266004562378,18.7060546875,8.31317615509033,2.21273565292358,-9.60075759887695,3.27366828918457,4.02171850204468,-12.3320159912109,-14.4770240783691,3.39030265808105,-2.24848794937134,-8.77635383605957,1.16020607948303,-8.82911968231201,3.9278612136840803,11.6949777603149,-0.862137317657471,0.102783679962158,3.02173614501953,2.27528953552246,6.26413726806641,11.117086410522498,26.7705574035645,5.12408828735352,18.6828174591064,7.059539794921879,13.8454875946045,5.430843353271481,3.2113361358642596,16.814136505127,0.35187530517578103,-1.4798278808593797,-1.4631118774414098,-5.122718811035161,-3.0919742584228502,-2.75980758666992,-10.2605857849121,-5.02457046508789,-1.1077575683593799,-2.21758103370667,0.7842946052551271,4.51197862625122
sub-0092,ses-01,run-05,cognitive,LOC,279,cueL_stimM,-0.925388336181641,22.8621292114258,6.45232963562012,13.7580661773682,-2.1695728302002,4.373023986816411,2.1733856201171897,-0.21064281463623002,17.232374191284197,-0.7696483135223392,13.0608358383179,15.7267417907715,9.0528450012207,2.9804897308349596,10.705817222595199,3.41667604446411,2.66916227340698,14.9568138122559,7.303207874298099,10.9081125259399,1.7783358097076398,-9.08995246887207,-0.71014267206192,12.9801721572876,-2.41058492660522,3.1512391567230202,-3.6665201187133802,3.04374504089355,-10.2990989685059,5.90303230285645,-7.26289367675781,2.8077373504638703,-5.13991165161133,4.83477973937988,6.658466339111331,-8.77318572998047,1.53684997558594,0.602378845214844,20.3560905456543,0.38517951965332003,-0.086181640625,-0.696550369262695
sub-0092,ses-01,run-05,cognitive,LOC,279,cueH_stimL,-20.828388214111303,-9.91683673858643,-21.135562896728498,-16.3738861083984,-32.3160018920898,-6.92411231994629,-25.698585510253896,-14.6413068771362,-8.25675773620605,-5.8719801902771,11.8169403076172,8.44769668579102,1.76654624938965,13.0619478225708,17.347038269043,0.9839491844177249,4.753289699554441,5.862610340118411,7.45037746429443,-0.0732094645500183,1.28645515441895,-9.58205986022949,-6.74769687652588,-13.141490936279302,-13.110405921936,-4.94263458251953,-11.94176197052,-4.78989791870117,-1.03421592712402,5.8590259552002,1.8431844711303702,2.2130584716796897,-12.9798641204834,-8.1983699798584,-16.2594604492188,-3.5071029663085898,-19.162906646728498,-14.4575958251953,-16.1212539672852,-15.334188461303699,-16.8810501098633,-10.164270401001
sub-0092,ses-01,run-05,cognitive,LOC,279,cueL_stimL,35.852775573730504,19.047779083252,31.233028411865202,23.1913204193115,21.099807739257802,35.3857269287109,24.294847488403303,19.343450546264602,17.1810703277588,36.2958374023438,26.9431858062744,23.289442062377898,25.070127487182603,20.5789108276367,20.7024974822998,15.335697174072301,13.0703382492065,25.5070724487305,7.99002456665039,17.622802734375,-7.240056037902829,0.374132633209229,-4.77315759658813,1.9057688713073702,-6.426476955413821,1.46677589416504,3.77119779586792,0.0538779497146606,-9.805975914001461,5.951909065246579,-10.108713150024402,10.928653717041,-9.54647636413574,10.087100982666,-7.8266429901123,15.511363983154302,-3.5989837646484397,-9.21921157836914,-14.340080261230499,-9.28599548339844,-6.99719429016113,-9.46075820922852
sub-0092,ses-01,run-05,cognitive,LOC,279,rating,-0.731634140014648,-3.2797298431396498,1.5625896453857402,-2.32375907897949,3.9334259033203103,-2.7357769012451203,1.09112548828125,1.7475090026855502,2.5288925170898398,7.20429992675781,9.52439880371094,12.9254760742188,16.071556091308597,21.3965530395508,19.283615112304698,20.1794700622559,27.5111618041992,22.968515396118196,25.4575462341309,18.6421966552734,14.827503204345698,11.2694797515869,12.8221950531006,3.9899919033050497,4.716772079467769,-0.7977328300476071,2.96214962005615,-4.77836418151855,-0.46732330322265603,-5.15165328979492,-1.2412467002868701,-4.733087062835691,1.2705047130584701,-5.89379024505615,-1.19085097312927,-0.8524422645568851,5.74692010879517,0.0838565826416016,6.08345556259155,4.67504930496216,8.1737003326416,4.717262268066411
sub-0092,ses-01,run-05,cognitive,LOC,279,cue,-4.197021484375,-2.43180966377258,-0.348578929901123,-2.64090633392334,2.3510153293609597,-5.04896688461304,3.3239121437072794,3.07751560211182,7.16013431549072,5.21469593048096,14.2343196868896,6.2264900207519505,14.156358718872099,10.199745178222699,14.7735595703125,11.380149841308599,19.0695915222168,12.5889129638672,3.0699081420898398,0.549271583557129,-2.43991088867188,-2.5825424194335898,-4.67934131622314,-5.6981954574585,-6.88889980316162,-6.29373645782471,0.38570022583007796,-3.3609671592712402,1.68708407878876,-3.3804726600647004,1.2077579498291,1.8768377304077102,0.9669731855392459,4.09128284454346,14.613189697265598,0.9793250560760501,3.92657065391541,11.589597702026401,16.5489463806152,10.602457046508801,4.87260484695435,8.66492462158203
sub-0092,ses-01,run-05,cognitive,LOC,280,cueH_stimH,-7.9039602279663095,-11.9501428604126,6.00358772277832,-5.37327575683594,-8.082201957702638,-17.445735931396502,-14.411320686340302,-13.2787761688232,-15.119180679321301,-11.4751882553101,-16.3270092010498,-7.50785398483276,-6.68417835235596,-5.3860611915588406,-3.75253677368164,6.70099687576294,2.10535764694214,-3.76168298721313,-9.984048843383789,-9.9331579208374,-7.77627038955688,-24.1516304016113,-5.15041923522949,-16.7049770355225,3.0983076095581095,-0.6598186492919921,5.89156532287598,10.828426361084,9.78071212768555,17.3570404052734,4.30562210083008,7.32831573486328,-4.69110107421875,5.44062805175781,-2.03102874755859,-12.5453643798828,-19.785455703735398,-21.033237457275398,-10.085590362548801,-9.18327617645264,-7.77374410629272,-11.9993133544922
sub-0092,ses-01,run-05,cognitive,LOC,280,cueL_stimH,-9.83838653564453,-10.1570243835449,-8.03813648223877,-6.4860525131225595,-8.74861240386963,0.989457130432129,3.28323221206665,7.6257758140564,14.4927558898926,9.42569637298584,12.3120269775391,-5.40970325469971,-10.552714347839402,-23.306715011596697,-23.445238113403303,-29.452844619751,-5.35168743133545,-14.751972198486301,-3.0694899559021,-12.939332962036099,-34.025177001953104,-7.81206560134888,-27.9770317077637,-12.369518280029302,4.475634574890139,-6.3608570098877,7.085393905639651,-10.23854637146,-4.0981330871582005,-12.583595275878901,-2.5253524780273398,-14.3196411132812,-23.1191596984863,-18.849655151367198,-32.8980941772461,-18.2126579284668,-29.8954048156738,-19.3811721801758,-11.909525871276902,-25.8020801544189,-15.148540496826199,-33.3894577026367
sub-0092,ses-01,run-05,cognitive,LOC,280,cueH_stimM,0.997040748596191,-2.14402008056641,-8.92490768432617,-4.79227685928345,-9.394063949584961,-13.1215372085571,-14.990894317627001,-12.261112213134801,-16.7003974914551,-15.6837511062622,-10.6846618652344,-4.54059028625488,1.95202112197876,-1.2312833070755,-17.0073318481445,-11.312864303588901,-21.4810581207275,-9.43753337860107,-13.3542566299438,-9.42739391326904,1.4255542755127,14.6423587799072,8.74254035949707,8.279833793640138,3.41204833984375,-6.57499885559082,-2.26861190795898,-4.3773078918457005,6.38152313232422,5.15864944458008,-1.1679115295410198,-3.05765914916992,-1.4444580078125,-8.43108367919922,-12.7816905975342,-14.2125072479248,-2.35264778137207,-14.555793762207001,4.4069099426269505,6.2391357421875,24.8837051391602,16.902193069458
sub-0092,ses-01,run-05,cognitive,LOC,280,cueL_stimM,3.2573623657226602,-11.076472282409698,-0.332598924636841,-13.872302055358901,-8.21684265136719,-9.045331954956051,0.448210716247559,-4.78025245666504,12.907289505004899,6.46825981140137,20.64719581604,9.67293834686279,21.997987747192397,8.02819156646729,10.0476045608521,3.8867759704589804,5.303062915802,7.76578617095947,-5.16074848175049,-15.2511596679688,-3.0238008499145494,-21.770881652832,-11.394186019897498,-17.2345657348633,-4.9348249435424805,-15.893260955810499,-20.207195281982397,-18.497173309326197,-0.19949054718017603,-14.111873626709,-4.9006519317627,-12.3407249450684,3.54975509643555,-9.51750946044922,5.739337921142581,-16.0138282775879,3.39119338989258,-5.10478210449219,21.544454574585,-5.85675239562988,9.0419921875,1.7333869934081998
sub-0092,ses-01,run-05,cognitive,LOC,280,cueH_stimL,-4.16748237609863,-19.1673679351807,-10.0825147628784,-28.9789886474609,-6.227149486541751,-12.9742975234985,5.31373023986816,-5.3570089340210005,14.9130401611328,20.941116333007802,29.6593933105469,37.8727569580078,29.2795219421387,25.521480560302702,21.285503387451197,16.979076385498,9.38318824768066,9.58142185211182,2.52525615692139,1.72219038009644,-6.13912391662598,-11.116469383239698,-23.7338790893555,-22.320611953735398,-20.163459777832,-23.0354919433594,-26.0575256347656,-15.1608562469482,-14.8753108978271,-19.4472255706787,-20.332706451415998,-20.5641174316406,-19.1558208465576,-18.2952842712402,-17.8344650268555,-7.29377937316895,-21.4561042785645,-19.347091674804698,-14.1746826171875,-16.6070137023926,-6.20276641845703,-1.3212289810180702
sub-0092,ses-01,run-05,cognitive,LOC,280,cueL_stimL,35.3450164794922,44.435028076171896,35.114917755127,48.6249885559082,35.7731132507324,51.2678146362305,46.0266914367676,57.0915031433105,42.2537879943848,62.121009826660206,52.678043365478494,43.5460319519043,39.6242332458496,33.3209953308105,29.453466415405302,12.4265689849854,5.24314880371094,-7.1159353256225595,-17.821369171142603,-35.697078704834,-20.292163848877,-37.2565803527832,-26.039791107177702,-30.2834548950195,-18.1427307128906,-45.165985107421896,-29.7660102844238,-35.5792350769043,-25.2721977233887,-40.516716003418004,-34.4524307250977,-19.8959350585938,-26.7640762329102,-31.5873718261719,-17.756271362304698,-27.329216003418,-25.9235725402832,-34.8371162414551,-25.4360198974609,-32.4375,-36.1706771850586,-33.940193176269496
sub-0092,ses-01,run-05,cognitive,LOC,280,rating,0.0376472473144531,1.13333797454834,-3.46198463439941,-3.72401237487793,-5.703180313110349,-2.98335075378418,-3.3183364868164102,-0.268730163574219,3.78158950805664,8.197460174560549,14.185791015625,14.359130859375,23.9919757843018,27.627418518066396,22.0420837402344,27.4468650817871,23.1984081268311,22.0505313873291,21.433536529540998,19.2927398681641,12.6767158508301,15.023571014404302,7.357007026672361,6.51350212097168,5.996557712554929,3.6432113647460898,-3.93667221069336,1.13442707061768,-3.1596107482910196,-5.07428550720215,-3.67545700073242,-3.19128847122192,-4.77477788925171,2.385666847229,-4.82536315917969,6.272647857666019,2.20677852630615,11.9418392181396,11.271969795227099,16.3899002075195,7.79005670547485,16.5397453308105
sub-0092,ses-01,run-05,cognitive,LOC,280,cue,4.87190246582031,-4.09148359298706,-8.551685333251951,-8.33160972595215,-10.3622798919678,-11.8474884033203,-4.4350004196167,-3.08932781219482,2.9337129592895494,9.36009216308594,8.73009777069092,13.8394203186035,8.06780242919922,17.28564453125,9.84818649291992,15.8788604736328,2.0211601257324197,0.22505569458007801,-3.53945541381836,-11.3851165771484,-11.0820159912109,-7.83089447021484,-14.6071681976318,-8.505100250244139,-11.913778305053699,-10.1063709259033,-15.510389328002901,-13.2193183898926,-14.446722984314,-7.596026420593259,-12.690781593322802,-4.32861137390137,-2.9926271438598597,0.0428438186645508,1.10263848304749,15.4054851531982,13.383507728576697,21.9438419342041,23.538255691528303,22.3541660308838,12.9602956771851,10.900622367858901
sub-0092,ses-01,run-05,cognitive,LOC,281,cueH_stimH,8.07715606689453,2.90431022644043,-1.80176413059235,-12.627662658691401,-17.981533050537102,-10.797772407531701,-9.88599872589111,-7.78208160400391,0.359525203704834,-2.6771044731140097,-7.62716007232666,-3.0193903446197496,4.33490467071533,-10.406014442443801,-14.2529449462891,2.14423418045044,20.0705604553223,4.54617023468018,1.3259105682373,-2.87874221801758,-1.5585913658142099,-10.5502300262451,3.52481460571289,-2.60558414459229,2.97128009796143,-10.0147953033447,-0.995403289794922,12.704326629638699,11.3639888763428,-3.26040649414062,7.14945983886719,-12.483226776122999,-20.4093627929688,-7.26368713378906,-19.1061515808105,-29.2213821411133,-18.3398056030273,-38.005100250244105,-27.7034225463867,-25.705751419067397,-8.13629817962646,-33.172355651855504
sub-0092,ses-01,run-05,cognitive,LOC,281,cueL_stimH,0.291661262512207,-4.5468645095825195,1.35704064369202,-4.1638464927673295,1.8173621892929097,7.57292366027832,6.86417388916016,5.75805997848511,-1.81657826900482,-5.25916862487793,8.570690155029299,-3.30880069732666,-5.41802883148193,7.7937593460083,4.7423586845397905,11.8773441314697,-2.43173313140869,20.1431045532227,1.9823920726776103,-0.27222004532814,-19.9207649230957,-5.8739013671875,-10.6085796356201,-2.84190607070923,0.351577758789062,5.58945274353027,-0.5571918487548829,-9.33901214599609,-13.9882717132568,-11.277097702026401,-17.496604919433597,-17.1613655090332,-30.503128051757802,-18.7674255371094,-23.228958129882802,-27.409934997558604,-17.341331481933597,-14.3993530273438,-2.1641044616699197,-34.175144195556605,-6.35395050048828,-13.173213005065902
sub-0092,ses-01,run-05,cognitive,LOC,281,cueH_stimM,0.0254890918731689,22.877513885498,1.4673299789428702,1.9552071094512902,-8.950845718383789,3.1073470115661603,7.86905288696289,-7.51829051971436,-14.5860261917114,-0.0592727661132812,-5.39273309707642,11.889564514160199,0.453622817993164,6.56038475036621,-2.42773723602295,-8.66017436981201,6.880001068115231,-7.9226589202880895,4.33975505828857,6.10352420806885,6.5605769157409695,7.1359372138977095,10.0194253921509,13.665269851684599,2.6895875930786097,9.92814636230469,0.432987213134766,-0.22855567932128898,-14.470462799072301,-3.4037322998046897,-12.286121368408198,-11.205802917480499,-3.5484619140625,-14.4586944580078,-4.95541763305664,0.459274291992188,-7.1814136505127,-8.49906063079834,-15.964771270752001,3.6890943050384504,13.985084533691401,14.0673017501831
sub-0092,ses-01,run-05,cognitive,LOC,281,cueL_stimM,13.558652877807601,17.5117301940918,0.8991391658782959,6.35988807678223,6.2580451965332005,14.5021800994873,4.13161373138428,7.13411998748779,10.2854032516479,21.6072731018066,17.9279003143311,17.2963829040527,13.6928806304932,8.04874229431152,7.11197662353516,15.1369009017944,-2.03867840766907,25.634254455566396,5.082056045532231,15.7092370986938,16.4252510070801,9.11264133453369,4.01926565170288,0.14013183116912803,-0.738811731338501,3.24020290374756,1.03251457214355,-1.76469659805298,2.58709716796875,4.758191108703611,-9.23574829101562,-0.20861434936523396,2.1335811614990203,8.90964508056641,-1.6622619628906203,12.2418956756592,6.66703033447266,6.426666259765621,12.353902816772498,5.758304595947269,-4.35693359375,10.557109832763699
sub-0092,ses-01,run-05,cognitive,LOC,281,cueH_stimL,1.9783828258514398,-2.4540843963623,-5.86384391784668,-1.0113582611084,-0.6709330677986151,10.430809974670401,6.06200408935547,20.685848236084002,13.0662059783936,24.164438247680696,24.870180130004897,35.758018493652294,29.5331325531006,27.8755321502686,31.6945877075195,13.814423561096199,10.209251403808599,18.0978984832764,23.187870025634798,8.94562244415283,17.581222534179698,-5.24644088745117,-7.2069377899169895,-13.090879440307601,-2.84384632110596,-17.5814094543457,-6.63236522674561,-3.2314605712890603,-18.679735183715803,0.846479415893555,-9.3507194519043,-9.95951080322266,-6.9127902984619105,-10.0509338378906,-14.1906490325928,4.90670394897461,-9.04610633850098,-0.47071075439453103,2.73174095153809,-8.43403053283691,-8.40731048583984,-0.23140239715576197
sub-0092,ses-01,run-05,cognitive,LOC,281,cueL_stimL,20.868728637695302,35.7495918273926,30.5880317687988,27.5381736755371,31.5850982666016,36.0828132629395,46.7016830444336,32.7450523376465,56.353275299072294,48.5513572692871,37.8066558837891,37.37477493286129,31.762321472168,29.6795291900635,20.0776901245117,40.155311584472706,42.694675445556605,16.044548034668,12.179117202758801,-7.2477321624755895,-14.7586984634399,6.8007516860961905,-7.36041069030762,-12.341916084289599,-17.8496265411377,-18.733736038208,-13.3346652984619,1.49023365974426,-19.4383506774902,-30.337013244628896,-26.4814281463623,-5.71546745300293,-10.9775218963623,-23.5196800231934,-20.981765747070302,-17.138786315918,-19.946578979492198,-13.091072082519501,-10.7078094482422,-6.89918518066406,-10.751670837402301,-19.312423706054698
sub-0092,ses-01,run-05,cognitive,LOC,281,rating,-2.49579238891602,1.4648494720459,1.4165420532226598,-3.6356754302978502,-2.39901733398438,1.7397289276123,-2.67895889282227,-0.46387481689453103,5.60182189941406,6.038837432861331,13.5012855529785,9.98455810546875,13.461933135986301,18.8726367950439,21.6886291503906,18.0030498504639,21.0510349273682,23.830633163452102,16.2359352111816,18.224563598632802,12.999857902526902,16.836082458496097,13.714421272277802,6.572716236114499,9.21006011962891,1.87665438652039,1.72418487071991,1.4870309829711899,-2.6794204711914102,1.31869697570801,-4.764233589172361,-6.618971824646,-5.81163692474365,-12.8979167938232,-2.55948233604431,-7.211053371429441,0.8786945343017579,1.7843451499938998,5.08074140548706,2.5088834762573198,11.664792060852099,8.28708171844482
sub-0092,ses-01,run-05,cognitive,LOC,281,cue,-1.79818153381348,-2.0609583854675297,-0.670097351074219,-7.018756866455081,-10.9400806427002,-8.89747428894043,-10.870774269103999,2.25226879119873,-5.432611465454099,5.255163192749019,4.524230003356929,8.028957366943361,5.7173786163330105,13.012554168701199,13.135032653808599,10.8886871337891,12.2136917114258,2.4578437805175803,-1.87036514282227,-7.2025852203369105,-10.5394496917725,-14.6194610595703,-12.3704471588135,-15.7635154724121,-20.8974628448486,-21.973169326782198,-29.581863403320302,-21.496507644653303,-21.588060379028303,-24.3578662872314,-21.206102371215803,-14.6021242141724,-9.1974983215332,-3.67327880859375,-7.4457111358642605,0.74299144744873,8.16036701202393,13.771129608154302,16.7377891540527,11.367128372192399,11.5174503326416,-1.68591952323914
sub-0092,ses-01,run-05,cognitive,LOC,282,cueH_stimH,1.6099433898925801,3.42620182037354,12.8231782913208,-22.5933055877686,-8.79114437103271,-11.358136177063,4.85018539428711,-6.691739082336429,-5.8581027984619105,3.69660091400146,-7.0549020767211905,-10.3912057876587,-8.62675285339355,-1.9925572872161899,9.237588882446289,12.711231231689501,8.374301910400389,17.412620544433597,-6.370099067687991,-2.23727464675903,9.35790252685547,-7.15806484222412,7.22530078887939,18.484567642211896,-1.55719566345215,35.396636962890604,19.5986919403076,33.344772338867195,39.051025390625,19.066349029540998,-4.34742736816406,11.122577667236301,-11.622230529785199,5.45981597900391,0.914806365966797,4.991920471191411,-5.3677978515625,9.64735317230225,-24.6416549682617,10.5194778442383,-13.315242767334,14.455238342285199
sub-0092,ses-01,run-05,cognitive,LOC,282,cueL_stimH,3.54190587997437,4.966870307922361,3.98548674583435,3.2684993743896498,-10.1998157501221,19.0624389648438,-4.3981623649597195,10.336163520813,-7.61551380157471,4.23914098739624,-20.470411300659197,-2.98351144790649,-31.9023704528809,-33.9274864196777,-27.253061294555696,-15.1085720062256,-8.33718299865723,14.696065902710002,14.2276601791382,-9.26601982116699,-20.0307464599609,1.6210026741027799,-14.4082489013672,2.00784063339233,14.6895055770874,29.7152271270752,-4.79191589355469,0.596591949462891,0.7930202484130859,-2.8445892333984397,-1.8994331359863301,-1.5101699829101598,-4.434814453125,-6.14008331298828,-9.66707992553711,-3.33352661132812,-18.0923080444336,-4.97350311279297,-9.883137702941891,0.574295043945312,-27.857982635498,-1.8479540348052998
sub-0092,ses-01,run-05,cognitive,LOC,282,cueH_stimM,30.4962692260742,10.7529125213623,-0.24534988403320301,7.83074140548706,4.307048320770259,2.04057741165161,-8.56232452392578,-9.73557281494141,-17.417911529540998,-0.22446107864379897,-13.292273521423303,-3.74672889709473,-19.0546779632568,-12.307271957397498,-18.7677822113037,-9.18000316619873,-3.04050874710083,-17.9970321655273,-18.7041053771973,2.14718008041382,9.28226566314697,33.4896392822266,11.746123313903801,2.72804069519043,13.4204196929932,-10.6630401611328,10.442420959472699,13.501258850097699,17.8270874023438,25.8664817810059,18.3718338012695,32.2061538696289,17.0246429443359,13.2993259429932,26.526203155517603,6.537286758422849,18.9184513092041,7.84946584701538,17.715984344482397,13.7373523712158,7.185842990875241,21.1390972137451
sub-0092,ses-01,run-05,cognitive,LOC,282,cueL_stimM,-12.4281425476074,-13.676495552063,-17.3953018188477,5.396100044250491,-15.7401027679443,-6.00777196884155,-8.68645763397217,8.2102575302124,5.299195289611821,-5.058557510375981,28.795539855957,0.5731635093688959,10.233680725097699,-3.03435349464417,10.200456619262699,-19.2892761230469,-10.696174621582001,13.4064788818359,17.4559440612793,-6.80896759033203,4.94243478775024,-2.9157085418701203,0.382847309112549,-7.140844821929929,8.43119144439697,13.8399114608765,8.451747894287111,-4.42875909805298,18.8869743347168,7.0936374664306605,16.8244647979736,19.633234024047898,-0.36142730712890603,25.6678161621094,37.8031425476074,11.0150833129883,23.836524963378896,13.855804443359402,30.988046646118196,-3.27256965637207,14.28955078125,20.7219924926758
sub-0092,ses-01,run-05,cognitive,LOC,282,cueH_stimL,8.72889041900635,11.997701644897498,13.821502685546902,3.61426758766174,15.241685867309599,25.1655349731445,16.3820209503174,23.188064575195302,32.1804046630859,27.904352188110398,32.815277099609396,34.1784820556641,19.7107372283936,21.4424610137939,6.70354557037354,14.4405879974365,9.87721061706543,8.02526473999023,21.0838928222656,8.55440330505371,14.851900100708,0.199874401092529,3.2940521240234397,4.808276176452639,7.06379890441895,1.91584968566895,-19.7945327758789,3.88608360290527,7.96754264831543,-0.263015747070312,14.732461929321301,-7.39408874511719,1.20627021789551,-11.0422706604004,6.14931869506836,7.31716251373291,-3.59231853485107,-16.5043106079102,3.06882858276367,-1.34031677246094,0.596946716308594,0.956562995910645
sub-0092,ses-01,run-05,cognitive,LOC,282,cueL_stimL,26.3753280639648,32.994865417480504,31.4526443481445,48.4546775817871,10.3898782730103,23.5005264282227,-13.7241039276123,18.6279735565186,5.84840726852417,39.82493209838871,4.09773921966553,14.2187185287476,0.510312557220459,-13.3855438232422,3.9775331020355202,10.865864753723098,6.39147090911865,-13.872440338134801,4.37593126296997,-10.911908149719201,-0.5106076002120971,-1.2873539924621598,17.1438579559326,16.0817184448242,18.7931823730469,0.147614002227783,22.609556198120103,4.13050556182861,14.3685054779053,5.92183113098145,19.144998550415,24.9184646606445,23.508081436157198,16.6302108764648,16.3936882019043,26.0471458435059,3.2782135009765603,5.806182861328121,2.25817489624023,-16.1055755615234,-11.719747543334998,-18.0822162628174
sub-0092,ses-01,run-05,cognitive,LOC,282,rating,-0.276129722595215,-5.38031673431396,-6.26839637756348,-8.69319725036621,-8.99598693847656,-8.6963062286377,-2.24419784545898,-4.628387451171879,1.0225906372070301,-1.7302322387695301,2.23686599731445,2.8587493896484397,4.04113388061523,8.4966983795166,13.407073974609402,11.635718345642099,16.9038925170898,10.365757942199698,22.220890045166,18.531291961669897,14.969274520874,18.432186126709002,14.7034749984741,15.6967506408691,10.4102325439453,10.644416809082001,8.40865230560303,7.741535186767581,5.90537357330322,4.653234481811519,6.496778011322019,6.14357042312622,5.180554389953611,4.81760597229004,12.174934387207001,7.707842826843259,6.2235107421875,13.2962589263916,12.902602195739698,12.7047834396362,0.8325682878494259,13.8825855255127
sub-0092,ses-01,run-05,cognitive,LOC,282,cue,-5.3310432434082005,-5.5500173568725595,-4.29092788696289,-16.2274761199951,-8.53651809692383,-12.972590446472198,0.313827514648438,-5.47518444061279,7.18616390228271,5.18676376342773,9.5739803314209,3.17915725708008,5.39738464355469,12.297752380371099,11.783344268798801,12.639442443847699,8.32308197021484,5.243072509765621,-2.97391891479492,2.5321435928344704,-6.56984710693359,2.4944877624511697,-0.763657093048096,-3.8468914031982404,-0.950825691223145,-4.697571754455571,-7.549457550048831,-12.5603513717651,-9.17276763916016,-10.782482147216802,-5.5516471862792995,4.3179435729980495,-5.54612827301025,4.03023481369019,-2.8149399757385294,6.8014826774597195,14.3997287750244,22.007858276367198,16.765157699585,18.104770660400398,1.43129253387451,6.48610162734985
sub-0092,ses-01,run-05,cognitive,LOC,313,cueH_stimH,-4.29842853546143,-7.023493766784671,12.478507995605499,-7.102825164794919,-6.7730426788330105,-14.6235361099243,-10.091958999633801,-11.1268672943115,11.5601387023926,13.0911426544189,7.0297145843505895,19.402271270752,19.8278732299805,29.2343940734863,32.076671600341804,31.4277076721191,37.8180389404297,45.2562255859375,34.0533027648926,32.854171752929695,24.1756591796875,29.064218521118196,29.1328620910645,27.392271041870103,35.4049301147461,21.886592864990202,10.128454208374,-7.486774444580081,-2.34571266174316,14.142688751220698,-14.692131042480499,-11.6233863830566,-10.1914482116699,-22.199050903320302,-31.3423881530762,-37.229644775390604,-31.589662551879897,-12.2623844146729,-10.5422821044922,-23.634943008422898,-13.860372543334998,-19.1999588012695
sub-0092,ses-01,run-05,cognitive,LOC,313,cueL_stimH,1.8244936466216999,12.4164514541626,6.273065090179441,-5.14027214050293,-4.76470899581909,3.79052829742432,-0.0850167274475098,14.762500762939501,22.414894104003896,36.768253326416,24.7779006958008,32.9653511047363,23.316207885742198,43.316287994384794,24.7140922546387,34.6107902526855,32.693489074706996,31.304801940918,39.7920532226562,31.4294281005859,26.615037918090803,24.7041397094727,8.83369159698486,1.9052233695983898,31.278944015502898,11.8266544342041,22.935483932495103,17.6409854888916,-4.96916198730469,2.11462783813477,0.355777740478516,0.43425750732421897,-5.4626350402832005,-6.650970458984379,-5.94118881225586,-7.38027572631836,-7.415996551513669,-7.608123779296879,-10.637059211731,-16.3402099609375,-10.985980987548801,-13.5111885070801
sub-0092,ses-01,run-05,cognitive,LOC,313,cueH_stimM,-0.42068982124328597,1.09545946121216,-6.95760011672974,-4.6790628433227495,-7.55193996429443,-1.48590278625488,-6.13448619842529,-1.6346755027771003,-7.137305736541751,1.62872648239136,12.7643442153931,14.2843265533447,20.9840240478516,2.1397321224212598,26.353931427002,24.116712570190398,34.4431114196777,42.6198501586914,33.396270751953104,42.679878234863295,25.0786514282227,44.2722091674805,38.8599739074707,33.8243560791016,23.382396697998,22.101417541503896,12.425901412963901,-6.7454109191894505,1.52733993530273,-10.2961463928223,-22.0533599853516,-25.1545524597168,-21.2500305175781,-29.3472061157227,-34.0985260009766,-33.204376220703104,-30.3193874359131,-27.7345848083496,-22.2718486785889,-23.4409370422363,-10.8030519485474,-11.463672637939501
sub-0092,ses-01,run-05,cognitive,LOC,313,cueL_stimM,4.0305290222167995,-3.2490892410278303,-1.6204028129577601,-4.0221242904663095,-14.9254932403564,-8.92580699920654,8.19281482696533,5.594671249389651,14.8760995864868,19.9582557678223,34.4447364807129,22.3366680145264,38.892822265625,30.4079742431641,27.4949417114258,21.0598316192627,30.439884185791,52.3289566040039,36.741302490234396,41.9616928100586,49.689022064209006,38.38148880004879,33.7220840454102,28.1680126190186,20.579421997070302,25.6340026855469,7.601300239562991,3.10992002487183,-4.487693786621089,-23.984050750732397,-18.4445533752441,-20.6290283203125,-32.506198883056605,-32.6851844787598,-23.299484252929698,-30.906799316406197,-17.069896697998,-18.6992492675781,-8.78421783447266,-24.966215133667003,-24.912109375,6.08100891113281
sub-0092,ses-01,run-05,cognitive,LOC,313,cueH_stimL,-24.5604629516602,-26.526611328125,-30.385330200195302,-35.41062545776371,-28.1145839691162,-11.2098140716553,-20.7904777526855,-7.16334104537964,0.7616407871246341,-3.88107800483704,11.2955865859985,27.261251449585,14.163464546203599,20.233234405517603,15.220897674560499,22.1391162872314,30.7339706420898,42.1730804443359,41.5324478149414,33.0721855163574,22.8553676605225,24.0817527770996,14.604846954345698,15.645223617553699,4.6693058013916,0.136505126953125,-9.62709712982178,-6.572956085205081,-3.3183803558349596,-20.6643218994141,-23.9787216186523,-19.8801345825195,-22.8123474121094,-19.9958534240723,-4.16212844848633,-24.100833892822298,-24.6827087402344,-13.522064208984402,-12.093168258667,-23.435316085815398,-30.1028747558594,-7.052828788757321
sub-0092,ses-01,run-05,cognitive,LOC,313,cueL_stimL,2.45953369140625,5.13950777053833,3.97487831115723,8.66765403747559,17.2055492401123,19.7144622802734,21.384014129638697,21.827623367309602,20.3538665771484,50.039955139160206,57.4483871459961,56.860843658447294,53.170684814453104,55.0255470275879,51.416587829589794,64.975227355957,60.4759750366211,65.4890975952148,58.4805564880371,51.996517181396506,33.9908103942871,34.022647857666,35.454917907714794,23.3980369567871,37.684486389160206,11.448709487915002,14.784416198730499,-5.4916205406189,-4.66044521331787,-16.1863327026367,-11.3472957611084,-11.9208984375,-15.4111480712891,-17.051465988159197,-22.688644409179698,-25.8653717041016,-27.1328811645508,-24.7186431884766,-17.219993591308597,-20.583297729492198,-18.302190780639602,-15.5082054138184
sub-0092,ses-01,run-05,cognitive,LOC,313,rating,-0.7998371124267579,-5.202034950256349,-6.853466987609861,-1.02682304382324,-6.05460929870605,-7.88314056396484,-1.21306228637695,0.726470947265625,6.471282958984379,12.951133728027301,15.337432861328098,18.1976470947266,19.6562423706055,19.976009368896502,18.9775924682617,16.9450416564941,18.6451015472412,18.8751487731934,15.4268341064453,12.721831321716301,7.43440961837769,3.68909120559692,0.944057464599609,-1.92080891132355,-4.377080917358399,-7.29348993301392,-5.34963178634644,-5.64084243774414,-6.66658496856689,-7.8289966583252,-10.2345275878906,-11.716512680053699,-9.41669750213623,-12.973167419433599,-8.71285247802734,-6.41096496582031,-5.94665670394897,2.15523052215576,-1.65728616714478,-1.9921886920929,-0.45300626754760703,3.14028692245483
sub-0092,ses-01,run-05,cognitive,LOC,313,cue,4.87070655822754,3.8217391967773398,0.433565139770508,-3.05949020385742,-0.74821138381958,3.58037376403809,4.1972951889038095,3.2702760696411097,11.274168014526401,10.8389358520508,15.1047534942627,24.275146484375,23.332027435302702,23.941837310791,25.2539215087891,20.097335815429698,12.5462646484375,16.379104614257802,14.1016902923584,19.5436782836914,7.6179714202880895,8.17906951904297,3.4821949005127,2.8820953369140603,3.37456083297729,1.11900782585144,-2.9764468669891397,-7.73551321029663,-4.63686180114746,-8.58229351043701,-13.127216339111301,-9.67952919006348,-6.594111442565921,-9.69986343383789,-6.36205244064331,-2.36293601989746,2.31660175323486,4.6656322479248,9.57896995544434,9.3785400390625,4.64355611801147,7.87912750244141
sub-0092,ses-01,run-05,cognitive,LOC,314,cueH_stimH,-3.4823322296142596,2.1386747360229497,15.5309572219849,-2.3191280364990203,-9.21747970581055,-23.2858715057373,-8.25992012023926,2.78806066513062,-7.340153694152829,-8.46749305725098,8.09604454040527,2.53940224647522,2.70259952545166,7.6281642913818395,1.69073629379272,7.4197525978088406,11.6709852218628,-2.16061544418335,1.10515868663788,-7.50772666931152,6.94701862335205,2.65410399436951,3.8662877082824703,12.104795455932601,7.88071250915527,9.57211780548096,14.0343494415283,19.1217250823975,18.81982421875,36.0526924133301,26.0788955688477,3.65153884887695,8.35178756713867,-5.67657470703125,-4.622169494628911,-11.1172561645508,-8.389223098754881,-19.477519989013697,-14.7635040283203,-10.8922576904297,-8.59730339050293,-12.991832733154302
sub-0092,ses-01,run-05,cognitive,LOC,314,cueL_stimH,10.660365104675302,-10.8928861618042,-5.52739477157593,-19.5678997039795,-2.73016262054443,3.30417156219482,-2.47615146636963,-4.37540006637573,0.5113863945007321,20.4625492095947,29.748266220092802,9.519049644470211,8.587710380554201,14.3621139526367,0.421111106872559,-4.0750846862792995,5.60699558258057,25.3614826202393,9.68903541564941,-6.15159034729004,-9.21955490112305,15.1747274398804,26.718509674072298,-8.38275051116943,30.3038177490234,20.3634948730469,18.0391731262207,12.139842987060499,1.88402938842773,7.18615913391113,-5.74068450927734,1.6436462402343797,0.605876922607422,0.9701385498046879,1.5830802917480502,-29.2738380432129,-15.239727020263699,-1.3909683227539098,-14.7421817779541,-15.3093719482422,-10.0326271057129,-27.740751266479503
sub-0092,ses-01,run-05,cognitive,LOC,314,cueH_stimM,-10.018068313598599,17.830997467040998,4.10205173492432,14.3821611404419,8.69756507873535,0.7883329391479491,1.5507512092590299,-6.78295803070068,-0.11021304130554199,-1.9548420906066901,5.745355606079099,8.09949111938477,3.62648248672485,1.47989356517792,-0.242346525192261,18.002231597900398,17.7643432617188,-1.05429983139038,16.6728172302246,4.82879829406738,27.182016372680696,46.7745590209961,28.4024829864502,18.3109073638916,24.406364440918,14.6620388031006,1.7520332336425801,14.895118713378901,12.196296691894501,10.120922088623,-2.2691268920898398,21.6782112121582,7.53729248046875,-13.065372467041,-9.75990104675293,3.59441184997559,-1.76255989074707,-2.62366271018982,21.2560501098633,2.73963618278503,6.1599645614624,16.6558399200439
sub-0092,ses-01,run-05,cognitive,LOC,314,cueL_stimM,-12.913331985473599,-20.352096557617198,-2.02194404602051,-7.00549221038818,-16.392972946167,-10.8881063461304,-8.895649909973141,-2.52196025848389,-15.3316659927368,8.54972267150879,29.4582786560059,18.138113021850604,28.9566764831543,18.316987991333,12.9668674468994,31.5530185699463,33.884006500244105,22.2862339019775,24.8548583984375,6.432299613952639,6.467355251312259,6.0751657485961905,8.82282543182373,16.9742774963379,-6.44283628463745,8.52179527282715,-1.44410514831543,-6.157546043396,13.074747085571301,6.6719446182251,9.1845760345459,-10.8576946258545,8.28742218017578,-1.6745529174804699,11.795635223388699,3.78766632080078,-7.326045989990231,14.3169631958008,7.1434497833252,13.3824520111084,-5.153564453125,9.916685104370119
sub-0092,ses-01,run-05,cognitive,LOC,314,cueH_stimL,4.57504081726074,-12.7001314163208,7.839200019836429,-21.1157760620117,2.52399921417236,-3.20398044586182,-3.96641898155212,10.9629859924316,9.84872245788574,11.744341850280799,27.4344635009766,36.467922210693395,19.8678302764893,18.2328948974609,16.0842189788818,20.8332118988037,22.180307388305696,13.0667390823364,17.462938308715803,-0.635569155216217,16.1772441864014,3.59969615936279,-7.98993015289307,-22.0569801330566,7.30533599853516,-7.70466423034668,-19.5818405151367,-12.865613937377901,-21.7514762878418,-16.130487442016598,-8.43022727966309,-21.6609573364258,-15.162534713745101,-27.4562492370605,-25.970535278320302,-29.7183265686035,-17.7224006652832,-11.5606937408447,-28.493333816528303,-8.96395111083984,-20.1250839233398,-11.9471969604492
sub-0092,ses-01,run-05,cognitive,LOC,314,cueL_stimL,31.2875900268555,24.440002441406197,50.5297431945801,49.454471588134794,35.6784629821777,45.4589424133301,37.754707336425795,45.181526184082,41.623374938964794,58.061588287353494,58.859058380127,60.252559661865206,38.4546318054199,32.067428588867195,24.464282989502,16.6091423034668,14.742180824279801,11.635950088501,1.43154621124268,-33.0823593139648,-14.746541976928699,-20.1498851776123,-22.620874404907198,14.406890869140598,7.12835884094238,-12.573446273803699,-25.33278465271,-7.09908485412598,-11.088014602661099,-27.9235191345215,-29.0519523620605,-8.52695655822754,-14.5289573669434,-28.362440109252898,-41.952262878418004,-25.5086784362793,-17.579444885253903,-34.5825881958008,-26.447921752929698,-10.8400115966797,-22.800355911254897,-25.119060516357397
sub-0092,ses-01,run-05,cognitive,LOC,314,rating,-2.09066295623779,2.3005390167236297,3.6628017425537096,-3.1669082641601602,-6.7495231628417995,-2.7614154815673797,2.25844383239746,-0.549732208251953,3.09877395629883,12.7691802978516,3.7372207641601602,-0.036712646484375,8.78965187072754,10.53932762146,8.15940093994141,11.0305261611938,11.830747604370101,7.43886756896973,11.6980886459351,13.8672037124634,9.18914318084717,9.664408683776859,10.3597526550293,7.91095399856567,12.091739654541,7.37541151046753,9.60054874420166,9.733171463012699,12.5257835388184,9.8832893371582,8.34329319000244,12.511173248291,11.094750404357901,10.7791290283203,6.3917355537414595,13.4784374237061,15.1426639556885,18.0971927642822,14.7479562759399,6.79981279373169,10.0343151092529,10.4276657104492
sub-0092,ses-01,run-05,cognitive,LOC,314,cue,-2.4923648834228502,1.8739185333252,-8.40235900878906,-11.0211277008057,-2.8759539127349902,-2.8741607666015603,-10.5793952941895,-7.69018840789795,-7.67215824127197,-4.77358818054199,2.87688064575195,-0.131736755371094,-4.36285400390625,-0.62896728515625,-2.41177749633789,-4.66487121582031,-9.29475402832031,-9.95590972900391,-5.1174812316894505,-6.86053562164307,-16.7727127075195,-6.16807556152344,-2.27950239181519,-1.73295736312866,-13.7503337860107,-6.843195915222171,-8.8638334274292,0.0707612037658691,-7.21400928497314,-7.16963624954224,-8.10096740722656,-6.26188325881958,-5.356127738952639,-9.63558197021484,-8.75459575653076,-0.69320011138916,-4.16826152801514,2.96979928016663,7.48730182647705,6.602905750274661,-2.14429664611816,-0.7723355293273929
sub-0092,ses-01,run-05,cognitive,LOC,311,cueH_stimH,-6.42142391204834,-14.4774971008301,3.47008156776428,-2.8228645324707,-10.5245666503906,-15.0390787124634,-4.14699506759644,-10.961254119872999,14.905652046203599,11.6679077148438,23.3948154449463,33.3681983947754,25.399112701416,32.844997406005895,49.6954345703125,62.918849945068395,48.647819519043,50.063148498535206,31.027790069580103,44.9797859191895,47.395103454589794,42.6941375732422,41.300266265869105,36.9696197509766,29.9690971374512,30.8672981262207,10.3495674133301,28.4622974395752,4.69304084777832,10.1738395690918,-7.04233551025391,-22.172218322753896,-25.7951812744141,-38.419715881347706,-38.020271301269496,-33.9163818359375,-48.3453979492188,-17.1918067932129,-36.51633834838871,-24.3412246704102,-40.022865295410206,-37.9088096618652
sub-0092,ses-01,run-05,cognitive,LOC,311,cueL_stimH,11.9587249755859,5.44033288955688,-0.0381520986557007,2.37541055679321,-6.247126579284671,5.8697338104248,1.56150484085083,16.3026714324951,35.8517456054688,50.4174652099609,17.255521774292,41.9648284912109,35.7479858398438,47.292850494384794,50.7397956848145,53.3392181396484,46.5018997192383,52.1451644897461,47.288631439209006,32.594493865966804,39.2119102478027,37.59450149536129,28.5607604980469,24.3910446166992,20.3687744140625,12.663106918334998,17.960880279540998,21.054536819458,6.54388427734375,3.2318115234375,-3.84061813354492,-14.8018646240234,-28.384033203125,-19.0318832397461,-14.406982421875,-29.728832244873,-22.5014114379883,-27.636962890625,-28.1359596252441,-24.505817413330103,-22.230054855346697,-24.6192626953125
sub-0092,ses-01,run-05,cognitive,LOC,311,cueH_stimM,-15.955701828002901,-5.2852058410644505,-24.317512512207,-12.5837182998657,-11.7738914489746,-27.578693389892603,-18.8476486206055,-17.287090301513697,-19.4746322631836,1.06087970733643,4.525915145874019,7.04780769348145,8.41713714599609,14.9220581054688,25.5612945556641,39.1590461730957,47.5703811645508,35.4623260498047,39.431453704834,45.315391540527294,43.7893218994141,65.72617340087889,44.4786987304688,40.11094284057621,35.447196960449205,35.163864135742195,23.6732330322266,15.976837158203098,1.4947929382324199,-11.4278106689453,-18.071102142334002,-10.7696189880371,-28.2208251953125,-26.7987442016602,-29.3620872497559,-47.9433517456055,-22.2502326965332,-11.2540102005005,-22.251443862915,-10.3351469039917,0.7261497974395749,-0.0356266498565674
sub-0092,ses-01,run-05,cognitive,LOC,311,cueL_stimM,-0.322921752929688,-12.6624145507812,-22.771656036377,4.61551713943481,-13.375866889953599,2.0046401023864697,4.7384090423584,4.1107296943664595,33.2445297241211,30.417089462280302,53.858982086181605,51.9588813781738,65.39089202880861,62.2204399108887,62.411197662353494,76.79681396484379,77.6493911743164,93.2637176513672,67.2185211181641,60.797889709472706,67.3120193481445,66.1499862670898,65.9026336669922,45.3929634094238,52.8596878051758,36.815986633300795,19.113967895507802,7.25579118728638,14.433605194091802,4.745630264282231,-12.427482604980499,-17.1261940002441,-32.3743743896484,-20.4225807189941,-8.95164489746094,-24.3176536560059,-7.8455314636230495,-10.2087249755859,4.560150146484379,-18.805583953857397,-3.40869140625,-11.194488525390598
sub-0092,ses-01,run-05,cognitive,LOC,311,cueH_stimL,-18.087692260742198,-23.215353012085,-18.8587551116943,-26.306982040405302,-26.543800354003896,-20.9663486480713,-20.9083881378174,-15.829883575439501,0.377018690109253,8.051623344421388,31.830175399780302,39.1137542724609,45.166656494140604,53.762203216552706,53.4292678833008,65.1076736450195,66.7825164794922,73.6662063598633,73.8945617675781,77.27806091308591,64.7350921630859,59.321815490722706,52.0383453369141,46.774997711181605,32.3638572692871,28.424377441406197,-13.086141586303699,6.939289093017581,-4.04379081726074,-11.8717651367188,-11.754771232605,-18.7688674926758,-17.474115371704098,-26.408519744873,-19.300582885742198,-19.7592391967773,-16.6037845611572,-5.159912109375,-12.287620544433599,-14.9304256439209,-6.80638122558594,-7.34177494049072
sub-0092,ses-01,run-05,cognitive,LOC,311,cueL_stimL,17.90771484375,24.074031829834,22.4969673156738,25.936983108520497,6.013957977294919,26.59912109375,23.680162429809602,27.5590476989746,32.218292236328104,57.89990234375,65.5377655029297,58.2755928039551,72.27117919921879,69.9160308837891,60.809944152832,87.0647125244141,71.737419128418,75.28411865234379,55.896854400634794,62.318424224853494,34.2282752990723,16.6608505249023,15.2263708114624,11.7833614349365,13.696983337402301,-27.1615352630615,-25.4295215606689,-42.0960578918457,-48.114715576171896,-45.881046295165994,-39.831390380859396,-43.6858901977539,-31.5787143707275,-33.192634582519496,-38.7397575378418,-42.5725555419922,-42.442413330078104,-36.5492362976074,-36.8432006835938,-39.0453491210938,-37.4304046630859,-35.0642929077148
sub-0092,ses-01,run-05,cognitive,LOC,311,rating,-0.542732238769531,-6.608258247375491,-4.34108448028564,-8.46911239624023,-7.10001182556152,-14.5119457244873,-5.6697502136230495,-5.94820404052734,-5.3814697265625,0.865535736083984,6.89572525024414,9.38699340820312,21.2610816955566,21.4169330596924,21.1683044433594,18.6506881713867,16.0352458953857,15.953894615173303,16.7815265655518,15.380208969116199,11.148240089416499,15.4120264053345,11.3496513366699,4.44492626190186,9.100564956665039,3.15863943099976,3.49122905731201,2.48963356018066,2.65636348724365,-3.1798667907714804,1.22358512878418,-1.63122177124023,0.7484880685806271,1.8719711303710902,5.49292135238647,2.47712421417236,14.396279335022,16.7334480285645,16.8794250488281,14.172843933105499,12.8536949157715,15.6320362091064
sub-0092,ses-01,run-05,cognitive,LOC,311,cue,3.62700462341309,-10.9852619171143,-13.0525522232056,-15.6830387115479,-10.7132692337036,-15.1248416900635,-8.17075252532959,-8.11549282073975,0.8235502243041991,1.0183143615722698,7.70227241516113,11.056558609008801,15.8407688140869,12.6555709838867,10.4886207580566,10.905364990234402,4.00580215454102,-6.64915466308594,-2.12218856811523,-1.47443199157715,-4.108612060546879,-5.44059753417969,-1.26103925704956,0.0312633514404297,-2.32244110107422,-0.18713760375976604,-1.5092568397522,-5.11818075180054,-8.56017112731934,-11.4246606826782,-8.437854766845701,-7.7861013412475595,-5.9047956466674805,-10.677104949951199,-4.795331478118901,5.1172194480896,4.7834982872009295,2.7618834972381605,6.82618713378906,9.27576065063477,8.5249195098877,8.35872268676758
sub-0092,ses-01,run-05,cognitive,LOC,312,cueH_stimH,19.7369403839111,-12.8261938095093,33.3484916687012,12.754054069519,-16.783023834228498,-43.83537292480471,-5.59985542297363,2.22643804550171,-0.165130615234375,6.46755409240723,11.8414878845215,35.546356201171896,14.12122631073,22.768165588378896,27.7208061218262,59.145877838134794,65.15386962890621,30.4409618377686,42.085807800293004,25.942649841308604,14.0601711273193,-3.09662985801697,10.359899520874,15.3494100570679,19.560146331787102,4.44562721252441,16.3930282592773,10.9258689880371,25.4889221191406,12.496063232421902,4.545440673828121,22.1283073425293,-24.9890480041504,-0.9111251831054691,-31.2525825500488,-15.1991424560547,-23.4308013916016,-22.500617980957,-23.1673927307129,-8.113938331604,-18.833332061767603,-13.205171585083
sub-0092,ses-01,run-05,cognitive,LOC,312,cueL_stimH,-8.98543453216553,10.7784433364868,-2.83827900886536,-5.78527593612671,0.561690449714661,-14.8682222366333,-6.711646556854251,3.52867317199707,13.551372528076199,21.3171138763428,30.018018722534197,10.2398433685303,10.644399642944302,18.6493282318115,13.4729814529419,-3.95166015625,49.558986663818395,24.9378604888916,13.554483413696301,20.9965972900391,25.344669342041,24.7946395874023,16.0966300964355,32.409782409668004,24.40989112854,36.2329864501953,45.289436340332,24.120862960815398,28.2944164276123,5.12612533569336,21.501924514770497,-21.271015167236303,-17.7712554931641,-12.584083557128901,-18.0091285705566,-46.409763336181605,-36.41627883911129,-37.955924987793004,-33.5196380615234,-24.237367630004897,-24.7018127441406,-31.0965061187744
sub-0092,ses-01,run-05,cognitive,LOC,312,cueH_stimM,-0.710820198059082,-10.519686698913599,-1.8236722946166999,10.183968544006301,11.032726287841802,-9.19288444519043,-2.6213016510009797,6.0687837600708,14.1959075927734,16.1634483337402,20.3669605255127,29.2301216125488,25.8394260406494,16.0103664398193,40.860652923584,48.5353889465332,38.5454864501953,33.7976913452148,37.422267913818395,32.7679443359375,35.295097351074205,43.5630683898926,15.5814123153687,22.669900894165,-0.327785491943359,2.33993339538574,-3.9745635986328103,-21.640588760376,-10.041187286377,-5.76438903808594,-10.389545440673801,-12.740947723388699,-18.8179626464844,-26.0801811218262,-15.903564453125,-28.984884262085,-10.6509552001953,-0.0673866271972656,14.2035980224609,23.282203674316396,31.6142501831055,26.8488121032715
sub-0092,ses-01,run-05,cognitive,LOC,312,cueL_stimM,-8.21167373657227,-34.8609619140625,-24.5060119628906,-18.052604675293,-26.096412658691396,-31.5723304748535,-0.5383005142211911,6.11972999572754,17.4804801940918,13.5583009719849,46.156375885009794,48.4105758666992,40.600502014160206,64.603889465332,67.2493515014648,41.8928375244141,54.7098731994629,90.2014846801758,57.930080413818395,57.55046081542971,48.5064544677734,27.0912914276123,28.8044509887695,-6.0578732490539595,13.373035430908198,-7.05307531356812,18.071010589599602,4.54189109802246,8.74976062774658,-13.663122177124,21.0309104919434,7.62242889404297,14.3197193145752,15.761608123779302,13.2460327148438,5.06921005249023,12.717655181884801,11.979736328125,13.1088066101074,-8.5264892578125,16.037109375,-17.4457588195801
sub-0092,ses-01,run-05,cognitive,LOC,312,cueH_stimL,17.8468608856201,1.10439050197601,3.02027726173401,-12.04833984375,5.47668743133545,10.3789663314819,13.269031524658198,16.8819789886475,31.561599731445302,44.9565582275391,65.7073440551758,78.8625030517578,71.2245864868164,82.4313735961914,70.3666229248047,58.034481048584006,45.8935623168945,63.9087066650391,67.20309448242189,63.360958099365206,28.4086799621582,10.412992477417001,-2.55616569519043,-21.5503082275391,-23.1285972595215,-9.83400344848633,-45.2975006103516,-31.9916458129883,-42.2904624938965,-38.348781585693395,-35.8467140197754,-25.422195434570302,-30.960319519043,-11.6644554138184,-14.700794219970698,-10.133085250854501,14.320371627807601,-10.041177749633801,-18.391658782959002,-14.9963207244873,-5.30298614501953,-13.2406167984009
sub-0092,ses-01,run-05,cognitive,LOC,312,cueL_stimL,48.3470611572266,40.5385246276855,20.7366905212402,66.2573394775391,30.709360122680696,60.138362884521506,55.1794776916504,70.567253112793,56.817832946777294,104.154640197754,79.60121154785159,80.63905334472659,80.0277633666992,77.9421920776367,50.993801116943395,57.5088386535645,42.7240982055664,19.9536285400391,34.066135406494105,-21.6234283447266,-36.158378601074205,-29.7741775512695,-22.261100769043,4.97217082977295,-6.2530841827392605,-43.367156982421896,-30.988225936889602,-51.492671966552706,-21.9989738464355,-61.0002555847168,-56.86701965332029,-41.3946533203125,-33.688953399658196,-65.9685134887695,-68.9165496826172,-74.4450988769531,-73.1554718017578,-77.5809326171875,-48.7111587524414,-70.6157531738281,-57.2568016052246,-51.664402008056605
sub-0092,ses-01,run-05,cognitive,LOC,312,rating,3.940993309021,9.333807945251461,6.482074737548831,11.364532470703098,-0.24175453186035198,3.1587085723877,16.5827503204346,19.088668823242198,22.0668792724609,28.1493492126465,31.422683715820302,33.409622192382805,35.3927154541016,36.5466270446777,24.7194290161133,27.033971786499,23.074996948242198,27.4642486572266,27.220102310180696,21.244304656982397,24.5780868530273,32.509754180908196,27.7694969177246,32.2387275695801,34.3695449829102,32.690502166748,23.847101211547898,24.0018997192383,24.344924926757802,30.4359531402588,22.4222564697266,25.1070938110352,26.017511367797898,23.429607391357397,24.931156158447298,28.714298248291,29.0761661529541,38.7416839599609,21.136365890502898,24.0875358581543,17.6554889678955,29.037145614624
sub-0092,ses-01,run-05,cognitive,LOC,312,cue,-0.7045440673828121,-7.07908010482788,-18.2450218200684,-16.039230346679698,-24.3873977661133,-17.0538082122803,-24.7196826934814,-24.129083633422898,-9.591535568237301,-8.97564125061035,-6.29417610168457,-2.56250381469727,-11.055286407470698,-4.98308563232422,-20.006900787353498,-20.3849563598633,-26.9333305358887,-22.7173042297363,-42.914402008056605,-34.3913764953613,-29.8754615783691,-29.5160293579102,-23.6820259094238,-20.712924957275398,-22.6907615661621,-14.9354467391968,-22.6103210449219,-23.145137786865202,-33.743072509765604,-20.9553813934326,-29.4768714904785,-22.9263343811035,-22.618104934692397,-16.472240447998,-17.476516723632802,-2.1202144622802703,-3.9245905876159703,1.2858529090881299,4.37940073013306,20.745273590087898,-4.565271377563481,-3.17784714698792
sub-0092,ses-01,run-05,cognitive,LOC,317,cueH_stimH,-1.48319721221924,1.4011554718017598,4.04480743408203,-1.00466346740723,-6.75207328796387,-20.573133468627898,-18.5612201690674,-16.1003551483154,-9.104856491088869,-8.47006416320801,-7.458224296569821,-9.43213653564453,4.670799255371089,-1.4854102134704599,-6.515990734100339,-3.7715330123901403,-1.43007183074951,0.141736030578613,-9.55607604980469,-20.3917846679688,-20.9087295532227,-24.5591506958008,-21.064697265625,-9.32448768615723,-6.17493438720703,-2.8145179748535196,-5.25442695617676,3.4626235961914102,0.455501556396484,4.60721206665039,-0.968868255615234,-7.74951934814453,-18.076572418212898,-18.7101211547852,-25.7103805541992,-28.113586425781197,-23.6355247497559,-32.0279159545898,-27.1052055358887,-25.7815780639648,-26.900924682617198,-25.4313011169434
sub-0092,ses-01,run-05,cognitive,LOC,317,cueL_stimH,-3.68392705917358,-2.80083036422729,-10.291653633117699,-10.481485366821301,-12.3068580627441,-1.08252191543579,-8.91817760467529,1.4327712059021003,-8.10623741149902,2.0238413810730003,-3.56029725074768,9.97603893280029,2.7015700340271,9.52272796630859,-3.2996518611908,-4.2007360458374,-10.7099828720093,2.26573324203491,-1.58912718296051,3.373122215271,-13.2935609817505,0.545035123825073,-11.058705329895,-7.8663592338562,4.69356918334961,8.43254947662354,12.8528966903687,-0.0294857025146484,5.1909065246582005,-3.63731575012207,-8.48233032226562,-5.460453033447269,-7.3082389831542995,-18.9381408691406,-20.0847434997559,-25.414180755615202,-25.5322971343994,-25.844924926757802,-17.6855144500732,-23.6256618499756,-13.0757541656494,-18.6184997558594
sub-0092,ses-01,run-05,cognitive,LOC,317,cueH_stimM,-4.72041654586792,-0.313428401947021,-9.893327713012699,-6.341088771820071,-8.0659122467041,-12.958001136779801,-5.09637308120728,-12.670665740966802,-5.247280597686769,-7.426494598388669,-1.8851003646850601,0.164128303527832,10.838254928588901,1.65532994270325,-6.93550205230713,2.48842453956604,-3.0222811698913596,-2.08602619171143,-8.898332595825199,-15.541785240173303,-3.27381277084351,0.45590877532959,-7.9701189994812,-12.1014890670776,-7.0911159515380895,-8.0506591796875,-10.2238616943359,-10.476173400878901,-10.6495399475098,-4.758941650390621,-15.5157012939453,-4.68574905395508,-9.52841949462891,-9.90381622314453,-12.4989585876465,-9.91741180419922,-8.94122886657715,-0.868228197097778,1.3028869628906201,5.995291233062741,18.657678604126,14.0134696960449
sub-0092,ses-01,run-05,cognitive,LOC,317,cueL_stimM,4.29185485839844,9.36561393737793,18.135892868042,7.22946977615356,-1.38894319534302,-4.072576522827149,-0.19538211822509802,3.23884963989258,6.40241813659668,10.086201667785598,21.0947761535645,20.444751739502,14.117506980896001,15.409968376159698,13.1228475570679,6.4967327117919895,7.46752834320068,15.4191255569458,12.5750722885132,3.3087377548217796,2.73598051071167,7.553494453430179,2.7247896194457994,-5.71394348144531,-4.93264150619507,-0.835435152053833,-4.05962085723877,0.12296438217163098,-6.1260404586792,-1.1663722991943402,-3.06576538085938,0.731170654296875,1.7303695678710902,6.411785125732419,4.33088684082031,1.72932434082031,3.22060775756836,-4.00865936279297,-4.13496398925781,-17.1011009216309,-5.78662109375,14.1366834640503
sub-0092,ses-01,run-05,cognitive,LOC,317,cueH_stimL,0.859509944915771,-0.877060770988464,0.416202306747437,-9.910325050354,-11.3236818313599,-3.5297625064849902,-3.24582147598267,3.1209144592285196,15.1932830810547,7.05804014205933,20.663194656372102,16.034008026123,21.766136169433604,21.0250205993652,22.174240112304698,12.639585494995101,14.8548097610474,5.317779541015621,6.84598445892334,-6.49456024169922,-8.45736408233643,-10.269944190979,-14.774460792541499,-23.9557762145996,-19.903917312622102,-23.617504119873,-24.0823860168457,-18.1197147369385,-17.0586853027344,-16.926397323608402,-15.665098190307601,-21.3294296264648,-21.332691192627,-16.5498161315918,-14.253692626953098,-11.076545715332001,-7.9152336120605495,-10.787191390991199,-14.552005767822301,-11.6112957000732,-15.136070251464801,-8.5305347442627
sub-0092,ses-01,run-05,cognitive,LOC,317,cueL_stimL,25.136100769043,29.3390007019043,39.4712066650391,39.178985595703104,34.358078002929695,40.765041351318395,41.9724922180176,47.8140449523926,52.9873123168945,63.8226928710938,52.6749114990234,49.362922668457,39.0299949645996,36.1951332092285,33.807052612304695,28.6502876281738,22.133792877197298,14.7175512313843,6.87497615814209,-4.50312376022339,-13.5228586196899,-19.128208160400398,-15.548154830932601,-14.1842651367188,-3.63314819335938,-9.71120643615723,-2.32407069206238,-3.9547553062439,1.0481996536254898,-14.1067562103271,-23.082199096679698,-15.396125793457001,-15.6790943145752,-30.577173233032198,-26.365186691284197,-15.8176727294922,-26.913352966308604,-29.154930114746104,-19.4393005371094,-20.4671478271484,-15.187242507934599,-15.7709426879883
sub-0092,ses-01,run-05,cognitive,LOC,317,rating,-0.5815753936767579,2.3199291229248,3.7929534912109397,1.8685474395752,-2.0153827667236297,0.7438449859619141,2.4213314056396498,5.61374282836914,7.21583557128906,13.1476516723633,13.3627471923828,16.2932434082031,18.502908706665,22.1474800109863,17.287063598632802,18.1224002838135,14.7606821060181,16.258489608764602,14.142906188964801,12.6024808883667,10.766517639160199,10.9646644592285,8.92379760742188,6.4487166404724094,9.63151931762695,2.8812832832336404,6.00878667831421,0.516324043273926,1.6150712966918899,-1.5508327484130902,-0.780368089675903,-1.73156118392944,-1.7091772556304898,-4.01262950897217,-2.07512021064758,0.414182186126709,5.110754013061519,6.61191701889038,5.67443943023682,3.28107309341431,1.6147063970565803,5.14263725280762
sub-0092,ses-01,run-05,cognitive,LOC,317,cue,0.198509216308594,-3.46680355072021,-8.22912502288818,-7.82835483551025,-7.73036909103394,-10.850807189941401,-6.286319732666019,-5.425076484680179,-1.55382919311523,0.9176712036132809,4.784202575683589,4.588415145874019,4.37203788757324,-1.5112228393554699,1.8765869140625,0.3370361328125,-1.8860054016113301,-8.403697967529299,-10.6491661071777,-12.3966217041016,-16.9228782653809,-17.0448265075684,-17.2913379669189,-16.0812110900879,-15.890605926513699,-13.1103363037109,-14.3552989959717,-14.8494653701782,-12.0483226776123,-12.5834474563599,-12.9352550506592,-7.308001518249509,-1.36881017684937,-0.876148700714111,2.2006433010101296,5.38320350646973,3.1277012825012203,10.274142265319801,13.610851287841802,15.1412792205811,12.426004409789998,8.39733505249023
sub-0092,ses-01,run-05,cognitive,LOC,318,cueH_stimH,11.795545578002901,-5.03875923156738,18.0892562866211,7.806805610656741,4.67437553405762,-13.618256568908699,-9.80324935913086,-7.52011632919312,-1.4144749641418501,-6.5678238868713406,-2.71369314193726,10.833516120910598,1.62469267845154,16.4067401885986,22.4665927886963,25.3644371032715,14.189743995666499,20.3962173461914,6.51161098480225,2.51350212097168,2.9111170768737797,-2.9779431819915803,-0.8894611597061161,-2.9271175861358603,-3.46631622314453,-13.2212009429932,-9.63176918029785,-3.08701705932617,-5.2708015441894505,-10.7259674072266,-2.4095344543457,-14.2570648193359,-20.2634239196777,-6.86829376220703,-10.1946678161621,-19.6945724487305,-16.2501621246338,4.84250354766846,-2.64620971679688,-3.2869110107421897,-2.4816050529480003,-9.600526809692381
sub-0092,ses-01,run-05,cognitive,LOC,318,cueL_stimH,0.339961051940918,-11.622643470764197,-18.71653175354,-7.317391872406009,-8.50866794586182,-4.01015758514404,-10.5535526275635,18.033826828002898,16.7225704193115,13.5306558609009,23.2006301879883,23.813865661621104,10.814779281616199,18.8905143737793,9.14349937438965,21.397380828857397,36.3465805053711,33.460948944091804,5.83016109466553,9.41170978546143,8.76364326477051,5.5208225250244105,5.5589504241943395,12.2105808258057,19.530960083007802,21.566261291503896,23.6302890777588,26.482477188110398,12.9328670501709,7.82241439819336,8.142383575439451,4.25344467163086,-6.35102844238281,-10.679527282714801,-10.8682518005371,-22.114742279052702,-28.0427093505859,-4.51415252685547,-13.3701820373535,-8.733851432800291,-9.08723068237305,1.52372145652771
sub-0092,ses-01,run-05,cognitive,LOC,318,cueH_stimM,-5.87506532669067,1.6221194267272903,-3.96044969558716,4.93207454681396,6.5739040374755895,2.51548957824707,1.61265850067139,0.41145801544189503,4.313629150390621,5.755541324615481,11.8029298782349,20.7453689575195,21.2464981079102,5.97083377838135,11.9708595275879,25.457176208496104,19.96311378479,18.6918792724609,7.75651216506958,7.82111263275146,7.4317111968994105,29.1162033081055,17.258279800415,-0.135544776916504,-14.001993179321301,-12.363180160522498,-20.4122371673584,-29.5713920593262,-12.251068115234402,-7.357574462890621,-13.985767364502001,-14.623565673828098,-16.6986694335938,-15.897083282470698,-17.1355133056641,-18.2635593414307,-22.817686080932603,-6.779351711273191,-2.82594680786133,-12.7179222106934,5.534512519836429,8.0745792388916
sub-0092,ses-01,run-05,cognitive,LOC,318,cueL_stimM,-1.38360214233398,-7.4226388931274405,-4.07158803939819,-12.073393821716301,-20.549602508544897,-7.77696323394775,7.10544776916504,12.239271163940401,15.4380521774292,15.3742074966431,22.140512466430696,23.648998260498,36.744930267334,26.804504394531197,21.1908645629883,29.8792381286621,28.188640594482397,36.441257476806605,17.911464691162102,15.152772903442399,23.0298728942871,9.67537975311279,6.70281171798706,9.82319355010986,12.375708580017099,-2.3494505882263197,-0.395223617553711,-6.26822710037231,-13.1804370880127,-7.31376457214355,-12.828992843627901,-4.59061050415039,-21.9013862609863,-15.4196166992188,-10.2947845458984,-14.7051429748535,2.971435546875,-3.9069366455078103,21.264728546142603,-7.375408172607419,0.115966796875,-1.3164577484130902
sub-0092,ses-01,run-05,cognitive,LOC,318,cueH_stimL,-3.275954246521,-10.544366836547901,-14.823082923889197,-27.302225112915,-23.640596389770497,-18.6988086700439,-16.2476024627686,2.9579641819000204,5.92315578460693,13.922605514526401,16.5394916534424,26.3738193511963,39.0389556884766,32.637893676757805,34.0212783813477,19.7415733337402,33.6115760803223,32.2274017333984,23.6892414093018,23.1954612731934,-0.350931167602539,-10.0453176498413,-21.0255432128906,-27.7472877502441,-30.9181308746338,-34.947940826416,-36.6548919677734,-33.7651748657227,-32.8098373413086,-41.460121154785206,-36.398674011230504,-28.681823730468803,-28.453145980835,-22.9515113830566,-18.2229118347168,-1.8889274597168002,-1.98553466796875,-6.95524024963379,-5.84792137145996,-16.4821605682373,-14.506629943847699,-3.0397300720214804
sub-0092,ses-01,run-05,cognitive,LOC,318,cueL_stimL,16.4226989746094,12.145547866821301,1.5643215179443402,12.8214530944824,3.6209058761596697,15.0539894104004,18.9643402099609,25.4433422088623,38.7028694152832,55.4604301452637,49.896701812744105,52.8416976928711,38.1111907958984,38.7928619384766,33.2332229614258,30.8391952514648,36.1069564819336,22.441207885742198,29.6718597412109,10.353008270263699,9.53083896636963,6.3739538192749,-1.09325122833252,-1.46747815608978,-8.08510112762451,-20.1136207580566,-22.704618453979503,-27.358402252197298,-38.987518310546896,-46.8726463317871,-43.96125793457029,-41.341339111328104,-24.1622638702393,-32.266555786132805,-32.143112182617195,-37.0991096496582,-35.512767791748,-33.1850242614746,-33.9596672058105,-24.04443359375,-11.2984886169434,-33.681629180908196
sub-0092,ses-01,run-05,cognitive,LOC,318,rating,3.02443313598633,4.25488567352295,3.46974563598633,3.46946907043457,-0.618267059326172,-0.0590171813964844,6.704107284545901,7.28494644165039,9.10077667236328,10.3788566589355,16.469856262207,15.0844268798828,10.2247943878174,10.952047348022498,4.96919250488281,4.09728240966797,4.47425079345703,-2.8957118988037096,2.51913547515869,-2.32617831230164,0.7212048768997191,-1.13122892379761,-1.9259319305419902,-1.20872092247009,0.316880702972412,0.308465123176575,1.4139119386673,-0.40278148651122997,-0.21015739440918,-0.712009429931641,5.52837610244751,-0.0781641006469727,5.993929862976071,5.84807586669922,6.73533010482788,6.3992204666137695,11.398033142089801,14.178112030029302,10.8809280395508,10.1559476852417,6.882250785827639,8.279078483581541
sub-0092,ses-01,run-05,cognitive,LOC,318,cue,4.537384033203121,-2.4647984504699703,0.8744511604309079,-7.28106880187988,-6.00670671463013,-12.5182361602783,-8.34269523620605,-6.93406009674072,-5.659601211547849,0.41386795043945296,4.91591739654541,3.2136116027832,12.1092185974121,7.13288879394531,2.75125122070312,-3.7168197631835898,-2.91665267944336,-6.66619873046875,-6.41401672363281,-3.7569980621337904,-1.22518730163574,-0.650978088378906,-4.20343542098999,-0.591130256652832,-8.98591232299805,-4.8926858901977495,-2.94751691818237,-10.9468832015991,-11.6752347946167,-17.4566745758057,-12.660792350769,-15.0706119537354,-13.090919494628901,-9.9924373626709,-16.378482818603498,-6.88265752792358,-15.318973541259801,-4.69420433044434,-5.772812366485599,-5.2711477279663095,-9.59320068359375,-9.407708168029789
sub-0092,ses-01,run-05,cognitive,LOC,3,cueH_stimH,-6.56567668914795,-9.74620628356934,-6.143479347229,-16.6922969818115,-13.2409152984619,0.69729882478714,2.42710018157959,12.408698081970199,0.700420379638672,20.605333328247102,10.0136117935181,30.7713088989258,17.3055152893066,35.480659484863295,36.469764709472706,22.9944858551025,47.6847534179688,32.0201072692871,17.686359405517603,14.919153213501,27.2079238891602,48.596370697021506,14.058842658996598,28.755489349365202,19.656810760498,12.410900115966802,12.0146999359131,12.2167530059814,7.81522369384766,4.59752082824707,22.7141494750977,-10.958850860595698,-9.51213836669922,-20.2567367553711,-37.518150329589794,-18.2963256835938,-7.5618896484375,-6.718206405639651,-0.0669746398925781,0.472740650177002,-8.72577285766602,-4.25407218933105
sub-0092,ses-01,run-05,cognitive,LOC,3,cueL_stimH,10.8285884857178,-10.911160469055199,-7.75833511352539,14.7298736572266,17.486089706420902,11.7928905487061,6.6533083915710405,8.99657249450684,29.0447692871094,34.514797210693395,31.903488159179698,10.0928907394409,14.994626045227099,5.594111442565921,5.27184677124023,23.065559387207,21.2315292358398,26.968040466308604,15.967271804809599,20.749742507934602,30.2958202362061,23.659105300903303,21.1465339660645,8.84216594696045,35.5428924560547,20.704195022583,9.08565139770508,16.757877349853498,6.3520393371582005,3.85683631896973,0.264049530029297,-16.221088409423803,-12.649295806884801,-4.249977111816411,0.654541015625,0.330062866210938,-18.101627349853498,0.73040771484375,-5.497027397155759,-6.61637020111084,-7.880023956298831,-0.8864538669586178
sub-0092,ses-01,run-05,cognitive,LOC,3,cueH_stimM,-3.48667049407959,-8.4929141998291,2.7369523048400897,-11.004398345947301,-13.3316478729248,-18.7525043487549,-19.4530639648438,-26.127685546875,-12.2941026687622,18.5260124206543,-4.19403266906738,13.991527557372999,6.41450929641724,-5.5898723602294895,-4.48251628875732,17.7934741973877,9.975510597229,31.6423530578613,26.284713745117198,6.10093784332275,8.3754825592041,14.5473957061768,7.33703899383545,1.8777971267700202,10.9017648696899,15.3864650726318,30.955204010009798,13.4252033233643,4.47219657897949,6.80649566650391,-21.6558952331543,-8.671840667724611,-7.23796081542969,-16.9393157958984,-32.6198539733887,-13.395753860473599,-0.612386703491211,-10.3303174972534,-7.46535491943359,-3.40802693367004,-3.45573449134827,-10.4612236022949
sub-0092,ses-01,run-05,cognitive,LOC,3,cueL_stimM,8.92206573486328,-8.69165802001953,-8.02383422851562,-6.55338716506958,-31.2876300811768,-12.3090982437134,-13.307221412658699,2.37197184562683,23.0544490814209,22.693792343139602,18.9803028106689,19.4413776397705,28.8318309783936,16.0866661071777,14.8448581695557,23.561359405517603,14.886025428772,28.6894702911377,14.3880138397217,20.577751159668,28.387685775756804,32.1727867126465,17.510818481445302,20.059606552124,5.70214939117432,12.9699420928955,5.28679132461548,-0.7148413658142091,-14.0803489685059,-11.820081710815401,-25.268966674804698,-5.491146087646481,-26.567701339721697,-26.911066055297898,-21.0397567749023,-34.9369926452637,-19.9462852478027,-12.5903472900391,-7.07538604736328,-42.5383644104004,-23.989990234375,-43.9513626098633
sub-0092,ses-01,run-05,cognitive,LOC,3,cueH_stimL,-6.4048600196838406,-15.279712677002001,-18.576097488403303,-41.87852096557621,-22.5901794433594,-23.1971607208252,-18.683383941650398,-7.8337230682373,-0.368640184402466,-4.36704921722412,7.69834423065186,23.234411239624,23.3671188354492,24.2325839996338,9.83202362060547,26.912166595459,16.7226257324219,1.17924237251282,14.6251583099365,22.2961616516113,19.5840167999268,3.22633028030396,9.79675769805908,12.6110134124756,7.197515487670901,-1.92842292785645,-8.47495460510254,-21.890588760376,-4.00639915466309,-12.614616394042999,-29.807884216308604,-24.9489212036133,-27.7643661499023,-30.963312149047898,-6.7238655090332005,-4.78877735137939,-25.67942237854,-19.0340213775635,-11.936037063598599,-21.7573776245117,-15.984954833984402,-38.9971504211426
sub-0092,ses-01,run-05,cognitive,LOC,3,cueL_stimL,-2.5449600219726602,14.779722213745101,5.2955265045166,4.69845962524414,-18.2159671783447,4.624301433563231,11.6027250289917,-2.71043467521667,16.1997966766357,46.004066467285206,32.754035949706996,26.8943824768066,16.9633102416992,36.628101348877,18.9389553070068,50.407264709472706,41.095130920410206,28.678825378418,21.6470565795898,17.2785758972168,30.253372192382802,18.8800411224365,-7.524279594421389,12.7117137908936,9.40647983551025,-7.33640193939209,-27.1092586517334,0.5078052282333371,-15.8645191192627,-39.151863098144496,-23.4481773376465,-9.810689926147461,-7.19003677368164,-2.45940780639648,-17.1330528259277,-6.0307731628417995,-12.527915954589801,-28.798294067382802,-20.6024284362793,-1.54132080078125,-5.11491966247559,-8.330654144287111
sub-0092,ses-01,run-05,cognitive,LOC,3,rating,-5.03749418258667,-1.7852249145507801,-6.86412143707275,-4.03158378601074,-3.8586215972900404,-15.3819122314453,-7.236078262329099,-8.67022705078125,-8.128566741943361,4.75529098510742,8.06488037109375,3.18646240234375,10.806026458740199,10.8617467880249,2.12529754638672,-0.170313835144043,2.3912110328674303,4.78203582763672,7.12821483612061,0.212264478206635,0.32105016708373996,-2.12591528892517,-4.08901691436768,-9.7561674118042,-4.90338325500488,-0.19320932030677804,-8.74107265472412,-3.2054243087768595,-10.718820571899402,-3.06892013549805,-11.4231224060059,-5.7858586311340305,-8.09011840820312,-7.271292209625241,-2.9901952743530296,-0.28985071182251004,1.4241752624511699,7.97258853912354,1.1611747741699199,2.3169379234313996,6.79319620132446,3.2766592502594
sub-0092,ses-01,run-05,cognitive,LOC,3,cue,-1.6840305328369098,-6.083316802978519,-5.65442895889282,-2.2144584655761697,-5.421062469482419,4.359516620635991,-1.92614936828613,-3.75415897369385,-2.80580520629883,5.90647315979004,10.9598922729492,11.417686462402301,13.634946823120101,9.02133178710938,3.5514678955078103,10.1077423095703,1.22187995910645,1.25967025756836,9.37108039855957,6.54833126068115,3.44292259216309,3.8795623779296897,7.7978811264038095,3.7230072021484397,4.69187211990356,8.588292121887209,9.12115859985352,4.19771432876587,0.00863364338874817,-8.09090232849121,3.4341187477111803,-4.14989852905273,-7.024028778076169,-8.25771999359131,2.4584970474243195,5.665698051452639,16.592401504516598,9.44778251647949,15.4777135848999,9.537698745727539,12.5121812820435,-7.54778289794922
sub-0092,ses-01,run-05,cognitive,LOC,4,cueH_stimH,18.7900791168213,-3.1947183609008802,5.3839006423950195,-12.6541385650635,-7.3210544586181605,-25.428277969360398,8.76996231079102,-10.909767150878901,-6.529170989990231,4.902342796325679,15.398701667785598,-0.4159578680992129,9.93571662902832,3.96077346801758,1.18894815444946,24.0544624328613,5.924255847930911,0.26934528350830106,22.9364166259766,3.6904683113098105,-9.44896697998047,-1.04397892951965,-7.383601188659671,-14.8250246047974,-2.03984642028809,-8.406726837158201,6.0060749053955105,15.3284969329834,-9.04492950439453,7.04712677001953,15.7244606018066,16.5315742492676,-0.48618316650390603,-7.36594390869141,3.44654083251953,-15.450714111328098,-2.6688346862793,0.325210571289062,-18.6965103149414,-4.81292200088501,-27.348976135253896,3.8142051696777304
sub-0092,ses-01,run-05,cognitive,LOC,4,cueL_stimH,-10.4271717071533,-3.08812165260315,-30.863824844360398,-13.475214958190902,-15.152355194091802,16.2476806640625,8.09967422485352,-0.28169554471969604,-2.4391472339630096,6.59655094146729,-2.73595237731934,-2.08783936500549,8.61862373352051,16.6256370544434,-14.977968215942399,-19.2564010620117,-14.2092885971069,20.8939323425293,-5.77741241455078,-5.359505653381349,-9.58110809326172,7.08882713317871,-9.20639419555664,-9.04037857055664,2.72059154510498,4.14735698699951,14.027240753173801,-7.8279705047607395,-8.24161911010742,-6.746578216552731,-25.154422760009798,5.23423957824707,-24.933776855468803,-6.46809387207031,-19.0926361083984,-7.2332878112792995,-33.566253662109396,-6.96480560302734,-1.77043342590332,-21.955698013305696,2.73232650756836,-14.753355026245101
sub-0092,ses-01,run-05,cognitive,LOC,4,cueH_stimM,-3.8281495571136497,-11.9454517364502,-10.559099197387699,-12.6223402023315,-25.4299392700195,8.65191650390625,-14.6439428329468,-12.5504302978516,-28.322290420532198,-4.62032079696655,4.63970184326172,-7.66940975189209,5.31822443008423,6.32668304443359,-2.18758988380432,15.2466173171997,9.43374824523926,5.260766983032231,-11.221742630004899,-1.92557513713837,-4.25982189178467,6.07297801971436,1.22530746459961,-18.3780155181885,-18.1763610839844,-24.081579208374,-15.147935867309599,-6.21922492980957,-11.866947174072301,-9.87519073486328,-9.92544937133789,-25.307502746582,-6.847015380859379,5.58131408691406,-26.104572296142603,-8.07591247558594,-5.96181297302246,-9.43828582763672,0.504554748535156,-8.93046760559082,-2.1021625995636,16.953022003173803
sub-0092,ses-01,run-05,cognitive,LOC,4,cueL_stimM,-4.51178741455078,-8.94572448730469,-12.4229068756104,8.64072227478027,-3.41673111915588,-10.9507617950439,-8.75624656677246,20.657184600830103,23.459894180297898,24.804569244384798,38.9690933227539,34.894401550293004,33.422027587890604,24.6240291595459,25.829143524169897,42.879325866699205,15.3280124664307,32.1997489929199,10.2654895782471,7.51621437072754,0.14340204000473003,0.9797358512878421,26.250564575195302,12.9305601119995,2.68811941146851,-1.25487017631531,9.31299877166748,3.8420028686523398,5.81054019927979,-6.17558288574219,4.97962760925293,9.00311851501465,5.679046630859379,12.045051574707001,21.2083511352539,27.1271781921387,17.7761306762695,-3.97174072265625,25.1647300720215,-4.43993759155273,-2.845458984375,-1.86010360717773
sub-0092,ses-01,run-05,cognitive,LOC,4,cueH_stimL,5.879300117492679,-21.1777400970459,18.0345764160156,-2.81885814666748,-8.87527275085449,3.6472573280334504,25.2292156219482,13.258347511291499,35.0204544067383,11.980227470397901,44.07356262207029,36.4774780273438,30.803808212280302,30.8283042907715,44.6503829956055,28.885746002197298,19.2111587524414,24.061111450195302,22.5790367126465,12.7635669708252,13.698585510253901,-21.250408172607397,7.05502080917358,-35.5454330444336,-25.0716934204102,-22.7526168823242,-15.601419448852502,-7.85791778564453,-25.380193710327102,-15.432535171508801,-20.1204929351807,-22.9659271240234,-24.5390472412109,-11.0422210693359,-1.6088333129882801,-9.15492630004883,-6.248661041259769,-7.4881095886230495,9.46422290802002,25.3711795806885,-14.050071716308599,-2.36230850219727
sub-0092,ses-01,run-05,cognitive,LOC,4,cueL_stimL,29.3820953369141,-4.65701913833618,31.373123168945302,43.4613227844238,19.0840244293213,35.6034812927246,32.1120185852051,30.6421546936035,31.0732746124268,55.3236236572266,18.054141998290998,42.070426940918004,33.5714797973633,25.977840423584,10.718343734741199,18.821603775024396,10.1056871414185,-2.3056449890136697,-6.20765686035156,-4.65093660354614,-18.652297973632802,-21.1777725219727,-18.9026889801025,-4.36235332489014,-14.114275932312,-17.0490684509277,-10.287546157836902,-33.435977935791,-14.2190275192261,-26.641403198242198,-20.432552337646502,-33.328742980956996,-32.8602104187012,-16.1211280822754,-35.34897994995121,-36.268646240234396,-12.979297637939501,-16.5441818237305,-18.4776916503906,-10.5831756591797,-8.96439361572266,-6.754337310791019
sub-0092,ses-01,run-05,cognitive,LOC,4,rating,1.7648458480834999,3.0360221862793,1.1687927246093799,1.48080825805664,0.566850662231445,-2.2029838562011697,5.36974906921387,4.25225448608398,1.9000434875488301,-0.82623291015625,6.602691650390621,5.34271240234375,10.867128372192399,11.992734909057601,10.7239685058594,15.712422370910598,17.60569190979,9.710367202758789,18.137037277221697,12.227968215942399,16.747747421264602,9.37979125976562,14.5979480743408,14.475092887878402,9.94059944152832,11.2414960861206,15.6570730209351,8.10816192626953,6.88256740570068,4.546226501464839,7.47783756256104,7.81956481933594,13.869252204895,5.38475227355957,7.300786018371579,13.037129402160598,10.6663970947266,14.7312822341919,16.9379386901855,10.7999420166016,9.162763595581051,10.0602121353149
sub-0092,ses-01,run-05,cognitive,LOC,4,cue,-1.49158096313477,-8.44147396087646,-3.22353792190552,-10.1985015869141,-9.347944259643551,-8.82279205322266,-18.2665023803711,-10.879309654235803,-9.318464279174801,-12.8293743133545,-14.4896488189697,-0.90287971496582,-8.17435455322266,-3.74675750732422,-9.29950332641602,-1.1371383666992199,-2.3235054016113303,-16.4673767089844,-22.014968872070302,-5.60675239562988,-11.5094661712646,-16.9427223205566,-14.5709314346313,-8.78875732421875,-21.018032073974602,-9.36898612976074,-6.70642423629761,-16.3912620544434,-23.3611526489258,-22.7494220733643,-23.1998176574707,-11.8185510635376,-12.473268508911099,-15.603142738342301,2.6481761932373,-3.1943936347961404,-3.5678937435150098,7.59073257446289,8.2160587310791,12.717858314514197,6.0586452484130895,18.079135894775398
sub-0092,ses-01,run-05,cognitive,LOC,45,cueH_stimH,-6.814266204833981,-8.88668155670166,1.76516389846802,-7.078460693359379,-8.20645427703857,-13.4324893951416,-0.348757743835449,-7.6480975151062,6.59810543060303,9.24743270874023,13.856293678283699,17.6345443725586,24.9368629455566,26.7019577026367,28.8908538818359,37.1568756103516,29.2236442565918,37.3693237304688,32.1513824462891,23.2268447875977,26.0188522338867,20.294260025024396,18.555500030517603,19.3599681854248,20.3924827575684,6.7037849426269505,5.24624824523926,14.9600734710693,9.916746139526369,11.069129943847699,3.3202018737793,2.6650276184082,-14.158660888671902,-10.674842834472699,-15.5870513916016,-19.5757141113281,-16.9214572906494,-13.387310028076199,-13.871105194091802,-12.6213531494141,-26.0194530487061,-26.1210250854492
sub-0092,ses-01,run-05,cognitive,LOC,45,cueL_stimH,7.34295463562012,-11.3704481124878,2.75475311279297,-8.249485015869139,3.39060282707214,2.9620025157928502,1.4409856796264602,18.461078643798803,23.7412986755371,31.9383373260498,21.4533672332764,30.6375007629395,22.768310546875,27.1207485198975,23.2583885192871,11.4827346801758,42.1403160095215,29.6013069152832,14.988588333129899,36.1297721862793,21.3088474273682,19.338153839111303,9.34918594360352,13.573052406311,7.80397987365723,16.0631008148193,16.2963447570801,12.5795421600342,8.92409515380859,5.28871726989746,10.7240142822266,8.96149826049805,3.5373153686523398,12.9344635009766,2.62847137451172,-4.350135803222661,-19.391529083252,-12.8451461791992,-12.878048896789599,-13.582750320434599,-9.73927688598633,-17.3423824310303
sub-0092,ses-01,run-05,cognitive,LOC,45,cueH_stimM,-1.0645680427551298,-3.99643516540527,-17.646902084350604,-3.79397439956665,-13.6124811172485,-9.50317287445068,-1.2999839782714802,-8.11905860900879,-10.217399597167999,-1.8343429565429699,0.19167804718017603,11.018575668334998,14.0171432495117,6.246262550354,13.156822204589801,21.4290142059326,24.5912227630615,28.2306098937988,37.138946533203104,29.672338485717802,31.523691177368196,35.8872871398926,24.0125045776367,24.6169357299805,25.710037231445302,16.8974342346191,8.17084503173828,2.0357856750488303,-8.312717437744139,-6.8145027160644505,-21.3344612121582,-17.1046028137207,-15.9642868041992,-24.1257019042969,-23.781124114990202,-17.0185565948486,-15.773782730102502,-17.571363449096697,-12.4184913635254,-19.179162979126,-9.09543418884277,-5.56797313690186
sub-0092,ses-01,run-05,cognitive,LOC,45,cueL_stimM,3.75571823120117,-3.75263595581055,-4.10044860839844,1.1580286026001,-15.083631515502901,-4.575616359710691,3.2350244522094704,5.1938972473144505,23.366497039794897,17.6265773773193,29.4500408172607,38.44871139526371,35.5644187927246,45.5122184753418,40.846244812011705,43.0857429504395,41.894924163818395,43.1609077453613,35.5470962524414,27.6936531066895,29.263019561767603,31.8807163238525,25.085613250732397,23.576890945434602,10.724992752075199,4.18625354766846,4.03875684738159,-1.67401742935181,-3.76708126068115,-9.88485717773438,-10.6887168884277,-10.553995132446301,-14.1634616851807,-20.3838996887207,-13.721134185791,-12.166431427002001,-1.8077583312988301,-10.4139938354492,12.997556686401401,-3.18117904663086,-0.838134765625,7.29643058776855
sub-0092,ses-01,run-05,cognitive,LOC,45,cueH_stimL,-14.8582420349121,-30.1312694549561,-27.7182731628418,-41.078338623046896,-48.1062126159668,-26.1165046691895,-16.5497169494629,-20.856014251709002,-4.11363506317139,3.31807136535645,20.512170791626,22.3641891479492,27.0475234985352,34.5551986694336,27.834232330322298,28.5567684173584,29.3507804870605,26.7259407043457,24.550220489502,24.9652156829834,22.050048828125,19.9183673858643,13.8691062927246,11.347998619079599,-2.53959846496582,-11.7688627243042,-5.01883411407471,-14.470228195190401,-15.7700748443604,-18.0711917877197,-20.7184524536133,-28.8177490234375,-24.8065128326416,-24.4427146911621,-21.971246719360398,-15.612668991088901,-25.4103050231934,-12.100362777710002,-16.446756362915,-14.170482635497999,-18.5998764038086,-14.2426176071167
sub-0092,ses-01,run-05,cognitive,LOC,45,cueL_stimL,12.8983764648438,8.14610958099365,6.89017105102539,23.8339691162109,8.02693748474121,27.9830150604248,23.399969100952102,14.480977058410598,27.788038253784197,48.054359436035206,45.7070808410645,54.545524597168,40.503662109375,42.787815093994105,33.3991737365723,42.7579917907715,44.641845703125,49.7421684265137,30.9601860046387,18.060375213623,10.715404510498,6.9657101631164595,5.876041412353519,3.19712018966675,0.0357943773269653,-24.9814510345459,-9.29265213012695,-28.3015213012695,-8.90444278717041,-16.4996490478516,-25.572998046875,-16.9502639770508,-6.68985939025879,-16.4239463806152,-23.8481254577637,-12.605125427246099,-20.6780281066895,-15.037220001220698,-12.223766326904302,-20.4560394287109,-13.9608001708984,-25.231487274169897
sub-0092,ses-01,run-05,cognitive,LOC,45,rating,-8.18553256988525,-5.43992042541504,-5.4394702911377,-10.6413841247559,-7.3663654327392605,-12.4639225006104,-5.758050918579099,-6.8569831848144505,-2.41124725341797,5.08549499511719,8.02396392822266,9.91500854492188,14.6431102752686,21.287067413330103,20.1079635620117,21.063777923584002,23.203567504882802,20.8539199829102,19.687452316284197,16.8816318511963,10.6592559814453,8.18156623840332,6.346880912780759,1.9159547090530402,3.31802034378052,-1.25512540340424,-0.341798424720764,-2.69557476043701,-0.20322704315185502,-7.551300048828121,-4.0652608871460005,-3.24050235748291,-3.23810863494873,-1.6896877288818402,-0.507369041442871,1.6509466171264602,5.16262674331665,3.1852569580078103,6.540942192077639,7.51920938491821,5.14055490493774,9.1633243560791
sub-0092,ses-01,run-05,cognitive,LOC,45,cue,2.2824535369873,0.6771522164344791,-5.39052391052246,-7.52409553527832,6.0887546539306605,-2.6838612556457497,3.516037940979,3.8483872413635294,5.3789358139038095,12.439489364624,20.8257808685303,20.6918258666992,23.7640819549561,21.97705078125,20.130783081054698,20.5510940551758,13.611804962158198,8.08298492431641,10.8720359802246,7.114070892333981,2.30513191223145,0.7363739013671879,-1.62823510169983,1.3966579437255902,0.5725421905517579,1.70030450820923,4.6729440689086905,-0.543672680854797,-2.9954810142517103,-5.996863842010501,-6.99848747253418,-1.90088772773743,-4.6375422477722195,-4.05695486068726,-1.16205728054047,3.2729697227477996,6.88656234741211,12.7452831268311,11.9893245697021,15.7649021148682,9.26988983154297,6.55978918075562
sub-0092,ses-01,run-05,cognitive,LOC,46,cueH_stimH,13.777547836303699,2.10374736785889,11.365455627441401,1.93702697753906,-6.9511203765869105,-14.688513755798303,-8.59836769104004,-15.115222930908198,-13.093300819397,-0.652298927307129,-5.2400369644164995,-9.48807430267334,-5.02350521087646,1.6845694780349698,7.35500431060791,-10.389242172241199,2.0828857421875,-5.010931491851809,-0.997655868530273,-16.8089923858643,-16.5897064208984,-21.1079349517822,-14.755800247192399,-16.497604370117198,-6.40608406066895,-5.35071182250977,-11.4411010742188,7.58013725280762,-8.26228904724121,-4.2747306823730495,-7.86080551147461,-4.807525634765621,-2.3698883056640603,-7.88236999511719,-8.30161666870117,-18.3529739379883,-18.5566730499268,-15.3559398651123,-6.52353286743164,-1.88602685928345,6.00593709945679,-6.710796356201169
sub-0092,ses-01,run-05,cognitive,LOC,46,cueL_stimH,5.5138454437255895,-12.6512861251831,-9.36460018157959,-20.7539215087891,-18.0557498931885,-2.26748824119568,-3.7609016895294203,2.10747003555298,6.8692531585693395,8.22254276275635,-1.75469422340393,3.8953239917755096,-11.546520233154302,-3.81989812850952,-12.1060876846313,-9.333210945129391,-1.7745885848999,12.522919654846199,-5.435970306396481,-0.910541296005249,-13.4233312606812,-7.02321720123291,0.694769859313965,-5.28621816635132,0.709247589111328,5.03284168243408,8.23763847351074,2.51781463623047,-8.233945846557619,-5.639888763427731,-12.2946014404297,-9.56211471557617,-14.488643646240199,-11.835121154785199,-26.4416122436523,-30.785743713378896,-22.537670135498,-24.6856994628906,-5.652094841003421,-0.857108354568481,-7.600982666015621,-20.8557376861572
sub-0092,ses-01,run-05,cognitive,LOC,46,cueH_stimM,-14.835996627807601,-14.6626243591309,-13.843391418457001,-14.0107831954956,-16.7848224639893,-8.21460342407227,-14.3643035888672,-10.512264251709,-7.7567458152771,-4.47427225112915,-6.584100723266599,-2.7191753387451203,10.342912673950199,0.943284273147583,1.41067838668823,10.4710540771484,9.078611373901369,4.33902645111084,4.90866565704346,-5.8103523254394505,-4.93263912200928,32.402435302734396,7.11122560501099,3.51051712036133,-0.28206825256347695,-6.926143646240231,-13.6527614593506,-15.663799285888699,-17.0964279174805,-14.0585784912109,-20.9751510620117,-26.892948150634798,-25.106056213378896,-37.224704742431605,-19.740146636962898,-20.6700611114502,-8.70528602600098,-14.9058151245117,0.891452789306641,-0.112909138202667,9.987223625183109,17.8794002532959
sub-0092,ses-01,run-05,cognitive,LOC,46,cueL_stimM,-3.1753597259521498,-25.7858238220215,-10.7871103286743,-3.1631770133972203,-13.6683082580566,-10.116579055786099,3.3678188323974596,7.167407035827639,15.868701934814501,16.8792095184326,20.062614440918,25.1748161315918,23.473712921142603,23.666202545166,10.755363464355499,7.8760848045349094,13.752251625061,24.430793762207,10.640193939209,0.640087127685547,-7.1565113067627,-12.5911388397217,-17.6974868774414,-12.7353258132935,-8.603283882141112,-17.0626430511475,-20.1643886566162,-17.0148410797119,6.0416145324707005,-6.79380226135254,-11.3119792938232,-14.932760238647498,-0.7220478057861329,-10.566345214843802,-8.38345336914062,-8.44026947021484,-6.683902740478519,-3.90679931640625,6.22618865966797,6.027729034423831,4.5126953125,-13.434783935546902
sub-0092,ses-01,run-05,cognitive,LOC,46,cueH_stimL,-7.65895938873291,-18.2795124053955,-15.5572185516357,-23.738878250122102,-22.576927185058604,-6.384008884429929,-14.674600601196301,-1.75027406215668,5.401196956634519,-4.14300680160522,17.5233554840088,22.813846588134798,21.5935897827148,14.3599319458008,18.4931373596191,13.798180580139197,14.131509780883801,0.0855351090431213,5.9342160224914595,-8.82034683227539,-15.2865171432495,-18.6557369232178,-35.003200531005895,-33.2990379333496,-40.3963851928711,-39.32667922973629,-34.2059173583984,-37.9669952392578,-41.8157958984375,-35.4058837890625,-33.912654876709,-37.8229370117188,-36.692329406738295,-17.9194831848145,-17.4739170074463,-17.9518032073975,-22.4382972717285,-16.6693363189697,-9.06741714477539,-27.505681991577102,-14.661750793457001,-17.4588222503662
sub-0092,ses-01,run-05,cognitive,LOC,46,cueL_stimL,31.6214294433594,24.4608097076416,33.1739311218262,36.695140838623,27.8660488128662,34.6240425109863,49.8450927734375,42.871742248535206,42.4314842224121,59.794837951660206,56.9717292785645,51.1293792724609,33.2466049194336,39.3932495117188,24.4810791015625,21.6238689422607,9.971540451049801,-6.310894012451169,-16.9761657714844,-32.014045715331996,-38.3204231262207,-25.161996841430696,-30.0240211486816,-13.642331123352099,-26.6442794799805,-31.567302703857397,-37.014045715331996,-32.7751693725586,-27.598087310791,-53.527587890625,-54.0794067382812,-26.6070289611816,-33.3802490234375,-41.028816223144496,-32.7999458312988,-30.646095275878896,-33.1924896240234,-50.691032409668,-35.598716735839794,-37.4910430908203,-30.5230560302734,-32.4044723510742
sub-0092,ses-01,run-05,cognitive,LOC,46,rating,-2.29488658905029,-1.29311275482178,0.482059478759766,-5.69331359863281,-4.10489463806152,-8.945863723754881,-4.18723106384277,-0.477291107177734,5.46060562133789,9.13493728637695,7.310489654541019,9.41831970214844,16.063550949096697,9.2348518371582,8.62065887451172,7.996991157531741,5.6181640625,2.5213565826416002,3.01029634475708,6.49289274215698,2.5464255809783904,4.69129228591919,3.74488520622253,3.243079662323,7.38948774337769,6.66058015823364,2.53059577941895,1.8190612792968797,1.27873420715332,0.92933464050293,4.3913283348083505,6.640850067138669,6.9908552169799805,4.83259153366089,7.183189868926999,6.29219245910645,8.210926055908201,9.61990737915039,10.3373260498047,11.587920188903801,6.36714839935303,7.968561172485349
sub-0092,ses-01,run-05,cognitive,LOC,46,cue,7.05681610107422,1.01126337051392,-4.3892674446106,-11.855714797973599,-10.034268379211401,-8.17759895324707,-1.6280937194824199,1.68290042877197,1.09102630615234,10.3804454803467,4.601842880249019,5.07762336730957,1.64683532714844,-0.44316482543945296,-3.8464241027832,-7.32466888427734,-6.311603546142581,-8.86654281616211,-11.5494956970215,-11.789538383483901,-14.754657745361301,-8.10967254638672,-4.78959846496582,-7.866530895233151,-7.6173095703125,-9.349832534790039,-11.439211845397901,-12.6531629562378,-15.759026527404801,-17.3448238372803,-14.746798515319801,-16.054002761840803,-14.570941925048801,-11.3005790710449,-8.915971755981449,-0.134735107421875,-0.927244901657104,6.68443202972412,6.4589524269104,6.90561389923096,-1.8972854614257801,4.37083053588867
sub-0092,ses-01,run-06,pain,LOC,279,cueH_stimH,13.184945509205502,13.4057937464875,14.6773188164635,12.7762986016313,2.8945144233490003,3.97642875110337,-0.321725758249665,16.1590355729728,-11.402244041925002,-4.147482922409,-17.191148614153303,5.089232577726901,-12.6513808915893,3.74764047441872,11.5642251964208,5.60025333508405,3.15335156969524,-12.422106138983601,1.33493484204536,-14.6846096058223,-7.907829405320459,-15.466965415578999,-4.9194828340842,-8.03631952206907,34.5326550966389,15.3602063565103,10.0699983462649,-6.51886426744532,-1.8533473933995601,-15.4164759181435,-26.221750041414104,-12.674215963673598,-18.404958484031397,-13.7757381383303,-2.10451537408471,-16.511394263567702,-10.4661824872467,-20.283772127143397,-14.811917915889001,-18.2696816747109,-9.09310070048669,-26.3377863805032
sub-0092,ses-01,run-06,pain,LOC,279,cueL_stimH,27.0579075052907,39.2051694625125,17.0841392997274,22.9189108709337,8.86374522318579,-0.6155572888950219,2.6765281801850698,8.5587535457182,-18.888676154492302,-5.861384640923291,-14.2285889246213,1.6467207418419,-22.9075312139939,-17.3648410128774,-18.2995781288129,-18.311113952916898,-5.8600739835934,-3.82066994939134,-4.90759433402136,-11.2615336404844,-16.243825521861,8.07989048601681,11.2339692127158,11.636757506865,14.395990089349999,14.093221920845302,17.8585904247158,8.24516694863509,15.003222125537802,17.3146133964893,27.9086479006935,16.351102693710597,7.93895118097316,9.78517068938696,-5.85730826499751,5.738131498661501,-1.4109694852891201,9.04737391211872,-1.03424405264976,1.4526882691086103,-12.9956611215208,6.70582834252829
sub-0092,ses-01,run-06,pain,LOC,279,cueH_stimM,5.27969256466756,16.0000962113057,6.08227632408988,7.113794404002969,-0.6908290763992541,-7.647685292408321,-1.7986195366791,-2.4038989931823997,0.17065577071292698,2.2447965468103304,-3.0029280200655895,-9.14236343826486,-6.72428468754256,-21.7400909690237,-8.06143516357061,-11.1122503585958,-2.66670719487347,1.4164944044237102,-8.03055221528938,-14.719735306701699,-10.9033226009815,-15.4286724840624,-20.5410503136047,-4.82909816750264,-5.57805887518289,10.620073912266301,18.5853197483935,5.98381084779953,8.13923157908438,3.60196458673002,5.40105777606167,14.4034039797874,1.4049486910430198,20.080541456654,4.29976731996546,-1.2666375601801398,8.07719868129482,-3.56175024288414,7.5088383117685495,-1.8326931828547701,19.8884442736451,1.2672585124955902
sub-0092,ses-01,run-06,pain,LOC,279,cueL_stimM,17.7234434663735,26.385094496477198,7.1910385988188,1.32095197696185,10.458380510263598,11.063956214812,18.5344485186653,33.210623525805396,23.014415794500998,13.6064788688706,16.3855291838203,28.0558882464852,25.228731934163104,20.533742323290397,29.0090597352123,38.788173415772796,12.0802721627831,11.448277220611901,-6.44330597272595,-15.3296342170089,15.9794651193207,-11.7310869111888,-1.7085771132879202,-9.24002388184884,4.3436161249024305,2.0534642623176897,15.078150836298402,-13.917264757491,2.323663168952,-14.6698297642578,-9.96115677529653,-22.833320734615103,-10.1017062273162,-25.4023311373246,-10.000718970229801,-15.034717086767001,3.6914798579470003,-1.3796058952602899,6.314609931459691,-11.145660799533598,2.4155392306019596,-9.224899210126821
sub-0092,ses-01,run-06,pain,LOC,279,cueH_stimL,5.97150997596557,-3.98243271388258,7.430913192786111,-4.78410336407304,7.875063048710341,-17.8175577281717,-10.6463701450825,-0.5509190812058841,-2.49733467562984,7.02777784340572,-7.97829217827595,-8.21343655160726,-0.47693599012270294,6.7854364025792195,13.388236216726598,21.278685604632003,7.4994386617543105,15.4814838553354,1.32957856147646,11.517151405025102,-5.30527924936201,15.9684835650483,-3.9267257686329105,-7.11591693774976,5.792129476891481,8.476386224148559,18.710518259547,7.09564677965418,-1.50435923311775,-3.14050791961802,-14.349492432044102,-15.0401331352333,-23.9606697561912,-7.206783112417231,-17.5357966910163,-16.6591743676818,-1.5758067453766,0.718198215114015,-10.184026951043199,-4.451011719643731,4.902978925688441,10.4015575456056
sub-0092,ses-01,run-06,pain,LOC,279,cueL_stimL,1.8329791404085702,-12.249850074723401,-16.7632186644251,-12.6281415621947,-20.0967415976609,-17.246801855188302,-9.67436222847092,3.2261458259627496,-14.006679308182699,-24.6258539989884,-19.1257192849077,-18.3354173163601,-25.009876060980602,-19.576428133890897,-22.7418499968035,-19.9415901682507,-24.2751797581152,-8.13152054941705,-27.943043723575602,-20.7040777022661,-24.7278442274329,-29.5636273703016,-25.9055541366621,1.0736087915142098,-3.44834968397657,11.5989969160196,-8.670047508719389,3.92915726644194,0.26221346484602104,4.7302780989759805,2.9541592391787304,7.01302913400992,14.081782303433599,-1.94538492632297,5.91564971668794,8.138324828507791,-0.801777690179692,-2.20080662564627,-8.85452968769657,-1.4525529450390902,1.2668643937134099,-3.07784642029127
sub-0092,ses-01,run-06,pain,LOC,279,rating,-2.55279282867369,-9.666574121875652,-10.9925914641631,-17.7900852499031,-12.0243683873522,-10.8107445553666,-11.962927777392002,-14.911668467295199,-9.55225692664207,-8.2266776396991,-7.46853531627758,-5.2571417255493795,3.4994689031675805,-0.860594515955285,3.58643286748526,-2.49744915295762,6.02815764524076,0.927330700231035,4.6311734173277905,5.64521910648057,-0.270633198353741,1.73121726900543,-9.07300049099967,-5.454741484030841,-14.9712787986496,-14.7450921458765,-15.0476455309925,-12.7261278701629,-17.739692969121602,-11.3954118671878,-17.9847295531818,-11.315806356663101,-18.4867113523401,-10.4642153048126,-10.421695626003,-8.69812272802645,-10.3511478845999,-5.46200818358716,-13.3041898882111,-11.073440547399098,-10.950625913997099,-3.53718384248371
sub-0092,ses-01,run-06,pain,LOC,279,cue,2.40724055766113,4.55923900769839,6.03303259263855,4.51726711467317,4.40379682797142,13.3608341085934,-1.1300613330121698,18.3625848944992,12.2190920770504,23.6189700854557,17.673628647964698,23.664384105244103,26.3321349151725,25.4217426797296,24.8715298167948,24.4480572420156,19.3976724601568,24.4663698259195,21.8016496236783,28.207255776558103,25.597660611591202,23.9979878719346,24.702258993380198,22.638321807344102,23.6331688069065,19.2425394317252,18.0315591963812,18.1734527423511,7.0144187316586395,12.4745397612432,4.834480982304711,2.5186324718707405,3.8388879033945202,-7.39882958319823,3.02400544193488,3.2734850668093105,2.27821276339369,0.7195122654953561,5.57552642273741,-1.7171341728094098,3.30273196573497,-8.228321398625981
sub-0092,ses-01,run-06,pain,LOC,280,cueH_stimH,-11.6589412643904,-1.5099518056747498,-4.25468873334569,8.23453155476822,-2.38539975334709,-11.557783572969198,6.63457523067015,-11.5516928769733,-15.8168823350489,-25.125415825279397,-8.05139727367613,0.350952973967529,-5.5366940680583605,13.324511396300599,8.080579269010919,20.088760361294803,11.8476104931306,7.54641254746481,0.030850182904687003,-0.477725665025156,3.1829321770572903,1.7551679118814298,1.74424096618577,12.1007368107216,8.44502337007066,1.8702911675245801,-11.2519689116026,-18.570437783284603,-21.377360337497002,-34.2197706922109,-35.670996028944394,-33.9451543399865,-24.5394446518998,-21.2034559140415,-20.7472762217076,-9.72184929394022,-8.16008003377551,3.27119661555856,-17.078886544358802,-3.6304629758554197,-11.4429627284667,-17.581781586055698
sub-0092,ses-01,run-06,pain,LOC,280,cueL_stimH,-21.8393070008114,-13.028148734663699,-18.2942316276729,-10.306747664264599,-35.88218465321229,-23.3152514194658,-16.384546828372,-18.6455742037144,-23.5671236225514,-27.9951670249473,-19.5457254721577,-18.6598587587973,-39.355496456890705,-43.178439089415704,-56.3854895699419,-38.36802292522171,-41.2040401049994,-34.7956924519631,-44.302162926266696,-35.1214954380718,-29.367901904892,-28.7710296291995,-21.2611584276163,-26.866231612041002,-35.798457123678396,-32.675256313587,-37.777208700856,-29.9944576719605,-36.714914313623,-33.6267860312462,-20.362872864242398,-23.369953020398,-42.5025743729788,-34.666698578681505,-35.9864098736764,-33.6546321988639,-23.030642806002497,-24.5657862954966,-32.2156625286294,-27.7729080084623,-33.2170179695436,-13.7164176383835
sub-0092,ses-01,run-06,pain,LOC,280,cueH_stimM,-9.244814513749251,4.87381468141251,-9.056633093672732,-10.0423569051813,-13.797237633636199,-13.2132664862778,-15.6716911643108,-23.0608435860138,-10.7403576393933,-11.917742299409499,-7.35301548684199,-14.940491708849098,-14.948387021348697,11.353571964136698,2.97037348274996,-6.0989871773351005,-5.8031000366081,-10.0374915650981,-9.35186385956114,-14.194956557259,-23.8037773268116,-26.7978279336857,-24.4298886731562,-15.8766084864188,-20.638820886858102,-26.5892469102315,-27.1141535361028,-20.4568648373329,-32.6735247801876,-24.381632888050603,-20.3862483801834,-20.669477253329802,-5.776951207475371,-23.8813156011128,-13.666108136915,-29.141266242337398,-17.8944518435892,-17.586764676825698,-16.4721848769217,-1.5205878505500798,-13.709141988517802,-7.1123531580918895
sub-0092,ses-01,run-06,pain,LOC,280,cueL_stimM,-0.5274690147058789,14.292908869554902,-4.30914645223098,-12.131989401640999,-6.84912896386464,-11.3188731612195,-0.031363199255818,-3.20450285795513,-21.938492624688802,-11.4883047067943,-9.8563280028968,6.68283735257338,-12.823496381162698,-3.79216900603324,-0.328919741748598,-7.82173599841233,-11.876264311430399,-28.2336813125774,-31.655207031067,-40.0672518761809,-33.933088066126,-44.114638063803795,-41.3550409321659,-35.2169474363415,-39.1336127874334,-38.993616431125204,-30.985108231799302,-45.804896301217006,-42.876115793673,-38.8677475408721,-48.234437407129,-55.7454497950614,-61.406534643596004,-47.98559598467261,-55.3500695954584,-34.2243361048545,-43.564725418221705,-27.699803351681105,-54.063568783708895,-35.48988284912679,-44.882480152936,-35.882264768221795
sub-0092,ses-01,run-06,pain,LOC,280,cueH_stimL,0.703826709093974,-9.202933110762169,-9.45792193613644,-9.0526287433601,-5.66677338294624,-29.6002934780408,-18.4898999684661,-41.7161562591388,-37.3231900036172,-42.9052873731344,-33.422708781136606,-31.620048032423394,-24.985926935549998,-12.5779139364609,-7.98395619123801,-8.36877697919391,-8.913173324380761,-17.2603498925061,-10.078351908307098,-14.3809373309263,-10.506090519188499,-15.1611016858217,-23.704960523326395,-20.5581420915047,-29.8573805275923,-33.5850640160413,-34.5098883684312,-35.106407020015304,-43.8379073646961,-46.1125122103662,-44.8661239304959,-36.1449233489967,-37.2222966779609,-38.3201239003056,-31.955284749919702,-34.9497200421213,-24.4014921202395,-35.0328948404584,-22.6034095396087,-16.8347322898875,-17.036155317847303,-13.595948935232197
sub-0092,ses-01,run-06,pain,LOC,280,cueL_stimL,-4.996334821604651,-14.894064669249001,-22.9370534242038,-7.55801338011181,-19.603673142025897,-11.3783615143254,-21.8635090462616,-22.8083527649412,-4.19311947835145,-11.9624739076773,-21.378164594202897,-19.7853720969373,-19.1916651530723,-22.831049768295802,-18.144536603262104,-33.5615442924817,-25.4498709600487,-33.9995363116082,-25.622598117077498,-45.153524012085505,-30.4919902047977,-27.6849049936944,-19.1179514760494,-21.691633391499902,3.9360628146195,3.0321601895899,-4.5594196313778,-14.935647571000901,-11.798528331512198,-16.418523511709,-10.147240118353801,-13.675875052574598,-1.04366497190103,-7.6706307046307005,-14.771607324112802,-13.741027232865699,-21.250902305491397,-17.755849114960398,-21.3023275002746,-9.10775480957621,-23.325448877051002,-8.99395112390411
sub-0092,ses-01,run-06,pain,LOC,280,rating,-6.9131419489532195,-4.882806628484889,-11.2711643843474,-8.36190875410067,-11.697361192288499,-7.02880815127673,-8.798590552267289,-3.98426997007432,-4.460078604750651,-1.9542663966721399,2.86958949683555,9.769041009764411,12.0614273764245,18.4814695492411,17.9270886776913,17.6702458574861,12.531235960840302,20.5390745055943,12.628186547551902,10.493657708845301,2.27448750584702,-2.94079196119708,-7.362622658861429,-10.5524429978711,-17.5436354799701,-15.3855012365508,-16.2573190646769,-14.7921883570102,-13.426038463558399,-16.6042406921731,-11.032187374268998,-15.4932186132296,-13.386703388248101,-12.767024862683598,-11.935508679652697,-13.872632804440599,-13.4871184504999,-7.0132058678812,-5.71432911389081,-4.25692020265722,1.41683298599773,-2.67569754674017
sub-0092,ses-01,run-06,pain,LOC,280,cue,6.0899278369269005,4.35363639769031,1.08474377141857,4.44882009078144,-1.34056963361076,2.73766644327937,7.45194947731575,8.57980551391367,15.8111349721439,14.3697190579921,22.3606256906874,18.4717371401807,20.7856743106352,24.4776441026826,25.0187216243715,24.9773145415387,24.708251045060102,20.0352850623543,17.321750403657,16.4055575559421,16.0081797906441,13.102464570684301,12.372861022014899,8.26708649471457,9.30877168693284,12.5966367158014,14.1721969836744,9.18242310668081,5.213813902275981,9.38883297099926,8.87373079254393,3.81248576575006,-3.55688279471886,0.0725183445850153,3.11244850130276,3.6182592646128198,-1.2777771605321202,-2.81810737192438,2.3503798090887402,6.04009702001753,-3.81972174430387,-9.810067160005099
sub-0092,ses-01,run-06,pain,LOC,281,cueH_stimH,-9.98569827592436,7.8089008372361395,2.58562434474357,10.5745397232287,-0.6808759764978219,2.61904237620756,18.2289920232855,0.358940640900276,3.48214064021517,-9.98404865995267,-8.98474068878146,-13.6890075102349,-24.6342859828795,-6.763139263488839,-5.70251307502895,-14.311951324732302,-11.871895573869699,-17.72647577929,-17.6334486990379,-27.8255996307479,-23.3264273123768,-20.2167764996622,-19.5442705269386,-3.0301432168146403,11.034438373628099,-1.2938560806908501,-2.3880896963145397,-14.6875675332848,-20.411013301226802,-22.351048135885602,-24.622790787758102,-23.9304613810548,-23.071783319253,-15.2511748230924,-22.3113818299857,-27.058854220733103,-36.5391512450984,-39.7316562230573,-35.7790249351591,-37.3904696298491,-51.8936993767056,-57.6402593846146
sub-0092,ses-01,run-06,pain,LOC,281,cueL_stimH,18.769984871407498,28.940605298765103,12.550505799029,11.4503865253512,4.5632988604771505,11.5783762912239,16.528488791975697,4.29463995714868,5.19576838634266,-5.277046068546309,-2.2053599624581,-8.62097463378355,-12.418911566008001,-5.55740831580296,-11.8657284427745,-18.336672760584396,-30.7735505264155,-21.3751989151751,-23.742138468569497,-22.3946806087191,-33.261468929734605,-14.0051348232101,-12.5728448892765,0.566327535669442,-12.6610571458445,-7.55625131251801,-4.11286054937552,-7.99024934752471,-12.538669549117598,-7.0086182574841,4.52045959249228,0.853741495308346,-9.047280524505759,-8.93001783941101,-7.019124365265791,6.8691563193477,-2.98547179568273,0.982975704203552,-1.45391716244514,-6.54497105979795,-9.59631591287138,-2.19379622019511
sub-0092,ses-01,run-06,pain,LOC,281,cueH_stimM,-17.383862460604,1.10111358439718,-10.7157832729725,-1.2319249901304499,1.8414163437817401,12.307544669412101,7.598672467069321,6.33681423838125,25.590797083839302,10.615900365626,-7.58368130831038,-3.1800617646773897,-4.06376227508009,-5.18872306650247,-3.85912556374866,-8.82280859180629,-3.68681472315916,-0.690555507726263,-11.2201442090076,-11.3868948613298,-8.967835649964499,-3.8949222636919396,2.5454467969605097,9.81500895584584,-4.33842921337034,11.9875702916666,10.8954959335146,7.87905779139954,-2.09819872350607,-6.38630841367496,6.47537844889043,-17.8408461496061,-3.82817578226644,-1.3823430647328898,-8.82603124822262,-1.3699008368513403,-0.622228026147667,4.68313068537589,5.23087416153168,16.3636378876887,6.1370579161900904,12.7775794743255
sub-0092,ses-01,run-06,pain,LOC,281,cueL_stimM,27.5873940583919,5.81156085175226,12.086332718601101,-7.6461992181942104,7.0380401960831795,-5.6986564535298,17.4810244113412,19.5243857371861,9.06991067042156,5.310230264663651,9.81511008391458,3.65383797338017,17.291879240476902,13.154436604899301,1.2127418950821398,20.9874156025795,-6.48866553061365,-14.0638723075261,-15.8148945363867,-34.9191270518865,-19.0557877550688,-20.8078216289768,-39.6884439866436,-27.0474067932215,-23.2351343973981,-25.6115210158121,-12.3392284014354,-33.5404301098186,-29.1271019065463,-19.3617457135908,-38.49246116067071,-41.0592784519504,-30.925772265548503,-37.7913546020654,-26.132544086368604,-31.1964816476945,-23.082713625145697,-19.5074240507548,-22.4630560573104,-27.576537503288602,-33.1822019359824,-24.002499117215198
sub-0092,ses-01,run-06,pain,LOC,281,cueH_stimL,-13.556344064389801,5.788094306584621,-13.378682259328,1.43578238348303,-19.9862366783222,-20.451885794017898,-26.9922056244996,-38.9795001534756,-25.124868880970897,-27.7569378398607,-17.3733407561065,-10.6978417468428,-37.7357827847733,-10.470832322115099,8.99401288989078,13.9902193970114,2.15191952946642,-15.3956346097191,-0.31448561288155297,-2.4442738133576403,-10.0538083869904,-9.28827311115325,-15.6796810581115,-26.4087086116262,-16.5790481686415,-29.789162338770005,-24.3938682667754,-39.1442069775514,-19.2877275296173,-21.352340459184,-24.0778779790447,-9.951858424205211,-23.111662924011398,-15.6663842082722,-0.8235862196248008,-7.33877686031705,-9.083042765616241,-0.896275697174996,2.378388195126,-0.772353679018333,-8.924384549940491,-4.64044461574065
sub-0092,ses-01,run-06,pain,LOC,281,cueL_stimL,-16.3776775966171,-13.542012702890801,-13.2059111781935,-11.4183860451636,-7.136192257210519,-9.85543119982297,5.59612154128769,12.236618845062498,6.95678824274163,-13.4138796848663,-16.552496336342898,-14.210353504427301,-26.862929921975102,-34.3629873850246,-32.551794520146196,-33.9852710518472,-36.7754486918475,-40.0630022713717,-46.532993269382,-32.3872694331383,-29.546018340621,-41.371724313807995,-18.9414051452551,-18.7014509058154,-8.43676961299213,-14.111303058043498,-19.475928294257,-35.3119141815161,-37.463183234627294,-16.0437940769997,-26.9265264344244,-10.8298931975931,-10.842716494086199,0.0144280750442229,-3.48305643042035,-6.87194818624915,-7.649911723686321,-0.323671432074079,-8.33467823149822,8.62412876212738,4.842684561793099,-20.802595176862198
sub-0092,ses-01,run-06,pain,LOC,281,rating,-4.68396514519711,-7.2201869599625494,-12.683234669626401,-7.45728119140419,-11.2453450370521,-11.0599328600324,-11.3503326164185,-9.270981768963539,-5.019033336609531,-3.54644323268902,-3.5507031679440897,-2.54380494900684,-0.829769071468803,1.9070109027850901,-2.66560409016628,-4.502501657483349,0.17839475561232399,1.32098478837499,0.950637590808022,-5.199160456596781,0.0449424330638806,-9.099446674761461,-3.64228845500669,-6.61867713210338,-9.317378407436019,-7.99039027675188,-8.21963664564865,-7.30907607256485,-8.61503934389824,-5.2861835516569196,-6.23733027436566,-5.757298853028639,-6.27674969820192,-9.993316611067598,-5.46325377783739,-10.916195554242801,-10.250493816726301,-13.681705603519301,-8.9248203190872,-6.61164007804098,0.48461845303573997,-1.5618482121952
sub-0092,ses-01,run-06,pain,LOC,281,cue,0.7519748307483191,4.970920598774019,10.0292615771865,4.72993334364478,6.7843228489222405,2.1193431366135997,3.3986151220594705,8.5595597622052,13.8257319836747,20.183068864856104,21.8828944826688,23.3250900317062,24.577236093480803,27.2167651154954,22.817052152806,26.9585601186064,27.989908721483303,30.5327229257948,25.7272943192605,25.6914250919994,33.9749074749681,21.3765944869907,21.934667498131798,19.4436493708595,22.818479904454,24.8846944328091,17.8846139461707,23.927252546425,12.4015898282448,15.1840595291064,2.54518369668189,-8.22907171197467,-6.14787141253783,-11.385628253843,-5.18304092495248,-10.041779123730699,-8.57196766707761,-5.20045811247361,-10.0922623092855,-7.77171919084235,-12.371812148904299,-13.538541758998301
sub-0092,ses-01,run-06,pain,LOC,282,cueH_stimH,14.1972539000123,13.2511924016657,11.489625900640199,36.958857341656,-3.3682920850747,-0.7282135794549771,4.396057758315609,-10.210881128992199,-19.992989975171,-20.602865681380898,-15.629966122995802,2.0960579109919397,0.345731095658449,0.613679050882999,7.32367053592364,15.504835926962599,10.7633729287538,11.2721314323373,-1.37650192435331,-4.57203487674798,24.4546316728752,12.3876908529707,23.632970262585395,22.633833313755197,47.8304887259877,42.658304665798504,18.4103535422157,21.891922880210398,-2.87244340677161,9.111942646349911,-6.278321797903071,-10.2054808208481,-5.36330900719288,-2.2891797297867402,1.067090081483,-1.21121522032189,4.35701232160243,-17.7495984860766,6.71450023763705,-20.526467218859,-1.8114514574090799,-6.468506574397019
sub-0092,ses-01,run-06,pain,LOC,282,cueL_stimH,-7.708717708085071,-7.286476182792421,-0.698808343038222,5.78076675937989,-3.3466156304374,-10.907627109246098,1.5435848788904598,22.029143333761397,-2.1219759561164797,-11.4191035688115,-9.64121015036107,-16.5826970173708,-34.1283350610179,-26.5904729345817,-23.1425109267918,-23.117879671647,-0.108232980629033,-18.3398535793585,-10.300728714168,-3.1998792254054904,-11.646247673171501,1.30971084373482,-9.85375945334232,-4.34276884392077,-7.6380046109907305,-15.8671155479679,-8.447548424800381,-24.4646236014292,-20.9769035971673,-2.0389596243045602,-3.95700298641406,17.3708220710995,-11.744980620088501,-7.36674927567297,-15.002527789495803,20.0953669298287,-7.07493617691985,16.1291780845848,-20.9391247023933,-4.52042592709241,-25.2915369044505,-1.465769471936
sub-0092,ses-01,run-06,pain,LOC,282,cueH_stimM,-11.1737801942853,2.37499662468855,-38.3368122733374,1.96692801854292,-20.2206328952154,8.34205585133023,-21.2138359629454,-4.96648684385267,-8.511258850499049,-30.107173235746103,-11.175251923053699,-20.1027963218661,14.123982372211199,17.7569203316929,32.731600304058,8.13208931363797,7.947085881191519,13.255111394138,-14.8393568843821,9.02507001713895,3.00002024458773,20.736196684213603,10.9124012151856,31.3763141287044,15.5548799240876,21.7057931135774,13.986322204539098,21.394536204138202,7.3741622695347795,-4.00016840810689,2.38955183327788,13.5125721284813,-8.90840010172866,2.4187315883701404,-0.172335501732398,-14.941072940115099,10.887829845894402,9.90142048222367,-0.0498124301224472,-6.448086415156929,20.4251766961934,3.8412295458066805
sub-0092,ses-01,run-06,pain,LOC,282,cueL_stimM,10.7346287366059,46.2951680900673,23.108581763467804,10.944679933308699,11.8966110978309,16.1722733068334,34.9984200135278,19.7940257568444,8.32831082267372,11.057149701066999,8.52575403921546,32.658149938350896,-8.92636429193527,27.5796750865412,39.778371089525706,44.078176389640504,36.865810557456996,7.71387975310841,17.271517704904,0.0545944104124789,13.1566094050925,6.56601316931705,-30.6316028900522,-4.60045311245645,-15.519457434555699,-7.272399257787749,-9.00791342572698,-21.305176543255104,-15.8706278116898,-35.583032073782604,-33.1257768854318,-46.2775256765046,-31.7258849668798,-21.3520256589049,-25.717210021901604,-23.8212365966653,-24.808763467852103,-18.388358729498197,-18.3443714686242,-1.70953875532271,-6.168290432216719,-10.7363739565675
sub-0092,ses-01,run-06,pain,LOC,282,cueH_stimL,-2.25966511745335,-15.6958861344676,-9.01232220125018,-7.508552362022231,-13.1774179769921,-6.51289253683738,-14.366269821591,-36.658154499818004,-25.7078863927702,-28.5846443365588,-25.3611458303857,-8.21686885906885,-25.927190294758102,4.83296332737003,-8.27728178734638,29.7434721374402,-3.45849496463053,14.178025293566401,-4.07519092035587,9.75632980366673,-5.49666183657377,-0.9279371628043599,-1.2658866558967499,6.5724059600904905,-5.56595655567028,9.27120621050036,-28.0107450620971,-14.0228809717178,-22.6820706188936,-0.43168935797846897,-38.9105203193224,-18.7219896154682,-45.2704508565176,-6.30050421657282,-29.515673944798003,-27.412262395029803,4.0497680248429795,-28.7622129019698,-6.10784155942261,-14.242387247888301,-5.65880358033326,-14.390284113898199
sub-0092,ses-01,run-06,pain,LOC,282,cueL_stimL,9.800758852614619,-4.49595442845158,-5.48678551221025,21.161603209069103,14.801728532439402,14.089008952059698,5.4728760900710895,-5.556877500328361,8.35320963740296,-8.45191428090297,-8.42968076560312,-18.910838257283302,-12.319772136647401,-19.2773880389988,-46.48049615133579,0.46301303512748704,-19.243580478494998,-29.173041751753896,-19.1317392118083,-22.3816746034372,-21.9444660708194,-1.76990018585879,-17.8644789502661,-8.69853409962046,3.4446905509512002,22.100912420386,0.0216385961556282,-8.593434702557861,-13.6031857242503,-14.9631010002227,13.175194006575301,-16.5476415864158,4.37894989554433,-15.4695237202019,6.907823937918921,1.34027474360114,-10.898258010459301,7.59696204788244,-3.57059913341973,-10.617567237348,-9.683703356511641,3.3838632445689303
sub-0092,ses-01,run-06,pain,LOC,282,rating,-10.270268903774301,-11.8433104128439,-15.8869407975931,-13.6353431544109,-19.247592676358398,-11.690849057762499,-14.837799112988,-15.044585294173201,-12.8580778441625,-9.774063034257821,-13.576859660409902,-16.232242760683,-4.21501972064206,-20.306769346465398,-11.365756749633801,-10.862436333810999,-11.088182647473301,-7.557644645957379,-10.0999637126425,-5.11478468529943,-6.246666684513169,-11.339563736572401,-10.2077720948408,-9.607343607345632,-13.3519626882487,-6.7510393797062695,-8.71043252816996,-0.7549216576005259,-2.18797566090848,-2.4192216270035,-5.33270075738398,-2.10742974893922,-3.3855354011811203,-6.82290181976142,-2.1088081137473202,-4.72961358532109,-10.2824026986167,-1.6522890704872302,-5.24500209945399,7.72285887125077,1.90361514495831,11.800872800313801
sub-0092,ses-01,run-06,pain,LOC,282,cue,1.23842968209259,-1.9815697684961,-0.502485247690778,2.7197442688225495,-8.966260284788712,9.18488697490257,1.53352951207665,15.9196402035603,12.9686698971675,23.663178397486,13.7479459847686,19.574491004518897,18.8998888850543,14.240479618958199,21.152281828423604,21.619841466185605,15.4371273548754,15.454255219967198,20.315110161992397,15.8428783787926,21.1436079668915,19.5019816782031,24.048665407314402,26.784475651266604,30.977891361252603,32.477941674305,31.544489257154,29.3618523259939,17.0370544798471,18.1730338014039,15.919807971949101,-0.285480828789971,-1.2240962210231001,-4.38376469273668,5.464695800918469,0.0813807437519705,3.4036074592360097,-10.578734134897699,6.2754640725988695,-6.648253548037441,-5.1848354715715,-14.299238166623
sub-0092,ses-01,run-06,pain,LOC,313,cueH_stimH,-1.8898861700336298,-4.185857436827891,-0.7783995146121059,6.819596931023849,-2.25911371164234,-0.999136022381202,25.8981656137424,10.2952368779649,-8.70258007742136,-7.43773440231858,-9.703393517639698,12.1572995426993,6.60110090847185,11.4760980006731,-2.2501087033490297,8.20856816834037,-1.6811056879774902,-8.42545334462292,-29.027604927347898,-25.805517252077603,-27.2256629421899,-18.0572576542359,-28.098822726199497,2.6713627846240495,11.688477085908598,9.43322539374607,1.44017794413815,-15.055299229939198,-13.3358491995314,-29.006572452822198,-26.7093073984947,-18.227141820880803,-14.9612909723927,-11.8230309213995,-7.48476796560453,-10.171331367838802,-9.15699268460412,-19.3204682816888,-11.4332614340786,-31.716263672883898,-19.4642343114608,-8.4261741381846
sub-0092,ses-01,run-06,pain,LOC,313,cueL_stimH,21.776352348109604,21.360292496180197,31.0154645933284,13.454935734286,2.89512730455466,-6.420632687096419,7.71052899851873,0.250982451551983,-16.480273598454403,-16.7456471288678,-4.60428622555364,-4.70531258323642,-17.974458643394698,-36.032279270602295,-7.02747516746487,-24.9943532508534,-29.842965037396198,-17.0259570561152,-34.0404849003387,-26.211244342684303,-24.030778922948297,-16.3014361208634,-0.961193860388959,-8.97376738055923,-12.922534615664198,-0.623285143033895,-7.46966145569141,-14.6601478694633,-15.087018137796301,-5.606667010005149,-0.0127474877713887,-5.61334292595706,-10.618131202782699,-6.34111248565527,-7.08641254605728,6.796284527711429,-15.5520828114896,1.15027925070009,5.45425987524349,-3.00712420262612,-5.11481541399028,-2.0585210616901897
sub-0092,ses-01,run-06,pain,LOC,313,cueH_stimM,-22.665696147859002,-15.684553344144199,-13.915250468956302,-12.540396818949,-7.0191321814299,-9.40864334518475,-4.1763789264495,-6.295840750565059,-3.06922544602831,12.8786397042381,-7.25147655668491,-7.8025321328468795,-7.1556693584097095,7.25184511521338,-6.07349270955722,-14.460966013097599,-10.828930075548902,-7.52261002729296,-11.3240617485812,-20.2096255410031,-23.8876441764529,-23.125626234678503,-23.5422878822861,-22.069064073580698,-15.761055484670802,-23.334032060145802,-0.819571774291191,-5.95082043071427,2.97341345218844,-3.3246931531356503,-12.9920977074089,-1.10987556627416,11.5335735772248,-1.36946244470989,-9.06662585485788,-14.2215238344425,-3.61808346794766,1.5275019750989398,0.539952976901262,-0.435645711361698,-0.291311364457874,3.24234455920802
sub-0092,ses-01,run-06,pain,LOC,313,cueL_stimM,14.250585329122801,16.3706592357836,19.3290229020675,24.6312604516752,24.447292886272002,20.542652802484,17.748302644914,19.702077550030502,19.2867664622855,6.41027186334631,19.9123448672822,18.6002320512518,8.90233474056323,7.00768652503338,8.67851024173155,34.5199154487316,20.6355071332401,-4.98077500482466,-5.55321868176752,10.875099126473598,13.8986261668627,-5.541547838848129,-7.760061658851191,-8.68297282043856,-8.31287606189303,-3.57633820017966,4.49111865359192,-15.948336165072599,0.9745922976742041,-0.948440006005701,-8.18823098498476,-2.64148262533165,-8.75654356158158,-0.508054979588852,-10.822910649209001,-19.7226620202376,-8.634587301317769,-1.92023334278202,-12.133406771125697,12.4726983380483,-7.14310467994787,-4.1285615910182205
sub-0092,ses-01,run-06,pain,LOC,313,cueH_stimL,-20.716435168412602,6.4207838409868705,7.97536933061795,2.06992356821429,0.8819545543162991,-1.9737362526971298,-7.74978210516724,-32.486911492450105,-30.940139261255897,-12.745916209485,-23.422573411609804,-18.9611697292761,-22.3596919118009,8.14013669950239,17.597926207107697,20.4287536980201,3.45523612372144,3.25485240179752,-0.338225662485466,26.0271138104631,1.03258095546365,3.5858218481994903,6.12700471003865,25.1318435192294,17.2144672316226,-0.43385589345235,3.0647637526676297,7.015358070573231,-9.324276004265581,-15.7721398149303,-12.057935210513598,-11.5869333848698,-15.3937467944174,-15.427681546155801,-11.7266298083093,-10.4102273625402,-4.23454435086768,-9.24159952120838,-8.26448068257763,0.6758384207671371,2.35205070133721,-9.61328351842066
sub-0092,ses-01,run-06,pain,LOC,313,cueL_stimL,-2.28821998551726,2.54643544278848,-5.2331977362846205,16.155678434546598,-8.18304268545894,-6.81008538483871,12.928627994441099,0.28313377086680697,-4.52995748412126,-21.834908137126003,-26.333894736601803,-24.1448284304674,-19.6482809652094,-29.0061898420788,-40.658568314193,-33.5227474318884,-34.0004949985043,-9.724828090406751,-21.3484511018168,-22.7188961381945,-15.1363233865026,-24.935424910785898,-32.3922778715783,-27.258504035797,-28.4895278931957,-21.4549043223304,-14.7340389964518,-18.6050885611683,-28.282260838345398,-23.04032887243,-28.1901404124251,-24.036453490877598,-13.6096548134092,-25.1498664803887,-24.766482926211,-17.031907688993403,-17.5357665480686,-30.776614976878,-10.5723962186567,2.1154974571811103,-9.59331894613156,11.607498043437701
sub-0092,ses-01,run-06,pain,LOC,313,rating,-5.894236345743081,-9.21125077152416,-14.187950694390302,-12.3684864243222,-16.568231326096598,-14.3008442813116,-12.183943871110001,-4.2537146057916,-7.987195171843281,-3.6802198324399704,0.00179808270613435,0.94597001646288,2.6764387089401698,4.46283232985672,8.64007163185296,6.069405927441,7.98147883888484,5.71492169176018,8.84035387795799,5.77434835995052,2.35858884346394,3.70434202903435,-6.01435352210238,-3.53009554246957,-8.465236025111901,-13.5853091347134,-13.4321905568585,-12.157684843641698,-14.0735552423535,-13.488787234637899,-23.8030923624009,-21.0119901961737,-17.3639347773047,-18.5311184538324,-21.0948654649544,-20.606818844491,-19.717865386785604,-17.4575356306375,-11.4630569850844,-11.8334491990502,-5.4395719299404295,-6.01025963483321
sub-0092,ses-01,run-06,pain,LOC,313,cue,6.33308317425689,2.18797329295111,4.33906515421332,7.56393579528888,2.29454628631759,17.414244867992497,11.2533734474521,20.8085852367698,24.7002916008517,33.313316111365,35.775317900318896,32.8425884758146,36.0284630590649,41.2605660284525,34.2849420720225,38.8591169258443,27.794369472488103,33.2840394251955,32.610618077308395,27.954336878221504,33.2548100591192,30.6346012908703,25.1825701652589,20.3513894643717,14.731458541156199,21.931662049000302,20.077601293837898,19.0728847002272,6.16214143875059,6.977684681235321,-1.22684285558366,-10.823162035252599,-13.0002536179055,-9.78872406546446,2.6245241061940496,4.07752442924987,-5.17616570303237,6.870255062075059,10.780981947105902,-2.63181212752765,-6.811164399429599,-7.523980670146219
sub-0092,ses-01,run-06,pain,LOC,314,cueH_stimH,-5.352624240550701,-2.92083709361625,7.077698994007861,18.023965118686,-4.44410700735756,0.841596460304253,14.2729762099511,-29.6991237428127,8.013477886956691,-18.982827113590698,-13.9433687491429,1.652858056037,-1.7055543253749699,17.6809513197442,-10.5891131292859,5.4002684673244,1.2133363190014,-30.706805151872395,-15.7405836310998,-23.790797517455303,-14.930340865664899,-3.7092978035919906,7.797743006032371,2.06902492665234,-6.76960119942981,8.60118889676332,-10.6672721453928,-9.4260452415501,-8.15905069907833,0.109408123657551,-18.399098093482802,-26.2648121278728,-24.050711259391104,-18.660236807266603,-24.8021223501119,-12.8475393761644,-39.7707096186423,-3.34242896340043,-34.3053578812695,-26.918815645458697,-15.7732164027419,-27.7083463710612
sub-0092,ses-01,run-06,pain,LOC,314,cueL_stimH,4.30091298691308,-12.7787424036689,-1.4376685969586498,5.3327117397625,-20.270899232508302,-15.8397236592054,-2.83435837727347,-12.639967003951002,-25.309619423610897,-19.3736411431867,-22.941047852073897,-16.6141811789932,-32.6026732195883,-31.6031728810784,-45.367955130146,-14.605992181771601,-19.3297353066296,-16.1231125123739,-37.130515612686,-38.67849856607771,-42.8542675758217,-32.5667657665758,-29.9077714906594,-28.4680205957817,-38.7297597387698,-25.143153925175902,-36.858672381599604,-32.2270947836984,-30.927979732277898,-27.660267658738103,-32.0295384659187,-13.0259436974985,-30.7250953903758,-31.492946959054102,-29.0516206786166,-17.413613440035,-25.6268189177461,-11.909922191855099,-8.79560210854655,-13.2187830710166,0.9536548185674109,9.785728297849289
sub-0092,ses-01,run-06,pain,LOC,314,cueH_stimM,-8.44968836770023,-7.04740510532411,-11.565217764544599,-11.263640825219099,-11.229089262109198,-4.5101025036047195,-1.10284573005576,-5.05770781925416,10.690631717799901,-8.90059609650853,10.2580179010471,-14.7423058756912,-7.699868801462151,9.60672907659006,-0.33198689702113504,2.41324940564117,-1.62279255689485,-2.91167238563045,-12.362975018789502,-8.93512480706676,3.0032685709409797,-14.016309827414,-6.54608028182318,-19.4962633282735,-9.73740667123366,-22.0248784355229,-8.17918250920258,-12.4357847409232,-19.456866445345604,-12.1452166093066,-10.336523235525801,-16.0280111069086,-19.268233996759104,-6.668540921977219,-21.619024225345303,-9.5419408200165,-4.97132071765785,-0.0646601422011805,3.7135492139712407,5.50736820370772,17.9281919189808,15.8882819194456
sub-0092,ses-01,run-06,pain,LOC,314,cueL_stimM,20.6128605371583,26.435023218869098,29.424064886112298,21.0072282095965,10.5667537943975,24.6867771776556,32.8895487602756,16.3384743033435,4.0190779811283495,22.413954407505397,-5.02601192499729,12.6186283221044,-6.841003980661111,-4.05964175964128,31.5403849688255,13.756602752780099,20.3634519242612,-14.6841706485465,-27.961433653498997,-16.3197567151246,-30.8629836085849,-5.14858506352675,-25.683386506974802,-15.3591817925485,-24.2574577731315,-26.0874140883998,-25.419894598113604,-18.350941990431103,-35.847618070784705,-18.059326940654103,-33.4873838060851,-32.7549759261656,-29.489863755105,-29.1976324858851,-21.2694938070221,-9.45862188575881,-25.305159720678603,-28.1756739826687,-25.2698331118826,-22.9768121068559,-25.4032134800174,-19.4893685955055
sub-0092,ses-01,run-06,pain,LOC,314,cueH_stimL,-0.514299868169871,-8.70575891887599,-8.08380846119044,-9.130526358660038,-4.38873266137283,-18.758179660374,-10.5198879995801,-13.1689701570529,-20.9875234635035,-5.736559670328339,4.3679918749101905,-0.554559627505547,9.456121824487509,11.3192384010433,18.596766642471398,2.99398058266961,-4.83510025722564,-11.0498289186571,18.0347351763156,-6.67568342025403,-3.4494947121243196,-15.4198808237467,-16.5670352001294,-4.5184065105321505,-11.7676899351086,-16.2975084028986,-32.5358547537198,-27.3633072335043,-31.8929535508476,-39.4371419572247,-47.0260979476801,-21.896690159969697,-21.476066255303802,-35.837909697437794,-9.376899180396741,-11.9817847654323,-3.52059207199045,-7.11706008454463,17.3242741056795,-15.3195219447611,5.82215976755764,0.972334630171521
sub-0092,ses-01,run-06,pain,LOC,314,cueL_stimL,15.4673380337031,5.76722753870217,-4.619539315800759,10.426582358999301,0.292770654214149,3.41495154673933,10.475040237233198,-12.8403892875765,6.97165013720824,10.70255524812,-0.44955486228300295,-21.9926486592384,-42.821553272168295,-40.2192203874558,-38.135202599601996,-46.274994581723796,-41.0605498254129,-28.8147194030835,-29.992641744340897,-36.9147854999727,-40.841745059953205,-17.3393534162606,-27.2054995554981,-25.960529416220698,2.6257745576377003,-5.63823054185143,-15.2864032679811,-16.2906046276047,-9.59626638454683,-20.5262618252372,-25.963427261012804,-7.645462302507889,-8.643463041312929,-6.0033888572231,4.30117017090151,3.19265739949021,-10.905264376237302,-2.3525682964992596,-15.4286618859065,-20.834474945927802,-15.0276400336502,-8.91545143936659
sub-0092,ses-01,run-06,pain,LOC,314,rating,-5.71860316149598,-8.001215506162179,-8.04721735819406,-11.2799533249046,-12.8678772552454,-5.79774330879863,-9.48153710402782,-8.07066618857389,-16.417585655810598,-9.07833395429065,-8.78229981038478,-8.078533820545191,-12.6528360429234,-7.20733541911471,-5.058598479626379,-6.32347229489916,-4.68060594580751,-6.79483005379113,-10.3184019491023,-13.7622308210636,-4.34626928108544,-12.1690967145053,-7.70331079304628,-7.72332811821181,-5.04145985750904,-6.21579255515895,-3.96142560532625,1.93215442430664,0.24702945987223,-5.4496925516712205,-0.658173331007784,-4.093058633670069,-1.6899559618150901,-4.90680639008302,-3.7513427197349305,-3.63863286680673,-4.54027232837844,0.00942104737281069,-2.24235139918673,0.16951472625978198,5.88878478919904,9.896264892587839
sub-0092,ses-01,run-06,pain,LOC,314,cue,2.88418196472742,6.97552963245286,10.891228759779802,6.97319313226187,5.25299513753072,3.2866179715237998,3.3811238653488798,7.83381012638607,9.057501844249341,17.0865205390333,13.0774999421802,19.597462272494603,16.7465901053094,11.2752004169642,17.704016325839998,20.8400395938713,15.0477369967645,16.1820414116711,22.982802249168802,17.5338657082611,18.6788600932692,17.744274295356103,17.5167758400292,19.390225527897197,24.3814382576648,21.645897526353195,25.992860122024304,23.526653540412102,13.7203426361512,14.0565167173474,7.76718173496789,3.2038077460318397,-5.533122274616799,-6.7175590330231705,4.02528709449251,1.77245294373902,2.5397522685374,-4.77956859663373,-2.36310220517466,-0.0124864261729214,-10.2363579646788,-3.18379985810072
sub-0092,ses-01,run-06,pain,LOC,311,cueH_stimH,-13.517575446480201,-11.9347069161453,-3.9910938295797997,-2.83405649008143,22.714154166079698,8.95076458778638,30.325214753544103,18.691579096392,12.639986948336402,-7.015849659967519,-5.68773491740284,8.06384917669834,4.60694143595806,16.1209080122718,17.3434757116758,18.389333514363898,-6.37030420126515,-17.1451925420949,-26.6776753172529,-30.238089288563298,-35.9753995810669,-32.9226963699473,-19.650703391063,-27.591927770158602,3.80048222092414,-1.21377780066597,-13.4914267009336,-9.18215207526638,-28.6536420516607,-34.9558345638129,-41.2609288626856,-41.308459245887704,-31.1579348320261,-32.945678919505895,-29.433110593576398,-35.633489130469606,-8.719620406588481,-16.5104852678764,-31.061288113898396,-37.4750059686739,-28.7240580959986,-8.51505928450202
sub-0092,ses-01,run-06,pain,LOC,311,cueL_stimH,13.650318077334198,15.4880592287364,15.868436105841802,9.88356350527554,-1.4909669227823201,1.5290212047972,-4.51077471260835,-22.0404913377921,-26.0766766550795,-39.242879198521706,-26.6292154064397,-24.7733553843745,-56.4758475695899,-44.59878687495271,-41.164897403310704,-45.55861221674579,-49.97839939408689,-32.0269563285079,-46.66540795769521,-43.5069812324139,-39.7296195168256,-18.096986944910604,1.5728463755311497,-12.123342386718399,-23.9006200743715,-24.498199300412,-24.2582467698442,-27.4811180087104,-20.5649425885723,-20.7906733782317,-21.2171917131081,-14.764911741146701,-26.4487679056905,-19.6821980265569,-17.8310911658233,-14.509195569898601,-11.695701820620101,-3.28543197292046,-22.6881339668757,-17.8193832859498,-21.012525363591102,-17.733179076407602
sub-0092,ses-01,run-06,pain,LOC,311,cueH_stimM,-14.6805138346458,-5.793397198587201,-16.647280378543,-15.504442009310901,-29.0521604571105,-29.6290847218493,-24.123373296641898,-19.2448620067398,-28.4199343761149,-16.668367206957,-4.700063120750389,-8.03971715818743,-20.314363563925,-2.16023218841707,-5.32081491392068,-19.984586045195197,-15.7249228157923,-13.7160365557468,-29.314519981757197,-22.0351205387541,-38.7918297051744,-26.099300238264103,-34.3076109617605,-23.943454500619303,-23.444379635598303,-23.126704907705196,-31.9190154208285,-27.077199056003103,-6.1808461655546,-8.1382309904865,-2.4783870740392,-6.13669680982228,0.549282374563957,-4.0077929994675205,-11.242302638278101,-13.180978709270198,-10.452551919467302,-18.6326786967223,-4.48377785331757,-10.079579512122901,-2.2559259796847595,-15.6824018049673
sub-0092,ses-01,run-06,pain,LOC,311,cueL_stimM,34.245293081118604,9.915260806840392,24.950424115149602,24.301659494053997,13.084038842363201,32.4918274388665,11.369630778208801,12.2744553330586,20.3951511176797,-12.621522378475001,-2.42814223701549,23.7456933305276,6.33744563336383,-1.4892026214514598,1.50578520647462,9.935748712948401,-4.147455771294149,-14.4372623444014,-19.962138213130398,-23.832749064804503,-5.02035180106326,-19.4976125763999,-25.179555243431896,-24.5976186770327,-40.559449819949,-12.2037064275386,-18.843219275941,-22.168810504979895,-10.340949354725801,-30.640732134679297,-11.475605037470801,-18.8586952575204,-18.9743723113642,-13.679262571909302,-14.746819273661401,-11.6586946668109,-6.564782942462929,-9.381408991683099,-13.0474849842012,-13.9789530177055,-18.326204352001398,-23.6369639862346
sub-0092,ses-01,run-06,pain,LOC,311,cueH_stimL,7.73083557764205,1.86810587331961,3.7016152987983704,9.92259236882398,22.7991315211534,-1.12985672026771,-6.33800195069,-14.885340741788198,-11.305630254246099,-13.179861686881,-15.6739442407005,-15.262811969458001,-8.18521665827464,-13.4492109049984,-1.3249689357736898,6.956549766793129,-8.535021191471241,2.0076687322943703,4.67993795263811,-3.3384764619162297,-2.26496206065623,1.4897004270768202,-8.40489679101696,-0.239471104124052,-20.4783963920323,-18.7097147456192,-22.4110830337678,-15.6049365007251,-48.5175795904479,-44.185875350196895,-43.314598993915794,-23.5568441146319,-28.3273350645046,-6.6824430610541,-24.548280257251502,-13.288448057239599,-15.787390443336198,-11.7231356991525,-11.7838801356192,-17.0273501873279,-3.7744695712689604,-6.943452796890741
sub-0092,ses-01,run-06,pain,LOC,311,cueL_stimL,-14.711176900287098,-22.5413701564705,-8.77866797061229,7.487154992409151,-4.82831493907641,-1.46232996457938,-11.189436744271,-0.56866284258677,-15.3859139991799,-29.020516082054,-14.728760054339002,-23.5248813031094,-25.225440041215,-30.521131483504,-44.85555147871321,-48.5060412277857,-52.1428221140425,-49.6903054015985,-32.8230958341179,-31.831124580075198,-36.1553831792002,-34.3196482645779,-27.369578758885797,-7.1891860251547595,8.35435459707813,3.9196768514723503,-9.06082496600668,-22.222116059464803,-27.5149418856977,-11.5489212686851,-15.747608228094098,-25.3535599088059,-8.82505407814574,-12.5055792036235,-11.9077992386199,-28.4862106148132,-23.758006550719,-40.0857630258421,-30.9809573267171,-22.805037606209,-23.847507878062302,-1.33522786822192
sub-0092,ses-01,run-06,pain,LOC,311,rating,-3.9410749697446,-8.75706702201756,-13.0632190273612,-9.37930509785999,-15.5107134814306,-18.076010324239398,-14.9984319215591,-15.9011095748741,-13.789168612082902,-17.0755147128069,-10.3779292205128,-6.33061800808992,-4.91128649326411,5.51815958304564,10.7117822993155,7.37169784497388,14.592578496508699,13.489083005028698,15.299809809957399,12.102168997627802,5.415507226743691,4.102223586266811,-1.6612586143635801,-8.427572741128861,-11.791861882713402,-16.131694493671,-18.826711717586,-15.539434862894499,-16.3756916220001,-15.567199529441199,-18.2963082798606,-20.5559183286967,-18.2154197949466,-19.349883647450604,-17.8216358602956,-17.971951798596002,-17.3328467380051,-11.9871390204106,-11.3840212347032,-6.54215628140458,-9.46374058932473,-2.12720965533795
sub-0092,ses-01,run-06,pain,LOC,311,cue,5.163314502100469,9.03577495919342,8.750574984868459,7.8080977576866,4.82391094180394,11.145167447554199,9.08587037722059,19.4435354764887,24.775876485022103,27.880711343706697,33.3485729786822,33.2136800324865,35.0845099949513,37.4197356608219,31.428391940872196,32.1419408430357,30.473533543773698,34.1721893273146,29.2420988377396,25.817358804018802,23.607013232014104,13.1821008766149,16.1501294567273,8.34685275793888,0.860141833039874,8.889534013806859,1.2254258198461299,11.88821884645,-0.47174480296847604,-0.133240281672783,1.2147677897900702,-8.17350871355313,-19.9343194438798,-12.2733012967643,-7.2963854653838,-6.26949376669811,-2.90023775131482,-2.21352382007675,-1.08994811302468,0.8543897473072231,-3.8736379053668397,-8.29322490624575
sub-0092,ses-01,run-06,pain,LOC,312,cueH_stimH,23.675428383669896,14.1825069047508,1.33401881167949,5.6422074422176305,-4.774076506132269,-4.23646009321304,28.0942701904319,-7.64511726697065,-17.0296891484804,-23.0092851647047,-22.666708531283003,-9.25213500982901,-6.15215592879303,-4.98780018532009,-18.9554348419123,-2.8523655309144,-10.700704872311,12.9650002920276,-9.6303085134964,14.0512090274231,14.1609814074416,21.284843641820398,14.2603763544607,18.1808556607688,19.5200824056195,44.036411767241,7.2206280065179005,6.9903275740994095,-13.885779885003,-18.461277768916,-0.872724725094804,6.96908203150573,1.31093898051385,-18.3168901884643,-8.63298028576492,27.939639451903602,31.402634727949298,34.9344985869715,15.792143569292099,13.055389926766301,-1.38548626999804,-15.100085956009801
sub-0092,ses-01,run-06,pain,LOC,312,cueL_stimH,-33.4610557282451,-47.095413931107,-61.1385187940053,-46.527516459632,-49.7962000212138,-61.851356435793,-67.7461215662912,-51.8130997037918,-57.511722138657795,-48.8475737076826,-56.923928975218104,-85.2202902352753,-68.6267003783739,-45.5375856009227,-67.80374601769071,-18.8113967741725,20.9165197679764,3.5936490633485403,-3.57164766998012,37.5298808559396,1.25577351038582,47.582051862015604,11.819724243898401,12.368842589045501,20.1996085159509,13.2471538937397,10.149976741227599,11.360676109959499,3.3375572407519,11.7964860720369,24.087225888712002,14.984995190540099,7.83040361143616,17.236639662978497,-6.8645268418511,8.770735381980058,4.40736957787695,7.67432037547716,7.68668663960073,7.71135371707772,6.32277921125846,-4.75448881145532
sub-0092,ses-01,run-06,pain,LOC,312,cueH_stimM,-16.6965731337162,20.2077199190387,-0.74456828022339,-10.7364706943902,-23.5904640912431,-8.16268118364548,-21.1939774190605,-26.944404266697997,-21.8379721872891,-43.2459012786683,-6.69981561796603,-25.174406960981397,-24.240194040285,-7.09101997670337,10.982053786117802,12.4803853471344,6.5731026405917,22.131214000689603,4.59006995036425,13.5107811637396,0.0439747831023674,-6.27713584753934,-7.87997005449563,8.579931835588571,-5.833984668443179,-8.32750547377182,1.13636370351297,0.31928774693691103,-12.925728804172499,-9.625430113764029,3.4584418251114397,12.3073471546582,-15.095140438861101,-7.293178057888861,-7.643124115325331,0.21933304437588,3.60580161649392,7.11692805585475,4.9337971798985,-12.30103216308,12.2654895338484,-2.25579285268276
sub-0092,ses-01,run-06,pain,LOC,312,cueL_stimM,13.301167490165698,1.31239908408822,-2.12144892051756,7.1636174219194695,-12.9203398933918,-17.3499703622721,-21.0533830076928,-10.2538523616409,-35.856779654957705,-39.799546105630895,-26.7833494919526,5.1965790314127895,-28.252307764566602,-41.8895476293212,-14.385620646797399,7.89325441981801,4.913596669202019,-8.42537522638631,-12.447236606777,-35.0590015146513,-15.3182885136545,-3.18735121430533,-16.444207941918002,-31.4752561444164,-26.642238389146105,-30.473440453091502,-33.7182879666334,-37.4372458035463,-41.3409275643595,-34.113863764688894,-24.5694427756751,-45.550284616708204,-58.8081149762788,-42.2443443918134,-41.9782146605625,-37.847592207381894,-51.2673055015312,-33.195586282971895,-37.292146227456605,-53.2418188867529,-35.3417655076993,-35.3320527098734
sub-0092,ses-01,run-06,pain,LOC,312,cueH_stimL,-11.292679660401099,4.7411476902253895,-8.21831749430625,-24.067538164684,-7.07964295927436,-14.8775750779739,-10.0479848356827,-31.6516116022543,-30.720405142095604,-45.239152242360795,-23.5932618892961,-17.778095907479997,-44.005417129049796,-50.5406613239846,-31.7492998977526,-42.47865524822,-34.0109146331522,-23.744750536210198,-41.9859841454884,-17.217472696150697,-23.901687400675396,-21.217949673860602,-23.003077761254897,-18.5308661900804,-46.1593090515875,-51.7434062390016,-54.606353094057205,-62.78062749175321,-76.3013667162861,-69.3993840692777,-62.460208169827204,-53.8830134579165,-47.30285193766629,-35.86417364868971,-33.828585996964804,-27.766743975280498,-19.3761648169722,-25.7194883821552,-11.555640014687299,-33.1872903483414,-24.9818077836675,-11.778523323838598
sub-0092,ses-01,run-06,pain,LOC,312,cueL_stimL,16.3904532052837,5.63202753269711,-13.594788196384899,26.390882614222196,24.025414700345202,2.0677775641373404,-8.32057292106112,-5.10639148057666,2.05247062714199,-2.24761700578985,-2.49575235096777,-11.6682742789361,-21.5761680475242,-23.026446526904397,-23.437340360485603,-38.7397501599695,-12.825776182555302,-23.6218014512816,-35.1220203843183,-35.1436604242851,-37.5921840735368,-14.257502183337099,-5.8904108574484,-11.8238110767628,0.9350785948898921,-21.3409184799683,4.48950777756362,2.47012904606738,-0.325775148003012,-4.6157669238749,-14.814770464879599,8.25690018118476,1.03657041480976,3.7943511938491703,13.065754777620802,8.31351295937332,6.45196806936324,-10.9533797725444,-7.32525877506866,-0.29169201851453697,-5.039095305551349,14.7191376235634
sub-0092,ses-01,run-06,pain,LOC,312,rating,-6.36675125457095,0.4530696357154079,-9.11549355280795,-3.8840216626394906,-17.9893595055345,-11.0075958769132,-8.284072710627461,-10.9520370857172,-12.0530280304452,-7.653466765247769,-5.5478990964374,7.41965654601496,4.69822899093251,13.019646226430002,11.3470800652002,15.6783973370804,17.726989151003497,15.1356161821878,14.690468799040401,11.0987533916086,8.99435494520229,3.05433090271138,1.52129155334952,0.443517402225005,-8.30152805001272,-6.95132502232626,-9.14032443399061,0.859991638109419,0.471468880948969,-2.82959616333193,-0.384983601224256,4.21588009970281,-4.05018850057842,0.10010161167143801,4.08161369876247,7.810125659716849,4.3271195095407995,8.88529809964371,14.2722729022899,11.7374921451376,17.2568801550245,18.1022126646452
sub-0092,ses-01,run-06,pain,LOC,312,cue,-8.066075715518549,0.11759285408727,-5.2874412076182,-4.135254147132589,-10.260272390309801,-4.90486448942532,-3.32161123948771,-4.788421115748441,2.45592690880021,6.024663957803281,19.6249054633043,26.746643134376697,23.094118748076703,18.0412809930617,23.6120414041651,17.1929293966272,7.14967235868264,15.261139134834002,9.14424673615603,0.5728691570189139,-2.4710716517204703,-7.13234340225107,-2.6850990877228598,-16.2259517853485,-14.265928243771699,-3.91997483861347,-7.65131995832871,8.139590522942669,-10.9959682294419,1.84490789062376,6.58731985365388,8.637846757883139,0.40623471981272496,3.06403811642446,8.94156980088324,14.521768075223699,6.308954898916791,-5.9043719256869505,-1.8275644481654099,11.580521984700802,1.9451156077283702,1.74680104785177
sub-0092,ses-01,run-06,pain,LOC,317,cueH_stimH,-0.391264602454854,-5.528480842318761,-5.959488228179259,-2.6685604941657,-3.01287181717027,-6.8399865699674,-3.5734680627429105,-3.2810487949069,-11.4436617757149,-22.1667848136998,-19.1189045720982,-12.0223375801405,-10.271678968363402,-1.2110061381976298,2.3465396186467404,12.7262489892317,-4.77976470401456,-7.25720120592138,-7.777601343802071,-7.9516234110771595,-4.3838235436085204,-15.581373826685299,-4.28220601523663,5.58628857218112,4.55716929924415,-4.24736016765537,-5.60942371447458,-13.714088817643098,-17.870892924508702,-9.25024067450809,-8.123678310792661,2.07125792230475,4.7684791129670305,3.0926309801988703,2.1405241954444096,4.823349168804611,-0.5628637089219929,-16.9773864897577,-1.03593748358584,-23.7789356710222,-4.324264084691,-7.47300239628312
sub-0092,ses-01,run-06,pain,LOC,317,cueL_stimH,7.711897492852651,-3.15688894854223,-10.7615477123066,-11.557443197118301,-11.4111413480616,-8.54215748414313,-13.9221997588253,-19.0261714058337,-24.968921525770302,-32.9192182919319,-30.4182035893626,-35.63346521056221,-39.7707615356012,-31.121572564879,-22.954522574939,-17.2502162511923,-12.969082022437698,-17.5427549491427,-26.7228046385861,-6.40468722975688,-7.54086818389682,-0.451509557415285,3.65400637748415,-2.1832964449570103,5.08438428523389,12.0910021903615,-5.14664460950224,-12.929625372861599,-3.7242065777555,-8.52703597919891,3.8120563148329403,-1.44181568933438,-10.2529007899233,-4.184046477988439,-13.157841916698198,-4.39480793566163,-13.205995921214699,1.1530188225301898,-1.36784579964156,-3.90537672600311,-9.47356925000317,-7.84275409717754
sub-0092,ses-01,run-06,pain,LOC,317,cueH_stimM,1.2042168966178,10.527951956309801,-6.25450461503868,0.56282471935484,-14.237161450248498,-7.2859175208103295,-12.7403507180946,-13.2051426100578,-1.41221755086417,-0.169110822204338,0.351360438108219,-10.7868400959109,-8.41158338702264,-0.547824240100797,6.45133188269081,6.458604993388059,0.427768410209059,-1.10410666952991,-9.819402643910319,5.651810968578809,8.36377706982459,-0.19241700205092496,0.33228436467628303,-3.52416725752171,-2.4764998450821603,15.872470881719101,-0.9203630949240741,1.7195931175841002,3.6762493051603102,6.76290081125179,12.3035042113278,5.274590531178441,8.71048461374285,1.11261135650827,0.7447740647346669,-3.1362739288607,-2.28727646712807,-4.702558145839861,1.03145500042899,-8.19653154910499,8.69638700009891,-6.20943053335382
sub-0092,ses-01,run-06,pain,LOC,317,cueL_stimM,-1.70328658840356,-2.7299608676779004,-6.64226367903381,-8.04671268835367,-1.79586213816626,-5.73634036991185,-9.042378606239751,-9.69056016957513,-16.0641657018324,-16.1278265128478,-10.808639772937902,-5.91621085072144,-10.524386341905801,-5.42261151608109,-11.4389087000479,-12.7849614608336,-17.262576574025303,-8.763583578935679,-16.4219902167096,-13.229233663620699,-3.72615569062653,-24.9398123349822,-28.337992205375098,-24.218343300371497,-22.078114266162,-23.5566920341613,-13.0679978661462,-16.2029746090202,-10.0946586707629,-20.0142626906271,-18.630262250550803,-16.431854896243,-22.0544832789987,-22.0804569781077,-23.040961087771603,-18.3644534712748,-24.7794997740105,-15.480863201542599,-19.9659721070893,-21.851471328273302,-19.708719323056897,-19.066104696142897
sub-0092,ses-01,run-06,pain,LOC,317,cueH_stimL,-4.6056908472549996,-20.7699142211215,-17.993773773038303,-21.575504845451103,-16.1534423276976,-27.5242304155943,-25.5433478060115,-34.9354490189189,-36.2783776408516,-35.813637511223895,-25.8296576711272,-30.332214806649,-28.3292494178053,-16.3532448387477,-9.45259386653637,-2.94720950990897,-20.6863496907022,-14.6536375662218,-21.911466611877604,-14.984451653498,-21.8755489062368,-16.5226968925912,-37.0314348818261,-27.681308732655896,-29.6123792865942,-21.1935776240751,-34.314448666714604,-29.102945055474102,-49.802827283327,-39.5767274688134,-32.647043668202,-22.1864158333716,-25.1334106390598,-11.262393219109098,-18.250938969188002,-16.3641735846106,-7.8364690025178305,-17.297085820615802,-11.827623845137,-9.602325560853199,-4.184835628119131,-17.8962240410195
sub-0092,ses-01,run-06,pain,LOC,317,cueL_stimL,-6.215225277833611,-10.4055067254678,-3.46187794592212,3.74839362512933,-9.069612188240882,0.651507820122218,-4.69392716665255,-17.8253151930496,-5.265198857938679,-16.0706069267529,-19.499470297148896,-20.1082827651485,-23.663659132945103,-15.4756650731953,-23.2317126039118,-16.7139594697281,-28.2880320866212,-20.3024448428561,-25.6834780369704,-16.0695468812775,-15.257320747467698,-11.9831519660165,-5.622716672089009,-0.47485797869177104,1.98863870028354,2.21177120778606,-3.2374248447992597,-12.9095273684601,-15.0344883921415,-1.70708527233589,-3.34963552616624,-7.68532460330723,5.8574663126186595,-4.89541384281887,0.0160414126634986,3.1223821478637497,-7.26678313372918,-11.8067082272039,-8.37484448901869,-4.88768251881685,-4.23834896269026,0.9757983496877131
sub-0092,ses-01,run-06,pain,LOC,317,rating,0.6303862837666651,-0.938042569427829,-3.8011056169888997,-5.0319385516829005,-4.63546366554353,-5.05989614613269,-6.020907158911519,-3.49966498875825,-4.4608513781785994,-1.7117256727616499,-0.362852970671646,-0.8054688048357509,4.92721779605256,4.38842223377873,6.939435487715679,5.93821759206493,4.769949560503231,6.323692296915111,7.8617736612970495,6.3516177633313005,2.08999694275424,1.40606162726123,1.6220692761261397,-0.9106703805379001,-1.39508010645901,-1.19699301593797,-0.253338020718769,-0.9043012095950029,0.7353506486848541,0.35681021994091294,2.597004648377,3.9976476388736804,3.67196601712587,7.89484076701789,2.53369162142483,5.15217720318264,2.11748737834186,2.77178572783242,2.2286447217969303,9.12696376354,10.130998918390802,13.957318163568099
sub-0092,ses-01,run-06,pain,LOC,317,cue,-3.05991430402701,2.26648763420263,-2.34036033313662,-0.747438217005385,-6.46617724862319,-2.9003581301724903,-1.8979083448217198,0.395224639440325,0.425098289080021,8.90798097325091,11.450155154809899,10.524962426011902,11.227629408966902,12.995878870431198,14.8000751725387,12.2270882127919,9.62625836839582,4.23795427637723,2.36990786710777,2.4433050958605897,4.895053339610429,-0.33047988037097303,3.3918492146886803,1.55077082558546,-1.3917623484835802,4.1519054974838,1.02235172448597,8.10825547469937,5.26555115274253,5.74605986125525,3.0438833851595404,-5.07010854702823,-4.8641993322453,0.5592756589744761,1.3858080179654,0.906797678284653,0.294411881477154,-0.0396571811958271,-4.80438042625355,-5.8261182150596795,-7.19839111159715,-7.16556973866396
sub-0092,ses-01,run-06,pain,LOC,318,cueH_stimH,28.1325214458392,16.5250871207509,-2.7302049993518,14.886653274603699,-1.05397497243836,-12.249710256281901,3.35755542029752,-6.8082900114588405,-6.692270880546089,-28.8377576224334,-21.2686672415942,-15.470923400780698,-16.651538402228198,3.9799629756019597,17.7357997353748,0.491933665922799,-9.89303733323969,-3.6659439122931703,-14.8369778228569,-13.7811215142117,-10.4711027458893,-1.16280027932146,8.73582642010271,6.14560882009475,18.4233390419403,23.4102126302581,17.9355119163879,6.85326426588745,2.0459214935164196,-15.906230163127502,-0.941170333262773,2.24572414269965,-5.106688382729269,-1.3943165440831797,11.4591009078335,2.97688022351493,11.1771544710812,-6.399206199553849,-1.9975743218096202,-13.721433863564,-8.40784392622,-15.3494254155443
sub-0092,ses-01,run-06,pain,LOC,318,cueL_stimH,-3.7983105456822,-9.479697024135382,-3.19323196234698,0.258651855995003,-8.1882343696158,-26.9789817635417,-22.2485748414255,-7.189321626498571,-10.9033311371626,-17.3293732589245,-23.8723890751439,-32.4140260774442,-19.8835007178139,-23.7625503161892,-40.4821585851008,-9.3788572474373,5.752322451888991,7.576159323506559,4.27873661817539,13.5796013343387,12.4867316363922,39.9242764358168,29.3908754010879,36.763148013540004,28.001926086426202,30.2620405151384,34.5358842753865,29.9299722164133,33.6676673822823,22.3291447573817,39.1596194540192,21.3204961101098,10.667843045085,19.008327949119398,15.4159361584733,20.4085063193051,6.99290024135228,8.11987468972767,-4.65238727745408,4.65376301599593,-5.48553131896199,-0.24740933689216896
sub-0092,ses-01,run-06,pain,LOC,318,cueH_stimM,10.434761973967301,16.724823267771303,11.821568181250699,1.00826238551677,-8.575736449059711,-17.695674878238002,-31.2572718014081,-18.5992109907795,-12.4820107754722,-17.5566303209695,-15.010975429497302,-7.430639002815861,-6.81383996023444,22.699330339860897,8.14192315789091,6.96696892698622,8.51599626944674,8.088039484527942,6.28032707420554,7.5674999714456,2.64069650099167,2.67201182339212,-2.80096858790425,20.754392550262498,20.1297688912165,20.902341893071302,5.140424378066769,-4.38102421830311,15.046384987841599,6.69021640136359,8.3941310621183,3.7701327636982405,8.50016933482253,-0.243402580995745,2.7599741317370294,-4.73294806628932,-3.77768929968101,-0.15726919039500598,11.083773877765699,3.30846998650626,3.69523310133342,-2.43920817949728
sub-0092,ses-01,run-06,pain,LOC,318,cueL_stimM,15.6057830246843,10.2415422457064,3.7157187921217996,23.4908081802225,4.67391255608856,2.33828879546421,2.77790651449265,11.793556154264698,10.8509701651337,-23.041369259489603,2.05500172582865,1.84557816133737,-3.6283887349578396,-1.48814277738201,-1.3252705520898,19.582075784158302,9.702083472793609,-1.84173546336696,-9.11199041707304,-22.5237494276937,3.22223152181718,-7.42231479405022,-3.68656351352367,-3.93071538515528,2.16519376595671,-8.91523720911142,0.301324422046117,-5.05837620428196,-3.1813348449196295,-5.190718563173889,-7.73324170021342,-7.31775857463668,-9.48250730829291,-1.9910761022516499,2.68896255261695,-6.50857791779964,3.40603614126654,-3.43163254258105,-7.79882759894117,-12.1158643260308,-16.0192620614495,-9.94046755387012
sub-0092,ses-01,run-06,pain,LOC,318,cueH_stimL,-3.57727556752043,-6.45697217849841,3.01292004552003,10.8902665645268,1.39855661600387,-9.26539510142682,-19.8661461716958,-37.345879343371294,-24.762080994792104,-34.1373581093697,-16.495197878726,-19.662400803883,-25.529822163350897,-10.5616025382794,3.61876998157427,1.26887961476572,-11.023262906080001,5.74617419233616,-13.652567219179302,-3.4721548141455494,-26.2158868431676,-5.4088246567794505,-20.499054421894602,-0.9532108429184909,-15.3219981120609,-12.5107702889307,-26.220050179483298,-21.3071972856901,-24.1005713664458,-28.1110149023981,-22.975151502694203,-19.2300310612716,-8.01656151419358,-2.35937143337995,-3.3308450061720896,-3.99977470748088,-0.31407525712738504,-28.738095436160698,-4.426749295814321,-6.90465104717484,-1.32985381573701,-2.78624680499072
sub-0092,ses-01,run-06,pain,LOC,318,cueL_stimL,6.06113073293767,1.57370832313467,7.27582868506994,5.16271185704555,0.430353619437021,6.62597096211961,-11.5081196745856,-6.57622255327085,-4.66269813637248,-14.355211255464098,-1.3016295277146201,-7.301456744591111,-7.47279911527951,-14.3062066372691,-0.930374123765397,-10.454128088761301,-12.3752920861819,2.19635003532713,10.611992270357598,11.3771008957952,3.77765110947755,6.7471675330761505,-3.41370769452559,9.964317617326289,18.5503389046813,10.974961311905501,10.323171070528,3.65712940236522,5.93613619106558,-7.48308913869125,6.18078588775776,5.45846518159697,1.1877911678956699,-2.82354609595106,-5.811342718675769,-5.11801513208055,-10.0675668226714,4.10050545459539,-2.6281315169100297,3.52054027856768,-6.47307976281793,14.0744637996665
sub-0092,ses-01,run-06,pain,LOC,318,rating,-11.849981740473401,-12.61043085997,-15.1864092450708,-13.1450528005475,-17.1677987226962,-16.720021924615,-12.3959961861305,-8.264377491111551,-2.83203303697142,-4.950478478818701,5.200634605210451,3.4710271936904706,11.6931664776055,9.124948000175179,17.4055062948738,10.6640814582531,13.736303419621501,16.1442884364712,16.4027368599225,14.6508870229389,8.16021837727641,5.23973771020004,0.667481596340879,-6.70187823676632,-8.43238859184092,-9.944036408008749,-12.436716911457902,-10.0321689154797,-12.4398899584146,-7.06545117408773,-8.17324346600148,-11.9055507103126,-8.93241541523648,-3.9831218952569802,-4.43899833591734,-3.76018613713148,-8.17030769415809,1.4028737193379297,3.36282877266729,5.72073725232594,6.4106411406678605,0.9009670804896981
sub-0092,ses-01,run-06,pain,LOC,318,cue,4.34049020993489,-0.217647698676035,-1.20400797190674,2.11158971472469,-1.51332910026288,7.40603153182912,10.5967600112536,19.5316397709674,19.937023789340998,29.3837652631956,28.0025802778061,37.459878412749,34.212203831483194,41.4680074686297,32.233433793234894,30.8806832169984,23.83136328803,21.352288127571,22.7305871663887,18.6396858385515,13.4922211252738,8.29222517711165,8.80133254813074,4.22870792741324,8.12308432025527,5.78012687325028,11.889383734273501,12.29789712356,7.436826944359419,4.3093601232494,3.9974089144388394,-6.055988974009121,0.525538949805895,-2.61889176267606,11.456852666501801,13.529603101052599,5.45665502756968,10.668563342566301,8.07353023724063,7.42287544185315,9.84398410397671,3.16262755604074
sub-0092,ses-01,run-06,pain,LOC,3,cueH_stimH,2.32202432391969,10.565311199534,11.7683206098928,-3.9183770739544506,15.1922092626051,26.760414742192395,17.7076430051703,19.960765106672802,1.79630084534303,8.62210196053717,7.78294563642148,31.9226645957241,14.6215342624441,-3.0737568913266804,19.1019744821941,20.339630882102302,6.24832031233555,-37.236246635110604,-28.842963139932102,-28.483863411474104,-32.3000223922972,-14.2858216268539,-20.4869722034148,-10.191325729484,20.1093693891675,-3.7927597751532995,-1.41705292683107,1.9087456494644999,-5.10381654603375,-36.473873836017,-26.410778612034502,-17.190717962311698,-16.0018082380073,-2.0947607864135,-22.368058810440303,-20.8972264313546,-13.2907459015859,-10.2615012070146,-30.099540947082602,-38.852723885813205,-28.083227031610104,-23.391297413386997
sub-0092,ses-01,run-06,pain,LOC,3,cueL_stimH,45.5899855709062,33.3949027577163,47.7238293516049,24.3476356353347,18.7457527301365,25.0105295280091,28.868219620247398,29.1715226091923,8.74617718479901,14.067599888641,23.459577912750103,4.92912795528729,-10.652309784002199,-4.68595910073209,-13.4690342269215,-7.14306609134671,-5.56686992369734,-1.8302151806325,0.0708922149382403,-7.0125168611608695,-10.6771942362092,15.116920931210199,10.3862234764581,43.37743473740171,28.4855522402386,36.7592172176494,24.653493120792604,17.9739293984008,7.12999238706148,5.70576759335812,20.4990396819841,20.6349025109648,17.9314511182168,27.7033129111052,34.4774908547472,8.82816681663852,1.04363105401363,18.0062356345388,1.5567585650075502,9.46299330807507,6.44997651147858,10.9386229861309
sub-0092,ses-01,run-06,pain,LOC,3,cueH_stimM,1.93205899124122,-8.73557038284094,-26.3958855926224,-16.0228893105961,-7.92443729775079,-20.847321052221,-28.2824455114987,6.9783935971675,-5.67146949460842,11.9499508814697,16.792734581383602,5.922243882160441,-13.228563543002,4.05505360182236,-8.75795225711781,2.29952667026688,-19.325126587038103,-10.431077743040301,-0.9495944527993129,3.04178959676839,-21.827010871248802,-33.4623800667606,-26.334229727550397,-12.2810032912978,-8.2851892575119,-4.29187384982965,6.66536707513751,5.55852527270236,-4.4151973679317695,10.5707039742514,11.124159594005402,3.88480579247123,14.1971268703585,-7.8032530799970905,-0.690487305030114,12.4027425078705,-11.7028955995805,-9.14506179778833,8.35497953193504,9.19970181062455,-6.69996329683337,11.7560883309832
sub-0092,ses-01,run-06,pain,LOC,3,cueL_stimM,42.0932987743431,14.8154869944324,33.9820656871227,34.314880226556504,35.135654594612795,57.2310888616187,55.879943522607405,33.6606116122602,27.4358742843398,-1.3378946155803,20.7176324884355,23.0009758567277,14.6841892262266,16.8794088012787,39.4225207515211,47.1395313631431,37.1359004402179,18.080993636068897,12.6026568625735,14.997228781558302,15.3892083777206,-0.698446292102994,-8.67370417363274,9.77135319050416,-2.26306604206427,10.221582499844,11.4069293349822,31.073447746116198,15.8716323766404,12.402858069551,0.28796850419774606,3.9283670884130197,5.7782181882620405,10.457235527362199,15.4488823650582,29.5035639955332,14.883502452210902,19.569738026202,0.906620029716053,-1.47163333412964,11.3554216767379,17.7800267862392
sub-0092,ses-01,run-06,pain,LOC,3,cueH_stimL,-6.56228556508273,1.09730260205631,11.0575416239222,1.87352476688477,15.095324004028699,8.16066647057786,3.36724248499339,-23.3608569869169,-9.12396195687327,11.8526551727774,-0.8892040933203991,11.119017993300199,14.140345521207,-3.33350640896044,29.3831220560325,33.3801973155625,19.1021866165405,11.033246862777,1.6794849163042,34.22166462333,18.987527562068202,6.762097925655559,-3.5097774198777403,22.5026187229415,19.242558870292303,18.936391993173,18.0230301312836,11.705185677074098,8.95362261874903,8.535764465527741,-8.066092592241171,-2.12048746491859,-15.4071857652249,4.51547284480987,9.08518409506207,3.3926107849009504,4.73422433635785,23.7617456903145,11.279280721562701,5.5420588641287996,21.281921989579,9.80113168833548
sub-0092,ses-01,run-06,pain,LOC,3,cueL_stimL,-4.49033989880067,-0.9662585879431941,-22.8325511213179,16.289955609272802,-20.0584939381946,-20.5981532338658,8.24184514177211,21.767011570577196,-17.022471680645,-3.0970487525181496,-9.28668984886061,-23.836338188903,-22.8164952087638,-38.4205261428359,-46.78568636634439,-34.6593819756767,-32.7772200168959,-23.906921625932803,-53.0418346900034,-16.457526421756498,-23.0077327276127,-30.213282401876302,-10.4031570089299,-7.253136007917679,5.63304250061087,-3.53239561305619,-28.566086121791898,-11.029771193993799,-22.7666426925658,-22.1703353535355,6.16762393897442,-7.4283840310516,-8.39871650535105,13.5041314451867,-15.0215414911846,-35.49578842725771,-24.436423510887604,-11.2291866347052,-19.7415543274183,-2.60940858209758,0.44428591864223904,14.3077537815875
sub-0092,ses-01,run-06,pain,LOC,3,rating,-14.606992632511401,-13.8987981003598,-16.4970363573979,-22.930043699165303,-20.1362647397062,-16.8617507269177,-25.137163172265602,-14.170995474309098,-14.1511069787714,-17.774314685649898,-13.003174833069501,-9.055005229363882,-15.9990604858482,-8.04760226488546,-7.84858256731864,-5.964524432577879,-3.7752587129127098,-1.3316047145443402,-4.7880444817885195,-3.14220006448694,-1.49809241479825,-3.5771481478746003,-7.60733812815942,-5.67626835874066,-6.2628514675845,-11.5681952220969,-11.700044433795199,-5.27733191078695,-11.213625065581,-14.9840536482867,-13.275637970283698,-14.370697428452802,-18.0949475014358,-13.2131104353008,-15.4276844273511,-7.7754426627776505,-7.9785638419512805,-13.2796718662616,-12.3621844002474,-8.39548810814354,-0.30232961325192703,-4.64918728587843
sub-0092,ses-01,run-06,pain,LOC,3,cue,3.2325516423360403,7.8925440353018095,9.10667285106372,10.2723137628008,8.933929125295151,18.2336474515792,15.8661382686112,20.6211919576769,29.6764141823213,24.0396244032408,29.4809467637872,27.8124944043618,32.8386653593585,26.336632067171102,20.6112539513964,29.6905154670168,25.4091630156302,27.044691673372803,24.9735494932442,29.3804508096284,38.146506115113795,20.751041348573303,22.726069704358896,13.8783757449597,17.915830772834603,18.623550826878898,8.419426829392659,14.5934814219642,-0.0687582224358851,4.8823231376276395,2.60488236845901,-15.749702302751999,-16.0493576261776,-3.0370474854087104,-2.82303473028866,2.60288500751698,-11.6921861704161,-2.27168718934507,2.49716954532557,-7.78521986585496,-8.584813611288931,-10.819378529554601
sub-0092,ses-01,run-06,pain,LOC,4,cueH_stimH,-3.6572269685181005,5.02994265568086,-12.1162341085224,26.1727056741247,2.14981826382598,-13.4677374217478,-4.465938261267469,-20.2567894127417,8.36865643537228,-9.344963121307321,-21.494394163877804,-3.2892789484018703,-7.21427243593188,20.6012306845925,17.743318498117603,10.6844494038689,14.2887175544701,2.4507041562322303,1.71526631006324,12.079774464552901,23.508941453509003,4.789982792495491,20.311858141505102,8.31255543052256,13.954087708956802,15.5487332978872,0.32806481887405103,-12.818092294923598,0.0859331610814906,-4.20681440675114,5.45870283896676,15.8161070685212,0.669621868402931,-2.4196377550492203,-7.701554152392651,-0.100490631250484,-34.1926038705833,5.3735085553236,-9.17536069336774,-24.136675022715202,-22.977251160034598,-6.26558074011256
sub-0092,ses-01,run-06,pain,LOC,4,cueL_stimH,4.18328289230739,-1.00714554099052,-21.493170468580605,-11.2247831882847,-13.6258244794123,-11.0008226070834,-15.3707822899425,-0.418262254434724,-10.7298362629175,1.8318315433899799,-19.3037365645602,-5.881816357772549,-34.0572874986341,-12.310038131161498,-21.259585825857602,-8.46123072272589,-5.9990194665177095,-3.1286800287224197,-30.762381676781803,-32.5315473025252,-8.11623285418647,-10.2124131993251,-15.711201057423901,-25.157252714474396,-25.0813797084872,-9.22949956276805,-14.141718517017699,-31.6410489750943,-27.146429024306197,-5.88465055702008,-10.4390739206285,-9.07915974663584,-13.777895746000302,-19.577617152520002,-32.4593835936198,-25.430236132948497,-4.516308033600151,-24.115256566979898,-8.77118650155574,-4.70387478513572,11.405771570357699,8.40071945916648
sub-0092,ses-01,run-06,pain,LOC,4,cueH_stimM,7.60885738084253,-9.96524006844782,10.1973860487567,-7.215176443530769,-12.8689539088556,-8.4636317906635,3.28320600500511,18.0591305591463,11.925132346909,6.620519881846911,9.06505371736705,3.7612985166970403,2.4034857725511203,1.58902266053864,12.2528698733577,-4.392546486699191,5.417659661309,0.751303444156015,17.2435835592873,-9.78302976614587,-13.3702787281551,0.44525732939208,-14.367262182399699,-8.783881474470611,-14.041003091217501,-11.371989607102499,7.624745045485049,-1.4253071194656297,-17.4560066656841,-1.8256942355201102,12.9719005348136,4.77520042396515,-15.1812113238146,10.9741236239162,-16.793639181522998,-3.2114461695988195,-6.902191194349769,6.79923460341565,-3.88016776667824,14.5888235826542,4.764037074197001,-12.592089558654001
sub-0092,ses-01,run-06,pain,LOC,4,cueL_stimM,6.536566846526441,-6.719781610670201,29.9110324033009,3.43091695351785,0.849512763692147,7.49927083381057,6.97182988013806,16.8372069204435,11.992894937678098,-27.4930508119731,-9.22906054376816,-12.2914826641464,0.374902265669307,-15.446396051126198,19.4262138187407,31.884404424665497,-8.14187463360412,26.984374843695804,-25.1420849807178,-7.429183484953329,-9.75682204545227,-14.1393936680765,-16.8406365329775,-21.731717100662497,-5.28276916034459,-22.0092232592622,-6.51698653143189,-19.3858109006168,-16.53860986449,-23.497046453747203,-2.1514128171489797,-33.1818722364154,-0.6228097934380761,-27.953251601911102,-1.89171072746875,-41.0665033927117,-3.23363558929654,-13.639347873032902,-14.0310686020816,-19.189429936561197,3.6784628120162797,-20.9156955038546
sub-0092,ses-01,run-06,pain,LOC,4,cueH_stimL,12.7046336461957,13.587558138664999,-1.7427681666101997,11.1487298383515,7.43509455897095,-14.366249873696301,-4.40361703508297,-35.2630931744666,-25.4563069769565,-15.4876255194596,-2.4305040457155997,-34.5601878970585,18.318876966809302,2.31842191098508,17.3368285778656,1.60930685547828,-1.55224500145284,2.21367741014911,6.712653280101611,27.114793384774,-7.3516062419046,-11.1648866831153,1.29250554304336,-12.855886488345302,-2.5798523752324902,-21.4461064767463,-22.1663109912744,-24.029912918044,-40.6128029734461,-44.496677019943,-16.0403948341714,-25.3833999174149,-5.093385895101769,5.61521463398093,-9.414402546174411,-8.31441568138717,16.1725425631209,1.2675772192266201,5.809721720553559,-11.061379367553199,16.9213418630816,-5.73877902881473
sub-0092,ses-01,run-06,pain,LOC,4,cueL_stimL,3.56396907283745,14.603584833803898,3.7260414273710696,-15.0292345861099,-6.17182966576705,2.51975956141044,-4.583957131522821,0.801033840003371,19.6995654138945,-1.94362314789208,10.5562616019956,-7.076847683914419,-16.279219351329598,-19.9480836091332,-4.99670253412299,-13.953030281840999,-34.592378047035105,-11.007389803629902,4.89529804272874,-16.3083606728074,-10.939418306819197,-10.9404593755183,-12.6656664649217,8.97519624966737,3.00876956234049,-3.18710260874914,4.825729936274019,-15.528493698461402,-25.9948091801615,-11.5831246907638,-20.1803400153797,12.6426753516049,-7.144431478352259,-5.1435567950304595,0.9049636391039151,9.7668664022157,3.0041294964394396,-17.4406204274505,-1.07846893811582,-20.3804935891375,8.04445837456717,-13.7221756723466
sub-0092,ses-01,run-06,pain,LOC,4,rating,5.24028349169954,-5.903091972790049,-2.17296624271879,-8.066228539083319,-6.4805184373707405,1.22571465539016,1.8980195680748102,-6.38883790698076,-1.6649060474112702,2.03695809679885,2.95026307523817,9.07315829225584,5.630542812330379,20.4977001167815,14.7618659870707,10.112079871344301,18.221188882784702,11.1497780283408,19.1594027837507,18.5700335892002,8.67142274306444,2.44515594554369,6.11235073453562,-0.0994554185873398,-0.5456746281494079,4.2204813343215495,1.36275236454498,5.97570000074646,3.54176757831502,5.32964569443134,-5.2035389260691,3.66728595177894,2.6081331213618704,-0.19515759617037803,1.99083282888627,-1.6935443160485,-3.51905687446612,4.88155393824931,3.0311518127065895,1.6965833298081698,9.8357775078481,13.652760162551699
sub-0092,ses-01,run-06,pain,LOC,4,cue,7.024805630550821,0.288009229776718,3.9134532805627797,-6.377474944760291,-1.9530388096380702,-1.17985869205128,-3.55689103140664,5.339724209159559,5.97915875824224,4.01632696230097,2.3547021125472702,17.9345033280785,5.77321812078698,16.1414296515005,12.289418659495098,14.5164161189076,6.8965404239536205,5.652500664864941,4.02877142388938,6.3130532629122404,-0.140377779666082,1.94435970034015,3.3685097819242,-5.41899561586442,-2.7173857337863203,-3.96602900714445,6.681827661308709,9.991692601906019,10.872175633831901,7.09436503330523,-7.900246352139339,-3.65222051884806,-7.0386118205756505,-8.60215028158517,-4.4835293674278205,7.61103240702806,-3.9580221649487997,-0.0660635723322489,-4.96044741177626,-15.791628852250499,-12.839686326078999,-12.203900645776502
sub-0092,ses-01,run-06,pain,LOC,45,cueH_stimH,3.79049448231112,5.22166563588004,9.154040244733961,14.486688043339699,16.9980366031345,27.3481789588941,35.2219246282171,3.8995479104891495,14.7378149395048,-3.76491454673841,6.64631495884572,9.508514087376199,13.8096148720019,14.3983969553939,12.732079852418,11.510143508170302,2.26561608530568,0.511203857618154,-8.64243333171357,-10.8462086088045,-2.19769081786272,-1.42021145452904,1.99385851066401,5.75534055332143,26.607234309245502,9.498288444497529,2.93905373694261,6.25395322917935,-10.4708556471588,-23.2014615092456,-29.0863620620901,-19.284347789684603,-13.473942588185999,-6.872425755860469,-4.54971091361858,12.3384166159093,-2.37763380871036,-4.61238013592392,-6.30446375867378,-13.336494189972598,-9.86568797160932,-13.524936362957598
sub-0092,ses-01,run-06,pain,LOC,45,cueL_stimH,40.354760655075296,34.0843611142617,36.2353137559396,24.831511222117502,27.6557248756851,13.1297831098688,21.340821146828198,12.596287150682098,1.37877001106455,9.77228951287806,-7.59172673947934,-15.749288656473999,-21.0661063620962,-25.0557892716613,-22.5287924629702,-30.3366221288091,-25.1291812523102,-21.7446860435022,-22.6297709232273,-26.8409830311901,-15.5354257758869,18.264380965437397,5.52058856316304,16.718844638503,4.05415480760317,16.5664767851087,0.381230778289044,-4.960511145650769,8.31720799111277,1.75556583729071,7.814987245065829,-1.2039903890193502,-8.959647708056231,6.99500273438074,-9.346016496197329,-0.695778712083046,-10.3115291153434,-1.9298246747784702,-13.2361398705746,0.777594945657073,-9.740565483944499,-0.596018920196109
sub-0092,ses-01,run-06,pain,LOC,45,cueH_stimM,-5.95253961027978,-5.08150554044178,-11.6818442869366,-0.971750306491314,-1.06884289069204,-8.03329119710675,-12.8092737660729,-9.42663821455985,-0.33332116840198,7.584707617673219,-0.907468432353756,6.302874080612759,6.16939988659505,1.0390483828914001,-0.6694628959378189,-8.895593845017482,-2.00577802438821,-0.837513928415619,-0.825385978568379,-5.49023881193445,-18.8871197463792,-16.3877900158244,-13.6964114504926,-8.26773282127084,-5.396384454622741,-7.319490903527981,-4.5966657272402,-3.6336036407755,8.11821849548981,7.26499007904585,0.39370726800441497,4.40961546409016,-1.9410547456219198,-13.350039006193303,-12.431839333082198,1.6285285062832702,-3.86528258373667,6.41165359151501,-5.24666804346837,-0.7158047579203509,-0.0777208641475773,-10.7085977878868
sub-0092,ses-01,run-06,pain,LOC,45,cueL_stimM,30.0738569028404,18.1645168011212,24.8353679934198,37.3341458511046,22.577629635458603,30.678498468898002,27.3419787191779,27.014240283463696,30.4969307600634,11.562010904820198,19.5940181200375,18.3169803148821,17.371734422532597,25.9666232535488,33.2274572381178,30.3504533327152,27.7130361432509,21.841976333532802,5.05788899025278,1.03631246591416,11.082262705559002,-2.43438524691474,-10.1422932150615,-11.1550139653425,2.92494172618896,10.763925599089198,4.31595051960743,2.43077612410756,-0.0898265137746481,0.5547183125728481,0.8970077276983309,-7.0232064876318,-2.59931748227133,-6.79174004904902,-5.0631848082780095,4.006808951357931,0.5103529950723951,21.963579925448602,-0.207301038468422,3.0782613217766297,-4.0205518460917595,-2.05672122640907
sub-0092,ses-01,run-06,pain,LOC,45,cueH_stimL,5.5347024450112405,6.087591628293519,26.626124408333997,12.3974265158526,14.0578322301303,1.9803549467062802,4.34522612030454,1.8066843693938797,-0.049442372760897996,7.41068405546939,1.20333017937929,-2.7090134835987403,-8.1994772272869,-0.169324885004418,12.0436323201381,8.816911512604301,5.503239005691251,-1.06258434861526,3.3865928024519505,6.260964765405941,17.743789115903102,15.989416189691301,7.80407815645972,5.14374857850289,17.9153454020343,15.833668527448198,15.242874927662301,5.32401245895845,3.5871142964922593,-6.43087646137426,-15.669532720770302,-11.3626444019583,-20.3151202717937,-3.96342866209221,-10.314074275381401,-2.8143066767925204,-7.50850583696651,1.1209409953860099,-8.0453625031734,-2.01462946978676,-0.290258943266466,3.9229856608402995
sub-0092,ses-01,run-06,pain,LOC,45,cueL_stimL,-16.3087369044481,-5.75292936033496,-6.65904549217497,9.271971452587449,-8.76736286318404,-4.337515253160309,3.4664117840257402,-5.89638252172814,-9.22888461584644,-20.3162380524253,-11.4151238520977,-19.2352421699606,-30.1693078645192,-27.4559799415682,-34.4970719371075,-34.3352286609642,-32.8039541611493,-28.140410237315997,-30.699846076363002,-25.284528395833302,-29.612661427983998,-29.905843511880605,-14.7104416723102,-12.7506918705072,-2.11640528917362,7.3737384795579,-2.0531849022281103,4.008313906916,-1.17015744658278,-6.30975239924089,1.1783961591245902,-8.100332347345,-3.47514351730323,-10.550893244702,-7.86949806282736,-11.877979878587801,-17.7087945983585,-16.8417885065816,-24.516211877265896,-12.2444526089765,-17.3070625997434,-0.0976836967766861
sub-0092,ses-01,run-06,pain,LOC,45,rating,-8.15125205143257,-14.5000924351408,-17.364344001132697,-18.8706296900542,-18.755498447610304,-20.037875662994,-21.6171144080053,-16.2720629313155,-12.234650621043198,-9.237967062110641,-3.2876696359355004,-0.8858027308105141,-1.3437263225514298,1.4122523058132699,3.23979433819854,4.250184145760939,7.35433736082502,8.955637832562,5.31387317487553,7.1002378731521905,1.68642442726684,-0.721100694552192,-4.2362710531429,-7.96807276834033,-13.5287757326699,-12.8436356798154,-16.997090653369803,-13.2121009304325,-15.933916538131198,-17.5270876779007,-18.105902035325197,-20.7949449932567,-19.8594825525283,-18.3761986843623,-19.804195852176303,-18.431280476718896,-13.673761973252,-13.900321839207699,-11.5611257285566,-11.1791533142565,-9.09216279538826,-6.88106819819573
sub-0092,ses-01,run-06,pain,LOC,45,cue,5.1611133517586,8.39703298954673,7.50450870041455,15.398725439170699,13.4703036878472,20.4175764095237,22.1530212795375,28.7233434299045,31.325932597148,37.4611886420437,37.597533880136,37.3274508656485,38.6301039100629,40.7138926924369,35.1272578770722,32.462456597191,37.2122428909707,34.8434511304473,32.2128607858696,34.932934920398004,35.1377397200823,29.001004149861803,25.8793533839734,18.964293735984302,18.243587010951103,25.2258596981361,14.9952409638884,17.249056231708,13.1614140352039,8.470406893978929,5.66069188270182,-3.8383509353409906,-0.574467989890048,1.93756723399791,2.6493731223488997,2.60708328331277,1.99431793521285,4.65313142098905,-0.6895074424207189,-0.868506341584151,-1.0970896757033002,0.129384523394023
sub-0092,ses-01,run-06,pain,LOC,46,cueH_stimH,-5.036436389988951,-8.05287240494859,-9.33288890247526,-3.7386731880398303,-2.4834387372088997,-1.3861643964639199,-1.23050957763739,-16.159312081585,-17.7369680075496,-25.149407799373304,-12.2128031431055,-13.155203607644902,-5.124259422102741,22.5341609398006,21.4030595026273,9.716457794667571,22.8940259922513,7.907417217870929,-3.1622831311840405,15.9616606431076,9.96561096474832,4.58046248858336,8.8847778000752,1.07447553763299,13.5634197862413,17.6362206291459,-7.5635939785484805,-7.22311704850745,-6.568517187204501,-14.303717497083198,-7.45069065765136,-11.677792772009301,-8.760935433006741,-5.670070666238379,-7.93891836170542,2.2659671628385603,-20.3368715988936,-20.4302844577116,-18.514912013283897,-22.307474081231604,-15.053536410388999,-1.73050271698528
sub-0092,ses-01,run-06,pain,LOC,46,cueL_stimH,-14.9675441949596,-27.130021981898103,-12.986829813717199,-5.12374291907564,-24.4103341365343,-27.574308787684004,-25.292177577539803,-35.4060750308523,-30.9672719229392,-25.5459878790185,-30.803219840931398,-36.9202688156783,-45.3115028445513,-35.290003888071205,-36.3916733759474,-19.211022609931398,-24.2126059520401,-24.241163223066803,-22.420768159959003,-0.7281930112913578,-7.65091515271251,2.01251628410674,-24.9921140336272,-17.4797215899351,-15.325438806000099,-3.1025484066073297,-28.310138685409605,-23.0676465516472,-13.3312020056316,-17.879722942912604,-13.192698290171402,-11.2183725792116,-30.775345002330297,-25.3937597020433,-31.994396932122697,-25.9091691645945,-7.40433551258947,-15.124395667526699,-19.6925798460994,-14.9547871816011,-24.195307109436303,-0.0217071424773971
sub-0092,ses-01,run-06,pain,LOC,46,cueH_stimM,-7.04912951956376,-11.780973305685501,-12.7992474295146,-18.3340906023453,-19.80342003597,-21.916974332870897,-23.8354613024011,-25.0069693164152,-22.4747920062468,-4.66966864768551,-10.480650933498401,-8.60105779033856,2.6286324996246098,-1.53327490316497,0.512154004064554,6.2113900797785595,7.18514164130245,2.31888495740498,-3.5890026663483705,1.5751707611357701,-3.6120557940928797,-7.3720852693260195,-15.570547309330301,-9.30036083175652,-4.52054430688161,-4.09799003047611,-1.12790034183555,-4.8346980002650195,-10.731738748800401,-1.79190388869099,0.16607805051130897,-5.59279398841892,1.8212516386459698,-5.925880609153889,-3.1521588223654198,-12.402074680137801,-14.750402075112099,-9.5094512509834,6.72249606836191,0.780437876686182,8.46755958813582,-14.056598334965
sub-0092,ses-01,run-06,pain,LOC,46,cueL_stimM,0.800482755390576,14.3011801404799,6.4459747269982195,-3.9342449773531603,-0.112501329640495,-17.554231287158803,-1.00769625316058,6.460627492338519,-12.4710311477349,-15.6604272657039,-6.893310587840349,2.9182011051607994,1.3574177699888,-17.307260936614497,0.796723721789495,-2.99305733201923,-11.1356632983094,-14.335354603740198,-41.178625084364704,-34.6658579639585,-35.895523982186,-25.793884170492703,-26.0831975623944,-20.6650110887708,-28.5344433421059,-37.000465318714596,-32.747593088668395,-31.1904580920832,-38.8279751217299,-42.739999343078296,-40.9094758574724,-52.138618615278205,-53.8498051299765,-40.6159028126423,-36.48835181902,-37.6324194281288,-19.851994777102302,-22.362125247618497,-25.297545476948198,-29.639288455445104,-34.4630614014261,-33.1036875736425
sub-0092,ses-01,run-06,pain,LOC,46,cueH_stimL,-4.80246360643678,-7.581086688544789,-6.0672267592742095,0.471917173984899,-7.439515084886009,-15.3942549220402,-24.1965253997016,-24.128937453349298,-35.0658258144258,-30.044708935194397,-31.8547709225453,-36.017902513173496,-26.4298796380019,-17.071844479835597,-6.077325259349361,0.9886617446350799,-1.6279673977893898,-8.07353232508322,-9.104804129507151,-12.6660317093949,-15.4363284704065,-14.4950717517375,-26.2351904598033,-23.6162130620201,-33.3001917364028,-29.627313417912802,-39.4945703260499,-33.8563887075301,-33.0593803773431,-43.475963573861705,-35.0959846547521,-28.8626221075807,-27.055108409811,-23.355103481616997,-13.6139882018382,-18.0719323943915,-8.43268581745342,-21.8799193497722,-11.3921107020434,-14.0480758406762,-6.82149765912716,-7.08233729755023
sub-0092,ses-01,run-06,pain,LOC,46,cueL_stimL,-0.30491711380055603,-1.9560208089806699,-19.5007045071484,-8.165024260824321,-36.7233420451057,-34.584378802894896,-27.246446333312804,-32.9058526224067,-16.0043075005262,-32.0293363825144,-27.6672533998238,-18.6203009980936,-22.4936958250844,-15.4313027106899,-21.607286000507496,-20.8228668166775,-12.433567805463701,-21.091212456829,-22.4076405396449,-15.8234504887428,-15.185859490590902,-7.894684181141889,-15.059699863102699,-9.016275614925439,6.539128231355781,3.15270585957517,-0.0968342263650845,-10.1580106913219,-5.58567885419973,1.59975965003154,-4.5589416758784695,9.5391780816908,-1.38204326386222,9.98349701198642,-2.13041343848999,3.79547921501285,-8.454002498611539,-9.79062835794581,-14.415873848213101,-5.14304736544272,-13.7596302800227,-9.55681495109843
sub-0092,ses-01,run-06,pain,LOC,46,rating,-4.16908515065854,-0.8569884358734929,-4.01546094411998,-7.57233686045481,-10.574691166831801,-8.083279497474429,-7.62791095074337,-7.25847498831217,-3.8142809724169804,-4.23127913445046,0.43884594472580607,-0.39184575094557106,7.13164701606711,6.36051196033316,7.086681938970259,4.03333781112733,5.9619564109419,7.13282463567921,9.82056149308753,6.2871629760132,0.41662131412539205,0.920587809136828,-2.6631298827693195,-2.9685969751346097,-5.90394089076854,-5.148473804163809,-2.83191507369281,-0.4490234790972029,-2.44701804388248,-2.28737011726585,0.487719146807583,1.7337715762407198,-6.52391325099667,1.69757168675899,-1.55707743716393,-0.13774598689425901,0.00699992407553296,3.03852982689232,7.95824029763818,4.76581470206705,9.50318280056808,7.85426639428187
sub-0092,ses-01,run-06,pain,LOC,46,cue,3.5999974559468697,2.36094873911865,-0.14946657420984,0.526021121590293,-1.72187373636623,1.06580159643168,1.10826167614698,6.970927726509861,6.81700194037428,12.3163143941509,15.7580760367751,18.2575670617302,15.625985458696102,21.6352975740557,20.330747649589,15.653150203292,11.9299454034569,12.0230524740535,12.940586995950401,13.108196555361399,12.853534000693099,12.128160263866699,10.1127772651623,8.64036453651881,11.5689642749315,13.8699676650688,18.888678688573503,19.804827019591897,15.8227895637796,19.2548902952393,12.8642599395434,5.882286771497589,3.8427504500963505,-5.481269949231749,6.722808717133599,9.54598898214792,0.67369429396649,4.9199140541279105,1.8871529157313702,8.14299602185019,2.9385709621949907,-1.7056517703265
sub-0092,ses-03,run-01,pain,LOC,279,cueH_stimH,-16.4880867004395,-4.485387802124019,6.36216926574707,1.5587959289550801,-13.1078405380249,-21.4467086791992,9.17383193969727,-52.2113037109375,-38.19545364379879,-40.3313598632812,-12.7789402008057,-52.2834053039551,-8.21759605407715,-2.6632919311523398,-11.5769481658936,-13.4350147247314,-15.0389747619629,2.50976181030273,-6.399531364440921,-14.604698181152301,2.8335723876953103,-12.5624322891235,-10.7181701660156,-18.5891609191895,-21.230327606201197,-17.685405731201197,-35.4009971618652,-9.11035442352295,-28.303829193115202,-17.520622253418,-20.071891784668,-5.97217082977295,-30.729610443115202,-17.2999248504639,-31.1133117675781,-23.0911884307861,-40.2420654296875,-20.6014366149902,-29.906539916992198,-21.885179519653303,-5.6396160125732395,-21.4535732269287
sub-0092,ses-03,run-01,pain,LOC,279,cueL_stimH,-21.1365585327148,-23.157672882080103,-23.4759254455566,-12.7831268310547,-18.0705528259277,-17.930110931396502,-9.66922569274902,-18.1768360137939,-16.097579956054698,-0.569906234741211,-16.1954250335693,-0.0072278976440429705,11.599342346191401,27.7121753692627,0.966680526733398,1.05762672424316,1.82651138305664,0.16354084014892598,-13.539643287658699,3.70111179351807,-15.404336929321301,4.59110927581787,-15.1834564208984,-2.1264286041259797,0.5095205307006839,14.4868173599243,-1.39384460449219,23.0628852844238,2.30052947998047,3.82590103149414,-3.62750244140625,4.08236885070801,-3.0265007019043,-6.426753997802731,-2.38608455657959,-14.926422119140598,-3.8889198303222696,-16.6014747619629,6.44433784484863,-4.881591796875,-8.88629150390625,-13.6079559326172
sub-0092,ses-03,run-01,pain,LOC,279,cueH_stimM,8.93487930297852,-0.339470863342285,8.84741115570068,-2.16999912261963,-21.870243072509798,-12.7167358398438,-9.6089334487915,-9.69998168945312,-39.4143867492676,-11.080717086792,-39.364585876464794,-24.9168891906738,-35.804695129394496,-27.3255348205566,-16.7792530059814,-36.1047134399414,-8.5814905166626,-25.8591613769531,-22.2572021484375,-28.3513336181641,-20.102165222168,-15.219763755798303,-30.400520324707,-19.6329593658447,-20.7048091888428,-20.1606349945068,-25.7129688262939,-19.1173000335693,-26.063383102417003,-29.9762496948242,-15.4616708755493,-33.2449264526367,-7.51634407043457,-35.577919006347706,-10.202899932861301,-21.6423645019531,-27.759582519531197,-17.24560546875,-31.7812690734863,-17.2054710388184,-29.8759841918945,-17.4296875
sub-0092,ses-03,run-01,pain,LOC,279,cueL_stimM,1.5171957015991202,-3.30571460723877,17.044631958007802,-32.504837036132805,-28.191717147827102,-19.1628131866455,-31.4082202911377,-15.739727973938,-16.860736846923803,-6.1509914398193395,-11.533921241760302,16.1375522613525,6.66019058227539,1.81826210021973,-22.3124599456787,2.7485399246215803,-26.2715721130371,-37.2480010986328,-20.8974494934082,-31.0818138122559,-29.87477684021,-34.689163208007805,-22.4143562316895,-23.3234367370605,-36.606285095214794,-27.3723678588867,-29.9479656219482,-39.739906311035206,-24.9375305175781,-24.3786926269531,-6.92455291748047,-33.964675903320305,-19.3765773773193,-23.888822555542003,-17.995290756225604,-21.2182006835938,-19.943777084350604,-18.945421218872102,-12.1074314117432,-38.59840774536129,-17.1415710449219,-29.760192871093803
sub-0092,ses-03,run-01,pain,LOC,279,cueH_stimL,-7.897732734680179,-41.4685516357422,-19.0186176300049,-23.929244995117198,-34.9791870117188,-34.8299331665039,-41.95359420776371,-36.2323150634766,-54.794952392578104,-28.5789794921875,-49.1599349975586,-21.8971519470215,-25.2395668029785,-9.95616245269775,-0.44995975494384793,-11.8847141265869,0.6791839599609379,3.9830551147460898,9.34669780731201,-12.908087730407699,-10.226450920105,-27.133419036865202,-16.5333232879639,-26.7353839874268,-18.374490737915,-23.1674289703369,-6.174860000610349,-11.239513397216802,-3.7401084899902304,-19.048984527587898,-12.941436767578098,-22.8532600402832,-15.6562232971191,-14.557798385620101,-21.6290283203125,-16.682025909423803,-13.125518798828098,-8.5338134765625,-21.0503368377686,-21.0336990356445,-20.5229434967041,-12.0891399383545
sub-0092,ses-03,run-01,pain,LOC,279,cueL_stimL,38.813404083252,53.0456733703613,59.9624099731445,46.2828979492188,18.3863296508789,33.2779006958008,23.7660236358643,16.604515075683597,19.2188720703125,-36.929313659668004,-82.4204025268555,21.4312782287598,11.0371608734131,-23.3945503234863,-8.657472610473631,-17.8279857635498,5.15819358825684,-6.202753067016599,4.26282501220703,2.57424926757812,-2.16931247711182,8.941423416137699,1.86840438842773,4.69118309020996,2.5713119506835898,-8.72065544128418,4.83649444580078,-13.114025115966802,-3.4720420837402304,3.9192733764648398,-4.19776153564453,10.9296436309814,-6.69437217712402,8.062450408935549,3.48905563354492,4.9897403717041,19.8873977661133,2.60322189331055,18.3252029418945,1.36248970031738,11.369729995727502,11.1199865341187
sub-0092,ses-03,run-01,pain,LOC,279,rating,-5.356040954589839,-3.14821910858154,-8.192652702331541,-9.84001731872559,-12.5197277069092,-6.65221405029297,-7.3507390022277805,-9.68866062164307,-5.9908328056335405,-7.705919742584231,-3.67150926589966,-4.838586807250981,-0.31390380859375,-0.0420684814453125,-1.69834899902344,-4.18500518798828,-0.0510997772216797,-4.25940895080566,-1.01010179519653,-8.5881175994873,-11.4153833389282,-6.50223731994629,-20.1288223266602,-15.3315782546997,-13.967324256897,-15.626323699951199,-17.5188884735107,-11.7565584182739,-28.1030292510986,-29.3869571685791,-15.4211750030518,-10.516678810119599,-15.754444122314501,-9.95321369171143,-6.69891452789307,-11.3003787994385,-9.581480026245119,-14.565495491027802,-8.85964584350586,-9.3156623840332,-14.3137817382812,-2.7024989128112797
sub-0092,ses-03,run-01,pain,LOC,279,cue,5.885126113891599,1.40444374084473,-1.8012161254882801,5.179359436035161,-0.163482666015625,5.77874755859375,4.62010955810547,14.1616668701172,11.7519111633301,15.9391212463379,12.1920166015625,12.8020572662354,16.964403152465803,16.8537750244141,17.724628448486303,21.988601684570302,16.4933910369873,19.994487762451197,21.4231948852539,20.6429443359375,19.1497650146484,20.4462203979492,9.75606918334961,4.4111824035644505,2.3954486846923797,-10.183070182800302,1.2484016418457,-8.66199398040771,1.21873664855957,2.41293144226074,10.0104990005493,3.68360233306885,0.36276817321777294,1.3438138961791999,37.1535682678223,17.8016128540039,20.046550750732397,22.0738353729248,15.896319389343299,13.2707958221436,-3.7543373107910196,13.822328567504899
sub-0092,ses-03,run-01,pain,LOC,280,cueH_stimH,-9.076498031616211,-1.5093002319335902,7.38614845275879,8.89274787902832,-9.17168712615967,1.9141993522643999,-5.34882068634033,-7.5033283233642605,-18.7624816894531,-16.9722309112549,-14.703989982605,-5.474337577819821,-0.9628262519836429,0.740766525268555,-10.0575275421143,-7.0003662109375,-10.5538673400879,-6.50939083099365,-11.7258558273315,-2.71951675415039,-11.1775255203247,-15.5755090713501,-13.0255575180054,-11.273927688598599,-15.4611282348633,-22.451461791992198,-23.9187088012695,-31.322395324707,-23.2937088012695,-27.8142166137695,-17.287425994873,-19.7805862426758,-19.060375213623,-21.4040832519531,-11.728528976440401,-20.2523803710938,-14.271968841552699,-11.2749195098877,-21.3045539855957,-9.35202407836914,-19.3279132843018,-6.51595020294189
sub-0092,ses-03,run-01,pain,LOC,280,cueL_stimH,-8.773135185241701,-12.215808868408198,-14.3471527099609,-8.69165992736816,-19.6434555053711,-13.535136222839402,-15.790393829345698,-23.179931640625,-8.62442970275879,-8.966572761535641,2.57630157470703,-11.5934200286865,-10.686594009399402,-10.612191200256301,-20.213520050048803,-1.96783447265625,-0.8748149871826171,-7.060673713684079,5.87711906433105,13.2672023773193,10.5515899658203,12.913825988769501,13.7242965698242,-1.45010757446289,13.387269973754899,1.43438243865967,9.23971939086914,2.8684902191162096,-2.8426551818847696,-3.00519561767578,-2.76628684997559,4.593231201171879,-7.33547210693359,-17.8688793182373,-7.8096208572387695,-12.955864906311,-6.89129638671875,-9.9571590423584,-1.8469467163085902,-15.0201568603516,5.6991462707519505,-3.27230834960938
sub-0092,ses-03,run-01,pain,LOC,280,cueH_stimM,-3.09658813476562,0.10991668701171901,-5.00719976425171,-12.7056722640991,-26.396068572998,-28.8730850219727,-32.6359519958496,-32.9322853088379,-20.908678054809602,-15.5373630523682,-24.145528793335,-30.7975120544434,-25.312292098999,-23.591381072998,-27.887229919433604,-14.784423828125,-22.2834205627441,-22.329978942871104,-28.754718780517603,-23.794160842895497,-26.5410652160645,-23.927932739257802,-31.8025951385498,-27.1548748016357,-29.535232543945302,-16.2136192321777,-31.2357883453369,-31.7974529266357,-45.76982116699221,-42.178295135498,-41.521980285644496,-34.884044647216804,-44.9528617858887,-49.9484329223633,-45.4115333557129,-32.633636474609396,-39.5458831787109,-41.6054840087891,-24.530630111694304,-37.3016586303711,-32.6627731323242,-34.254913330078104
sub-0092,ses-03,run-01,pain,LOC,280,cueL_stimM,-22.7755317687988,8.19163608551025,-2.93280029296875,-42.9253692626953,-29.5276393890381,-33.1756820678711,-18.7617588043213,-19.230190277099602,-8.28798294067383,-8.7639627456665,-1.92183542251587,-5.20510244369507,-1.54571342468262,-22.6170845031738,-27.487770080566396,-21.040845870971697,-38.7433090209961,-58.9417877197266,-41.861644744873,-37.7250213623047,-45.9044532775879,-39.696479797363295,-49.8619995117188,-48.680637359619105,-45.109489440918,-45.057559967040994,-48.7329635620117,-57.968048095703104,-40.0677032470703,-30.242132186889602,-38.6462631225586,-26.2736301422119,-29.9869060516357,-35.0204925537109,-34.2318687438965,-23.941535949707,-30.4202995300293,-19.338848114013697,-37.181709289550795,-32.7312355041504,-36.2384643554688,-29.0541839599609
sub-0092,ses-03,run-01,pain,LOC,280,cueH_stimL,-37.0621337890625,-26.8894958496094,-25.010404586792003,-32.189754486084,-21.5984420776367,-23.695913314819304,-33.6948089599609,-40.833179473877,-38.270683288574205,-35.970451354980504,-25.3285083770752,-9.777092933654789,-11.1409139633179,-5.18429851531982,-6.28477334976196,9.869147300720211,-10.8776950836182,-1.58136177062988,0.7496242523193359,2.8689861297607404,-4.43180847167969,-9.21747970581055,-21.8469543457031,-6.80665397644043,-17.504674911499,-11.5765476226807,-15.882043838501,-13.4092063903809,-16.9245433807373,-11.8159685134888,-21.784538269043,-15.1834716796875,-17.6792621612549,-18.2483139038086,-4.54774475097656,-11.641658782959,-6.57527160644531,-13.902610778808599,-5.31895065307617,-11.335918426513699,-12.7844390869141,-3.17742109298706
sub-0092,ses-03,run-01,pain,LOC,280,cueL_stimL,25.0896396636963,26.2092170715332,24.448806762695302,22.7758865356445,-24.2155227661133,0.194253444671631,-15.096794128417999,-22.977891921997102,-16.5856761932373,-70.9888153076172,-58.520301818847706,-21.3009948730469,-38.3607635498047,-41.8245849609375,-64.868049621582,-48.0111083984375,-44.7600288391113,-46.1071357727051,-35.5537605285645,-18.314744949340803,-5.629672050476071,-25.3619651794434,-30.978307723999,-19.554220199585,-30.6214790344238,-26.219369888305696,-14.020715713501,-12.9294700622559,-9.149763107299801,-17.6909675598145,2.04260730743408,-10.3138790130615,7.342303276062009,2.54611206054688,-8.628429412841799,10.5802268981934,-1.55543518066406,22.194238662719698,6.8261203765869105,15.0526924133301,13.321387290954599,13.8023843765259
sub-0092,ses-03,run-01,pain,LOC,280,rating,3.88811111450195,-2.0415019989013703,-3.78513050079346,-3.9675245285034197,-5.03991937637329,0.6928377151489261,0.6206345558166501,7.012372016906741,11.0883073806763,14.812949180603,20.841262817382802,22.6559734344482,25.7089195251465,25.6350288391113,23.692138671875,21.997131347656197,23.4522590637207,19.944105148315398,16.5072612762451,10.806093215942399,8.629467964172362,1.33024168014526,-1.3983623981475801,-1.28149890899658,2.4114997386932404,-3.47174739837646,2.1666784286499,-2.2120966911315896,-12.951525688171401,-7.82975006103516,-1.0396018028259302,2.53026676177979,-0.0531158447265625,4.02890682220459,-0.139262676239014,1.31816101074219,-2.9004020690918,-4.28765964508057,-9.014018058776859,-6.043315887451169,-3.093918800354,-6.9131975173950195
sub-0092,ses-03,run-01,pain,LOC,280,cue,3.66679191589355,0.500434875488281,4.08629608154297,5.61296844482422,4.015655517578121,5.23432159423828,12.4562835693359,16.2024631500244,23.4949836730957,23.902364730835,24.6266975402832,27.344202041626,21.600511550903303,22.6849708557129,17.7902297973633,18.169874191284197,16.9891395568848,21.647289276123,17.6995849609375,15.953880310058599,8.97329711914062,4.32194519042969,-2.90867233276367,0.22725486755371102,-7.881710052490231,-9.089555740356449,-2.11435317993164,-1.0286655426025402,7.44690799713135,4.69962501525879,3.21774959564209,7.56905364990234,-5.76083850860596,9.82111930847168,15.507007598877001,12.288959503173801,13.5049333572388,7.7628645896911594,9.45257568359375,3.2484521865844704,0.0387134552001953,3.2037329673767103
sub-0092,ses-03,run-01,pain,LOC,281,cueH_stimH,-8.0531702041626,19.7818069458008,24.3511276245117,31.505830764770497,4.86827278137207,11.025083541870101,-4.54162883758545,-10.1745281219482,-18.359920501709002,4.526001930236821,-8.26576709747314,-28.3465385437012,-25.2988662719727,-20.7046337127686,-23.9692039489746,-36.790641784668004,-35.487998962402294,-28.7480621337891,-38.3560791015625,-26.9458389282227,-28.6146392822266,-45.0184936523438,-36.6754112243652,-50.0619583129883,-49.1548080444336,-39.7046508789062,-36.5395660400391,-40.4828643798828,-37.8866729736328,-42.8400421142578,-37.9044952392578,-28.2883472442627,-36.2168121337891,-35.1221771240234,-34.747116088867195,-25.030771255493196,-14.7947101593018,-9.95154762268066,-18.716796875,-2.6600093841552703,-13.1021175384521,-24.745981216430696
sub-0092,ses-03,run-01,pain,LOC,281,cueL_stimH,-14.1438856124878,-15.904682159423801,-9.81853485107422,-4.9531135559082005,-2.91275024414062,-4.26679229736328,-2.57561111450195,-1.01063251495361,2.31093454360962,12.927703857421902,1.3614220619201698,-1.75520896911621,-14.1964750289917,-17.8341159820557,-52.4963912963867,-35.2342071533203,-41.674873352050795,-53.028835296630895,-49.023323059082,-46.83589172363279,-33.002166748046896,-42.0545196533203,-25.937747955322298,-11.9114437103271,-15.0669832229614,-23.9319686889648,-10.664039611816401,-8.48997116088867,-5.0289134979248,-21.670944213867198,-8.3037166595459,-11.0947179794312,-29.7298641204834,-32.349945068359396,-24.989994049072298,-26.2737007141113,-18.524761199951197,-17.1106910705566,-15.2267589569092,-30.409357070922898,-10.954475402832001,-20.136344909668
sub-0092,ses-03,run-01,pain,LOC,281,cueH_stimM,9.70112419128418,1.2783021926879898,-0.911020696163177,-0.71717095375061,-16.3531932830811,-5.80152368545532,0.3659036159515379,-8.14578056335449,-19.9693603515625,3.79044914245605,-5.08987808227539,-6.656750679016111,-18.879201889038104,-4.775635719299321,-16.3896598815918,1.11592864990234,-16.1141109466553,-23.9068279266357,-7.96370363235474,-16.1941413879395,-29.2616310119629,-26.1789398193359,-41.402915954589794,-37.962776184081996,-16.457220077514602,-27.5139236450195,-15.887819290161099,-24.771474838256804,-19.8048210144043,-29.636583328247102,-30.118431091308604,-21.900014877319304,-21.3311805725098,-35.3761100769043,-43.6730422973633,-23.0740699768066,-42.0340423583984,-29.6429138183594,-11.308164596557601,-33.811092376709,-26.7242450714111,-35.4974136352539
sub-0092,ses-03,run-01,pain,LOC,281,cueL_stimM,-5.55503797531128,-19.3446044921875,12.8582229614258,-35.166229248046896,-36.6630096435547,-50.2344245910645,-24.718994140625,-38.7137680053711,-5.15551376342773,-8.86047744750977,-12.7166051864624,-26.7600212097168,-22.790569305419897,-21.6656475067139,-9.200785636901859,-24.4999923706055,-29.716190338134798,-55.0714302062988,-51.919162750244105,-50.35498046875,-60.7352294921875,-46.257740020752,-56.860111236572294,-69.84396362304689,-73.5368347167969,-70.6310501098633,-56.6972885131836,-55.7314262390137,-47.645843505859396,-35.5645179748535,-53.230110168457,-44.3939208984375,-39.442008972168004,-36.4375114440918,-26.3055267333984,-25.715232849121104,-24.166006088256804,-21.2828407287598,-25.7043571472168,-32.7526626586914,-32.406681060791,-25.6684722900391
sub-0092,ses-03,run-01,pain,LOC,281,cueH_stimL,-17.2501430511475,-27.890928268432603,-31.0583000183105,-18.37721824646,-20.86057472229,-18.0368919372559,-32.515926361084,-27.2473201751709,-28.301454544067397,-23.093568801879897,-12.4126625061035,-24.565509796142603,-26.277385711669897,-15.7735958099365,-36.9798927307129,-15.0983333587646,-24.694866180419897,-16.1111679077148,-44.2386131286621,-58.833465576171896,-54.967498779296896,-61.198211669921896,-53.09236145019529,-56.658729553222706,-58.1846771240234,-60.888545989990206,-42.478889465331996,-47.456851959228494,-29.9349060058594,-47.502323150634794,-47.5762519836426,-50.4735260009766,-36.5438575744629,-25.484434127807603,-29.5223331451416,-48.382484436035206,-31.0809020996094,-29.984573364257802,-17.9981842041016,-8.66793632507324,-17.346471786499,-38.393157958984396
sub-0092,ses-03,run-01,pain,LOC,281,cueL_stimL,74.048210144043,72.2932815551758,59.947338104248,67.06222534179689,56.9528312683105,57.7618217468262,34.0406112670898,14.806957244872999,24.3683166503906,-14.752420425415002,-117.855644226074,-19.8404712677002,-39.1291275024414,-22.5349044799805,-24.8253517150879,-19.6381435394287,-11.4294652938843,-24.452491760253896,-10.3256702423096,-1.06831836700439,0.114528656005859,6.8232936859130895,-4.3201732635498,1.3910617828369098,-3.8836870193481405,-24.827867507934602,-9.12787818908691,-10.424690246582001,-1.30979061126709,-0.951197624206543,12.054179191589402,-2.26668357849121,5.44775295257568,-3.2507781982421897,12.973228454589801,8.88150787353516,10.3762969970703,20.621568679809602,13.466188430786099,27.2248001098633,20.943546295165998,20.032058715820302
sub-0092,ses-03,run-01,pain,LOC,281,rating,-4.99755096435547,-14.6538953781128,-16.3752937316895,-22.0896644592285,-26.6245803833008,-14.627038002014197,-20.1384258270264,-13.168697357177699,-9.685121536254881,-18.085985183715803,-14.2420654296875,-9.17766761779785,-5.984943389892581,-4.51394271850586,-9.692626953125,-8.66756057739258,-8.43130302429199,-12.613468170166,-7.2123508453369105,-14.8457765579224,-15.4125375747681,-13.8401165008545,-15.6105871200562,-16.6574020385742,-17.759700775146502,-23.0444412231445,-19.3116130828857,-13.257293701171902,-28.9151096343994,-36.176296234130895,-25.136474609375,-23.493412017822298,-18.6894264221191,-19.982738494873,-10.476449966430698,-25.0654983520508,-26.9747257232666,-23.1122970581055,-26.1353187561035,-25.0140075683594,-26.759078979492198,-24.6563034057617
sub-0092,ses-03,run-01,pain,LOC,281,cue,6.82283973693848,-0.43897628784179704,3.93301773071289,10.493839263916,11.0091552734375,11.4499454498291,20.7690582275391,30.7424125671387,41.4044609069824,39.233573913574205,37.4412078857422,36.1444702148438,39.0899810791016,39.2693328857422,38.1606216430664,36.0851554870605,38.7802391052246,37.8453598022461,36.874237060546896,32.8689346313477,25.193283081054698,22.9769973754883,13.2143211364746,2.91751098632812,-7.474773406982419,-7.98982715606689,-5.70774507522583,-3.54427528381348,-6.34210872650146,0.736728668212891,7.30162239074707,-6.36376714706421,-22.4674644470215,-18.911809921264602,17.615215301513697,6.278619766235349,9.61245822906494,-2.9487230777740496,-2.65572738647461,-4.0865182876586905,-9.429403305053711,-7.9291706085205105
sub-0092,ses-03,run-01,pain,LOC,282,cueH_stimH,9.33627700805664,-5.5180759429931605,25.3925380706787,5.81452751159668,2.70702004432678,-8.76686859130859,12.828409194946301,-12.796400070190401,-16.8841171264648,-14.2253637313843,2.6284370422363303,-16.5469665527344,-9.31480693817139,-12.5762157440186,-6.336246490478519,0.272684097290039,9.666608810424801,-5.6254415512085,2.2418546676635698,0.598091125488281,9.78244400024414,-19.537860870361303,-3.76699542999268,1.5632095336914098,-14.663969039917,1.1414279937744098,-14.2897605895996,7.621526718139651,-24.0684471130371,2.5189876556396498,-25.6077537536621,-3.3173179626464804,-23.2173728942871,-9.02519607543945,-11.4861907958984,9.02531433105469,-19.576238632202102,-11.4644298553467,-18.5245742797852,-20.1120700836182,-4.01075172424316,-26.2803649902344
sub-0092,ses-03,run-01,pain,LOC,282,cueL_stimH,-2.07707118988037,-10.7694244384766,-4.560157775878911,-6.01104545593262,-10.4371337890625,-8.9964542388916,9.38827323913574,-13.519287109375,-14.4139909744263,-12.168724060058599,14.457890510559098,21.355159759521502,3.28477573394775,3.61463665962219,-31.622703552246104,4.9811954498291,-19.3603439331055,-10.8201103210449,-13.290287971496598,7.72005224227905,-4.60085868835449,3.3069009780883802,-6.10182857513428,-2.42524528503418,-6.67962455749512,-19.478319168090803,-17.526575088501,-1.1799240112304699,-16.413921356201197,-10.9651412963867,-11.3501033782959,9.75502014160156,-8.18161010742188,-8.29122161865234,-0.77846622467041,-14.6806125640869,1.48309707641602,-3.37429809570312,-16.1712112426758,-9.47373962402344,-2.28422927856445,0.36810302734375
sub-0092,ses-03,run-01,pain,LOC,282,cueH_stimM,2.06299304962158,9.019144058227539,0.910657823085785,7.4805002212524405,-16.6639366149902,-3.68717622756958,-14.436258316039998,-25.785093307495103,-22.0715217590332,-12.8320140838623,-36.8955078125,-7.062594413757321,-33.3798027038574,-29.8010139465332,-4.301397323608399,-28.1101131439209,-11.1949243545532,-43.13764953613279,-17.9465179443359,-44.996795654296896,-3.34701919555664,-27.354812622070302,-26.959495544433604,-26.1179027557373,-34.039577484130895,-21.7235488891602,-32.3100624084473,-39.9270477294922,-31.522155761718803,-40.273918151855504,-38.0026435852051,-55.314327239990206,-34.7779006958008,-33.1245956420898,-27.0419769287109,-57.9814376831055,-63.93505859375,-30.669548034668,-38.6689910888672,-29.8512020111084,-51.7366256713867,-22.2162551879883
sub-0092,ses-03,run-01,pain,LOC,282,cueL_stimM,0.820354461669922,3.2565631866455096,4.256126403808589,-25.1847610473633,-32.0850448608398,-14.418251037597699,-22.5927810668945,-29.380558013916,-13.064751625061,14.786436080932601,-12.435953140258801,9.29934597015381,-23.2009620666504,1.06624984741211,-39.54286575317379,-42.353752136230504,-43.673679351806605,-62.11640930175779,-25.8112964630127,-53.592254638671896,-36.6724967956543,-51.72538757324221,-43.9624366760254,-42.3723907470703,-51.85481262207029,-46.618068695068395,-52.741546630859396,-55.241138458252,-40.6822967529297,-36.3837890625,-46.101776123046896,-37.5687294006348,-38.0101776123047,-31.631286621093803,-36.109611511230504,-36.5511054992676,-33.43701171875,-31.7739944458008,-22.145044326782198,-47.3841705322266,-40.254936218261705,-41.7827758789062
sub-0092,ses-03,run-01,pain,LOC,282,cueH_stimL,10.5160493850708,-25.434392929077102,-0.0865983963012695,13.110057830810499,0.717988014221191,-5.7937536239624,-3.30166625976562,-2.51587820053101,-21.102708816528303,-11.3048419952393,-31.5323791503906,23.8768520355225,-5.21271705627441,15.5323429107666,20.622200012207,15.154040336608901,9.085592269897461,8.90330696105957,22.412132263183604,2.1518001556396498,19.5824947357178,-17.956630706787102,3.25312423706055,-1.04795837402344,-6.355169296264651,-7.6783351898193395,9.51437950134277,3.57864379882812,4.846107482910161,-5.01314640045166,-0.519966125488281,3.4815101623535196,-0.858062744140625,-14.1870803833008,9.98970031738281,10.4603271484375,-2.93112182617188,3.8975448608398398,-0.7787322998046879,1.9735221862793002,-2.37956047058105,-4.79376077651978
sub-0092,ses-03,run-01,pain,LOC,282,cueL_stimL,-0.6095781326293951,18.969219207763697,22.3601245880127,16.113628387451197,-16.3941745758057,2.3657994270324703,0.586182117462158,-21.246753692627,-8.72343444824219,-66.8616943359375,-69.2991256713867,-57.860504150390604,-61.151424407959006,-68.0342636108398,-68.56362915039061,-54.1552886962891,-44.7278518676758,-38.0232582092285,-31.865352630615202,-13.6183815002441,-44.9129219055176,-48.2604637145996,-52.7746658325195,-32.602790832519496,-52.3759155273438,-39.7117805480957,-23.5222282409668,-47.86982727050779,-28.4346485137939,-25.4047546386719,-41.697639465331996,-11.7759342193604,-21.2739295959473,-29.3694801330566,-21.031297683715803,-33.399627685546896,1.31236267089844,-12.529075622558599,6.412227630615231,-13.6969451904297,-0.0537214279174805,-3.94222688674927
sub-0092,ses-03,run-01,pain,LOC,282,rating,2.23371696472168,-2.0455436706543,4.18886852264404,-6.81784439086914,-4.10103988647461,-4.64257669448853,-0.49474310874939004,-3.55236601829529,9.99757671356201,3.87324333190918,8.53901863098145,2.9594745635986297,7.669574737548831,3.46984100341797,5.875518798828121,-1.7143630981445301,3.26510238647461,-1.03567504882812,2.0558099746704097,1.51935923099518,-2.8526558876037598,2.1953575611114498,-6.98145294189453,-2.07270359992981,-2.36021518707275,4.0581350326538095,1.4714279174804699,-2.06747579574585,-6.8390216827392605,-10.2976837158203,-0.0744080543518066,-0.354494094848633,-3.3944664001464804,9.39474487304688,1.08572006225586,2.8538575172424303,-4.56519222259521,-7.13578128814697,-3.52498817443848,-0.986130714416504,-12.632287979126,0.8799211382865909
sub-0092,ses-03,run-01,pain,LOC,282,cue,-4.40979194641113,-7.9813117980957005,3.9661922454833998,12.6422882080078,-7.314327239990231,0.297069549560547,-2.08721160888672,9.68025970458984,-4.421531677246089,6.55690765380859,2.8339557647705096,9.65200042724609,0.708705902099609,2.98342895507812,-1.17940902709961,2.8624820709228502,-0.394454956054688,14.009151458740199,5.07823181152344,8.94406127929688,0.42279052734375,3.14374542236328,4.57311248779297,3.39104270935059,3.86635780334473,-8.96426010131836,0.9075717926025391,-5.6741828918457005,7.63512516021729,10.3529510498047,1.12319374084473,2.63449001312256,-6.45273590087891,16.0158843994141,16.787542343139602,11.274332046508801,22.0877952575684,8.97109413146973,13.7902088165283,-4.27891445159912,-11.2489109039307,0.667781829833984
sub-0092,ses-03,run-01,pain,LOC,313,cueH_stimH,-20.091911315918,-25.184425354003896,2.28503894805908,-1.93474006652832,-17.8117656707764,-11.707294464111301,3.9439859390258802,-12.4051733016968,-22.25368309021,-32.365325927734396,-5.54920101165771,-30.5671901702881,-25.7737331390381,-14.3650760650635,-29.941190719604503,-29.282344818115202,-28.5296955108643,-27.6616477966309,-29.2189788818359,-15.3322238922119,-21.2763786315918,-27.0151176452637,-24.7061195373535,-41.6938629150391,-45.6778564453125,-46.4626579284668,-48.443450927734396,-34.026092529296896,-42.658416748046896,-38.256072998046896,-32.961639404296896,-32.277008056640604,-46.884002685546896,-35.028087615966804,-33.094539642334,-19.138217926025398,-31.8625545501709,-21.5595703125,-6.60803413391113,-15.273519515991199,-25.2288799285889,-12.4916572570801
sub-0092,ses-03,run-01,pain,LOC,313,cueL_stimH,-0.159299850463867,-8.17939758300781,-4.1353645324707005,-13.166786193847699,-3.6179428100585898,5.05721855163574,6.4850358963012695,1.18868637084961,-6.18334865570068,7.95711421966553,2.46115112304688,3.6545352935791002,11.168333053588901,-11.8726119995117,-12.2475299835205,-26.0992584228516,-13.320021629333501,-28.815673828125,-28.4740390777588,-22.5456600189209,-32.939216613769496,-18.185382843017603,-35.717254638671896,-15.4098243713379,-19.851852416992198,-10.851602554321301,-18.909065246582,-9.92409706115723,-5.6775827407836905,-12.9398899078369,-3.76444816589355,-4.234807968139649,-23.4179344177246,-38.9295883178711,-31.2651290893555,-26.029781341552702,-8.953001022338869,-6.71669006347656,-11.7330932617188,-13.723106384277301,-14.1672897338867,-15.566673278808599
sub-0092,ses-03,run-01,pain,LOC,313,cueH_stimM,-4.75622701644897,-7.31558704376221,-14.202960014343299,-20.3339519500732,-21.2129764556885,-22.7522850036621,-27.8392677307129,-21.8361701965332,-28.3297119140625,-12.262193679809599,-12.8126211166382,-23.688278198242198,-23.279737472534197,-11.9006443023682,-16.804271697998,-16.9689140319824,-20.7924842834473,-25.337726593017603,-13.9928035736084,-22.0042915344238,-32.5039482116699,-31.109842300415,-34.8218154907227,-24.9242973327637,-28.1601905822754,-20.425678253173803,-27.5779914855957,-37.873863220214794,-30.887523651123,-43.04032897949221,-23.313486099243196,-37.316558837890604,-26.0078067779541,-28.5275955200195,-31.8019905090332,-25.1493453979492,-29.55810546875,-22.7171936035156,-32.2033081054688,-32.812614440918004,-38.3298950195312,-26.1310844421387
sub-0092,ses-03,run-01,pain,LOC,313,cueL_stimM,6.990192413330081,5.343116760253911,0.7127838134765621,-22.1955261230469,-20.8660297393799,-17.974033355712898,-18.725025177002,-19.287418365478498,-10.054223060607901,-1.26378345489502,-14.9068784713745,-6.1615161895752,-10.0326042175293,-14.499125480651902,-20.125957489013697,-34.237472534179695,-16.057933807373,-49.1579055786133,-46.5085601806641,-52.6279373168945,-41.3512115478516,-31.343566894531197,-39.1534461975098,-36.675407409668004,-59.0262565612793,-57.1758804321289,-63.555538177490206,-50.9245185852051,-45.9858551025391,-31.536373138427702,-35.7083511352539,-37.9103889465332,-30.4076747894287,-32.153148651123,-29.8120555877686,-19.7606296539307,-22.5119953155518,-21.3549747467041,-16.1884841918945,-29.4960823059082,-11.521842956542999,-25.3856201171875
sub-0092,ses-03,run-01,pain,LOC,313,cueH_stimL,-19.9569625854492,-29.2328186035156,-14.997826576232901,-19.431598663330103,-16.133373260498,-18.628498077392603,-19.9835224151611,-43.829586029052706,-28.6544876098633,-20.4703254699707,-38.1259422302246,-20.883531570434602,-23.988182067871104,-12.7654571533203,-31.884929656982397,-14.608201026916499,-21.381727218627898,-15.248973846435499,-4.60916805267334,-17.9693298339844,-17.4302673339844,-21.5865173339844,-29.689954757690398,-32.039852142334,-31.839542388916,-37.22267532348629,-31.150087356567397,-40.320518493652294,-24.030786514282198,-33.409416198730504,-29.4323387145996,-26.173109054565398,-31.4395904541016,-20.2488403320312,-23.6086044311523,-20.6294555664062,-26.511276245117198,-7.91556549072266,-9.62331390380859,-2.0155220031738303,-15.131233215332001,-6.79561567306519
sub-0092,ses-03,run-01,pain,LOC,313,cueL_stimL,35.827217102050795,45.313449859619105,40.2090644836426,40.167961120605504,18.1215896606445,14.2424030303955,11.346616744995101,-6.69571399688721,5.61147212982178,-13.0944480895996,-111.23899078369101,-1.7727684974670401,-3.2681655883789102,-15.9601802825928,-39.134246826171896,-19.6651210784912,-27.010578155517603,-33.582160949706996,-31.6589336395264,-31.614366531372102,-30.7283363342285,-23.9784317016602,-13.939075469970698,-8.93088531494141,-6.657475471496579,-17.6007251739502,-16.7330932617188,-18.5732707977295,-7.45949745178223,-9.98311138153076,-17.2991905212402,2.38149833679199,-5.20453071594238,14.314781188964801,8.54189109802246,9.19888973236084,14.5369338989258,27.432550430297898,8.940446853637699,16.6921005249023,11.0184965133667,16.3046760559082
sub-0092,ses-03,run-01,pain,LOC,313,rating,-10.142372131347699,-12.4752140045166,-17.789775848388697,-19.1855392456055,-14.5822505950928,-10.6079702377319,-11.2119626998901,-10.792859077453599,-9.10889530181885,-2.5406527519226096,-0.18761706352233898,2.6290645599365203,6.184123992919919,2.7047500610351602,2.1859130859375,-3.26194381713867,1.74987602233887,-3.7792739868164102,-3.5551099777221697,-7.50901794433594,-10.7174253463745,-11.0753164291382,-16.8865756988525,-10.8803968429565,-13.3392066955566,-13.2681188583374,-13.919756889343299,-11.7375640869141,-26.2013206481934,-28.959405899047898,-9.02542495727539,-9.65131950378418,-15.5004081726074,-10.2011852264404,-9.55569362640381,-12.5646066665649,-11.337185859680199,-13.2149143218994,-13.8988609313965,-13.904070854187,-12.904581069946301,-11.495218276977502
sub-0092,ses-03,run-01,pain,LOC,313,cue,0.24593734741210896,-2.6866474151611297,-2.6396255493164102,1.54536437988281,3.32485961914062,7.6456794738769505,18.207077026367198,30.5145282745361,29.933740615844698,30.4203987121582,27.173278808593803,31.861209869384798,29.575687408447298,26.7991828918457,25.1492862701416,21.9668312072754,20.076976776123,22.4951019287109,20.1709213256836,19.7912826538086,16.0912170410156,18.3160400390625,13.5756301879883,4.4765682220459,0.542245864868164,-6.688787460327151,-3.38698625564575,-4.31320762634277,2.88683128356934,-0.50007438659668,-4.4190206527710005,-0.826737403869629,1.48333358764648,-10.132284164428699,19.6441478729248,7.9686450958252,4.000474929809569,-1.87850093841553,6.289215087890621,-1.54224228858948,-10.077537536621099,0.490234851837158
sub-0092,ses-03,run-01,pain,LOC,314,cueH_stimH,-10.9672412872314,-0.805751800537109,1.15426826477051,0.827226638793945,-25.671878814697298,-4.2942972183227495,-4.7052316665649405,4.99853134155273,-26.5657272338867,-6.837756156921389,-7.757794380187991,0.30036294460296603,10.386232376098599,22.9134540557861,17.7087383270264,6.111270904541019,6.27519130706787,25.3730545043945,8.62132358551025,30.7710800170898,18.172784805297898,11.919769287109402,13.470932960510302,27.302833557128896,20.021640777587898,11.878517150878901,9.92673206329346,-14.1462726593018,5.475308418273929,-3.2646808624267596,-7.6450519561767605,-9.31277656555176,-2.27298164367676,-4.47527122497559,8.27048683166504,5.87009620666504,2.6756649017333998,6.11587142944336,12.662557601928699,10.3869132995605,-4.48431587219238,23.417194366455103
sub-0092,ses-03,run-01,pain,LOC,314,cueL_stimH,-22.409362792968803,-10.977558135986301,-20.5840454101562,-7.40230941772461,-21.1874771118164,-16.0428466796875,-14.7330780029297,-7.661799430847171,-9.56924247741699,-20.1063327789307,1.03484630584717,-0.0104331970214844,-7.95524549484253,-19.0035285949707,-25.7632179260254,-15.911471366882301,-30.6753997802734,-24.6410598754883,-26.996139526367198,-34.0418014526367,-30.1154899597168,-18.6399841308594,-32.244903564453104,-1.46680068969727,2.0926094055175803,13.6037244796753,12.9373683929443,30.8691596984863,-3.10568809509277,-2.89326667785645,6.91767120361328,0.585659027099609,-12.3463802337646,-9.19919300079346,-2.77470016479492,15.089797019958501,4.27698040008545,7.88817024230957,-12.333683013916,0.872875213623047,8.98171615600586,0.396774291992188
sub-0092,ses-03,run-01,pain,LOC,314,cueH_stimM,-4.03575849533081,17.122295379638697,0.00887666642665863,10.8492918014526,13.1955156326294,2.8664493560791002,-9.05550479888916,4.110040664672851,3.47477531433105,-13.4845504760742,-21.620845794677702,-4.26879692077637,-37.043006896972706,-27.1292152404785,-2.21390151977539,14.3424844741821,1.75009536743164,-9.85183525085449,-3.22455501556396,6.85406494140625,34.046558380127,6.12900447845459,4.87503242492676,12.8319644927979,-2.43584251403809,16.4748458862305,-17.10378074646,-0.98228645324707,4.21677589416504,-19.6747875213623,-12.974011421203599,-9.9294548034668,-20.772970199585,-24.2642612457275,0.472049713134766,-14.6781005859375,0.68145751953125,-16.1905517578125,-6.274532318115231,-10.5479259490967,0.35778045654296897,-3.6705207824707
sub-0092,ses-03,run-01,pain,LOC,314,cueL_stimM,3.7262611389160196,3.5567789077758802,-8.22398376464844,-57.9008865356445,-41.160675048828104,-25.1647300720215,-16.609300613403303,-24.1151428222656,-11.826414108276401,5.796307563781741,2.98668575286865,-12.001129150390598,11.999524116516099,-24.6834983825684,-12.240242004394501,-28.4259223937988,-31.975648880004897,-46.0206642150879,-37.954494476318395,-37.5128784179688,-21.2258682250977,-25.063034057617198,-35.4124755859375,-38.871788024902294,-18.8528938293457,-36.7172737121582,-24.8441314697266,-35.088249206543004,-13.9922676086426,-4.43965148925781,-16.1959075927734,-13.890401840210002,-19.2742805480957,-23.476465225219698,-8.84354782104492,-9.25306797027588,-23.0078239440918,-0.683492660522461,-19.8345737457275,-14.5885581970215,-35.1968994140625,-0.692626953125
sub-0092,ses-03,run-01,pain,LOC,314,cueH_stimL,-12.4692325592041,-4.15454864501953,-24.629192352294897,-11.684582710266099,-2.20398330688477,-23.3015403747559,-21.276388168335,-22.220573425293,-25.5376815795898,-33.347686767578104,-29.640810012817397,-24.258472442627,6.09114837646484,16.030878067016598,-8.22755432128906,21.857063293457,19.2043151855469,16.3037128448486,47.67082214355471,32.897190093994105,25.4528541564941,34.6664810180664,9.809877395629881,20.2199420928955,25.1473236083984,15.0488433837891,-2.38766860961914,2.36963844299316,-10.3915758132935,-1.9469413757324199,-13.7832517623901,3.9548978805542006,-0.000379562377929688,-14.0791664123535,7.9745597839355495,2.30632781982422,6.42182922363281,-4.40637588500977,7.65553283691406,15.1475925445557,-6.83044242858887,-8.53341579437256
sub-0092,ses-03,run-01,pain,LOC,314,cueL_stimL,29.824560165405302,28.3498153686523,14.767071723938,41.828098297119105,-35.065052032470696,3.78579425811768,11.1150436401367,-10.444763183593802,-15.074213981628402,-37.2696571350098,-43.456127166748,2.07420086860657,-3.90953779220581,-12.95325756073,-36.198638916015604,-21.017368316650398,-13.7466888427734,2.00067043304443,5.09957504272461,-1.16299915313721,7.265682220458981,-8.77492046356201,8.14206123352051,-1.39028549194336,15.2846145629883,14.5847320556641,5.98586654663086,-0.263418197631836,9.2224063873291,8.16880893707275,11.317458152771001,14.9058303833008,22.648986816406197,13.1913108825684,3.46382522583008,13.3855695724487,16.3429107666016,23.6063804626465,25.181577682495103,21.9145679473877,26.616258621215803,23.984197616577102
sub-0092,ses-03,run-01,pain,LOC,314,rating,-1.82820987701416,-4.78708839416504,-4.1419095993042,-7.42525672912598,-5.081448078155519,-0.132812023162842,2.2924346923828103,3.65908718109131,2.73817205429077,7.4963679313659695,11.0710134506226,16.625535964965803,13.211200714111301,12.3847503662109,14.1177825927734,14.541332244872999,11.3856563568115,8.68183040618896,9.88132286071777,8.717906951904299,13.2388401031494,6.78404760360718,4.98945951461792,1.3096821308136002,4.875038146972661,7.244067192077639,5.72738122940063,-2.89680099487305,-4.97258949279785,-5.141454696655269,3.7491452693939196,6.62565612792969,6.18806457519531,4.18848276138306,7.9579939842224094,4.18802928924561,-3.09820508956909,2.2922582626342796,-1.0551357269287098,-6.225267887115481,-3.2138648033142103,-12.362961769103999
sub-0092,ses-03,run-01,pain,LOC,314,cue,7.333797454833981,4.26353073120117,11.664012908935499,12.846832275390598,9.885986328125,6.2490139007568395,18.119586944580103,17.0270576477051,16.8205585479736,16.2023601531982,17.8229598999023,13.989105224609402,14.722774505615199,16.465721130371097,14.305685043334998,11.0541133880615,20.4934024810791,12.778995513916,19.6523361206055,13.1448287963867,5.17170715332031,4.924522399902339,4.40066146850586,3.4700336456298797,-5.10789680480957,0.737438201904297,-6.3831582069397,-7.58813762664795,17.2510375976562,5.3909273147583,9.36115455627441,10.0551767349243,12.0043420791626,19.347467422485398,31.4184970855713,28.7015075683594,14.602027893066401,11.877649307251,19.688117980957,15.987674713134801,-5.55124568939209,-1.4198975563049299
sub-0092,ses-03,run-01,pain,LOC,311,cueH_stimH,-32.0548667907715,-38.0463104248047,-21.531131744384798,-18.974166870117198,-37.4346694946289,-32.303577423095696,-38.9835166931152,-36.1863288879395,-29.871641159057603,-23.6170349121094,-35.1980590820312,-45.7307624816895,-12.190916061401401,2.24110221862793,-20.015209197998,-13.5546779632568,-16.1654357910156,-8.69708633422852,-18.0520992279053,-21.8355445861816,-14.7542715072632,-23.672977447509798,-2.0065460205078103,-15.6007881164551,-24.408931732177702,-26.8215255737305,-16.3490943908691,-30.6365776062012,-29.179054260253896,-28.057960510253896,-23.671974182128896,-24.162452697753896,-11.5956773757935,-20.4395599365234,-22.7219676971436,-18.5269565582275,-16.3163356781006,-9.2747917175293,-13.3629589080811,-8.90239334106445,-6.77694129943848,-5.72763729095459
sub-0092,ses-03,run-01,pain,LOC,311,cueL_stimH,0.923065185546875,-10.3221588134766,-13.4197540283203,-10.0561256408691,-20.455978393554698,-9.21504974365234,-11.882049560546902,-18.6115188598633,-13.118448257446301,-21.9117050170898,-17.329734802246097,-14.791698455810499,-39.4125328063965,-30.4562664031982,-43.3493499755859,-48.963737487793,-34.6796531677246,-44.46162414550779,-54.413402557373,-27.107629776001,-33.0677642822266,-25.516344070434602,-23.5484504699707,-4.4116353988647505,10.7743330001831,9.23943328857422,2.25066757202148,22.114055633544897,13.774110794067399,9.50543594360352,6.8418674468994105,12.817808151245101,3.42445182800293,-15.5694093704224,-10.6603870391846,-3.27871799468994,2.96955680847168,6.642353057861331,5.68982124328613,6.607036590576169,0.9855880737304691,14.7449188232422
sub-0092,ses-03,run-01,pain,LOC,311,cueH_stimM,16.617900848388697,7.232487678527829,-8.77686023712158,-22.5277938842773,-25.216928482055696,-30.5713768005371,-47.797767639160206,-48.5450592041016,-62.518096923828104,-40.979434967041,-44.6920013427734,-43.0095062255859,-59.8752784729004,-31.0279388427734,-31.0479431152344,-23.3391609191895,-18.337177276611303,-22.4258155822754,-30.6722946166992,-28.2973937988281,-30.906560897827102,-27.110309600830103,-25.7157382965088,-28.698074340820302,-26.771875381469698,-17.079002380371097,-20.3594131469727,-23.3533725738525,-23.4824600219727,-21.181076049804698,-17.2354888916016,-27.547527313232397,-13.6469573974609,-36.7876205444336,-20.0600852966309,-33.2675094604492,-21.3730163574219,-15.1023712158203,-33.396476745605504,-31.856824874877898,-44.185245513915994,-25.0017280578613
sub-0092,ses-03,run-01,pain,LOC,311,cueL_stimM,-14.4937381744385,-29.6312274932861,-13.7027130126953,-70.15780639648439,-60.74531555175779,-52.0669097900391,-35.176750183105504,-28.5415954589844,-18.865932464599602,-32.7422294616699,-37.9049110412598,-28.443336486816396,-10.4231739044189,-22.4122428894043,-26.683557510376,-22.261837005615202,-17.7305221557617,-63.8239822387695,-38.889087677002,-52.91838073730471,-52.3471488952637,-56.2447395324707,-51.9677505493164,-62.5570945739746,-59.1351432800293,-68.3970947265625,-54.0638427734375,-62.4831390380859,-53.9226188659668,-50.3696212768555,-49.2695388793945,-53.470985412597706,-39.95432662963871,-44.130035400390604,-36.2367401123047,-27.984510421752898,-18.264690399169897,-18.822677612304698,-25.170129776001,-21.7395896911621,-36.681999206543004,-20.6280212402344
sub-0092,ses-03,run-01,pain,LOC,311,cueH_stimL,-20.3471527099609,-24.5172901153564,-19.9727783203125,-17.977382659912102,-24.4375534057617,-36.4822235107422,-50.7854156494141,-43.578819274902294,-43.3582344055176,-28.562927246093803,-31.8567676544189,-18.8310108184814,-15.451151847839402,-6.67048835754395,-4.32729816436768,-10.671283721923801,-11.254901885986301,-0.322080612182617,9.52705192565918,3.99875354766846,-11.4596910476685,-23.740333557128896,-23.0667572021484,-27.8428173065186,-20.2879199981689,-17.254156112670902,-12.3171825408936,-24.141765594482397,-17.518871307373,-25.791671752929698,-22.731815338134798,-19.1955738067627,-29.0062637329102,-20.6923770904541,-12.1392402648926,-21.0112533569336,-8.293701171875,-15.577404022216802,-16.5017604827881,-18.8953590393066,-3.0795249938964804,-15.5140113830566
sub-0092,ses-03,run-01,pain,LOC,311,cueL_stimL,23.486703872680696,36.844024658203104,30.7658843994141,29.013048171997102,13.288132667541499,6.659924983978269,8.85359477996826,0.552084922790527,-4.56410598754883,-33.0348892211914,-173.70373535156202,-31.240848541259798,-51.6269340515137,-42.6658973693848,-58.6692504882812,-35.981986999511705,-43.0711441040039,-54.2544441223145,-49.1739273071289,-28.2903099060059,-4.88041210174561,-11.9580516815186,-18.214679718017603,-11.541257858276401,-6.28769874572754,-5.05243682861328,-0.637739181518555,-22.875652313232397,-19.7580070495605,-4.46866798400879,-4.7593088150024405,2.32469749450684,7.90757656097412,8.364870071411131,-4.54116630554199,-2.63098526000977,13.3000640869141,11.662096023559599,18.676837921142603,9.98589992523193,23.1612339019775,21.4189777374268
sub-0092,ses-03,run-01,pain,LOC,311,rating,-0.898115158081055,-4.69762516021729,-5.30566596984863,-2.8101806640625,-1.2146992683410602,2.75886297225952,3.20186495780945,3.97778058052063,7.972924709320071,10.132529258728,15.874147415161099,19.365255355835,24.1078948974609,24.9004058837891,21.823303222656197,25.881420135498,30.5374240875244,26.991601943969698,22.3514976501465,18.355289459228498,12.175403594970698,11.6506948471069,10.1260070800781,3.50046181678772,3.64955425262451,4.18809795379639,0.46665048599243203,7.47204875946045,-9.7858943939209,-14.3297901153564,1.2165732383728,5.684826850891111,2.3691463470458998,5.63138246536255,7.75441408157349,1.72943735122681,7.76360988616943,2.59354448318481,6.93029975891113,-2.3376827239990203,-4.68880033493042,-4.30951166152954
sub-0092,ses-03,run-01,pain,LOC,311,cue,7.4822883605957005,0.9624786376953121,8.70271682739258,9.57057189941406,5.771728515625,11.1186943054199,13.534767150878901,18.5311870574951,23.127046585082997,20.722484588623,27.7467041015625,21.6420021057129,23.311391830444304,22.209552764892603,22.8463439941406,22.732286453247102,17.745815277099602,20.5581741333008,21.124626159668,13.5487594604492,16.648681640625,9.71661376953125,-0.0651206970214844,-0.83580207824707,-3.27980995178223,-3.98444652557373,0.0654973983764648,2.8443489074707,13.518735885620101,15.299584388732901,15.8742618560791,17.6105899810791,6.8791828155517605,13.7037105560303,54.75297546386721,33.6580581665039,38.9904022216797,26.7785377502441,25.235984802246104,12.8453369140625,8.675426483154299,13.105228424072301
sub-0092,ses-03,run-01,pain,LOC,312,cueH_stimH,-20.5701007843018,-33.8845367431641,-23.6900100708008,-8.32985210418701,-29.052860260009798,-36.125923156738295,-33.8819808959961,-20.2804203033447,-49.33305358886721,-29.811405181884798,-36.7485504150391,-50.6980094909668,-17.9774780273438,10.616756439209,-1.18327713012695,-1.26541900634766,16.3772792816162,2.9526386260986297,12.044132232666,27.552312850952102,45.379058837890604,15.0855884552002,13.3653383255005,42.3533935546875,17.709896087646502,4.894630432128911,7.96696662902832,-9.21137619018555,2.46721076965332,-5.7581291198730495,8.36369514465332,-3.37214279174805,13.757799148559599,-9.62311553955078,10.894500732421902,19.5669574737549,12.2421627044678,-2.9207706451416002,-8.697437286376951,2.4025726318359397,-20.1024379730225,-7.51633071899414
sub-0092,ses-03,run-01,pain,LOC,312,cueL_stimH,-5.62264251708984,-4.626319885253911,-22.022991180419897,-13.6661128997803,-18.0317001342773,-36.1111831665039,-32.5995483398438,-10.3627586364746,-27.4769096374512,-46.5933952331543,-9.37947082519531,-8.676149368286131,-24.4233589172363,-1.54717445373535,5.3879489898681605,4.1240348815917995,5.4302282333374,-20.6022911071777,-4.83310461044312,0.13873004913330098,-5.80645656585693,-11.880592346191401,21.598976135253896,63.752567291259794,48.8583564758301,43.380043029785206,50.932220458984396,73.0822372436523,57.5925521850586,34.5833892822266,29.184368133544897,35.1246871948242,36.1827163696289,14.194828033447301,30.503967285156197,34.4610748291016,20.3156108856201,16.2677955627441,14.8807849884033,23.017135620117198,25.6291847229004,36.2171783447266
sub-0092,ses-03,run-01,pain,LOC,312,cueH_stimM,31.2603931427002,15.1384592056274,11.6381196975708,9.63225269317627,-3.9402265548706095,-18.9076309204102,-37.280082702636705,-34.351043701171896,-31.889715194702102,-37.3045883178711,-32.073272705078104,-47.2844772338867,-41.7843894958496,-32.7097816467285,-26.2092475891113,-29.4493064880371,-15.9075317382812,-23.244909286499,-31.2098579406738,-27.006759643554698,13.5138206481934,18.8204956054688,0.042388916015625,1.8164787292480502,-6.84443473815918,2.8187255859375,-1.68959045410156,-27.918628692627,-16.6146945953369,-18.5067672729492,-27.802879333496104,-24.163404464721697,-22.4548034667969,-54.4291305541992,-38.855049133300795,-24.055763244628896,-44.6235504150391,-20.017501831054698,-23.9152946472168,-39.253753662109396,-20.030481338501,-12.9303617477417
sub-0092,ses-03,run-01,pain,LOC,312,cueL_stimM,-12.942253112792999,-2.6418342590332,-24.5213928222656,-57.929264068603494,-53.570499420165994,-56.085906982421896,-37.7251586914062,-46.671592712402294,-50.980533599853494,-15.7673950195312,-44.6323738098145,-24.795387268066396,4.7664737701416,-23.7006721496582,-17.3229732513428,-26.9504470825195,-19.647006988525398,-79.6351318359375,-33.784431457519496,-37.326202392578104,-28.1375789642334,17.3886432647705,-25.798873901367198,-25.7910995483398,-53.645534515380895,-38.11252975463871,-47.645721435546896,-58.741371154785206,-57.9373664855957,-45.1544418334961,-46.7338333129883,-33.4163970947266,-22.557418823242198,-32.4307899475098,-22.448907852172898,-35.5605697631836,-18.285230636596697,-37.206268310546896,-28.0114059448242,-38.033271789550795,-32.0611343383789,-17.562820434570302
sub-0092,ses-03,run-01,pain,LOC,312,cueH_stimL,-28.411205291748,-20.9575634002686,-26.7641773223877,-43.1907806396484,-30.979639053344698,-54.795169830322294,-49.158660888671896,-51.6834869384766,-54.4534034729004,-70.0283279418945,-32.2957077026367,-42.0429725646973,-23.9036750793457,-19.404973983764602,4.89671230316162,14.8375854492188,19.6311054229736,21.200880050659197,29.438186645507802,50.1928100585938,30.9811859130859,17.6708831787109,22.617242813110398,10.0885925292969,9.65206718444824,11.8633270263672,13.925838470459,11.1277828216553,1.1438026428222698,8.18441867828369,-1.91683006286621,-10.4121131896973,-20.6869163513184,-19.9081439971924,-12.806365966796902,-13.505229949951199,2.3446807861328103,-17.5847511291504,-15.580810546875,-33.533157348632805,-25.5658798217773,-28.9877033233643
sub-0092,ses-03,run-01,pain,LOC,312,cueL_stimL,-29.9678077697754,-19.1369476318359,-17.8903427124023,-4.37455129623413,-46.05732727050779,-26.3781204223633,-7.01654243469238,-20.2682876586914,-27.360393524169897,-53.2469482421875,-93.41345977783199,-4.10189247131348,-24.306005477905302,-29.6378536224365,-30.048034667968803,-11.189207077026401,-35.1188812255859,-25.231187820434602,-14.140042304992699,34.1921539306641,21.838758468627898,-12.821720123291,-5.424564361572269,-13.572740554809599,-2.9950599670410196,-12.9440479278564,-17.621271133422898,0.26401329040527305,-32.3823051452637,-13.4440011978149,-7.78767967224121,-18.427791595459002,-12.8310632705688,-20.859899520874,-14.728816986084,-13.2838191986084,1.37657165527344,-16.8328075408936,0.335962295532227,-2.98013019561768,3.3732690811157204,0.947515964508057
sub-0092,ses-03,run-01,pain,LOC,312,rating,12.5174217224121,19.449266433715803,19.1458969116211,23.5089168548584,25.4191589355469,30.024232864379897,37.027214050293004,34.087291717529304,33.7440757751465,40.793296813964794,42.54087448120121,48.1629028320312,48.7175178527832,44.714168548584006,42.123687744140604,45.0449562072754,44.812896728515604,49.110466003418,42.1443748474121,42.5330810546875,29.018983840942397,25.1671352386475,29.4850006103516,27.7927684783936,31.1932029724121,24.718448638916,24.831867218017603,24.1982021331787,14.8852186203003,12.675149917602502,21.874624252319304,24.9664611816406,29.4082565307617,16.717182159423803,26.7162036895752,24.0539722442627,25.5956115722656,19.9062767028809,20.9449195861816,15.4289464950562,11.8252782821655,1.1570005416870102
sub-0092,ses-03,run-01,pain,LOC,312,cue,5.28690910339355,2.83515167236328,3.7163925170898398,5.76365661621094,-0.850116729736328,-5.23540496826172,-9.99239730834961,-13.740663528442399,-7.7920627593994105,-11.8671073913574,1.33493423461914,-6.578861236572269,-11.668921470642099,-6.92362785339355,-8.35176086425781,-16.720924377441403,-7.447505950927731,-2.73781204223633,1.27435302734375,-7.5916748046875,-15.3479156494141,-17.3883209228516,-11.636859893798801,-22.4906787872314,-11.5497245788574,-11.362900733947802,-13.8794813156128,-9.289449691772461,1.48274230957031,-0.5408077239990229,-3.56818723678589,13.244630813598599,17.4167976379395,23.307645797729503,51.191741943359396,38.586235046386705,43.1314888000488,36.651847839355504,32.1000785827637,35.265232086181605,26.3503150939941,26.848575592041
sub-0092,ses-03,run-01,pain,LOC,317,cueH_stimH,-17.3301219940186,-11.089473724365199,-4.3567209243774405,17.4953002929688,-23.6931972503662,-24.432693481445302,-13.791516304016099,-21.6108741760254,-19.068302154540998,-19.854299545288104,-12.8590335845947,-55.6286544799805,-22.575012207031197,-18.0025253295898,-28.0569534301758,-28.8111362457275,-29.522291183471697,-23.683666229248,-17.8637161254883,-4.85630226135254,-1.8578691482543899,-6.13144397735596,2.60891342163086,-5.94609069824219,-11.3585987091064,-6.68153476715088,-5.38324737548828,-19.819889068603498,-11.5132522583008,-9.75934600830078,-7.54694366455078,-3.85346221923828,-9.34088897705078,-9.10520172119141,-6.59986114501953,-9.09624290466309,-7.609088897705081,-6.878850936889651,-6.2988796234130895,-8.77854537963867,-8.34555053710938,-10.523902893066401
sub-0092,ses-03,run-01,pain,LOC,317,cueL_stimH,-1.6926126480102501,-12.635967254638699,-18.150859832763697,-15.6733856201172,-6.64765167236328,-16.2015380859375,-7.015933990478519,-9.075357437133789,-14.5352115631104,-15.0458459854126,-2.9972825050354,-8.44375038146973,-24.228557586669897,15.412656784057601,4.285577774047851,-0.11018562316894502,5.6196870803833,8.30321407318115,-19.2720565795898,9.51179885864258,-4.6807279586792,-2.89718770980835,3.0604400634765603,20.2534141540527,18.541828155517603,8.17031002044678,20.4559555053711,29.327449798584,13.632532119751,21.3062973022461,14.250873565673801,17.270160675048803,14.1977443695068,4.6451883316039995,0.71066951751709,3.2313079833984397,16.418025970459002,6.03947257995605,11.6616821289062,1.89669418334961,1.07321166992188,4.908721923828121
sub-0092,ses-03,run-01,pain,LOC,317,cueH_stimM,21.569942474365202,13.4971437454224,15.9357051849365,19.3359642028809,4.00585412979126,-3.9556422233581503,-11.0478925704956,-6.396174430847171,-22.2048034667969,-7.94417572021484,-16.261371612548803,-20.254093170165998,-43.410457611084006,-21.409687042236303,-32.728805541992195,-24.5233135223389,-25.893281936645497,-12.937276840210002,-19.8975620269775,-20.458425521850604,-4.80607604980469,-13.6878318786621,-8.49215602874756,-20.4690093994141,-4.1769294738769505,-8.31535148620605,-13.188713073730499,-13.8456230163574,-10.2216682434082,-12.6780033111572,-13.1470165252686,-21.320442199707,-16.044622421264602,-28.440841674804698,-27.256477355957,-25.4377784729004,-19.9142456054688,-16.9697952270508,-13.033992767334,-18.6256484985352,-19.0492057800293,-14.181871414184599
sub-0092,ses-03,run-01,pain,LOC,317,cueL_stimM,-24.663553237915,-24.2544765472412,23.208473205566396,-49.9030609130859,-38.0862579345703,-44.615753173828104,-29.4733505249023,-23.6604709625244,-8.63949680328369,-14.994981765747099,-16.9306964874268,-15.1767244338989,-13.520512580871598,-19.1361522674561,-18.540668487548803,-21.942655563354503,-11.8525390625,-38.215858459472706,-28.9536666870117,-25.5601081848145,-39.685695648193395,-12.7210025787354,-18.6829872131348,-27.178649902343803,-41.473579406738295,-34.347038269043004,-38.9230804443359,-40.0545997619629,-41.8148536682129,-33.9816207885742,-28.3983325958252,-21.7924690246582,-17.708049774169897,-22.9330940246582,-12.7519779205322,-3.88737678527832,-10.302253723144501,-7.036382675170901,-17.610427856445302,-20.2220840454102,-17.1202125549316,-21.7230224609375
sub-0092,ses-03,run-01,pain,LOC,317,cueH_stimL,-12.321754455566401,-18.2158451080322,-18.688552856445302,-22.547805786132802,-28.6445388793945,-29.385570526123,-43.2496490478516,-40.6249351501465,-36.7121467590332,-37.7642860412598,-33.9429550170898,-19.8608493804932,-18.4189834594727,-11.775144577026401,-4.31010246276855,-3.0189905166626,1.07150840759277,-2.64812850952148,-6.38972282409668,-0.9010696411132809,-13.6482582092285,-8.55890655517578,-17.82200050354,-19.6956844329834,-20.3395938873291,-15.9990386962891,-15.2830123901367,-16.5477046966553,-14.9630279541016,-10.048760414123501,-14.8551464080811,-15.606390953064,-24.277051925659197,-15.7052612304688,-15.994190216064501,-18.9408798217773,-22.6219787597656,-21.5951461791992,-23.4167919158936,-12.290058135986301,-22.406452178955103,-16.4914855957031
sub-0092,ses-03,run-01,pain,LOC,317,cueL_stimL,44.8144454956055,25.3819561004639,30.6246776580811,20.4657211303711,-2.0686492919921897,9.63467979431152,24.858179092407198,9.37092304229736,6.21886444091797,-17.6468391418457,-208.556228637695,-25.617891311645497,6.36773014068604,-5.194945335388179,-22.7690830230713,-23.9625778198242,-20.045051574707,-20.4907398223877,-8.91523838043213,7.59222412109375,18.066738128662102,16.8479042053223,12.2495384216309,0.386051177978516,7.74962043762207,-8.71485900878906,2.5535335540771498,-13.4363765716553,-7.75331115722656,-4.82366275787354,2.5495452880859397,-5.2929191589355495,-4.96638488769531,-2.43136405944824,1.14067459106445,3.5079126358032204,7.50035095214844,10.1239356994629,7.856744766235349,19.1981639862061,9.03037929534912,13.080651283264197
sub-0092,ses-03,run-01,pain,LOC,317,rating,2.1663970947265603,2.59809398651123,1.1894741058349598,1.55701971054077,4.24198389053345,8.89449501037598,10.8740148544312,7.64582967758179,9.47806549072266,10.1457357406616,12.576221466064501,12.4205760955811,13.7660484313965,11.652530670166,9.70645141601562,12.121150970459,13.936342239379899,10.3593912124634,12.913045883178699,7.73808097839355,6.44753217697144,9.6431188583374,5.483759880065921,2.7688825130462598,5.7207956314086905,2.04039263725281,8.51652717590332,19.5768508911133,-8.52992820739746,-16.3482990264893,0.5241336822509771,6.5232830047607395,6.4135856628417995,2.30162191390991,8.00153350830078,3.28143310546875,3.43850612640381,1.1676845550537098,2.99005126953125,-0.6107354164123541,-2.07762479782104,-3.15134143829346
sub-0092,ses-03,run-01,pain,LOC,317,cue,7.6130657196044895,7.1695270538330105,4.05347633361816,5.26918029785156,4.47911071777344,2.5395278930664102,7.585323333740231,9.01709747314453,9.00457763671875,10.2090797424316,6.3825187683105495,9.32077598571777,9.097944259643551,9.2922477722168,8.205043792724611,8.40117073059082,1.58168601989746,12.133045196533198,12.802711486816401,13.1805419921875,14.9617462158203,10.2515869140625,2.4593658447265603,-0.998714447021484,-4.23144340515137,-6.26180458068848,-9.698503494262699,-7.1281633377075195,2.1835966110229497,-1.06335544586182,-0.577491760253906,-5.02156639099121,-3.69461154937744,-20.7475509643555,45.6594467163086,25.6363124847412,19.432420730590803,14.9282779693604,16.9858093261719,10.4788684844971,10.2085704803467,13.8051500320435
sub-0092,ses-03,run-01,pain,LOC,318,cueH_stimH,-37.166511535644496,-25.730291366577102,-3.5511922836303698,0.498933792114258,-50.595485687255895,-27.739646911621104,-25.769405364990202,-31.228229522705103,-23.4235458374023,-13.282678604126,-2.7652645111083998,-45.557289123535206,-9.52040767669678,-1.14888763427734,-0.708278656005859,-2.76832962036133,-11.0675411224365,-5.977707862854,10.3115205764771,6.31660270690918,12.2406578063965,-4.25339889526367,7.2168607711792,3.12598419189453,-10.5687313079834,-3.99815464019775,-0.247880935668945,-9.84420204162598,-4.53755378723145,-4.04634284973145,-0.232744216918945,8.49235343933105,1.46110343933105,-3.7218132019043,-6.51625823974609,0.0964126586914062,3.43722915649414,3.37368202209473,3.66936111450195,-8.7907886505127,-9.894636154174801,3.5619049072265603
sub-0092,ses-03,run-01,pain,LOC,318,cueL_stimH,-4.2894287109375,8.70196533203125,-26.1664772033691,-4.131055831909181,-10.9985198974609,-6.118334770202639,-12.3709888458252,-19.3095855712891,-4.65972709655762,-9.2366886138916,-11.079195976257301,-7.157296657562259,-9.65873432159424,-12.6917543411255,-33.273895263671896,-28.7536468505859,-7.78363037109375,-5.97410488128662,-31.1623916625977,6.06115484237671,22.0266036987305,24.319828033447298,31.922670364379897,49.1430816650391,42.2598266601562,34.8545532226562,36.122406005859396,53.0854415893555,35.979576110839794,26.5622863769531,30.365308761596697,14.176155090332001,5.682132720947269,0.6066341400146479,6.983386039733889,0.489345550537109,16.155553817749,4.85851860046387,8.18016242980957,-2.3630752563476602,-2.8934783935546897,-6.22074890136719
sub-0092,ses-03,run-01,pain,LOC,318,cueH_stimM,35.0019035339355,13.594231605529801,18.2238731384277,-3.3673336505889906,-18.9761142730713,-24.5274848937988,-22.840950012207,-9.150041580200199,-49.914215087890604,-25.116188049316396,-37.8706932067871,-26.2788009643555,-53.487678527832,-19.0868301391602,-12.188017845153801,-14.997589111328098,-13.607705116272,-8.6684398651123,-14.4783849716187,-18.900892257690398,7.75541114807129,2.56814575195312,-11.1881637573242,-7.34401893615723,1.6347236633300801,2.91788291931152,-8.86103057861328,-11.9114646911621,-6.110599517822269,-12.90625,-16.716064453125,-32.6190872192383,-20.8682498931885,-38.708812713623,-37.053962707519496,-30.1150817871094,-26.5668640136719,-20.7507019042969,-22.887994766235398,-31.9240379333496,-20.981548309326197,-13.473896980285598
sub-0092,ses-03,run-01,pain,LOC,318,cueL_stimM,-16.0320739746094,11.9954471588135,17.4702453613281,-76.6163024902344,-53.4468460083008,-34.4628219604492,-24.075847625732397,-17.6868286132812,-8.53964519500732,-14.183987617492699,-18.3652191162109,-27.3355731964111,-36.424491882324205,-37.977943420410206,-36.4825019836426,-26.8743019104004,-4.22079277038574,-60.176239013671896,-35.3465576171875,-17.405960083007802,-18.537631988525398,-30.610338211059602,-19.7137660980225,-46.189247131347706,-37.0555191040039,-36.2464370727539,-36.4846153259277,-48.5039596557617,-20.283203125,-29.9652099609375,-21.8351192474365,-18.2724075317383,-22.136682510376,-19.9213905334473,-1.32470703125,-11.7664184570312,-13.0955286026001,-7.696527481079099,-11.6260185241699,-19.6738357543945,-18.5750427246094,-17.5020446777344
sub-0092,ses-03,run-01,pain,LOC,318,cueH_stimL,2.7676954269409197,-28.000808715820302,-10.4445476531982,-7.404467582702639,-12.910911560058599,-16.5873107910156,-26.6671581268311,-31.3952827453613,-27.4057216644287,-20.966539382934602,-16.420223236084002,-4.71470546722412,-0.687738418579102,5.9349880218505895,0.34525775909423806,3.7812824249267596,24.410589218139602,22.276647567749,25.7657165527344,22.995769500732397,12.1422557830811,-5.03999519348145,1.6585578918456998,2.5401382446289102,5.74717903137207,-0.17238235473632801,2.7708148956298797,-13.942371368408198,-9.84185409545898,-8.435986518859862,-8.13101387023926,-10.2862758636475,-9.665468215942381,-6.96534538269043,-9.47776031494141,-18.2771987915039,-7.91893005371094,-8.318080902099611,-14.6992645263672,-20.162982940673803,-21.912960052490202,-9.12878799438477
sub-0092,ses-03,run-01,pain,LOC,318,cueL_stimL,-1.5230026245117199,0.330634593963623,-12.469397544860803,-9.21735668182373,-33.3347854614258,-13.9049339294434,-3.88940858840942,-25.1692199707031,-4.605247497558589,-56.540199279785206,-236.158126831055,9.1665678024292,-8.478443145751951,-22.1384582519531,-43.717071533203104,-40.1178779602051,-44.22392272949221,-43.35823059082029,-41.1733627319336,-24.3188171386719,6.0482463836669895,-1.36495304107666,-3.29524040222168,-4.6746654510498,0.384475708007812,-12.732564926147498,-10.098083496093802,-18.8088264465332,-15.7321128845215,-12.485539436340302,0.722011566162109,1.18233680725098,1.6301212310791,8.88790702819824,-6.16710662841797,-4.631263732910161,-2.36495971679688,-4.94315719604492,1.62528038024902,12.332777023315401,-1.83646202087402,7.3286395072937
sub-0092,ses-03,run-01,pain,LOC,318,rating,2.48482227325439,4.63950252532959,4.150611877441411,7.491595268249509,11.8282318115234,20.566593170165998,14.784543037414599,18.425500869751,21.549144744873,27.123720169067397,29.0712108612061,26.9965381622314,32.066741943359396,28.789474487304698,22.5387115478516,27.6513023376465,28.8151912689209,27.118968963623,23.2065544128418,21.0693397521973,15.9908113479614,13.009010314941401,11.1563119888306,7.35620927810669,13.4054651260376,9.90253829956055,13.573892593383801,19.670934677124,-6.91727542877197,-5.50336456298828,15.612556457519501,16.4407596588135,17.649793624877898,14.2501068115234,10.2262964248657,9.09650707244873,8.3423023223877,5.2845516204834,11.2718591690063,6.82175254821777,-0.12414646148681599,-1.4770104885101298
sub-0092,ses-03,run-01,pain,LOC,318,cue,4.67402648925781,1.31692123413086,2.57305145263672,5.91533660888672,-0.411346435546875,-0.793575286865234,0.805583953857422,3.14900398254395,2.39935684204102,4.86296272277832,2.0277729034423797,3.13947486877441,-1.0497875213623,3.11621761322021,-1.4905624389648402,2.19234848022461,0.986492156982422,5.2581672668457005,11.5739059448242,-2.3776092529296897,2.3285369873046897,-2.01963043212891,-9.81816864013672,1.59321403503418,-8.00823593139648,-6.02349662780762,-6.54968452453613,0.640048980712891,-0.85193920135498,0.918338775634766,7.841967582702639,7.9675807952880895,-10.0691385269165,-16.2264766693115,59.9284896850586,19.94455909729,12.4407806396484,6.9884614944458,11.734978675842301,4.85566568374634,4.03720617294312,8.83541297912598
sub-0092,ses-03,run-01,pain,LOC,3,cueH_stimH,-48.114200592040994,-29.4433670043945,-2.14302825927734,5.25398445129395,-14.405014991760302,-12.082010269165002,-7.3234968185424805,-35.0756683349609,-56.4118766784668,-35.2769775390625,-25.4483985900879,-34.0276870727539,-11.758450508117699,2.06898307800293,-0.960912704467773,-24.8020553588867,-22.070484161377,-17.3014335632324,-19.4915809631348,-23.197708129882802,-6.2751750946044895,-34.2045364379883,-27.601150512695302,-24.3615913391113,-39.8062591552734,-51.757453918457,-58.4137687683105,-56.4237785339355,-49.190647125244105,-51.2966117858887,-37.360080718994105,-44.251194000244105,-69.0589752197266,-64.3886032104492,-45.99629211425779,-47.514976501464794,-44.772975921630895,-40.809165954589794,-31.5532608032227,-27.455213546752898,-23.8180770874023,-40.228118896484396
sub-0092,ses-03,run-01,pain,LOC,3,cueL_stimH,-19.7885360717773,-17.802734375,-24.8778610229492,-34.9225082397461,-14.4253578186035,-21.5195159912109,-7.03357648849487,-35.9048843383789,-8.96372127532959,-17.2103519439697,-16.8865947723389,-12.9360809326172,-11.3878498077393,-20.503831863403303,-42.048393249511705,-70.0756988525391,-63.0816764831543,-51.864105224609396,-79.95274353027341,-65.63214111328121,-85.2516174316406,-58.46159362792971,-42.821327209472706,-27.0210609436035,-24.100341796875,12.1530418395996,-1.74592590332031,-1.62072372436523,13.0835466384888,-15.9120998382568,-6.58555793762207,-13.4824542999268,-9.37897491455078,-23.3339996337891,-23.2697696685791,-19.2963256835938,-18.7056980133057,-14.8301687240601,-2.92903518676758,-11.7688045501709,-6.38753509521484,-11.537078857421902
sub-0092,ses-03,run-01,pain,LOC,3,cueH_stimM,-10.185951232910199,-10.536603927612301,-14.9601564407349,-28.4057674407959,-39.8520011901855,-39.1565742492676,-33.042819976806605,-33.2739105224609,-55.924720764160206,-40.1729583740234,-47.6516036987305,-32.1465492248535,-53.956325531005895,-26.460823059082,-22.6521949768066,-21.010139465332,-21.3306274414062,-14.265154838562,-16.296432495117198,-17.0511722564697,-27.0469589233398,-14.2935733795166,-49.630287170410206,-25.070373535156197,-28.422058105468803,-22.666650772094698,-46.5794868469238,-41.113945007324205,-29.8711433410645,-29.1458301544189,-16.9529113769531,-10.5597848892212,-16.7845840454102,-33.5862007141113,-18.9693641662598,-9.94673919677734,-14.1244506835938,4.737030029296879,-6.23383331298828,-17.9643516540527,-27.3524703979492,-16.224536895752
sub-0092,ses-03,run-01,pain,LOC,3,cueL_stimM,-37.8958969116211,-0.4036865234375,-3.76287078857422,-51.58540344238279,-51.5104751586914,-47.5103912353516,-44.7258148193359,-33.4089736938477,1.6296615600585902,-22.2201614379883,10.9236507415771,14.0484285354614,11.770339012146001,0.21855545043945301,-9.20057392120361,-20.216732025146502,-5.16309261322021,-23.220520019531197,-34.2412147521973,-32.6158485412598,-30.0241527557373,-21.848270416259798,-31.1847286224365,-35.381561279296896,-34.2014312744141,-41.519447326660206,-57.805908203125,-44.2010841369629,-33.8164901733398,-29.099811553955103,-41.2653045654297,-29.1590175628662,-37.717948913574205,-49.1494064331055,-28.308185577392603,-33.431793212890604,-30.2786560058594,-9.58982086181641,-35.48720169067379,-30.3587074279785,-43.471641540527294,-24.7983703613281
sub-0092,ses-03,run-01,pain,LOC,3,cueH_stimL,-34.221115112304695,-37.3687400817871,-42.8737182617188,-36.3465805053711,-42.270721435546896,-58.738620758056605,-71.29331970214841,-67.4438629150391,-67.25433349609379,-64.114128112793,-67.1764602661133,-62.2901000976562,-41.726982116699205,-36.8904876708984,-35.1230697631836,-34.9488868713379,-37.0270195007324,-15.3983612060547,17.8200454711914,-9.028013229370119,-33.951633453369105,-39.563938140869105,-38.048698425293004,-44.11152648925779,-48.2822074890137,-31.947486877441396,-34.400051116943395,-19.8308200836182,-33.6205863952637,-36.0978965759277,-34.4674682617188,-47.0746536254883,-35.333251953125,-37.54420852661129,-25.5127010345459,-12.2365036010742,-15.0300140380859,-36.93031692504879,-21.0693531036377,-29.0364685058594,-30.4924964904785,-19.4061813354492
sub-0092,ses-03,run-01,pain,LOC,3,cueL_stimL,52.5540580749512,74.7160949707031,82.0102005004883,78.6700439453125,30.0241050720215,20.7228050231934,25.7053108215332,2.72620964050293,2.62678050994873,5.30958652496338,-167.15725708007798,-22.5031585693359,-22.6251583099365,-22.4126300811768,-51.075042724609396,-23.1662521362305,-13.361377716064501,-13.755651473999,-20.543035507202102,-23.2205543518066,-24.2680492401123,-6.73360157012939,27.9468593597412,5.29598808288574,10.844959259033198,-16.0485534667969,-10.0287113189697,-19.2636814117432,-5.1450338363647505,6.428378105163571,-7.11370944976807,17.1055526733398,-12.760441780090302,15.0666446685791,10.4262390136719,9.30910015106201,24.456932067871104,11.574302673339801,20.991876602172898,5.7203664779663095,39.61033248901371,19.903787612915
sub-0092,ses-03,run-01,pain,LOC,3,rating,-7.4550609588623,-11.811849594116199,-14.5073080062866,-15.4906463623047,-18.739955902099602,-15.0110464096069,-16.649147033691403,-23.715618133544897,-24.385545730590803,-25.0694198608398,-23.392868041992198,-22.255516052246104,-20.1328239440918,-22.3171730041504,-31.480026245117198,-28.339527130127,-25.879735946655302,-28.0834770202637,-22.6504020690918,-33.8494033813477,-33.7014122009277,-39.005031585693395,-40.248863220214794,-39.3095664978027,-38.2948570251465,-36.248195648193395,-40.7949066162109,-22.8271503448486,-44.6161956787109,-49.229663848877,-33.8569717407227,-30.145751953125,-33.914825439453104,-31.693241119384798,-22.987243652343803,-30.043237686157198,-20.7220840454102,-22.254358291626,-24.0712966918945,-26.910024642944304,-26.2003192901611,-23.226444244384798
sub-0092,ses-03,run-01,pain,LOC,3,cue,13.888446807861301,7.93367576599121,3.63521194458008,6.136165618896481,6.34294891357422,11.5615978240967,21.5594692230225,25.8280467987061,24.071659088134798,18.6297073364258,23.0486907958984,20.4205532073975,20.011211395263697,24.993675231933604,22.0409049987793,30.6349945068359,28.038738250732397,35.339424133300795,37.3090591430664,29.5184478759766,32.256439208984396,37.704063415527294,24.7063522338867,24.787960052490202,2.57233810424805,6.99405956268311,12.019145011901902,7.0585041046142605,20.138103485107397,29.3810539245605,37.5597686767578,26.5398464202881,26.8684463500977,17.525634765625,56.7647552490234,42.811531066894496,35.6088256835938,26.4658374786377,39.954685211181605,19.6994094848633,7.11356496810913,0.39453887939453103
sub-0092,ses-03,run-01,pain,LOC,4,cueH_stimH,-29.836727142334,-1.4091091156005902,18.231521606445302,10.2778911590576,0.614832162857056,-25.003232955932603,-10.2849178314209,-6.802129745483401,-11.2274971008301,-0.27276039123535195,-9.950258255004881,-18.7269973754883,-10.0717878341675,-16.2026767730713,-0.805009841918945,-26.1441993713379,-36.983814239502,-1.07664489746094,-20.0594749450684,-11.4474754333496,-13.2530078887939,-38.8483467102051,-39.216072082519496,-17.486328125,-46.9088668823242,-39.7835121154785,-46.357139587402294,-48.1769599914551,-49.8947334289551,-53.3869209289551,-36.2912254333496,-43.6940498352051,-47.2770576477051,-17.8855266571045,-14.942289352417,-1.79425621032715,-4.53852081298828,-4.21550559997559,-15.489490509033198,-11.213415145874,-21.977201461792003,-8.10713958740234
sub-0092,ses-03,run-01,pain,LOC,4,cueL_stimH,-33.8479385375977,-16.5145950317383,-15.484588623046902,-21.1826210021973,-8.35365295410156,-9.94888401031494,-21.9003887176514,-15.764888763427699,-11.203472137451199,-4.20906782150269,-16.8376483917236,-12.5317983627319,-29.0861740112305,-57.1308937072754,-79.2652587890625,-57.505645751953104,-60.05647277832029,-35.6978721618652,-76.9991073608398,-47.82148742675779,-16.2701797485352,-32.4438285827637,-9.13778305053711,8.00236129760742,-7.477551460266111,-1.57203483581543,-0.39728927612304704,22.3246231079102,-4.69364452362061,-10.542137145996099,4.394920349121089,-11.109038352966301,-27.090345382690398,-28.902610778808604,-19.731380462646502,-16.9183216094971,-6.76511383056641,22.5301952362061,-35.2310562133789,-20.261432647705103,-15.7693557739258,14.3387451171875
sub-0092,ses-03,run-01,pain,LOC,4,cueH_stimM,-14.1251163482666,-0.87901782989502,-32.614490509033196,-15.249247550964402,-25.8108425140381,-9.40573501586914,-22.0177516937256,-33.615280151367195,-17.2617568969727,-11.991617202758801,-41.643058776855504,-8.9904727935791,-29.860048294067397,-23.4411106109619,-12.264383316039998,-20.157894134521502,-16.842218399047898,-26.758487701416,-29.4607982635498,-29.926330566406197,-2.77768325805664,-21.3672466278076,-34.5808639526367,-25.223392486572298,-27.8889141082764,-38.721828460693395,-44.080326080322294,-39.270179748535206,-39.312675476074205,-38.860107421875,-34.541164398193395,-28.2779922485352,-36.4898834228516,-33.508674621581996,-31.495862960815398,-21.8979187011719,-23.3748626708984,-20.289680480957,-27.3794803619385,-34.0451049804688,-10.780538558960002,-29.854553222656197
sub-0092,ses-03,run-01,pain,LOC,4,cueL_stimM,-28.5977668762207,13.7250232696533,-13.225700378417999,-69.01669311523439,-66.5319442749023,-54.175453186035206,-16.394485473632802,-34.7737312316895,-17.2215671539307,0.363460540771484,-19.2535514831543,-33.667327880859396,-6.584301948547361,-61.71675109863279,-34.706428527831996,-44.433929443359396,-33.5424957275391,-80.25889587402341,-62.7002944946289,-60.1533889770508,-36.721885681152294,-26.0748023986816,-62.01289367675779,-55.7814788818359,-64.6417999267578,-72.44883728027341,-74.1533279418945,-64.36294555664061,-35.6923599243164,-33.0626792907715,-38.135307312011705,-42.337532043456996,-58.3838424682617,-44.740104675293,-38.55859375,-29.2877464294434,-25.7439346313477,-17.612379074096697,-40.133918762206996,-47.8321685791016,-45.7655029296875,-20.0247650146484
sub-0092,ses-03,run-01,pain,LOC,4,cueH_stimL,-8.013232231140138,-2.8600661754608194,-26.162479400634798,-0.935242652893066,9.77791881561279,-16.3133239746094,0.693752288818359,-48.3751945495605,-21.987363815307603,-13.6122169494629,-18.3781356811523,-7.87346076965332,-12.6784191131592,-6.45929718017578,-9.11798667907715,9.15929412841797,9.976011276245119,-5.35063934326172,-2.0741815567016597,-11.8766508102417,-27.6666984558105,-26.6115226745605,-21.989652633667003,-22.750150680542003,-34.6261787414551,-17.712085723877,-24.1456413269043,-32.6787261962891,-29.235984802246104,-27.346675872802702,-16.6729602813721,-7.36362457275391,-7.04316902160645,-39.2826919555664,-2.34994888305664,3.94770431518555,-10.844696044921902,-8.8980598449707,7.455810546875,-3.61586952209473,-15.725217819213901,1.93228960037231
sub-0092,ses-03,run-01,pain,LOC,4,cueL_stimL,7.1505641937255895,4.852638244628911,8.79847431182861,20.6213874816895,-37.118644714355504,-23.5766658782959,-24.426889419555696,-40.2176742553711,-29.0054397583008,-51.1421585083008,-188.500274658203,-64.0781097412109,-75.65826416015621,-64.0170440673828,-100.041213989258,-82.8188552856445,-67.8062210083008,-66.36837768554689,-46.439479827880895,-78.7054824829102,-42.618110656738295,-45.8366203308105,-34.306915283203104,-32.538562774658196,-41.759040832519496,-60.60893249511721,-56.0981521606445,-70.3636627197266,-42.4924545288086,-65.54168701171879,-13.212877273559599,-32.250720977783196,-22.8466682434082,-50.017463684082,-60.291812896728494,-41.9602661132812,-42.401214599609396,-13.1130218505859,-31.9124774932861,-32.2015228271484,2.62983798980713,-21.9297714233398
sub-0092,ses-03,run-01,pain,LOC,4,rating,-12.319950103759801,-21.0229263305664,-17.143600463867198,-16.7945289611816,-9.83230113983154,-8.49838924407959,-12.230384826660199,-7.149531364440921,-12.466496467590302,-14.865772247314501,-5.53644132614136,-4.82089614868164,0.20173645019531197,-6.12046051025391,-10.9590301513672,-14.7475166320801,-12.814979553222699,-13.841733932495101,-21.0858993530273,-21.309827804565398,-20.5101108551025,-21.888574600219698,-25.001596450805696,-22.1271820068359,-27.0428981781006,-18.4190464019775,-16.896661758422898,-15.858549118042,-33.229549407959,-25.537805557251,-12.155517578125,-6.40239381790161,-6.264156341552731,-11.9932155609131,-10.813236236572301,-15.3036251068115,-23.0144195556641,-13.614330291747999,-20.636737823486303,-19.3962516784668,-19.659225463867198,-22.549758911132802
sub-0092,ses-03,run-01,pain,LOC,4,cue,-2.3723773956298797,-5.42110252380371,-9.57924652099609,-1.8051452636718797,-0.174873352050781,-0.243165969848633,8.33237838745117,18.483907699585,13.0269432067871,12.280147552490199,7.26937484741211,10.5602130889893,10.087806701660199,17.9442729949951,14.5530433654785,17.4860916137695,23.6103496551514,16.487895965576197,9.17142486572266,11.4639205932617,11.3595123291016,10.735252380371099,5.43727111816406,3.7214984893798797,9.87985992431641,-9.52620315551758,1.55344581604004,-0.0858736038208008,21.315782546997102,16.3226661682129,26.7641525268555,8.65824222564697,0.7695693969726559,-9.33941745758057,32.9085540771484,22.806228637695302,7.91903018951416,2.84122228622437,-1.6091879606246902,-2.88629198074341,-14.303443908691401,-6.35524654388428
sub-0092,ses-03,run-01,pain,LOC,45,cueH_stimH,-19.5824928283691,-25.605632781982397,0.581549644470215,-0.281532287597656,-29.7918682098389,-33.6801376342773,-20.9062118530273,-30.443195343017603,-47.590057373046896,-41.199577331543004,-34.635368347168004,-47.9918556213379,-18.5361442565918,-15.9542407989502,-21.007156372070302,-31.1070041656494,-29.3424644470215,-25.0222816467285,-16.5676231384277,-20.9792976379395,-15.8976278305054,-25.1601638793945,-16.314231872558597,-20.3462982177734,-28.545728683471697,-31.0621490478516,-30.2354850769043,-30.2962760925293,-23.5650749206543,-27.6222038269043,-26.7591667175293,-26.0089225769043,-25.8980827331543,-26.146425247192397,-31.5645866394043,-26.149305343627898,-24.6598930358887,-18.9590225219727,-22.225055694580103,-13.295143127441401,-18.2723636627197,-17.3336563110352
sub-0092,ses-03,run-01,pain,LOC,45,cueL_stimH,-11.3155012130737,-9.10081481933594,-14.3555755615234,-19.3689270019531,-11.9720993041992,-10.729776382446301,-15.6919593811035,-15.623498916626,-24.0108852386475,-15.8231372833252,-6.2760319709777805,-13.3242902755737,-4.269422054290771,-6.75583219528198,-22.645191192627,-41.1797103881836,-28.115234375,-16.8429908752441,-39.1163482666016,-22.1496047973633,-25.951072692871104,-23.8723163604736,-14.6273727416992,2.1691474914550803,-1.8339767456054699,13.2951650619507,10.8892078399658,13.5248317718506,2.9865570068359397,-3.49610710144043,0.8784942626953121,7.11286163330078,0.00588798522949219,-8.81884002685547,-12.865236282348599,-2.1920747756958003,-7.1498441696167,7.252117156982419,-1.83570671081543,-4.4140625,-3.05663299560547,-9.1058349609375
sub-0092,ses-03,run-01,pain,LOC,45,cueH_stimM,5.324734210968019,1.3010683059692398,-5.99872016906738,-10.9983444213867,-27.1343173980713,-34.7114486694336,-41.4010467529297,-45.0453414916992,-61.078094482421896,-44.786491394043,-49.7095222473145,-56.2163619995117,-71.01368713378909,-52.6774215698242,-47.8549957275391,-49.8909797668457,-36.2987518310547,-39.270294189453104,-39.522773742675795,-47.7002487182617,-28.6510200500488,-28.6158294677734,-28.7683296203613,-31.050428390502898,-16.9941558837891,-14.318981170654302,-29.7735481262207,-26.3851013183594,-25.2909450531006,-34.8461685180664,-21.9066848754883,-23.465774536132802,-15.193582534789998,-26.794265747070302,-21.2385082244873,-17.8374176025391,-19.714767456054698,-12.6924438476562,-12.7447242736816,-18.1245403289795,-24.9994277954102,-19.1502990722656
sub-0092,ses-03,run-01,pain,LOC,45,cueL_stimM,-13.230604171752901,4.4153938293457005,-1.4677734375,-46.232601165771506,-45.7408447265625,-46.08845520019529,-29.416141510009798,-34.582370758056605,-34.107467651367195,-32.2490081787109,-26.601503372192397,-9.23100566864014,-18.937335968017603,-13.9608793258667,-32.2366600036621,-26.3033752441406,-10.8035621643066,-42.6460418701172,-22.274341583252,-38.843563079834,-26.9064159393311,-21.0163745880127,-30.138784408569304,-42.094413757324205,-47.290199279785206,-47.984504699707,-33.962150573730504,-49.316734313964794,-31.477849960327102,-37.50390625,-38.6251678466797,-46.6596527099609,-29.4071960449219,-40.136650085449205,-31.703468322753896,-26.7752151489258,-25.689529418945302,-20.8403072357178,-20.834671020507802,-30.0058422088623,-19.2081451416016,-27.118576049804698
sub-0092,ses-03,run-01,pain,LOC,45,cueH_stimL,-18.8757209777832,-36.668388366699205,-41.9300498962402,-31.790626525878896,-26.2012672424316,-35.949348449706996,-51.344085693359396,-61.5110054016113,-64.90884399414061,-50.119686126709006,-58.3425140380859,-41.4060211181641,-38.671546936035206,-23.4583930969238,-17.6872310638428,-21.1513938903809,-13.838722229003901,-2.39922714233398,3.96622180938721,4.62841510772705,-15.943371772766099,-17.5234489440918,-9.49211311340332,-9.92566871643066,-13.475589752197301,-13.283557891845698,-11.311641693115199,-20.599172592163104,-13.725456237792999,-20.0577411651611,-16.1542892456055,-15.7593412399292,-18.6972885131836,-26.644666671752898,-17.9119567871094,-15.966114044189501,-12.7081298828125,-9.25567626953125,-23.4416675567627,-3.51143836975098,-6.413532257080081,-3.41895723342896
sub-0092,ses-03,run-01,pain,LOC,45,cueL_stimL,23.1514053344727,30.505437850952102,28.454599380493196,19.9868774414062,-38.5365982055664,1.31001710891724,-13.3249263763428,-30.876731872558604,-30.8859939575195,-52.8676834106445,-212.978576660156,-21.837095260620103,-27.893987655639602,-28.033264160156197,-55.0818939208984,-53.5879096984863,-46.7583999633789,-39.9381904602051,-37.8481216430664,-19.647508621215803,-29.8698425292969,-24.7578430175781,-24.8328742980957,-14.388080596923801,-23.7601623535156,-31.5598087310791,-26.214839935302702,-24.0359401702881,-32.006584167480504,-22.7218036651611,-31.8691329956055,-15.7751197814941,-14.3416690826416,-13.7698879241943,-6.38920021057129,-16.9929885864258,0.6743240356445309,5.33062362670898,3.17682838439941,2.8026523590087904,10.5514822006226,4.23015403747559
sub-0092,ses-03,run-01,pain,LOC,45,rating,-3.41229248046875,-10.5065975189209,-8.09413528442383,-5.94631385803223,-6.76588869094849,-3.4310960769653303,-6.55972766876221,-3.40166807174683,-0.205236256122589,-0.067097932100296,5.13264751434326,3.13577842712402,8.8593864440918,9.79221725463867,8.1927490234375,7.740753173828121,13.0854053497314,6.83762168884277,6.70241737365723,6.97851133346558,-0.347904920578003,-1.09083151817322,-9.57313823699951,-11.6608200073242,-6.070979118347171,-7.7816634178161594,-9.23977661132812,-3.63516759872437,-27.7948818206787,-27.8413600921631,-13.5194597244263,-7.044610500335691,-4.91788864135742,-6.70369577407837,-2.9407856464386,-1.74645900726318,-1.78542566299438,-1.5086860656738301,-1.5766534805297898,-0.975635528564453,-3.30115795135498,-4.96260118484497
sub-0092,ses-03,run-01,pain,LOC,45,cue,8.10335159301758,0.402896881103516,-0.126190185546875,8.8823127746582,3.6154823303222696,3.38677215576172,12.3804264068604,17.764812469482397,18.550422668457,19.3062572479248,17.760871887207,20.4392585754395,19.6257419586182,16.678106307983402,18.8734130859375,17.2667598724365,16.9826812744141,24.526954650878896,25.6824645996094,21.8698425292969,15.598419189453098,14.567787170410199,9.38555908203125,4.6170597076416,0.159910202026367,-2.0444097518920903,2.13175296783447,-0.35902595520019503,11.137937545776401,14.1267900466919,17.1344814300537,19.2673606872559,12.6187686920166,8.18485260009766,67.308235168457,44.7777824401855,38.480705261230504,28.011478424072298,32.1764488220215,25.0780944824219,21.3982524871826,12.232201576232901
sub-0092,ses-03,run-01,pain,LOC,46,cueH_stimH,-17.3694458007812,-12.431436538696301,14.088043212890598,18.3279037475586,-20.4751205444336,-24.6498146057129,-15.297828674316401,-29.8851890563965,-24.4891052246094,-21.3185977935791,-11.797139167785598,-35.501991271972706,-9.07907295227051,-16.7092666625977,-13.6411991119385,-17.5036926269531,-13.9076814651489,4.2563648223877,-3.70126438140869,-0.892511367797852,6.16022491455078,-9.93974590301514,-0.9440288543701171,-3.4976978302002,-1.0992546081543,-3.70064830780029,-24.13134765625,-7.283905029296879,-18.9416198730469,-18.0229187011719,-10.7140808105469,0.8676605224609379,-11.324188232421902,-18.1803951263428,-0.994245529174805,-2.5624618530273398,-6.2450656890869105,-12.340717315673801,-7.72130584716797,3.6748714447021498,-10.484214782714801,-9.7550106048584
sub-0092,ses-03,run-01,pain,LOC,46,cueL_stimH,-0.84609317779541,-4.59881210327148,-13.931392669677699,-15.745098114013699,-10.0532379150391,-9.00697040557861,-26.7492656707764,0.14955139160156197,-19.088420867919897,-2.89848136901855,-14.0690021514893,-19.308443069458,-26.9768409729004,-43.781654357910206,-65.5895233154297,-48.6656494140625,-39.4521903991699,-48.901496887207,-61.364040374755895,-39.8983612060547,-25.0412540435791,-16.864875793457,-10.8325033187866,20.3691482543945,24.8571453094482,19.6350135803223,27.3308982849121,27.3651237487793,22.537584304809602,7.8027839660644505,7.441165924072269,11.032938003539998,-2.52302169799805,-13.553590774536099,-8.80844020843506,-10.404007911682099,0.828220367431641,-2.07888031005859,-5.98878288269043,-12.429386138916,-0.156360626220703,7.62115478515625
sub-0092,ses-03,run-01,pain,LOC,46,cueH_stimM,-2.7197656631469704,-1.40396499633789,-9.40040397644043,-13.283770561218299,-42.309478759765604,-36.9070930480957,-31.016456604003896,-38.141571044921896,-45.57890319824221,-26.5365829467773,-38.310417175293004,-24.2101345062256,-59.1127586364746,-28.7464866638184,-22.071849822998,-26.3828506469727,-23.2995204925537,-24.6805229187012,-14.294593811035199,-25.8452987670898,2.9515438079833998,-8.46840572357178,-16.0110378265381,-11.5489063262939,-1.7257308959960902,-1.25472259521484,-18.796365737915,-13.546852111816401,-11.027574539184599,-28.0888671875,-34.2942581176758,-40.857109069824205,-38.0925636291504,-39.055881500244105,-33.664890289306605,-25.638504028320302,-29.112228393554698,-34.6557388305664,-9.6561164855957,-25.686038970947298,-30.390409469604503,-13.595759391784698
sub-0092,ses-03,run-01,pain,LOC,46,cueL_stimM,-24.860393524169897,-2.01559162139893,-1.34912109375,-58.4268188476562,-70.8188552856445,-54.739418029785206,-36.2109260559082,-16.6024608612061,-19.2198638916016,-17.2255077362061,-28.3056812286377,-22.7878265380859,-43.3967132568359,-40.033317565918004,-37.6109046936035,-48.931339263915994,-35.6499061584473,-88.7522125244141,-67.0768280029297,-74.9059143066406,-62.0099754333496,-64.2475433349609,-72.306022644043,-67.8207321166992,-69.5378799438477,-76.12071228027341,-61.993900299072294,-69.9182815551758,-48.567779541015604,-34.295627593994105,-37.435821533203104,-48.622718811035206,-47.6783218383789,-47.1446380615234,-34.2913208007812,-26.9556350708008,-29.8881149291992,-21.6211280822754,-42.493503570556605,-41.8868751525879,-34.7166900634766,-18.790939331054698
sub-0092,ses-03,run-01,pain,LOC,46,cueH_stimL,-14.073748588562,-36.102745056152294,-24.1173419952393,-14.6202898025513,-19.1159744262695,-24.823509216308604,-34.927722930908196,-48.1393432617188,-47.9034271240234,-46.407398223877,-39.848361968994105,-17.6486854553223,-10.7997350692749,-13.831915855407699,0.27965450286865196,11.714305877685499,18.9549503326416,8.929830551147461,21.4703769683838,0.16453552246093803,1.04930114746094,-3.15573120117188,-9.52536582946777,-4.9434642791748,-14.1445732116699,-19.7104091644287,-6.93411636352539,-17.562696456909197,-13.579042434692399,-21.6766052246094,-27.510452270507802,-33.4716415405273,-24.3027267456055,-36.8618316650391,-16.6746864318848,-26.0542335510254,-12.9495391845703,-15.0159301757812,-13.977376937866199,-19.0407867431641,-19.398361206054698,-7.3894343376159695
sub-0092,ses-03,run-01,pain,LOC,46,cueL_stimL,6.8490896224975595,18.645771026611303,13.5735483169556,7.04301309585571,-20.3695297241211,-20.0002479553223,-4.619176864624019,-23.019920349121104,-8.54534244537354,-52.0918197631836,-207.197937011719,-45.8186836242676,-30.5541458129883,-36.941459655761705,-52.3418045043945,-48.51704406738279,-34.2866363525391,-36.97043991088871,-22.677833557128896,-29.0154190063477,3.1143589019775404,-5.388455390930179,-11.1418972015381,-6.5142097473144505,-16.247249603271502,-26.76589012146,-30.293004989624,-19.138624191284197,-33.503791809081996,-15.7981863021851,-17.761795043945302,-21.564811706543,-7.47229290008545,-13.7918548583984,-10.068321228027301,-9.46627902984619,4.20817565917969,-8.23135948181152,6.25440979003906,1.4193286895752,1.26782417297363,4.346239566802979
sub-0092,ses-03,run-01,pain,LOC,46,rating,2.3766460418701203,0.89006233215332,-3.74981594085693,-2.7914714813232404,-0.896877288818359,0.165791034698486,1.00091063976288,-0.0882642269134521,6.1257905960083,7.9631023406982395,10.4348106384277,9.9283332824707,14.799327850341802,6.861995697021481,4.32122802734375,5.20331192016602,7.42183113098145,6.37740135192871,8.56059265136719,-1.9343183040618899,1.1543300151825,0.9061021208763119,-5.5537214279174805,-7.29085302352905,-10.1720266342163,-8.82301330566406,-3.4554224014282204,4.33278703689575,-18.1922016143799,-22.402269363403303,-4.41936540603638,4.57825231552124,-1.4292984008789098,-2.60392999649048,-1.8937351703643799,-5.624103546142581,-6.392821788787839,-8.42040061950684,-9.203916549682619,-12.965668678283699,-16.0607738494873,-13.808860778808599
sub-0092,ses-03,run-01,pain,LOC,46,cue,4.83443832397461,-2.15338516235352,-0.428670883178711,4.490089416503911,-0.9432220458984379,2.74764633178711,5.21508026123047,13.355812072753901,9.99533081054688,15.7759037017822,7.201496124267581,12.1548824310303,5.5515460968017605,16.035406112670902,11.600160598754899,9.97575569152832,6.77655029296875,14.6172485351562,15.635581970214801,14.392112731933599,7.099456787109379,13.217247009277301,2.67786026000977,0.600223541259766,-0.7355937957763671,-8.80138206481934,-1.4088668823242199,3.56039524078369,13.6417779922485,20.930606842040998,23.3387832641602,13.2339124679565,-3.74179553985596,-2.9090728759765603,46.85090637207029,25.5833854675293,22.191381454467802,11.7822952270508,10.641535758972198,5.18414974212646,-6.90840148925781,2.93675947189331
sub-0092,ses-03,run-02,cognitive,LOC,279,cueH_stimH,18.1299930332759,6.2408498906548395,4.29176624398783,8.02061117114428,16.5913820122168,13.4320834948214,-9.01669575271201,0.8379694214294879,-11.8947987361608,10.067193165090801,2.8727678659128704,11.5402147650444,11.0151721521613,-4.27167463820434,-0.247073675855149,-11.869853097471301,-1.68504923968919,2.6895550792021,19.7996648250496,13.189357562279302,6.75053168942047,1.45530644173767,-9.419616093808301,-10.925194022520099,-2.05809193954213,-3.5916432218815695,7.210528954032969,2.0876691281716298,3.87047311654942,0.48820602250496703,1.08431002670758,-3.0879412491339804,9.78104996153602,-2.48691409744511,18.1456456858838,20.915373273076398,12.133861787598601,13.180472538385802,-19.998216244098398,2.76501369649472,-19.0211292998076,-6.30998394824926
sub-0092,ses-03,run-02,cognitive,LOC,279,cueL_stimH,-11.1732472222207,-13.424074783750301,-18.5089289296339,-24.487007496255803,-13.282138052727198,-2.7595677408701302,-7.7830493521226005,3.1024549284991,2.76809702362238,-0.37330382533024,13.4695170577917,8.53602573509449,11.266599385476,11.8074498606201,11.361354905782402,5.73493135003003,10.2087572416842,13.4458888445983,13.6499797679635,1.6864103428393302,6.98131784924417,10.3662686844396,10.05533097789,13.973970992109,8.14589794220962,11.219687162600101,5.30461497512832,5.5160737993273,6.023460729505941,-10.9885415226038,-8.77219010647497,-23.1842275238867,-17.3623932864577,-13.988712141118,-14.292817048041899,4.06063888928288,-7.5632159953823,4.45883860736346,-10.137789993156801,-1.9437031030238998,-1.4860319970025802,-1.6327544179256699
sub-0092,ses-03,run-02,cognitive,LOC,279,cueH_stimM,19.3647608613013,16.5426838841026,21.4301534191841,-5.372016227119611,0.37795945311080104,3.0259636389883595,5.6286378600325,12.851516241577698,16.4914784562661,6.87533212716452,24.6428880420435,1.75138891889921,4.83934135420591,11.025557866315902,14.3154342784159,19.513288442630802,18.6357972241483,49.6449805828782,3.52756824716098,10.249882757142698,0.580067371634163,15.505585505503301,2.54909721600784,17.834266908218602,18.403841029959302,12.7822248570867,17.5542353605716,5.20796669367413,18.7265183655818,9.07813202509299,21.577822386810798,-11.7264017526635,-5.93814608801507,-13.296714523138302,-13.7271619818068,9.31362729825594,-21.532281428982703,15.3674504736217,-20.9198687292843,-3.4630141728778603,-8.70151461820975,-11.626084275562599
sub-0092,ses-03,run-02,cognitive,LOC,279,cueL_stimM,2.35307364592287,-17.863757569521198,8.23107804132088,-10.888708780489099,-2.87054439257569,3.97184385271056,6.083418285890501,-10.551551902397,-6.80790011265783,1.18310018688742,1.33706656041077,-5.64939463234338,13.959079086471199,-0.8233754118135609,7.91091139645882,14.4064822281761,0.40587530465835703,11.1151267493802,-8.13682552867165,13.1448379783462,4.80934569208975,8.563616925272349,7.705220087349531,4.79320368800495,11.961008024544899,5.13949073926032,11.5726408139276,-7.745513841445451,6.7458954766011106,9.56341430097807,10.9154562059958,-6.35575601202099,-0.641933344187594,8.56789467447795,-9.986678710807949,5.4823609293173,-4.27132189543995,-2.72252595803437,-6.78422672587356,-11.1872655657129,-0.0671664714938416,-8.59672747236474
sub-0092,ses-03,run-02,cognitive,LOC,279,cueH_stimL,9.322047166071052,16.4903988959998,11.4390083825005,12.4486705282238,2.1233240758198897,-5.056191704702099,-6.28647263680383,0.498725275471166,-0.322625957066787,12.2962103660204,0.00444747804999857,12.6887297999964,6.57157868495809,19.9116307718295,12.93268771935,24.086030533525502,15.5445162706177,6.87995366599829,21.722775096346304,5.9827941757119,12.2444393877931,17.6846414015385,4.0667067016028895,12.9959551289088,-0.398106117395132,8.88708526892062,22.5592804431068,-6.869585995454449,1.4751094618793201,-3.4790959134021606,14.5116709242975,-1.26604207942555,3.77868929875514,-5.3439466477189805,2.88601356404375,-5.19373178358668,-7.1646021811204506,9.07516981818955,-12.015202504622,0.264770527670464,-21.798524370678102,5.87999443851647
sub-0092,ses-03,run-02,cognitive,LOC,279,cueL_stimL,-1.06188006604928,-7.514393538431751,-0.31152749611822494,-12.6880066315985,-21.271464427111198,-4.85502045734964,-2.60392697833031,-12.0737721595821,3.83939934930048,1.53733206188887,1.3647998901175,-3.2365150520222206,2.18558006324103,6.62814282515535,20.0694241601378,14.409745382647701,21.4558842826586,12.556986088250001,13.274502528166002,19.935800204022,26.1133431893078,34.6516055591735,36.3223448107045,19.4438968982326,37.747996146739396,12.020472500794899,26.7763411210738,19.3860597982353,-3.5842074591826805,0.986032965314067,4.6628033727073,-2.7705355843878197,6.315900854715,8.05954232697799,-3.30974100463979,3.54506977881359,4.5859941332042,4.82145751952207,18.194681428768497,3.44148933929995,3.88363126729576,26.832506128133602
sub-0092,ses-03,run-02,cognitive,LOC,279,rating,-1.87899744723772,-4.46456374544851,-2.6802668798492797,0.380732516562375,-1.29316596616654,2.4622274770917003,3.39676095032283,0.9987837235054492,5.14572253573848,4.91314471448765,8.04347125539763,14.2098880601231,8.04425135977444,16.1811887027704,9.40806753675422,12.2190252412944,9.51618588032485,12.9109942355914,17.6184435199423,9.73538308616683,17.9284045389627,9.676591403217731,8.28122176094949,3.22622162992458,-2.5684644213834,2.7549185888788505,-5.79819467403114,0.30012257091971195,-2.55202608427134,-0.629069846682823,-0.0285410204520453,-2.2261459817694504,2.90016284695147,-6.08813044896341,3.87956609102181,-5.326912001602469,4.800142248272111,-0.5812773800544,1.5295834202265302,-2.35541669177235,-6.403368426888889,-0.7795943387251221
sub-0092,ses-03,run-02,cognitive,LOC,279,cue,2.7980488397099,6.01929813557537,10.0715452869732,7.404467092700419,8.08647613002184,1.8056667747457702,9.22816870330888,3.1387215623833002,5.85738342827075,-4.21254781629547,5.750592746097619,4.8719267738392595,1.30126076104461,0.0131574744016163,5.596100896839481,2.54029882766433,3.1919502208944,7.3096719391154,7.12653389765934,1.4252847048918997,7.27812967726359,0.8639418997786729,0.20240051244745103,2.07007979686322,-0.447471280524274,-4.13367309125195,-5.13853384789361,-0.453275866692927,-6.79246793181159,-2.29115181195252,-1.10282045226481,-7.146083054131839,-6.94997978075408,-7.549278758451941,-8.92442998718481,-7.07133766819013,-9.2492266176125,0.849555032570043,-6.5326955569467104,-9.87836720586066,-6.7739208895198395,-11.405179184939598
sub-0092,ses-03,run-02,cognitive,LOC,280,cueH_stimH,-3.7915589698357004,1.00351532304464,-6.44397657792029,1.0051097574585302,7.609312752292531,-0.559493765359879,0.24807621504578103,-4.5664097021774195,-1.2134862148240901,15.4274371037571,9.302637790925118,19.669890210020498,10.7166756659389,9.258845756013471,6.4563243372007095,0.0922853031902844,18.4174737603539,21.1824994375814,22.795386433551197,18.2612419785032,9.27589468370532,6.080272279306881,-4.486007002562459,-1.2190210711994398,7.009392245039179,8.57508905515791,6.8708788813372506,13.344724704402301,10.894298695001499,12.499067228393303,-0.305964915213269,12.995993079672001,-1.96683479069623,8.03251151279322,11.0782552953618,9.03539996024458,0.0409784056199314,-3.84299268591575,-19.16938890593,-16.7688156907745,-27.7174316973095,-1.9316582947360101
sub-0092,ses-03,run-02,cognitive,LOC,280,cueL_stimH,-9.93084842466822,-20.413458462767103,-19.3622679069332,-16.1683484057119,-17.7430521965697,-5.63813233673508,6.06348919809808,14.6703413179303,15.4428415145515,23.069979537672896,28.693676647017398,21.186099774143898,28.8303505193083,28.311214405261197,29.944052879460397,20.5686580426796,21.462718703468102,24.3373017401535,20.932415054465,16.907773439372402,22.0432841004912,23.2646511882476,25.1287866421801,19.343931712268397,23.1800519888052,17.801106713988897,12.7975790677766,8.216456872741091,1.63792315108124,-9.79220714813316,-1.5349424285981899,-12.8940668485304,-4.6712932469613495,-13.298485116296598,-3.3010843127445497,-12.970558439997198,-3.61315575639619,2.32123197286902,-10.9902209640893,0.942979995122728,-12.9035975314018,-4.889843009234751
sub-0092,ses-03,run-02,cognitive,LOC,280,cueH_stimM,13.150367593739901,10.745758991794698,4.00731774636334,-5.79725237682564,3.35289628507156,-6.227642131572651,11.4841971198655,8.12403332721853,3.8517782832123197,2.9628063331282597,6.2526575984104005,7.996599750067849,9.01281688473634,5.2856450991105195,25.287727418098896,22.585610393643304,27.693848944372302,13.1722529069841,4.04383796976456,0.730195228880461,-12.3072338928102,11.964295573167801,7.014951765412179,17.920064522719397,7.95423265919253,10.092938652642301,17.0291727740843,7.1749620843426,11.112007922325098,2.9724333378330297,8.48795953619447,-22.6961889282689,-14.7855280280667,-7.047182786800821,-2.28527419634116,-19.9536888843616,-8.0928000902713,-6.800662372124861,-1.8597653044164602,4.17828574291539,-17.367607254071697,-7.34895189581718
sub-0092,ses-03,run-02,cognitive,LOC,280,cueL_stimM,0.557694293059647,1.40993303446989,-4.52622321099292,-7.11719192107781,3.54905020068734,7.360727047587059,13.2402772811826,1.01226134620756,12.5886248593396,8.46523112340201,5.38239483222262,17.1843603694117,18.3248411699807,15.071073362611198,21.0801964992823,9.941377087338259,18.151981200647498,22.365239502327398,11.8615264257497,22.27069515508,8.68763994816675,19.0170284751326,10.378195673215501,21.8737006740143,7.89222660216459,11.617727643317098,-5.0726615514145195,-8.57124649083645,1.31973625469712,-1.8473525128711399,0.40506578527504206,-9.844319557634199,-7.38531093408105,-14.023209723434,-11.327537909880302,-6.047846545820299,-7.4565416678837,3.77903819729575,-9.534269489963052,-5.32089242909094,-3.41464002184936,2.16382343586716
sub-0092,ses-03,run-02,cognitive,LOC,280,cueH_stimL,15.3931089287891,22.827053231886396,18.2932367778157,25.634968059105102,12.2220112925266,4.24007233635673,15.966073920015301,4.12636527431575,13.0821165478557,24.658841727171602,22.2777718241535,25.8886815128436,13.970184635725902,32.3836080979513,29.244953017309697,33.1223349402494,31.942245002674998,28.551822025222396,21.8286854315837,26.083121077949702,15.197221292691099,10.7190500477554,7.29825959556407,3.33641347277605,0.143706914442908,7.79475427805068,-3.76966442026788,-3.21183612539086,-7.84664632214944,-7.4980893391420995,3.50653318568439,3.36385740095416,3.55060936807903,0.106054799814501,13.5118196453443,-7.12669528240646,-1.9258373780170899,-8.60988118728418,-4.6967027343540595,-4.60733054194741,-6.94354639053254,-12.533657222742699
sub-0092,ses-03,run-02,cognitive,LOC,280,cueL_stimL,-19.3339728189118,-21.2877742543734,-21.0218077542793,-33.1996151416467,-26.6005139356459,-18.890119439084998,-11.0147409961175,-9.74949018571148,-6.201157000895389,1.94779458643535,-0.8569972591924109,9.86702240402308,17.8767231031985,20.486226628373398,34.3763216361583,27.425853331405698,30.761126603770105,23.988511524910496,30.5960927870684,32.079645803083,28.122653465443896,34.1688117582474,37.423171789893,27.387275708912,13.700488791904302,8.922338636467801,13.4246730527951,-6.867125147296719,-17.9465212402995,-17.8689373629318,-15.591709970101599,-15.083378857035301,-12.2740081687064,-5.07338359944979,-6.69939199454407,-12.649075880782199,-7.19961548561272,-2.03638174531046,0.692814118236583,6.3131172464730705,1.0985274641990301,6.867886043537919
sub-0092,ses-03,run-02,cognitive,LOC,280,rating,-0.206020689838404,-6.97230445374952,-5.444841845639981,-2.8542040987777995,-1.76318746653072,-1.67748735491916,0.353676479138356,3.7280164452543803,4.40623304145876,6.312465540068259,12.9044149418355,13.5255066198719,15.9878111874524,18.3992456337965,14.3338244021879,16.8631229718841,14.051782573492698,15.725309189011801,16.4066129640543,13.535689802448099,13.143325467409802,5.11148801552369,5.0709087402682504,-4.412702389811111,-9.00706293876458,-8.48934607031735,-12.844234840888,-8.37540336740522,-12.0687961453687,-6.0379969050182405,-9.55749268860858,-8.66759481311731,-9.80546850973059,-9.16581824197667,-6.88714735819894,-8.32791586715916,-1.5946048154435501,-8.087683142744401,-5.9953336443889,-10.0413711186515,-6.418901412428791,-6.78815123949963
sub-0092,ses-03,run-02,cognitive,LOC,280,cue,0.536579123531116,2.58583871549576,5.455425414293719,8.21065171517442,5.90293254077407,7.213007573798441,10.943982678468302,10.565940688373301,10.5906828269444,8.79081782187064,12.054084645903401,7.875900952338379,8.310731096642881,13.4543411374469,14.065156471482101,11.292019142590199,14.098856503959,15.5852619992886,10.3583600822457,12.726498330455598,13.775819268683698,10.9675787925111,8.71814770958925,4.34352268869148,-1.0268949480665701,-6.03922972749208,-6.30495188178983,-4.9963472590639695,-2.30051271275003,-1.55379739112524,-9.56416909182499,0.550881621777486,-7.47719343745708,-5.43470631869691,-6.392181792165211,-11.092301667495,-4.09257763386071,-5.9386965543292805,-10.4203961088299,-3.51823655594977,-10.730127907174198,-3.3725684623740095
sub-0092,ses-03,run-02,cognitive,LOC,281,cueH_stimH,0.8855608178354859,22.7622249229802,2.7544962556855,8.94199090521092,11.334314943659,12.008102384107099,7.147395172501451,1.9464625648653,14.107977927260599,9.72838622439548,14.635912857132599,8.36770098071761,4.63444970924839,4.19069794425281,-2.01069712477953,3.08312747319121,3.15932485130824,16.8247160344458,11.381516036031899,7.19035320522637,-4.96717274200108,6.99704092616425,1.96859816494123,-15.008716888125,3.92371972201654,-4.40732815882108,11.320393744425699,-6.19822636572134,1.8140684383569199,4.08255747077921,-4.58316762178299,-12.4842952565414,-20.0446392516992,-9.520351768380928,-2.10462324013796,-3.23501602417467,-8.30190164981758,-18.1770114665571,-24.864245798916997,-29.880213518243103,-31.3493776530791,-19.8886165662124
sub-0092,ses-03,run-02,cognitive,LOC,281,cueL_stimH,-16.5584666981317,-19.1563338397196,-28.177432740503804,-26.237010097024,-19.207305678372897,-22.440550052063397,-13.170737256334801,-6.189834631614,10.896755850575099,15.005308073532099,-7.825433200672309,12.840747672878198,14.684985450804698,16.0207563127665,7.921558474675651,6.787400583691549,6.426930275209401,23.907648366017998,26.1602054615743,8.08870288324623,14.9207524044624,28.958137108766604,8.95936407498186,12.5182909976793,13.943162347811198,20.283995937225804,13.8868656653537,5.56113386375815,4.49973551071076,8.1683128258596,-11.695237743052402,-4.2138499676238705,-12.290807896870199,-23.6769891576233,-12.2171993456619,-26.778316018190697,-6.12634620658531,-14.4864283837109,-21.872093343228897,-6.92570407086509,-11.5124204223843,-8.24983077767907
sub-0092,ses-03,run-02,cognitive,LOC,281,cueH_stimM,14.162939756763599,12.6406548701579,11.591659115113401,3.6005502061663903,3.81837880699889,1.52681816343117,2.58584312873966,5.467263841711089,-3.61539842480893,7.918974636037871,13.407480340764899,3.39926463211682,-2.7432616985687406,20.949759573073102,17.387553312,19.444848756960198,40.3233933947294,30.2402113828688,10.0144407931193,6.79976484494941,10.7002849588923,20.068682528691898,8.8992313748331,2.32009348753859,19.261152823923602,7.46772241742058,14.695506086445901,16.4932670118659,18.525746680008602,0.103046912292396,14.5767641214991,3.9988043323840805,-12.4362032817006,11.9873619875018,-9.54415100813824,-2.7061810751005604,-29.0756291958252,5.423312541051849,0.275451450411222,-10.241770920084198,9.607040413290079,3.796112301427
sub-0092,ses-03,run-02,cognitive,LOC,281,cueL_stimM,-12.714863843603,-3.96994491012272,2.47429811992063,2.3716240053682403,-1.70906622285905,10.368582085174099,16.1892801767167,-4.8432836021255,12.2603050803611,3.01884626039946,10.060215998578599,16.350057213934697,20.4754340034244,8.16273512170354,20.9183670929926,17.0001011043112,23.7518963447501,13.5593534450229,21.197092437523,19.5385939078617,12.962835618668,10.7049079972413,9.348869677569938,-0.53856294973146,11.4754208250284,13.1437843001179,13.355000673865499,16.701541715678,25.8823642092736,6.204743011686231,4.15245223955684,2.77757780902481,-12.964855699319598,1.81180799769501,4.030395090184,-9.240111139681382,-4.56015134487861,7.39742213349996,15.5725104284302,1.38433079669285,9.643083359618801,5.757042702459179
sub-0092,ses-03,run-02,cognitive,LOC,281,cueH_stimL,15.6667386746863,8.34157990231252,9.75769878578444,6.90345189832409,-4.5694164872644505,-0.65809324261696,-2.47283472098831,2.1574485754011796,14.341594342151101,4.30248338252329,6.858724405236651,20.4620662461615,5.88729810688737,26.269104348870602,16.4357846283847,24.676650693120003,28.8911049128757,17.3220149559241,25.010406449176397,25.2399723682997,25.021842242974895,16.4436819486093,16.147285923550196,3.28417416196375,8.416035140326871,-12.4058246274744,3.90286777772206,-10.4534487604045,-1.3033498956314098,-10.0932951580494,-0.10775947340634,2.6821219288443596,-0.866248708697043,2.37908511304802,4.60686811210912,5.9207300078663305,-8.25304001183693,-9.772224258390539,3.72719048244952,-0.824687656508871,1.2876757786500501,-2.03379760968021
sub-0092,ses-03,run-02,cognitive,LOC,281,cueL_stimL,-12.828489308698499,-16.128693108786198,-19.995522781552104,-26.558087042774897,-27.352375537373,-14.4774641395765,-10.0542781956492,-13.7728751442505,3.7457259253165605,-7.330936851414009,9.36376880679521,1.7432694695213797,3.7723300425287905,14.1395044377139,21.8236604437709,19.6843194115532,3.20956596066853,23.3117416802414,16.586989603380598,31.2915424664195,15.255419480722699,38.5202622333017,26.0050038885352,22.456958738714103,22.6755159773798,6.441243114437691,20.9926684625142,-1.30602436857895,-9.176746821573449,-3.60021060711254,-6.75885354725439,-15.8777371989298,13.3330934564821,-2.46729153711446,10.768406062442601,-1.28685877810227,2.69759534394719,14.675499942309502,8.07172430350585,-9.22680622900822,5.491575664538651,-3.71663229866504
sub-0092,ses-03,run-02,cognitive,LOC,281,rating,2.17592008942264,-3.3227761834621203,-2.1820235635258003,-0.00104270691490171,3.2773205608730502,5.622260839087581,11.229218361904199,5.830268802019369,11.877356365029,8.008764440149111,10.0151104320455,12.3642303745436,9.027089247942099,11.9774163778089,14.9949938064453,13.0024792176141,17.855045887680102,12.7460374872706,15.4632068770543,14.435868111333301,12.5230756208761,8.78299154754872,5.52025911992395,5.02475775698137,4.53484896349005,-0.26332174149971804,1.35190837300104,-2.23442028770284,0.7995627382948219,0.437883070799902,-0.0821960596208718,0.15066736459425398,-2.81786391269803,0.624346686445006,-0.391248998937527,-3.18869458252711,-2.70492789792439,1.7760763614980801,-1.40003631703668,-7.93115218198702,-3.14954856040337,-1.6039234030995402
sub-0092,ses-03,run-02,cognitive,LOC,281,cue,-3.2092152929338,2.5801028844887997,4.80494446656993,3.43661909738999,-0.11735963878377902,-1.4622325224377701,-3.86824804249554,3.05492795447442,1.7922005957464497,5.8932905105145,3.65730502225146,3.64494221908283,4.812486361372099,7.513673367846861,3.4939002318770402,8.04844408520658,3.91591035221327,10.503945369902901,9.431589111255528,3.4217947687952,6.59408550613614,-0.30339178617970197,-2.0912645533335303,-8.22174807306993,-6.69459620556303,-4.30248296680157,-5.19120170629699,-9.762587790550562,-5.83701809025816,-9.99233365476514,-3.99010703520513,-10.5767593268445,-7.103621026099651,-4.027606137753589,-4.12774314408986,-7.71737702546672,-9.467246570688301,-8.50490220008454,-4.593859996445611,-6.34317729255106,-2.1449833750808103,-1.6133588873675901
sub-0092,ses-03,run-02,cognitive,LOC,282,cueH_stimH,3.1382775150104902,-9.91432510793641,-2.0233420546519096,-7.82646425481284,14.4644464811294,21.9229580054554,-8.62226235392301,6.85126733852182,-20.0850154133497,-2.2655188718519703,0.512105843996936,9.618366316562259,18.6648586653193,-21.2365628286844,-2.7061491446917003,-19.724569770892302,-10.0409731250544,-2.13050109700145,13.614692309346198,17.291640312158698,7.6853323263898305,3.93673129955902,-3.41559473489203,1.74056059732478,3.5996976562406005,5.454907950604549,25.726821321967897,7.7038018282597,26.7463871124159,9.65816299168755,15.208670613319399,3.3351250295369304,-0.40990191145479604,-5.26440217656945,8.26632878719352,6.63403441987831,-1.29431026858938,14.8103645429631,-11.7069282137582,-5.60594400761087,-20.090107808903397,-19.383206396284898
sub-0092,ses-03,run-02,cognitive,LOC,282,cueL_stimH,-9.909522850084938,-25.1851130453931,-19.4481242596237,-14.222371450342697,-29.1788173091514,-12.399787369317801,-12.4335541697615,3.7480304439431205,5.2549913512166295,-4.508364496697371,16.139266147030998,-0.368079713900467,14.3633079684153,-0.5014734047057581,0.48625131108113706,1.54298505836363,-5.9541827230386195,11.081372169440698,9.9134613422668,4.7103279901414,1.5887301327557701,11.7035098179401,4.74014494355457,19.9304807938227,-7.21700286322816,25.8336694805208,7.03909833634833,18.826179555747302,17.8881688579768,-17.780776598299198,16.6896592529488,-7.247568091325211,-1.99776215955022,12.1324123963651,-13.5489249800964,18.371362750463103,-18.373500742471897,19.593735594241,-8.66268014235111,-2.15508946709862,-10.2389408287926,-24.0640860163445
sub-0092,ses-03,run-02,cognitive,LOC,282,cueH_stimM,22.0732845409925,16.7736144111678,35.4577107255476,1.07049518953735,13.1868202123257,-3.4623063670158603,2.17942405833183,15.2483760219753,21.0558645071459,13.9589668853862,8.52104427856273,5.3168778510889805,2.8739451278718002,7.987042140567911,26.589677493948898,26.4033000700987,5.47252428660465,37.0038814287902,7.85379527151461,3.704749103574,9.61845378271169,7.427366392146991,6.54002007798779,12.051671059509498,17.813011181691397,6.97024378156219,42.1433031037941,22.7206654278607,24.358911075499396,4.7738483445539694,28.6519528731876,-3.12305801093512,-1.08857457198774,-1.7327655938784399,-26.9041941785784,15.2982881425394,-3.4885847420798397,1.22741195844704,-2.44982611255381,5.9558127662488305,-17.2223919481435,-14.7468592076735
sub-0092,ses-03,run-02,cognitive,LOC,282,cueL_stimM,19.062662588513,-32.4918050214889,19.5057608580396,-10.999719568482401,8.00220166756462,28.1214875436938,5.84804497933121,6.03819223432163,-9.425776788848868,-3.80443991841708,1.82282760616122,-4.427800668523839,12.210387443622501,21.7639337834456,-19.4144926991172,21.5218433529775,-10.8368412041457,13.3901566887535,3.2202029825037,3.5356362584161496,18.919929216148102,-12.666867020013402,12.0934702668802,1.9920811820736497,8.114696751753879,4.49397793764602,23.8157153283214,3.2494750904303396,20.3837643886546,9.65101974331604,11.789102461047001,-9.8154231535709,-5.003722879314481,23.5243399535371,-5.47227760005288,8.13954698595114,-9.16451998332508,0.4536912207766621,7.936937202955919,-2.32334394337334,-8.214156682961661,-11.397365883578999
sub-0092,ses-03,run-02,cognitive,LOC,282,cueH_stimL,13.8922285157395,-8.812652361070331,16.831805946396898,-6.70160066602562,10.0860383262252,6.11813736413525,-18.8378396478213,0.784599401358181,-15.538429048322199,29.193921705661,15.9905621800985,16.9736595627047,36.382111411901796,8.84768060808307,21.5884607563852,39.1979054022271,22.1225273554914,29.909685380935603,29.2287697587568,12.2812332074266,5.4295570893336,-2.2180133897876404,3.11052632966019,2.65259452776293,-5.63046516018587,-14.368817401089,11.765658327240802,-7.0912241118839,3.2438560948520396,-24.4695373653131,0.799250771640004,-15.4408897141853,5.3405675117173,10.8357895767805,7.51651113277778,6.27843754229118,10.0364051565001,0.49611633960744,-15.4935896016047,5.93399883479796,-36.650476809889604,8.19786531537516
sub-0092,ses-03,run-02,cognitive,LOC,282,cueL_stimL,-7.36750215925722,-17.3089144876976,3.44784711056988,-29.924821595058,-13.9524307595138,-3.51249402802815,0.198033161187305,-6.70466230520529,-7.37641244381521,15.5768898485407,7.780354678041951,-6.215983808790329,19.971996641064,6.74780185190523,17.2311530531548,-0.284213441737164,-0.302962421913803,3.40466773976608,18.2137281937471,16.8129821946679,22.016114220197895,9.723302336334699,27.767938359387898,28.447189296798395,19.3891652580795,3.5768544796941,12.6088816518202,-9.81886565211508,-10.788983495302999,-5.35016534550468,-3.7079102965477904,5.61408829705624,-7.46272112063306,11.955848343078001,2.48446957457287,9.65599740847302,0.11363802918043402,0.388110499356363,5.72488707711948,11.843831712331,14.7680590627389,14.1894145588071
sub-0092,ses-03,run-02,cognitive,LOC,282,rating,-5.481752071889121,-4.28542007562264,-4.90037895473469,-4.39204126547355,-4.07789843345201,1.8484598932915801,-3.29378017200512,-1.17823856314677,-13.036808249128402,0.555894817993837,-3.8866000928485094,-3.1132109197539704,-1.2067681480128,-1.88219688852436,-2.00312289295608,-0.435381475631225,-0.180470603722338,-2.32519623413939,5.24979503144212,-3.38365764380448,6.641733893159831,8.34220116630252,3.88927161929919,11.6132873365745,-8.03527294505044,4.03942546611985,-2.10045834413654,3.68653202663315,6.8621355556325305,-1.9204096837836298,9.729419739372739,3.0441207575728,8.60585019413293,0.19484556466746497,16.133858893287197,-2.4744113611867995,4.28908680229097,1.7472509683586699,-5.568252080925781,0.33326280954803306,-7.24090481931046,2.17453254480025
sub-0092,ses-03,run-02,cognitive,LOC,282,cue,-4.75832898538595,5.777005507234371,13.384889374079002,8.38055176612692,9.97087556891642,6.817769754340779,10.4265073369574,4.26356954634473,7.20490051204423,-7.97193363101959,2.68491989745417,-2.4949467168524,0.9300030379985692,6.866905161036169,1.8680272419764599,5.45031332486406,12.403990394927499,11.4609110230498,12.1053592440518,9.52915164486925,12.704442053405499,4.32601552743343,15.294830487708499,8.06217339197568,10.5078373461762,5.35714306164033,-10.2853892348419,2.6039782310865496,-11.5550841441131,-1.12673612884133,-8.335097463685841,-18.1120495439582,-15.7282772941211,-23.446877709333897,-12.9133495283523,-17.606276344664103,-23.3918187113678,-5.60315638670982,-20.9638860712104,-17.3051333165477,-12.5812138875316,-11.409248253945801
sub-0092,ses-03,run-02,cognitive,LOC,313,cueH_stimH,8.82952933226735,20.132304892447802,3.36619755509538,3.8241573663677597,8.94367905441177,4.36326811741973,-6.130360666157111,8.74789029277444,6.96138964076257,21.5884314195429,11.253430435803699,22.2876558315225,12.349156603747803,8.616887241410401,18.0244211731067,8.075087053084179,27.453628632098898,20.3397490751738,41.7350850369649,30.822844327240006,24.929899579225896,5.926736509035409,5.1302455069139405,3.1765074095107697,11.808045049370898,7.08173983891832,1.5497905189066699,2.02005794284779,2.1124394161207802,-13.012610533522501,-10.421526675453801,-0.992863394486157,-9.18331540239354,-8.41125493368428,8.93870032899596,4.92159593242722,-4.37742413040137,-2.67447517510544,-13.409716615791302,2.02266103533575,-7.9534638564897,8.43132111822394
sub-0092,ses-03,run-02,cognitive,LOC,313,cueL_stimH,-10.918582034261998,-8.21750131365108,-25.0294886046389,3.68823084694469,-20.141770617974302,1.55314211042647,-4.7478370976148705,-8.93563499012352,13.160052083287999,-8.13776083209421,5.9210409638619295,4.59934759287051,14.722685680835301,14.043987698591001,28.7090984045007,26.645152312662898,25.2319821353196,28.479578472311395,31.3198895044422,15.224499011354599,32.5075255923513,30.3039650345501,30.555058672013303,29.5051284838435,28.361811242925896,21.6028231682793,23.0434360353586,13.9784984880523,15.7906605828999,-6.6786349497158595,11.3525343708865,-5.785060546752571,4.07115109375602,4.75448050180145,-7.323948697100151,2.06359775015477,-12.71673101905,-12.278712027262001,-17.310301574919098,-11.925708207877701,-7.99442169967986,-9.28247540339222
sub-0092,ses-03,run-02,cognitive,LOC,313,cueH_stimM,9.52648403563225,11.494756372114901,4.674774152980599,-13.3556307180008,1.0070963432253701,11.8486639458726,8.887010405696609,21.0078946847295,25.799392217292,-3.62826438140319,25.541691645216698,10.795368638266801,25.4649359094553,35.5615561428669,41.1156942985977,37.5433620499751,31.483732163776303,39.8469988220307,18.127690328348802,14.9545504593073,13.061405489161901,25.079920161072398,22.232273663687,14.8882357533791,11.965965371513699,-7.13529785413717,7.7877995180010995,-2.64028541764378,7.3619485454839095,-7.56835292122674,-8.63111746790082,-28.120105540616798,-23.0867913520715,-28.677345827129503,-41.7806946831524,-18.335573817941,-40.00018962352279,-7.8011097019801605,-31.096459879538997,-10.6186844034548,-13.061072965499699,-6.96643077621687
sub-0092,ses-03,run-02,cognitive,LOC,313,cueL_stimM,7.23303138700438,-8.13249682159546,-1.1835444757998201,-4.87948130914945,-5.377014509956089,-7.23439615915845,9.07642209865351,-2.9402855566277997,4.13070898891211,2.07304670067182,7.4380153557698705,-1.6168427448483202,13.502409927740299,15.8797012897601,13.6971103822153,23.382537820847997,16.2415914731207,30.063202656823897,24.3293821872402,25.1254946067776,30.884555551924,36.7241171479136,27.4261513671576,25.1128291388434,20.2437567641189,28.619540368958898,17.7379185678534,-1.4202021502033702,15.692700561074199,-8.27700024030817,2.3076027374072003,-7.50681278816404,-5.50708263093448,-19.9371347614584,-32.20896946749,-11.223694911288801,-31.1855929146517,-17.898353963200897,-15.819243433387802,-27.67965869894,-22.8860507914224,-16.2430523607254
sub-0092,ses-03,run-02,cognitive,LOC,313,cueH_stimL,3.7905307515947095,-2.2867696211067097,-0.947966765513582,8.95359248545077,-2.1821893434587403,-6.856138786339019,-10.171646659172199,-4.69911488395772,-4.75350723342453,4.234967835177271,2.98113664128606,24.500873322483102,21.6653222101035,12.376922413306401,28.1143555512494,30.422289833562303,28.3404184852322,30.8360681382102,31.9744829718132,26.2867368413815,24.787368985560605,29.721145282419,27.602536202927297,23.311027966273198,9.677495659913529,4.57419823276362,2.1066462275259297,-5.015495601494,-6.91488834476384,-7.155213132625951,0.831459068818226,-9.34172341731539,-5.19225420507392,-13.0723146625261,-4.4300458594578895,-13.021233267125401,-13.9834216352456,-3.79771938594586,-2.4641009733159303,0.36543658692336606,-9.52092071739309,10.5233075658814
sub-0092,ses-03,run-02,cognitive,LOC,313,cueL_stimL,-15.493019406594698,-23.2392721155345,-28.4824255977876,-18.7452676913686,-26.0620816053023,-20.2097977613031,-10.9497677271559,-1.46785696112774,-0.32258466399863595,9.22354716624574,10.825051132806099,15.718419299935501,20.2927915459518,39.707791182381705,31.8822431403472,27.029684474035502,25.5802484098812,37.847613482994596,27.9452306238451,32.6595602666863,39.3618692270843,34.7317928112128,39.527495091942,40.8300767567673,28.342887858014198,31.5325977763594,17.548985499193098,8.485064288970081,-0.6962159893014039,-7.383592857899539,-7.607771572747169,-15.055639147895501,-12.000876612792,-2.68417081808136,-12.8174239466474,-9.228494642173118,-14.6516178333974,-7.69410504248839,-6.854953541783219,-11.260677453640401,2.4158497595579,3.47567469871068
sub-0092,ses-03,run-02,cognitive,LOC,313,rating,-0.19821297849174302,-1.0685905104533702,2.4837071234547405,3.6719662491606004,2.44766841315026,4.8222787583388005,8.76468449742425,10.9123000349422,12.639857215403099,13.2417035357474,15.3613890310233,16.2346899217215,16.016208217081598,18.224904843747197,11.0547344842014,9.814535400966001,12.464884437102699,10.1126502962688,17.4301699308331,9.54270279571094,14.1907924724105,7.14809826743086,2.07841807636877,1.71907371467592,-5.539926732348981,-4.23512475424858,-6.828927142382129,0.0595019097535801,-5.53856834822925,-3.6465973751947898,-2.3226163284897403,-4.88386506230787,-5.780570471585441,-9.50937054759564,0.342137109305152,-7.1436159094041,-1.61062574497766,-6.75775090694895,-11.1461027130456,-9.446135835189919,-11.0385973109593,-10.172255940651901
sub-0092,ses-03,run-02,cognitive,LOC,313,cue,2.26076452799611,-1.10596276473833,-0.335167226675219,-0.34060730275391105,1.64863431113711,-3.6429763044362597,1.98641654667902,1.14201404687142,2.01479935157096,0.25577657635320605,8.07449727054209,7.7082969787366,7.24073263099197,4.02234286890984,4.20214658043437,5.172362724008621,1.6222442750626698,8.988680020975302,4.75274305132146,7.8934813982891905,11.590764144815399,5.057512610507651,9.88219035312548,4.7987277146738,4.67057779490425,-0.141902494135373,-3.9399112487067995,0.9783708517023559,-0.7553942077358771,5.0486037913910495,4.08985901856096,1.39244831686446,1.3554385907334399,4.1254360509821,-1.91844012979065,-6.16253755350034,-0.648453830757526,3.7636413471857,-10.4642978150166,-7.7247605827072,-4.39626849075263,-9.85642567891029
sub-0092,ses-03,run-02,cognitive,LOC,314,cueH_stimH,-4.20444907572964,-16.755219954734198,-9.40828202307738,6.419761267062969,-10.4616563174985,-9.00837115570011,3.03105257390922,-5.64625601985432,-3.54765610368209,12.903955066072,3.2831499327780698,14.3897592340871,9.290310373446339,-0.910408477321168,-13.5932091910444,1.69119655064587,-6.149917956599849,3.37084012957948,8.59728333468397,11.1555278041261,-1.4554451818003702,1.0245034113796399,-3.1445776456560295,-2.7649518256521297,-14.736685656072199,19.519442062383803,0.303058059737362,7.9171143690641,2.34655348662459,-5.2977026982947,-19.2082356586068,-2.91377492306192,5.93008242346212,-14.1256388623891,-8.82787809083043,20.4048436145299,0.111920265304607,2.8839390557902598,7.480142966489611,12.270729782918501,8.9829692866294,-11.781031524860001
sub-0092,ses-03,run-02,cognitive,LOC,314,cueL_stimH,-4.2431695385064305,-15.357124979995401,1.42827005189838,14.9593090540535,-6.69992035221874,-0.96827712010905,-3.88791384098658,6.008375055671509,12.4516295689626,-4.53005900899239,10.766474910779399,25.628752382177,8.52200124641548,11.836303642913599,18.6456818667403,19.725914063612603,17.987745898538197,9.228503144642358,10.4631513598231,25.1039158145638,9.706421290792221,17.3357340771324,15.6631136095506,11.94762838882,9.69259799658536,-10.6788887164573,1.33626834343857,-7.476159538472801,-8.2258123597911,3.42861046920663,3.27361214429268,-12.2164202037271,-5.509299096712331,-14.3786407881933,-7.72331710619795,-20.2560225585873,3.1874192168043196,-4.535846416629241,-17.0718703149215,-3.3542180427020893,2.2414840975965,-23.582451730048103
sub-0092,ses-03,run-02,cognitive,LOC,314,cueH_stimM,31.1775897206712,12.363926520097198,3.75485674330509,10.003581414891,0.771820155789028,-21.2271621341493,10.2068348935617,11.2059179143913,-14.9433610290872,-5.94460371048062,-1.5685758536914598,6.28614673468101,23.2262057884591,17.689696540011102,25.506675699455105,15.243224636679,26.488430736747304,24.5074430971596,10.269556518956199,9.82520056049437,-2.6051709893717203,-11.8182798428121,1.7192009907194499,-0.0843295858119788,-7.16081950462207,0.362354494196053,-2.42184504231996,10.9769495501268,9.97147143735059,5.33453487953089,0.366392948757948,-5.831679859338549,4.75776690413006,2.03302887840502,-0.46901991074953603,4.78772568202242,-5.532752195378821,-7.319965516591519,10.040220182921901,2.9080074105170697,1.4574146505146999,-16.490177954981302
sub-0092,ses-03,run-02,cognitive,LOC,314,cueL_stimM,-11.5553870837915,4.672637118567531,-7.421082237318161,2.45657623910434,11.587312715300401,11.5090303411721,13.220426612283699,1.10117271795182,-4.7164898934501505,12.4850967930243,7.92565446259799,25.045006157901803,9.19059092165022,13.3462442949229,13.2812565461886,18.4023517279645,13.2115599482398,-3.94421224261683,21.888601483025198,1.6125550677349498,21.7244270084404,12.159844844375801,13.122720584323499,-2.29861177591091,2.4518565935827796,4.875600565491,2.47891895447181,-3.30746716712117,12.6258684742801,-5.77374577868275,-3.2425854990698797,-6.29403504683497,-5.2441707480355495,-15.7284109592596,-6.46176688935644,-15.726993558083501,-19.370797248675,-5.80194781685758,-10.450410126089599,-3.15797904751106,-8.3716556542325,-17.601290888681604
sub-0092,ses-03,run-02,cognitive,LOC,314,cueH_stimL,6.907728423378989,5.42938031462569,17.3176371731528,20.1106430743056,7.448948679862981,11.4535971093394,3.9618508565533705,-10.265351609271901,2.23253382615206,12.848891041890099,14.3672944241056,11.9214558877898,11.9604865761273,13.909558712695198,9.60744874040015,16.6640891821197,24.4981379892782,18.6542658275254,10.940913459198699,5.623937674921679,12.4776947131532,-4.5793943913337305,-5.9561416547425905,4.52288887570338,-13.956029771700099,-17.559318528085498,7.1894157326351795,-3.84826168734816,-11.290368708810199,-6.006610430353099,-2.32733082653891,6.65134281642489,2.5148440109236803,2.04278774817502,13.4687120977479,-5.72302236831,-1.19733211088649,-5.867759980121191,14.612338905675001,-6.7448834340753905,0.651874454147755,-7.25338777781552
sub-0092,ses-03,run-02,cognitive,LOC,314,cueL_stimL,-10.543875600937302,-17.0822399100746,-18.4740435090394,-29.6238474959565,-18.711753063750997,-8.52456972965212,-12.2524097004864,-18.417574234317698,-8.7943730805143,-6.44350873817183,-3.48877637899858,7.585246673235001,8.73412826852032,12.042767523187301,16.8592945125306,17.531064909018,16.5472259294754,16.828993658066,9.9674891014204,26.3551925718958,6.198472604184741,19.652434801002702,14.2376245377078,19.6270245618841,1.0411048538458398,7.65215896546558,12.292232318481501,-11.117199309493301,-0.128674059982959,-6.9408790792112605,-9.87512247403375,-11.978190700982001,-16.324602518375798,-6.77951409300632,-11.9163890035446,-12.2375542161098,-8.850429948448859,1.33509054204153,3.4349705067949503,-15.788605135763198,-7.4626537931611,2.87520498021856
sub-0092,ses-03,run-02,cognitive,LOC,314,rating,-1.08944048419476,-3.6757038872920496,-3.6557101665838703,-2.40014797817854,-0.380304494658873,-5.24973628662849,-1.4078278131321698,-4.66277648266386,-2.7520021248307205,-1.23487635897027,-3.08402463520014,0.16995653060252303,-3.96846922906004,-1.5563090479903101,-2.5989143872097205,-3.62002566386806,-4.39175736882246,-11.2397287283931,-7.5383347345569405,-6.241763407038059,-6.429534598208241,-8.31018287196921,-7.27771088634346,-8.323811974406249,-9.39840055906815,-9.715675541939788,-6.307157588739481,-9.493519785948141,-3.25859374831267,-1.3811709989874,-7.76199454732974,-1.1382040339981299,-7.49733166599253,-2.4113426696290094,-5.14229050386799,1.34286969398164,-0.7367346155120401,-6.3553847811882305,-2.7417618908084,-0.9994413434044441,-6.5020352602131295,-1.4252433731054899
sub-0092,ses-03,run-02,cognitive,LOC,314,cue,7.97047061396674,-1.6237731728551699,-3.1946623601706805,11.2021782989833,-3.5844409950103,-0.9172639189958249,2.56682506380813,6.88441379729103,4.86288623844876,2.38516329759028,3.67472090208449,0.41575262933950796,3.66205670995556,2.2408312816683,7.37925917790596,5.39832783144228,2.4212982324681898,7.195925984230441,7.095660709193691,5.44669317560666,10.213993268021099,9.74731231485117,16.5337557266364,13.603362263634601,1.43083857494787,5.646924623654081,10.801459403509801,3.33816935287925,13.4400505563932,8.73400180354379,-0.393580502829415,0.9319167648889058,5.138922986469249,3.86907651437583,1.2904019851791,-6.7992720260975,-6.33746106259719,2.86207883533951,2.19291253054637,-0.47777761228785603,-5.8062025053823305,-6.3396524204991405
sub-0092,ses-03,run-02,cognitive,LOC,311,cueH_stimH,18.2094068138308,18.3480966021256,11.4483968173753,4.40056227804222,6.212238376351549,-4.07395749962701,2.00960628364895,10.807036934017699,19.4149603419244,29.2723268420157,24.663991757786604,38.035770675238794,37.0400174808197,32.125921551988,43.1151433479712,39.961634501918,57.3382881154424,47.912974378564606,49.95690797848621,50.14160211825,23.8196318967226,18.059131311023396,23.3050580533669,11.5878991674576,21.3624255355956,34.5318972147921,15.7647650423756,5.67771311026312,-6.3856163200994,-9.62387182261564,-7.26411852032895,-5.40305348444533,-1.00482755019328,-4.35613385872819,-4.7155196818517595,5.383295997617741,-10.6137129868375,-9.79144591862594,-22.950952137209395,-3.05432856413539,1.23711993299883,4.32641581592586
sub-0092,ses-03,run-02,cognitive,LOC,311,cueL_stimH,0.9386869496601421,-4.987945330894839,-20.8392425177691,-6.6599272638924,-7.16574637423769,-2.14246812313118,0.7492029201239491,2.8567807137680696,4.25404713549614,12.3964595571196,16.608556374403697,20.9914246379106,28.8404937126264,40.420051652302,43.0892732996624,40.985362302761104,34.1430646320524,52.96479713656299,41.76635723252,42.4078213528004,56.1260826082385,57.936491011569395,61.52816821310989,56.6028082409956,48.8419348510562,48.6785580005815,44.2506984833685,26.7302081387035,31.308216737943603,6.96672876357147,-1.2548382982701398,-20.4731871364159,-10.289263211775198,-17.8562340246051,-25.117161871752803,-16.0249176831566,-28.9205863628298,-22.3516390449404,-24.4798830314576,-20.3430246266723,-26.1242816499377,-18.5525500195517
sub-0092,ses-03,run-02,cognitive,LOC,311,cueH_stimM,5.567407219004529,7.43412287714841,-8.64009543376668,-9.291433409358339,0.549688744228457,-6.138947217405111,-1.93676424222502,-2.71831035381393,15.1249658844439,5.75065428699086,13.3184772344282,14.998739261708801,25.833300278600696,39.591982759599105,52.6259407895887,47.910305366541,48.2879272591424,39.1802986550585,32.3849419085136,18.8959904623237,16.6340784732864,32.153834105786,27.7890194319904,21.6075001921097,28.720873775924602,11.9210591784986,12.137470520803001,6.29708164949153,7.1384411671161105,3.1957056723375294,-6.166330002654151,-30.4225219804181,-26.312127758432805,-23.946865346474198,-32.1216630794261,-18.9534706117724,-11.678623838646299,-14.9512526843823,-31.0201539004655,-5.585305809272809,-7.17900354099169,-17.1181392280444
sub-0092,ses-03,run-02,cognitive,LOC,311,cueL_stimM,-4.14867491082555,-13.7243031817604,-8.93670452220292,-13.8696416851686,-7.99495400966444,2.74973693971681,3.1395352157282597,7.392978045612019,8.87632824289901,9.34595193891047,10.8033748145894,9.05203470313206,7.943284753821089,24.0813312677583,31.171902886483103,38.8235852544104,33.9770503212603,38.2053564357269,39.8589540657369,46.2468012090173,41.3931283429186,46.2218555733923,38.503483813844795,39.3455914036742,34.0451835246062,25.9320201600178,16.1951554680936,19.5125225897606,16.5343765978376,4.94068359818596,2.2165618527009103,-17.001578087067198,-25.4009638055788,-30.547746292713104,-33.8449762101325,-24.752386262643103,-22.2694309513109,-25.4563526991222,-12.8796480555039,-18.1928813776915,-14.4650696094554,-10.458732220315401
sub-0092,ses-03,run-02,cognitive,LOC,311,cueH_stimL,3.02312619250637,22.947447717129698,12.0845163217946,8.843016581542981,4.16725686440026,-2.08542338100952,-10.0554939193,1.6998963953758701,5.467376706363651,27.091550593389996,18.559611224113603,22.1401930427573,22.8608662176548,39.9575474401855,47.3446910771251,51.4749356020689,47.9886047632231,58.157560405673706,42.1562093144278,46.0260104369711,43.0343959815337,40.077365808025704,33.0342969188019,27.331873550993,9.31861631602435,-3.22810147850909,-12.7302068035622,-24.7502370883217,-18.7634453688774,-14.711354303869,-9.96188547511764,-15.992533085862,4.3479826549155804,-16.5394602556077,-2.50645242945358,-7.82645770107261,-7.2086328135286495,-2.16370880503981,-11.8164996085359,-0.0602373736692954,-5.694556507115741,-1.56031560858163
sub-0092,ses-03,run-02,cognitive,LOC,311,cueL_stimL,-20.3598211077497,-23.1101329090167,-31.9894505207544,-36.2724305134415,-19.1738728427822,-15.380936146783199,-12.586253778597099,-4.3301792078963395,-8.963880033343099,13.6333862195048,9.615378966467368,18.005644054000896,33.116799339509804,43.2668619487856,46.3197476314911,27.611283409605697,42.794338922353504,50.44927937202561,55.4283574410038,57.024787455318204,54.7411260503426,59.754308018066595,46.088037429755104,42.131694938887,29.259407584773896,21.3415200402815,26.0023978015276,1.17820009956601,-5.50321141250695,-2.5059667256791003,0.7436988840036601,-5.683145618828651,-12.1225665617838,-6.16390817836218,-7.27319155279647,-17.1344725118426,-11.829240322918801,-14.1778154365362,-9.85326396731429,-5.828674097649451,-1.99755583396378,-7.48840367352046
sub-0092,ses-03,run-02,cognitive,LOC,311,rating,-4.53493816475325,-3.75684013401856,1.25459939362526,6.113803360349669,4.32170389653942,4.6927983422071,6.98632020305848,6.13176231712862,10.999529617271099,13.930146168533799,16.9647626312468,20.7861769619662,15.1428246320095,14.613075024925099,7.909384250483849,7.58022418534333,10.0958684194211,12.452883958115699,10.9598162736986,8.698007544887151,8.94837402402932,-1.5219811451455603,-5.8177166515135,-11.360897572818198,-11.129379777678098,-13.247240580648599,-11.5413677906863,-9.92155709827334,-9.27238410523208,-8.29333562550698,-8.511987540008809,-8.52559536593938,-3.1865565681822803,-7.248263097909911,-4.133805891646371,-7.928104831759829,-3.40639533670177,-2.7512185288474,-5.68992745642218,-10.167542232874,-7.148721849943461,-8.87029270602802
sub-0092,ses-03,run-02,cognitive,LOC,311,cue,-2.28179842638728,0.23419915057438698,3.2051933599558,4.83789698055212,8.59512158522439,-0.0407323681732041,4.31064440629179,2.48294823052886,2.39484046125428,2.45772404371295,3.32450305436166,7.084607408481361,7.04782857839756,5.71615928796224,0.9663464494664499,-1.35090502664182,-1.12228026107972,1.53134475431416,5.09966315729966,4.701935672086231,7.7835267733555105,4.07633027036296,2.06190619347798,7.963274189686801,4.7663338189707405,0.8621045517979191,7.613207703482409,9.735221407814608,6.70758772664994,7.8532763977221505,10.460963811518099,6.77139761740117,7.48560187470567,6.29852177324108,2.01276944756876,-1.0897652057920502,1.46385455920394,-0.11091867972562,-3.1756313592485297,-0.371568602754586,-3.69019393731035,-0.271791162631599
sub-0092,ses-03,run-02,cognitive,LOC,312,cueH_stimH,12.0044641301071,7.57125110073385,1.88566967058827,-6.082801387790459,1.8506396819425,-10.081604802622,2.6162945882893704,-7.21160581902421,2.3215848412952003,1.8940356601445703,28.7936671855971,38.3629154811082,32.0510398026021,34.4472701379884,29.7416773607478,24.0660390261772,21.228902861465603,33.6078654579441,25.508596217456898,20.302112194770004,28.2621283157168,24.579941513949798,3.81306881435908,-6.379392625374429,5.4126971756194004,13.4174400751367,-7.40251537632313,1.07635457767268,-4.70950615714321,-11.4482101177017,-8.80239274971299,-27.318020056382103,-7.159646884009611,-13.587690934158699,-7.3912830147146495,7.71341694164986,1.2341289439674399,9.127640103510881,-8.79536119148881,7.41967294316635,-13.8504827847314,10.4079232808403
sub-0092,ses-03,run-02,cognitive,LOC,312,cueL_stimH,-23.5416996494356,-22.3362817075657,-11.4972319661251,-21.102321389793197,-17.7432509925425,-19.9575082718421,5.745699515825829,14.9037021195369,18.185837706703,34.9627384446883,40.11080767814929,39.705277989038294,50.750367632598895,39.074405999496605,47.542473514920395,53.116721233873605,54.521696207945205,47.3429269367465,45.078289457432795,55.321747729711,47.317565528250796,56.188069443610495,50.965514829134996,55.3057136276721,29.503681165803,17.3308858747171,20.205828075855997,16.6700969240911,-3.2291048707214904,-15.4827838704002,-29.7438161591655,-22.3280619739114,-23.355055657222902,-39.0080431974077,-37.9550396073544,-26.934037930360397,-21.0434623495246,-24.9444453666476,-16.4944828728182,-12.7466672436563,-18.2325215612735,1.14012633498102
sub-0092,ses-03,run-02,cognitive,LOC,312,cueH_stimM,33.6851011838114,3.6393764749717796,-6.19852901883879,-20.295706446402498,-17.1371398274362,-25.513610579378902,-8.69367364555519,-23.632102649556398,1.79189886082665,-7.47425601114288,-4.95641426593046,20.1087472377254,23.633257345218396,15.2027908304388,34.926054296524896,34.1730628968671,35.1021657158269,31.697576513850002,26.714605065295896,15.4363730354755,-2.57486323701825,-1.92141262082616,-16.483293279013,-9.86195102407701,-25.8924300639963,-26.015990355296697,-15.0148757247803,2.66776623317013,-20.6209071030742,-1.21725605042754,-15.274239130002599,4.641439854904349,-0.558723724512745,-13.844349902137498,-13.9801816994767,-7.7226556928056596,6.85330904736717,-12.853969458150198,-2.40590315520031,-1.96313224491172,-8.80957173790175,4.53587655021445
sub-0092,ses-03,run-02,cognitive,LOC,312,cueL_stimM,-15.1761546329209,-15.774996113043198,-15.8155591631231,-0.46767286180592,13.282333897243,17.765917945584302,12.872535118994401,17.6713342608328,21.039432289036398,16.8083716017022,23.210492889412304,26.0114265857835,27.6748639129554,48.1745942681244,59.116749998909505,24.224932739577397,37.075745757654296,38.890768146798294,29.317552344619102,21.9007165113808,23.989381228281303,19.7329993730098,20.3622291539541,7.94352549291817,21.889872038489102,-0.296305934671651,10.5320725161022,-21.3586490057273,-19.3685564861133,-1.27759620437365,-2.3629700838240497,-31.0187945554046,-37.241656121229,-38.1494576272574,-20.382244137554604,-34.2830301044964,-24.0146204723613,1.26931060100456,-1.77291058992082,-12.3783269852778,-5.97071020572721,14.7063847777232
sub-0092,ses-03,run-02,cognitive,LOC,312,cueH_stimL,6.077116750397309,25.635827442607397,22.5315890594276,22.4618706060965,8.36113999729355,-14.4613058433026,-16.7928211009468,-14.928309380778598,9.75498082327453,29.4205671492769,23.4632807633648,23.285987795542496,45.45607078927879,23.9983903296276,53.28638901587129,54.3767055306025,60.1916148695811,52.5367304362084,47.698531886554896,45.9757605129527,26.339116263699697,18.0283744466997,-18.1741232084948,3.98337161790707,-13.4871687800511,-11.9677993530404,-16.2557544256999,-18.5118573926379,-29.816629030698298,-14.678236177228198,-13.285048631251499,-1.16229715477802,-2.3704365855276697,-0.640298149186536,1.92374780494975,-6.65045501316646,-14.7602510694501,13.7340002668858,-4.33460862717084,-15.599296650782499,-9.086635603610448,-6.052142584020389
sub-0092,ses-03,run-02,cognitive,LOC,312,cueL_stimL,-42.2498071317674,-38.1364477151382,-47.5155223699568,-37.478301292402,-33.6712613855543,-45.3532794443976,-45.462580759093505,-34.815792365044395,-30.7686192457536,-7.897719549732599,-8.94431589538136,2.9378344575744397,20.6671368955892,42.8690989777573,39.5284962714816,23.015700224052,31.6314147256114,40.373862128144104,34.85135803908,44.473478026878205,45.2918958669158,50.972873180342596,29.832127593463397,19.9215670159166,14.4408877583673,5.36161655931877,-22.885114471736603,-4.49421347959925,-33.0197503890636,-36.470739422796605,-25.0913065821009,-52.0727755643474,-30.508336177925,-30.403051066787,-46.4380165893725,-35.5194680228784,-29.3173067671978,-26.213547792789804,-23.4228467441681,-30.015169054436498,-30.8265704040382,-21.5864466624351
sub-0092,ses-03,run-02,cognitive,LOC,312,rating,-5.97738826133325,-2.58296737207513,-13.6874812664012,-10.750683000987198,0.7165146536221519,-1.8177357917501797,1.09624543517911,-0.527913497609501,1.71282805038175,3.4035258190650297,6.748000769032,2.07798301142151,-0.500183679129517,-2.7327676128641896,-6.709635547426539,-8.455961340870731,-7.82745819629084,-12.900196449124902,-12.6976928328102,-9.25215561862894,-14.0865607875534,-12.2081892843847,-20.939132866383897,-23.3149494393026,-26.7480045665484,-21.3654333658252,-21.322601876825498,-19.3215760980137,-9.83820488138805,-18.8838309267635,-16.3846110267084,-12.2330985043592,-13.946495568090999,-5.97295512731835,-12.487935090037501,-8.92886005098415,-7.03060834135533,-7.22454826631726,-6.68316825341726,-9.57213176149389,-9.31391788728531,-9.881447794780438
sub-0092,ses-03,run-02,cognitive,LOC,312,cue,-4.23044926309839,-10.866658112639598,-6.15853144765047,-11.4381612549256,-5.862561301368589,-4.62209780894336,-8.835205793274449,4.59396930220659,0.516966444314647,1.4137554267274601,0.9232553932105029,-5.496333726482071,5.20760965404871,-0.0480396031851633,1.9162848622501698,-1.1782753179237802,7.24971742228336,8.16929466729957,8.06506681524036,15.7434334443478,11.1553518966941,15.8569535683575,15.106721207877701,21.9796284497471,7.36241986109375,16.7519995222929,13.256594323060401,15.483771283920698,19.1071937297484,18.3375111509757,12.089422126992199,21.033900918697103,8.51154971184969,5.6325713349876905,8.54885754011595,-0.0147658089987264,3.30702171523753,9.79556816424441,-1.48498761661962,-3.33758638744635,-3.70183259851106,2.55365147763385
sub-0092,ses-03,run-02,cognitive,LOC,317,cueH_stimH,3.0929757047577,10.4739772541772,8.72132105085297,4.19790526199849,6.2431948028216695,11.294708264026001,3.1760128774226803,0.6781712536557071,3.53764705053576,5.390500677924281,16.534906910626,7.40790765580963,9.856209515158461,10.6583532532053,-1.65822474035809,1.22732732494272,-3.2130656059237404,2.90477214191879,10.7432295629347,5.17860299011451,7.545536114399071,-1.21029371415729,-7.035507664151139,-1.1598844358178302,-9.186351593357472,-1.7438434183600402,4.47214960092547,-7.94255073305457,-4.87497667227836,-8.87833023447045,0.8839650260916391,-9.269025035120801,-2.7576488147757403,0.8769496928347992,2.6644668193344705,-5.4458748659677605,1.9260597301919902,-3.0234669482526404,-7.40398795401024,-7.596014603894759,-0.10384983154052099,-2.66096384466919
sub-0092,ses-03,run-02,cognitive,LOC,317,cueL_stimH,-20.186224956872802,-23.8105674834195,-20.289898696406897,-14.5265088326592,-13.9664492193459,-9.49690992679312,3.3940091235817405,0.97545762182978,1.20692982688458,-1.0704375749459,2.5790714846156804,12.7948013664994,13.598770484604001,11.3768205513485,10.1223240191835,10.241452286514999,9.3437765941118,5.144453425469799,7.85624216674864,1.40628850599217,-1.3230735969893899,9.78465545304837,4.59139367852431,0.0925100266684495,3.45270815147521,-0.0211767497465409,-2.8078040488785696,2.47920578262066,-10.3930106912735,-13.303688969197099,-10.3708745635208,-9.91262581732982,-15.6475006666694,-12.423199650355699,-13.792469529981501,-12.9938621686182,-4.836935071220469,-16.1507322536992,-14.165730969368598,-4.997136437881291,-3.6333687936472594,2.3200676278640198
sub-0092,ses-03,run-02,cognitive,LOC,317,cueH_stimM,11.4035696620017,15.467056354593401,10.4692851335985,3.59765746483891,-3.10765851105515,-9.33718609798581,-5.45068636267359,-6.8705877368521,-9.551798165825382,-4.17316680910149,4.54620714543388,12.748411863027801,5.04924605392605,3.6931596202756802,9.277561839323779,16.0792515852905,13.7139278636923,11.597185402387499,7.439201196946059,1.1467772409066201,-3.6199228817767204,2.6356311214922004,-3.56471540835958,-9.62257674673735,-1.6514040931526102,-2.19694276478824,3.90306311712011,11.4919577142226,5.458427544599661,11.850692010605199,7.53409660173429,18.7300556026373,8.118202740133789,1.3756999957495502,0.7108379897958911,9.763491230189882,-3.83729801247587,-8.126585058406,4.81365765549954,14.329266730404198,9.109973311497551,5.92722715572674
sub-0092,ses-03,run-02,cognitive,LOC,317,cueL_stimM,4.8313136484895,-10.0685708321897,-2.5822842576904903,5.245892502263099,4.19940960422203,12.1055141299769,13.3448598069262,7.618262744506009,9.15113080457574,9.8946315136926,8.20968407019996,2.17410020218363,13.4044378942268,16.3014448495241,23.6739990157967,9.321966557023751,16.6344914782142,6.73081821174208,9.42427390589432,11.9686282965484,6.067685269474911,0.880845619106435,4.97464484239133,0.414412471658677,4.3271011345309,4.74649053257673,3.85600402937397,2.6096927673625,1.5780853078232802,6.03444930913298,0.8444614707685221,1.90108487072096,-1.28290621577647,-5.16645820880152,-6.000773389091151,-5.425992613891691,-5.04875638827192,-1.1872327808118501,-0.410392430250353,0.0431902223912459,-4.291852137956701,10.030797819325
sub-0092,ses-03,run-02,cognitive,LOC,317,cueH_stimL,2.24255911898578,7.221527816601349,21.5462200179317,14.1045150964553,8.412677611946041,4.08995001024442,-0.507271758407744,1.88248536841245,14.6223246957575,5.88422505985531,16.5283947762759,18.0455133746729,9.061153424191641,22.9641561986602,13.593082374401698,21.209470988548897,19.3275453748476,9.612934714272901,8.044598872794442,12.5957254949296,9.39378848340981,-1.4868202429265902,-2.26187259499231,-3.8297021224323897,-7.56245524545284,-4.97138378500166,-10.2611028022545,-4.58436756897447,-8.90432202038931,-12.1572607379779,-2.4769820220889,5.108395020994,7.74770548211627,7.47194438223025,5.476823763583321,1.67520869544648,0.249443203851934,6.43268403516116,-3.48850688245877,-8.65793411290596,-3.7284840702579904,-13.6888086869389
sub-0092,ses-03,run-02,cognitive,LOC,317,cueL_stimL,-22.765003017679895,-23.8438211002851,-20.8086623312158,-22.440227671714002,-22.2411616832373,-16.3913870362205,-21.0985263818918,-24.634649962909002,-9.141699650466501,-10.2097822750609,-11.7696278735551,-2.5707854571779905,-4.41142053895729,10.490003386238302,8.6273947957828,13.545510271864199,9.91169263953325,8.13360436663136,11.7326374810779,11.630226622093401,7.645601711094099,13.9002906029995,12.9813654417245,8.36783733632817,10.9091149192137,0.596533019438048,-0.6153333740620179,2.06197609061351,-7.812156228269941,-8.99205150445381,-11.6767166971286,-1.32596765422228,-12.287236043796401,-7.735779138062849,-7.12320110713953,-5.21801041684295,-6.51824076638526,-2.08848720807583,-2.0413439316917397,0.499142391221142,-2.43295018020168,6.37486358553337
sub-0092,ses-03,run-02,cognitive,LOC,317,rating,-3.62645806436725,-3.00991259875875,-2.0487868169136,-3.9584700675764197,-0.5752904177378431,-2.09611649008075,0.497610404043304,0.902167272434764,0.61212426757389,1.8816199444150201,2.22862458133951,2.87486788016096,-0.146687068865614,-1.14528799071869,-2.74824149582536,0.7702215037173229,-2.09130337661042,1.23416769432079,3.05537991831909,2.91991929525062,1.4741224378353799,-0.6677032187228851,-5.8549799060510495,-4.52023271473997,-7.25299885585847,-6.46366961133723,-6.81085319669255,-6.96082612380437,-3.21410783368898,-2.9282392167962,-4.836876266482,-3.30713327188579,-2.2320752729963504,-4.62480394219319,-1.9753013620778301,-1.58869823074273,-2.55997450979337,0.13554691206731598,-0.6314360203737479,-3.7865868126954503,-1.29799202603262,-1.6217756245955401
sub-0092,ses-03,run-02,cognitive,LOC,317,cue,1.95665472488976,-0.573890540545396,-1.34080176634781,1.4547553313214099,2.06796849450477,0.773028584640938,-2.02019146067368,2.18978056518296,1.17301843112936,3.7466115259173898,6.053228024613401,3.5702360401525897,5.184997636170039,2.26647611588518,3.18644395531339,2.1799231308736005,2.88029382377913,6.5921059446224,2.5307858192699704,8.54849283823415,3.64100235611324,6.90620402403645,2.80488678566413,5.3142146467584,2.9232153580235396,1.7485688284633798,1.97288600178119,2.93481964153568,8.28464244905568,1.3229961338341203,4.09175301132056,6.713312328279329,2.86654267740845,2.54007431826917,-4.12506283400164,-4.470506936739049,-2.59187339540651,-1.3673301486695901,1.8808669406344398,-5.71077233654838,-4.58473392243054,-0.30902950056076195
sub-0092,ses-03,run-02,cognitive,LOC,318,cueH_stimH,19.704361142624602,10.242902200139401,11.435842083329,9.598124258090529,21.073883225933002,7.370863754168901,-5.23166200675129,3.01318005122819,11.8952713964545,13.4935870816145,9.5470429035577,21.7825482842733,7.6525757731767,11.8537486631514,8.200327190628329,2.38451104576298,22.066549302864104,15.301121603566802,17.1039545210639,14.466632537445701,6.53114486461949,8.80101475424356,-5.25678105600117,2.63426155705721,0.36660019089969603,-9.45345118673581,4.34960825732151,-2.77483689223432,-5.32107759180529,-4.22540044347099,-4.31189302043102,-5.34484031004467,-5.416196020110131,-6.6784932543880995,-6.780754295233611,9.79527536098948,3.6555108794685798,14.688343593816901,-18.8055332331182,11.0903491071349,0.23791128666336,5.60832068900774
sub-0092,ses-03,run-02,cognitive,LOC,318,cueL_stimH,-14.657231811988199,-22.7766103179245,-24.329233333650798,-18.464010091943397,-18.6477802441958,-24.057030511620198,-13.9954101586468,2.5227517913323196,8.74824147603279,8.98395822781681,15.976633394016499,18.648241461267702,10.6418060465322,18.6641982295948,18.2615468640308,12.600797481449803,22.619573327707,25.5516530368413,12.006310622051101,9.06129844509537,6.32471046442857,22.063422125393,21.021792088359998,7.554571920193269,18.3680455673015,22.0601543051728,6.91982000093517,3.84283680389175,12.584512130791301,-8.66897990771767,-2.62680853392574,-13.0869145718997,-13.353479096706801,-12.359898661951599,-12.772976501513801,-12.412088980696302,-20.5965291384286,-8.28658370118706,-10.524937695092301,-1.76195111551977,-9.962288950974788,2.3626034473726603
sub-0092,ses-03,run-02,cognitive,LOC,318,cueH_stimM,3.6564221730565,15.5513351480944,-3.80914874010736,-2.0084336121607897,1.0445222417364202,6.4355720844665,-2.18937467006926,8.741669328122539,8.994728797254,7.56657472356861,19.517971499130798,20.3019190940036,23.2340976315639,20.5337095994437,22.662051813593198,21.695735141287305,25.6167004046029,22.6541604587094,12.7477784796767,-9.500839675498769,-4.27028894872977,-6.45752651779531,-0.9288029801535591,-11.7667516815746,-7.22355905450392,-2.0657977580680003,-6.54630037459885,9.5313970424241,5.373650728612129,-7.411083011784309,4.009567079259339,-10.0219876517861,-9.4127301606826,-12.9298609541588,-3.78481192010927,-1.20608894763967,0.669361729391171,-8.61466905333936,-5.3076382542498,2.38673991566029,-7.541927241968911,-4.978142182483481
sub-0092,ses-03,run-02,cognitive,LOC,318,cueL_stimM,-8.57432810202024,-7.45970688165862,-13.3376976239462,4.12771965963151,-6.13256970098619,-8.82676448556795,-1.5399048391007,2.16171181017041,0.29436896984071004,12.121594897070198,11.5255196434007,5.6301349259167806,9.57274955765076,12.993621869989997,7.91511516043131,14.696664088554803,15.3778768658941,6.1246858780359,19.765563420703398,14.4850162088553,25.2410519732954,8.87926087659538,1.33176896112265,2.21138489553966,13.149977335313698,9.47827171015592,6.68299975063665,-15.749718455065201,-3.00301640507307,-0.458857585391598,-3.1504896384948795,-23.9824193543264,-15.351286647389697,-18.811597175492498,0.6409736995345501,-3.46657175824929,-22.9843468980443,-5.429445348225089,-2.79287745414101,-14.959213516447301,-7.08597329905375,-3.63419424058358
sub-0092,ses-03,run-02,cognitive,LOC,318,cueH_stimL,6.3877443499066295,10.5553203564694,12.3115582751817,6.71548863000144,11.126569879601501,4.275119361984229,6.1705127242605595,-3.52118466852579,5.979151482048299,8.9369114221489,6.42992045776921,8.29392363935222,10.837994230492498,17.440269688446,16.1538545658982,22.077744461711198,30.030950074930395,14.2515636671322,7.553312403306121,2.7887554550974,11.5594148997732,7.83256141017797,-4.47344914326033,-0.0923905771517521,-7.2764053971566796,-11.7766032753722,-12.8440775862755,-11.9129356576967,-6.345215968182419,1.4240858886513599,8.767264028363039,0.0696625397661945,9.51449997872558,-3.09000287406579,5.809289571150769,-3.4979683849046403,-6.72066582497722,-12.935686253396002,-11.250116239772,-9.58134230391065,-12.4901457619151,3.31222006912106
sub-0092,ses-03,run-02,cognitive,LOC,318,cueL_stimL,-9.99654020038791,-16.7527356515884,-23.0221084286167,-15.281859508377302,-27.6123595485118,-20.1177983706652,-9.274134026013499,-14.1381044962358,-0.0489414109894284,10.1323500800812,-7.01382716320909,6.784718127160111,12.1401977697437,14.006640502049699,19.6460029590901,17.521994805058302,22.826860944478604,21.634431969056102,30.2527968830008,17.815266638292197,37.7582871123955,27.8114201801373,22.3043857942972,31.033410984604803,21.731800086523698,11.8158620174097,10.307724502909599,7.3533327950673195,1.67468839112087,-3.3230182592402,-8.443795533494491,-12.913455235813698,-13.528592372146099,-7.22676091203293,-0.937642951570337,-5.85105527947615,-12.225720647962302,-5.122563223566879,-8.204319807970482,-17.6133703125414,1.94845267708305,-3.6716346241176496
sub-0092,ses-03,run-02,cognitive,LOC,318,rating,2.92442982025015,3.10611189475853,4.09191661145113,4.48394580292697,5.64004506810977,9.39832489979072,14.608221681101698,14.750335888368301,17.1972951770468,21.5719813108988,22.0712334808446,16.4561207669922,15.8093624790646,15.327808972023899,12.0800972258764,12.031596485361801,6.63340439507079,8.36298127778031,8.95989189168881,4.89953075052182,6.80681515158449,3.5724899628949602,2.9072579049561806,3.42805400317891,0.150576262459336,-1.91773645504569,-1.9545946813141701,1.53618507171873,3.0045699922937996,4.75727069686273,1.8460211260506698,2.99165490402681,3.9032325180517407,0.697065802194253,3.82031432422302,1.30492272391871,3.65552610295674,6.74109123458428,5.52010926028749,4.21130308179093,0.49735166125082997,-1.2180713717465501
sub-0092,ses-03,run-02,cognitive,LOC,318,cue,-3.26937992005471,-3.76528341726823,-3.70925492036569,-3.51651883802771,-4.47566648826355,-9.94260186285698,-1.89044183371937,-4.22044572752701,0.0520515496335037,-1.09235083375256,-3.8337986640476096,-2.1536106975702802,-5.2232855153369,-6.2110159388120305,-6.09328939434749,-7.2186208232372495,-1.5813432795635802,-4.70610640364704,-1.81350245390598,1.5233297183020902,2.7302839100520004,1.6025644607072198,1.1362001467495702,2.39980288710353,2.20194977374492,-4.04160900695795,2.4806474261432405,2.1929950520757,7.78796200765209,3.3026615217309505,3.62099886029262,6.469780891180051,-1.04108892001947,1.22117063424241,-5.38952899580737,-2.46299460768037,1.99245281353523,-4.89968338424721,-2.1556642689156003,-3.67793844067967,-3.6141406096117,-6.501759515172861
sub-0092,ses-03,run-02,cognitive,LOC,3,cueH_stimH,9.50230321981334,11.584787417439301,6.11588218537375,12.4152722796734,24.8982758481681,-15.310624456166401,-6.16731056742689,9.7489037174541,19.8001947426545,19.5018488268273,29.471354113820098,18.8201611787692,10.770916394887099,16.6804892535942,2.99549348202059,4.21659372584377,31.5066375318615,12.6038722600735,42.4076778219224,26.4844692256706,27.845702600767197,13.267421253738599,9.68115781096458,-9.91635373899943,20.075656736209602,19.9493381996199,6.049017264388651,-5.18988826973325,11.327994261022901,-9.335327406736061,0.798413744965869,-22.9889397557163,10.419026352431601,-18.876391915654303,5.29352689473889,22.6665298898873,7.81352171331647,9.41916369352558,-0.712332950630805,-9.030958345809369,14.955141414085801,13.169198959543099
sub-0092,ses-03,run-02,cognitive,LOC,3,cueL_stimH,-1.4929798493379298,0.0267745766217494,5.15489292832745,7.3259948601733695,-10.020424455321198,1.86460302057184,9.31343573195162,0.0373110145834203,3.922653545095,4.95136378886362,6.87073313459554,10.590975065908301,18.593823416478,11.495291225692698,10.4633641391013,25.049987484958898,40.0051348017561,17.6800144571122,32.7141443509447,22.8925064590533,36.0973270816815,24.992250196254698,29.4057033775348,30.646302551494603,27.9234313037659,23.9113951499412,4.91077382733686,6.13867753264094,14.434047269338802,-10.4840767229384,-8.48341348705293,-17.6282016050174,-11.940928070648802,-7.33384581319134,-11.5176752956497,-6.81707409230567,6.4398478644402894,-13.146206630167699,-29.305857935966102,-11.7991608484601,3.11318653005009,-6.56386400915131
sub-0092,ses-03,run-02,cognitive,LOC,3,cueH_stimM,-9.0531016458611,7.97339792255338,11.1453375981772,-14.055270811531802,15.435012717745302,5.37615100415199,18.2181206827781,26.359239398951303,7.277584047536711,7.86362305883096,1.9823786228939,3.62769825346301,1.28902050939655,23.2298298765321,27.299345760605,35.7486065628248,26.679121180595303,29.65412840513,2.1731565374599,9.422284336304,-4.33292009371953,6.1371787514864895,0.392478622205775,-9.2961562623094,-13.404600003422999,-11.5060756191716,-6.311134794399839,-0.36539141651301205,-6.96941669393579,-7.53663830605973,3.4594783010145402,-44.5688016325027,-16.9540704923835,-25.7061570620301,-28.873068856792003,-44.2266664466007,-38.3644581968271,-21.6636631792353,-25.5806915046388,-16.651570431926597,-22.360489884139,-24.897711445856103
sub-0092,ses-03,run-02,cognitive,LOC,3,cueL_stimM,-5.7712601557761705,-13.4574236826346,-19.6670333125055,-26.444740789903197,1.01876744640786,1.4601456602781,-4.73314561485089,-8.65147540415784,-16.9093263689629,3.90014497704997,4.75746498720616,-1.2135363322348,20.576925578285998,2.09028044565296,12.338775512969198,13.877352249426401,13.979754385295902,11.5647723782022,25.105222093720396,7.5642085727777895,31.386687849308,13.0859043081163,26.3602304956892,-0.20730547355554302,26.5230379615592,17.0506757729483,1.13259719894199,-15.049851914792399,3.02016036023789,-9.02643670721663,-6.52641626980516,-15.216710571263402,-16.1027067901963,-9.82353067452672,-8.93392283648825,-26.788635427888398,-17.1895503357554,-14.7874913963379,-24.4682774828828,-33.988026380722395,-20.363126061546897,-36.6454529435687
sub-0092,ses-03,run-02,cognitive,LOC,3,cueH_stimL,-9.15386262506233,-11.9026649244547,16.473820984225,-16.2823850586144,-3.86038836189088,-16.6130012679034,-7.8740972270115694,12.732667732399198,16.2806683309813,-10.6630144323719,10.582077750164599,-7.226264658742269,-2.3365296834031697,6.33998260159741,26.574062738917398,27.712690983837,7.4111621237508,29.0518827866928,20.8198224462261,12.324950477941401,17.070513887564,5.88782804079851,7.15159138520216,11.849878361912,-4.20224905670314,-0.7491759930874509,-20.8338253500837,-38.337831260253,-34.0689868141651,-11.99700780447,-13.915123754423098,-19.3598792628698,-4.58926052049137,-3.7081432599162,-3.29536290934102,-6.7967860874655495,-12.574180507725899,5.30768724594288,-8.8076842607056,-6.31889664771234,-14.1534403249281,8.5228443887029
sub-0092,ses-03,run-02,cognitive,LOC,3,cueL_stimL,-13.9309521462941,-22.338360472829198,-13.2698686761652,-20.2036160964613,-0.12803436428753098,-16.7880050915706,-3.4923190499693,-12.5712524558828,9.316219544944131,-6.42852524168594,12.5662096621662,11.498818264918599,7.68346757003987,26.7256484925112,22.6245323313274,18.574429750154103,13.7755700142016,32.9989639123584,23.290860866622,21.7330517370844,34.880494548448404,56.4463835824911,25.4039234444453,30.1281386901455,15.790700707163401,10.626314132579301,9.84444045046328,-9.94367743599847,-6.826386637573191,-15.6046599903637,11.593669257555803,0.21335045439796801,-14.3431934242505,-0.41981348963139503,-11.4092791658972,-7.30658729549319,-14.1155862483941,-14.9386238274823,-22.8875466991858,1.56477106349739,0.37032495148027794,7.1943355049112
sub-0092,ses-03,run-02,cognitive,LOC,3,rating,-3.66593485646106,-1.17923997609505,-2.1910448708207197,7.81883749789483,2.9325009284968195,2.4893792187829598,-1.4968029167171202,4.91543161992361,3.57581529945696,2.91180775936091,6.37640951093462,9.78643993976084,7.75346315555166,8.820756594613211,-0.32991185578501003,-3.6931434967465697,-3.6555470920084705,-6.22321689726435,-2.39316121020216,-2.5486651643809504,-6.6801734099257395,-9.00626464567064,-17.1023713780711,-5.616819870752099,-6.268039788017321,-7.09843734885047,-6.508119154137269,-6.22302580321134,-7.141315871749799,-2.13613260708334,-8.87967186574105,-0.575219870289832,-4.06506010521003,-4.4617769300936105,-3.9189402808154,-4.731204910381821,-2.9670381822082206,-5.5392427918039795,-9.04804689926154,-6.2615751467906,-10.031272072436698,-3.10837266066928
sub-0092,ses-03,run-02,cognitive,LOC,3,cue,7.5939848590402805,5.92681346627764,3.8158737432649903,13.0734521861503,0.6015706195713829,5.02236598151222,1.39746383897681,-0.13822402178813298,4.97038535654407,-3.97952136164747,-2.04149097641536,-2.09359567759001,5.4117671198010395,-5.5741294298153905,-2.09472967699454,-12.1336691415601,-1.16272974171657,-3.48046390879799,-4.6989653720069,0.684411599120374,5.17078484755413,8.69723296455452,11.5569129951717,8.12406826937353,11.4063390360547,9.666592881600259,6.5542259957087,14.986038814869799,0.45455172264822297,1.12262855668005,6.03979986104765,0.22756086700455397,2.4008620301214303,6.27947268518576,-1.60209250577216,-10.175341211006401,-2.1051112674053702,-2.7542883009582297,-1.09261878196097,-13.0141098104525,0.232519366976258,-10.6537334471675
sub-0092,ses-03,run-02,cognitive,LOC,4,cueH_stimH,-9.703030644551788,-14.924120435908101,-9.596946128395901,-15.929377476907,2.09543400297392,2.57481475188313,8.008746747168269,-25.095632755839098,-7.124342119018659,15.210713885646902,4.10370398733174,19.0066450756192,31.621131438464197,27.150383062817003,6.661327974819349,-4.13089015913382,5.79214002256974,13.660523996179199,2.3214517862089803,33.2633513742411,-3.85695029461814,17.1077806577129,-8.24650387234044,20.3353901033667,-20.1240063017602,4.55398967071617,14.595187421203999,-7.02536719507105,21.0223700274065,13.073288993375302,-18.5237883231865,-22.289724410812603,10.891552263678,-1.0794486640932601,11.0412124397387,11.172749938010199,4.0512768406982005,-9.88644112231533,3.3224903852947905,-16.4143797526454,3.0239059687511403,16.3614270364993
sub-0092,ses-03,run-02,cognitive,LOC,4,cueL_stimH,4.452128853623219,-17.3184523030849,-13.214126826437099,-6.6252742242822595,-2.84726820720805,-9.05869659314347,-5.99611691200509,2.56100168419546,8.48758423701314,18.608867222988998,8.958521572619789,21.9589863629226,26.583857851652198,2.6843760420529996,25.173450078200002,29.988520267784,27.6328328360917,20.107531752427896,9.87999808303641,13.2204181563765,25.176570255430303,10.5300059896671,13.2515350002109,5.459289498237599,17.6435237268496,17.397459178192502,15.6718357720895,-7.5480632595927,-16.262389236824998,-17.5278949659948,-6.41304399732437,-18.277098114201102,-7.78227574511251,-2.40090282469381,7.118033436580019,-23.9885498411555,-12.579224816716499,-8.661443836395721,-8.60460339069309,7.15688384181808,-11.9288943642177,8.27178405633278
sub-0092,ses-03,run-02,cognitive,LOC,4,cueH_stimM,4.05426666745528,24.7883355431739,2.68213508430766,-12.0446303131681,-10.566554129663901,17.7755363457733,16.2399036062359,10.9078515931472,3.9123002046338398,22.525623681097603,10.0903551205125,10.3194925709719,29.9747081392174,11.3177644066014,42.9203012106352,42.5331987306854,32.7822790447145,21.8686809770481,27.8475592345821,-7.25704428284713,7.40528625357721,-2.9384236949807,10.9242987812257,10.5835488619725,1.00704041316492,5.16415295751457,7.8355722163488695,31.036722185598997,19.3671580821242,11.0931795731032,7.83586167795238,-8.490828993315901,-30.164495987859603,-7.700031895701231,10.5308721984334,-11.024226471668598,-15.9278464220908,-12.752081536705699,7.93229401510107,16.8833084542347,-18.7033619478746,5.019693757286519
sub-0092,ses-03,run-02,cognitive,LOC,4,cueL_stimM,-34.071244517907196,-1.42911562885449,-3.48763983582406,-5.10346775986727,-16.1385186447481,12.468927248851399,-14.5208731988,-10.4283645284261,-5.058457229210481,10.3642584033114,9.414392337556231,14.0564658895329,11.6480357248613,16.5000537050666,18.6452807317655,20.445207155960397,-3.15440344853084,1.4972631521929198,2.99321174332056,-0.784388632766206,14.3524632244101,3.3298292238938796,24.199975428562798,8.0429418241575,9.778356747474811,-8.225040908150518,13.9535905284156,-4.714741588855331,-0.762677123037115,3.90512340979028,-11.428669092927198,-18.846653814812502,-15.973151062442698,-9.482404090331428,3.14718736822781,-18.652662589565303,-2.07541269911617,-16.518383624055602,-5.342965433534861,-3.2017751958469303,-24.8227883379215,-6.907824160398429
sub-0092,ses-03,run-02,cognitive,LOC,4,cueH_stimL,3.23815831345768,-0.736398221200833,13.351065129472598,-6.96932371114061,3.44511032235765,9.588590013886789,12.5364715879006,5.90817186976588,12.5393678960218,24.0906332670474,21.7567872349843,-3.22166406599082,15.308716559249598,14.2222576599371,25.6267924594541,26.0659527308849,6.5085129892578495,27.589991404924803,32.4365174305673,23.641591616838898,7.17414646082376,-9.25404402152505,-3.80444351512112,-6.76043644080888,1.8582681729711898,-7.752502832170731,-9.31523263001071,-6.06246735351588,-21.276558890827,-25.7832260252628,8.44204742793512,-1.2010284568572298,-7.5354233742417405,-4.28970337579037,14.691387102627,-7.75511369443841,-0.32383748760146597,-0.979044381007313,3.4030240910470497,5.1994654664863305,-10.827918114658802,-20.0395823205399
sub-0092,ses-03,run-02,cognitive,LOC,4,cueL_stimL,2.3835703694144303,2.7267236744562,-21.488416720796103,-23.108141923428803,-35.014485208980105,-6.55610442893845,-16.6588386430683,-3.32506451592196,12.6919356821089,5.91861664090029,1.90770416585233,2.9439869087327795,25.804527938273896,11.312827982810301,36.488311539784604,18.6457541638152,31.534951991979298,21.523496401577702,24.6753324971127,9.25902353307921,29.1600433254086,21.3953693867951,13.500072149716498,34.450283850001995,6.24094381417455,25.6984266352343,21.4330785433265,-1.21644860156619,8.55287854032617,-16.5036734569353,22.8617150842067,10.8755424576415,-5.4368488927869105,8.03998593077587,-7.44652579026671,7.21710633959307,-11.0515028874475,0.302530721190954,-0.872753409404652,-3.8033527086142302,7.8512449178179695,1.0716615496510602
sub-0092,ses-03,run-02,cognitive,LOC,4,rating,3.5247837509514905,-10.3286963508293,0.297067924508042,-2.33568172133539,11.5849536293914,-0.28639084368397,1.40368547357841,5.474083101771599,4.25335391133658,10.351606636322401,10.063728645066401,11.5452987102865,5.99477959915442,11.3057298454406,5.89255023113196,2.3149406559490897,1.1536908406873603,1.98365581534058,4.00614221580716,6.07644146237424,7.6174325313807305,0.78109580889285,8.71779408815527,2.15004029828403,4.90293675770633,-0.0153966653196864,2.99025986104638,-5.1635108282205096,6.06915079171883,9.95898608206033,-0.508251274212251,3.56964062669392,-0.0191056872825608,1.5547308655811798,3.33320920972091,0.0027973475185056897,3.4712201742520694,2.0937337895134602,1.5548891412737098,0.33979071868518396,0.44937479712264894,7.9072292347405995
sub-0092,ses-03,run-02,cognitive,LOC,4,cue,8.071663281359239,-0.166910740935517,3.0531023493097202,6.942549120590921,1.64551958550136,-5.8421434840777895,1.6380329881838798,3.56471825129054,0.616262850409427,-2.4451414384100296,-2.05181719235642,-3.61316948321904,-2.9122434245190094,-2.17798305258663,-2.7176948094767406,-3.51642909060676,-5.33736035620086,0.46945281632619607,0.5495674714432821,4.45498810628097,0.533752869610048,7.056665953049741,2.27751348199914,4.12819973004908,-0.1305877447341,2.55500046715478,-0.17423491250601703,-3.64751793786662,-1.0132916253544202,-5.017516690676611,-3.37217271642914,-11.813841551930802,-2.02807994597129,-7.69010720694664,-11.7811196946597,-10.5307383126911,-7.29229417872666,2.25384065354719,-2.2297640501802003,-12.3842136302815,-16.0355175461454,-7.90323284578556
sub-0092,ses-03,run-02,cognitive,LOC,45,cueH_stimH,8.48241262315271,8.70774220347935,2.14575088934073,3.1179951975449707,-3.37836658767389,-0.9823904394801719,-7.307553238639059,3.22447901458035,13.0801319140272,20.5951995108236,22.035349503807698,31.965519689710497,23.9961891803049,21.1677210788849,23.0626878413387,19.914050927941602,25.368386071428,23.8214945243445,37.3393231536422,32.1546121702048,18.1053698495231,2.70263239504937,7.465196346332821,1.59038485969724,12.890716647704101,2.57370197197524,8.241588430349571,-4.4857036284216,-2.12819158011143,-9.966919813779711,0.8153944868227171,-1.50950164585696,-1.8055713593331901,0.9717965362176809,3.4083775068975095,1.7085650773229,-4.44133892559332,1.1845892394101598,-25.9947886426234,4.563893543141781,2.8514625685945805,6.665426780756249
sub-0092,ses-03,run-02,cognitive,LOC,45,cueL_stimH,-3.82198837061302,-3.84988206868184,-12.8179610191487,-0.59740958647222,-4.1785620837558,-4.99579262580052,-4.54391967105846,-2.1772005683971503,6.65968804335436,7.24351465927171,22.7371770630647,8.303852625742,28.0555410078166,24.2783878262239,27.8493095122424,21.795685945584196,26.0945675642376,31.361580864361,25.3330313073212,28.506329497758102,33.5618263756624,22.842171044853302,23.197304558632897,29.993925822622,20.331306889505697,20.9497232724504,13.4919444502268,6.29800627299266,6.86525671444418,-9.120429528866051,-10.4072318600165,-20.9445846515112,-21.639349098492797,-14.459513765343699,-26.493281566532804,-15.2266662399072,-21.7985163391121,-13.914328696921402,-25.6986026387085,-12.493458554834799,-16.326223734604,-13.880271290581
sub-0092,ses-03,run-02,cognitive,LOC,45,cueH_stimM,20.4127345510611,8.14375256359248,-1.6799983233838098,0.439361314170867,15.138461718101802,4.6841535678371296,12.513458450865901,19.973886070348602,10.9759421184942,7.69309325124941,13.050497277480499,16.997034697926303,18.6362728441398,22.223651009635102,29.405323562962103,29.995845899621802,37.315869763099705,31.3788443576148,11.834136963643902,7.59687064271365,13.358236150113301,12.7896061331827,5.99438071935231,13.255934381387599,19.6820903378907,-3.5333088784194304,6.227510712802959,-0.0670020267473617,14.386485836568598,1.09478944532884,14.435125369807801,-16.1934231718489,-19.6353785189991,-28.6185167746765,-32.9143506090845,-36.3687199491897,-18.7323362014851,-23.1113382166778,-15.1126583198406,-12.6689212735602,-24.9324757351183,-33.0799408352701
sub-0092,ses-03,run-02,cognitive,LOC,45,cueL_stimM,-8.3505817002731,-16.3396902155329,-7.8384082990038,-17.0346589982881,-7.805207153112191,-4.21428125567124,-1.8808136707576,-3.23317306399175,-8.80371865982226,7.976828375926679,8.10903615340534,5.36389841517968,12.646726994753001,20.3184054868157,21.449744004027103,18.888039287094102,15.7274932711731,13.5798279408953,9.849042318984651,11.9433450409147,22.116088155416698,20.601892894066697,19.9533757019342,15.2545203012958,19.793926167782303,8.60600049499617,-2.41396225975248,1.14303694613544,2.16173068657289,-2.9840963596933503,-2.9690955282798903,-12.8525778638559,-24.9561420633875,-19.7650698594655,-27.0249366035152,-13.535018363092,-18.4958972888535,-21.132179002530197,-24.3003581829958,-17.5025681140625,-12.2324149922373,-23.571002925423198
sub-0092,ses-03,run-02,cognitive,LOC,45,cueH_stimL,12.844385499566501,9.79526171972278,11.5469220958269,8.59769535508184,11.0187232465026,9.48574785692924,-1.8199689504492,3.65367843561727,2.40812427946984,12.3164045582729,11.1696977598833,15.211477725255598,2.19353551367093,27.014387623120303,28.066330045630103,30.559578207336003,27.572720730586,38.6054695995952,29.2422939875212,19.1773403705649,26.725071090465196,20.2930498954255,10.8235979180936,11.8637345589884,-1.2906862925708302,-8.20713168906788,-11.437681377972801,-26.342593154781298,-23.1264333189223,-24.1442796153412,-12.209975773768498,-5.6622132246178305,-1.75718515478959,-15.799870893628599,-5.1538999526668094,-6.60638532180713,-10.4616524910582,-0.0509447831186201,-3.0493599426426297,0.389597279268685,-7.6284315701012195,-4.26361953332806
sub-0092,ses-03,run-02,cognitive,LOC,45,cueL_stimL,-9.998664337215141,-15.2122940888716,-23.312877434152604,-18.3259121701581,-12.7695860788096,-8.4167658741576,-5.6106808296343305,-2.02748454786676,-7.245674628011,-6.03156275849778,1.3004032635600802,9.882233174451029,15.045496003382098,33.623179213972605,29.7659113768015,22.830544128069,26.0792951487559,30.8498775345489,29.0638549365274,28.4527417382579,40.1503933715049,37.3693227200211,29.744570032273696,26.132229812035302,24.937783695895,15.823303576856501,6.024587197473769,9.90350758984962,-3.48777227643923,-3.064492795259,-12.6092124660335,-10.557476987588698,-9.77402789517404,1.82760482265997,-8.57074352257807,2.36486446313449,-0.64591770027101,5.5005161562078,-14.4132102494006,5.50471892266907,8.61072049035323,1.780952771419
sub-0092,ses-03,run-02,cognitive,LOC,45,rating,-3.0008891684136896,-2.20822264720512,-3.06838255249332,1.72904609749256,-0.161497355686603,7.101780264114809,4.004045794331891,7.62674493434955,8.74961411077343,11.8546422280371,11.367241619284501,18.8665379115494,12.0026309232262,17.2397390271623,8.002526329482219,5.23375049315849,6.63851686151078,5.711912133265389,8.7533918643763,6.235727119620769,8.53033515307189,2.40070734863748,-6.1786668604714,-4.3810897100448,-10.1983695859494,-9.0326714598981,-9.686101915964251,-8.030472585321421,-10.2644555278942,-7.66496953985335,-6.01027506872764,-10.8134681408249,-5.560540999050139,-10.126751710153401,-2.62881542788183,-5.01754717910906,-0.39447317338613397,-2.49367332150587,-5.045869994504491,-6.213028192073421,-6.724385061513241,-3.69016517787929
sub-0092,ses-03,run-02,cognitive,LOC,45,cue,0.237197267633874,2.0556795825911696,4.7625420590614596,5.27965732498292,5.65460321025281,7.401425004566731,8.706107764931179,5.17710764917666,6.49254939407428,3.9797826324358203,-0.975913599549248,4.65372121636342,3.92379704100725,1.1998802310719299,-0.5603490595630289,1.42325750512781,-2.72937968268356,2.9407740713051598,2.91589652320916,6.01016330759329,5.656988216575531,7.07118656317176,8.270625882438969,7.44062564967055,4.42250797960516,0.13678314663361402,0.0761436498530337,3.2948323056137,3.3347031134014498,4.07324921171668,5.86831518499943,2.76755998714298,4.60025304523388,1.33653915711554,-4.17598728269288,-2.57886519048233,2.006150294591,3.92058222435561,-2.56467959522854,1.20721550113995,-3.85040185881047,-9.39085327297657
sub-0092,ses-03,run-02,cognitive,LOC,46,cueH_stimH,1.36420657051492,1.61361481015351,3.7807874346112205,11.1310331825349,0.900108591241114,17.15573894336,8.44670844113914,-0.0482754101119505,-1.6015966031631699,19.2676363880314,14.072266960650401,23.879450131785802,22.6295763297832,5.23148819253128,5.14936387033846,2.62350938809959,12.616358861341698,12.001157860906698,24.392563263723698,12.735620195463,13.079065732572598,0.44940495694882504,-17.621052148912998,-11.4867747739081,-1.12673203077994,2.58110655315961,2.21494584441074,9.9439887730827,2.04099723761441,15.266984633300801,-2.79204582953192,6.75419806038224,4.84598373303676,7.116524231306389,10.995068152932301,19.1034587087095,8.36960440285092,15.9026896044202,4.94886564266902,-7.80968092577634,-2.59984626826835,-10.1743999043659
sub-0092,ses-03,run-02,cognitive,LOC,46,cueL_stimH,-10.066241834691802,-18.7617575611104,-18.0522004447763,-18.3152673295007,-17.643662639766802,-5.725315013585281,-2.98079826113504,10.3930920637677,18.966629762382,10.049098669335999,11.9489668845858,10.4549399762943,12.1120848020382,20.1259416977843,21.1279098052132,14.8313205378195,22.0574036565743,14.739241405873699,9.67881192786798,13.563734264375501,3.3077795300514103,10.768978823592501,11.4330532876273,9.51723174270941,12.8613916918389,12.940094306012302,-1.38485016658095,1.37774516593272,-16.7402338634336,-26.072309350808002,-11.869013673244801,-20.4090399925304,-22.6905806743403,-13.390451915452301,-18.0321598273248,-15.4856963007127,-16.210615205806,-2.05483453627242,0.276740670442544,-1.0441054985043001,-4.67755989319416,-6.7577599294274995
sub-0092,ses-03,run-02,cognitive,LOC,46,cueH_stimM,18.743236384112002,14.8409099511342,12.4799958570071,5.24438929424881,12.2999108445717,3.0163272060741604,9.29925213997091,21.521495142912602,16.6647822120335,6.42447647846839,12.023402625998301,20.1658908725358,23.499586569275397,19.4865436192423,33.525000796055004,17.642599180521398,26.187509776136398,31.742883432596503,2.10252957933525,13.5750618711883,-5.11656723056415,1.65299275884905,9.23239135476682,15.165597701700301,16.4671163900169,7.99268201143961,24.348541634528498,20.4154295110148,10.8808487798521,6.4135088295668305,7.64640162867749,0.9801728553264549,-10.3197302524187,3.2501288816423304,-8.31944759394474,-10.613126094898302,-13.983938822506499,-7.756611606584059,5.45984536793053,-6.960798944717389,-11.6372570729777,-10.843790564117802
sub-0092,ses-03,run-02,cognitive,LOC,46,cueL_stimM,-15.3495011175021,-11.0571959698646,-4.423728599269451,-2.83042564849351,2.18032109577714,15.138820920317302,11.2358196582387,2.23724386469887,4.67021707587058,7.36344490998755,10.265432053915301,-0.668956005274973,10.4084832362852,15.1525225593501,16.598263660320598,12.915199851809499,10.969948544372,12.025072193384302,3.7196335584588396,1.19916781764352,-0.0475941649124056,1.16386186268648,-6.725441285415571,-3.6228965034589202,-0.820959755716077,2.5466460469845,-5.84746199555822,-5.51951765829905,5.26342217361098,7.44571932316208,-6.525517248723889,-13.759924111721402,-10.315671665924699,-8.51663010071734,0.281642210153677,-9.426251226145741,-6.74641818220717,-2.64914447833588,-5.3825185380403,-12.917505039245999,-6.9742944245883,8.506113960366442
sub-0092,ses-03,run-02,cognitive,LOC,46,cueH_stimL,3.3882695024387206,16.274142667004398,15.4749906888164,11.5846617429489,2.29329245132552,3.13504523214925,10.325199760853,3.6547225738069202,17.4205577227581,8.73411985252767,20.2725667006067,20.6064682248371,23.0689864100404,22.2902559523922,22.374451711952,26.728928909944898,18.1972716925065,27.8293672576835,19.1170797558731,9.138184724883711,-5.03882441598054,0.520245580499633,-12.2484864673035,-7.273952331394829,-17.110006032985,-4.48633756236436,-4.45474362280895,-8.0814906647754,-5.39923716551349,-2.5898990894383,8.303061842754541,-7.595973609998441,-0.127869633154138,5.6345876782369695,2.13446934642762,0.0690485997250296,-7.9028473945786395,-9.77583411647176,-7.16669527864939,-0.7441885470280309,-8.59789044371256,-13.2322238407939
sub-0092,ses-03,run-02,cognitive,LOC,46,cueL_stimL,-2.9539999434021698,-13.984977708513698,-9.21254722595411,-20.9790753135415,-14.0835936701525,-13.9297231783885,-2.44155659419095,1.15638277384319,6.966887284016369,16.5606952336301,9.18220558511474,17.2727344600431,25.4686874674996,35.482624538098705,34.7915093591214,20.5802805217901,31.3698704262823,26.517901545788803,26.382807237939602,25.4843889056424,30.3655478044547,24.866432708529395,26.4787438140381,23.808509408867604,20.1498074557245,3.5461935081502096,13.1010574848009,5.56386002551386,-1.34144266864178,-4.2021944727839395,3.2898202396893703,3.56896961306514,-4.03963466955222,-6.57034743752464,1.9565667458123401,6.1090207630368205,9.55200529141868,9.67348197619781,-0.6917152499264739,6.916878465626639,4.5327325947638,-2.2708003640265604
sub-0092,ses-03,run-02,cognitive,LOC,46,rating,-3.26581411044424,-0.475309059350444,-2.45553674632123,-0.14626898270132901,2.65709035566122,1.9064051388932401,3.58470500166834,5.28356777508075,3.54720247341205,6.30358035831761,7.2884759279935505,4.72863204491778,7.79621243971066,3.3008034164745896,5.040441596747541,5.435986760495401,4.63302758693361,2.6855137028902503,5.257521090901269,1.5572185982426299,3.8566926673417004,-0.17817024908818102,0.935296774436247,1.48860861877897,-2.72700824625297,-1.9975753533598102,-5.753254876789629,-0.79827716066699,1.17795172143913,1.94188817253573,0.0676076715925884,2.0127549345076496,-0.121288475375648,0.0369243911279284,3.06492110451005,2.93912506995276,4.28610566254267,-0.998356909887407,0.31509090598503803,1.01184558360477,1.4945261040171103,-0.2514545275538
sub-0092,ses-03,run-02,cognitive,LOC,46,cue,-4.03833189906717,2.727618216922,0.485657899409082,0.9776741681674941,2.8673846468314,-2.59887984647663,5.01566450965932,4.743469749037491,-1.0391412633882902,-3.16091996104512,3.32111217763361,0.546439404256351,-0.29627661565843894,-1.82895278551543,-0.753951060634145,-3.72533269867172,-0.0436577129092228,-0.302182019026802,2.8234306496904398,3.88123403372376,5.301352214767769,6.004425691001691,3.69497529020408,2.01608202810651,2.04424245881,5.447652355937411,-1.8931523212406298,1.01062993534043,4.08095796743344,4.00236619734107,1.916610502471,-2.6545057432116,-3.1234704664343305,-0.32922517947762503,-6.14579002677279,-11.793293334423598,-7.80806532637326,-6.506098319338349,-14.2354885486795,-7.636545492463799,-6.874483254180371,-4.492127093277559
sub-0092,ses-03,run-03,vicarious,LOC,279,cueH_stimH,6.8834400177002,17.1308345794678,-3.11558938026428,24.631814956665,4.06949663162231,7.918701648712161,8.46862411499023,1.39675116539001,9.44592189788818,-5.425201416015621,14.7260227203369,-0.8857272863388058,10.3142242431641,9.35436630249023,12.2354745864868,19.8596725463867,6.921799659729,6.1477365493774405,13.659421920776401,20.5800743103027,23.4082851409912,6.69460391998291,19.8509464263916,8.88455963134766,23.6963844299316,23.1496849060059,19.3479976654053,10.7546863555908,28.361793518066396,10.55198097229,7.71492195129395,16.626934051513697,-3.55097389221191,-5.281219482421879,11.0748462677002,6.06338119506836,7.079257011413571,-5.83323192596436,-10.5776481628418,12.535152435302699,-7.4718317985534695,7.12503910064697
sub-0092,ses-03,run-03,vicarious,LOC,279,cueL_stimH,-19.2776031494141,-10.819787979126,-15.4442472457886,-7.076006889343259,4.02293395996094,-16.4284133911133,17.5844478607178,6.6406965255737305,-7.82991743087769,17.1922492980957,8.73081207275391,28.6662216186523,23.1453590393066,32.164623260498,34.420505523681605,20.209659576415998,37.322360992431605,25.3535804748535,33.2346229553223,26.934024810791,28.055118560791,15.7424869537354,25.5576820373535,22.114933013916,26.025821685791,22.038028717041,11.4031314849854,19.4970111846924,19.3351459503174,-5.996576309204099,-0.38263511657714794,-1.1587123870849598,-5.919086456298831,0.156745910644531,8.1085205078125,6.07951545715332,6.9796667098999,0.95146369934082,6.97896003723145,9.85773849487305,7.55006980895996,15.6385765075684
sub-0092,ses-03,run-03,vicarious,LOC,279,cueH_stimM,-10.060218811035199,11.282500267028801,-6.288446426391599,-5.868820667266849,-12.451690673828098,6.65867805480957,-9.54092693328857,6.37187004089355,16.1378021240234,1.47899031639099,24.0218563079834,16.305240631103498,21.521108627319304,31.188901901245103,22.2355136871338,50.13301086425779,17.7022113800049,50.3698501586914,33.1599159240723,38.679267883300795,38.573051452636705,33.1985092163086,31.8343772888184,34.061309814453104,32.9177093505859,18.401348114013697,19.8314056396484,22.637681961059602,7.60005760192871,13.4314842224121,3.41993141174316,4.92375993728638,-3.9698028564453103,4.714141845703121,-8.45884704589844,-4.13208770751953,12.7760772705078,-9.90504360198975,9.13270568847656,-13.7495174407959,10.049260139465302,-14.824257850647
sub-0092,ses-03,run-03,vicarious,LOC,279,cueL_stimM,14.8970232009888,21.927467346191396,22.7285537719727,10.4057483673096,16.2501010894775,2.23917174339294,19.5222797393799,3.43169093132019,23.8329544067383,28.223814010620103,38.1329917907715,56.509429931640604,42.5699806213379,47.737674713134794,45.1844673156738,46.232303619384794,63.722541809082,46.742801666259794,41.0627784729004,37.4754981994629,16.9985046386719,29.5704498291016,32.4092826843262,1.76423645019531,21.184890747070302,-17.420337677002,-12.231342315673801,-0.25981235504150396,-18.425220489502,6.77771663665771,-15.9782495498657,12.5857763290405,-10.522331237792999,-16.635856628418,-12.278482437133801,-14.6783084869385,-12.6322536468506,-8.789843559265138,9.14608287811279,-2.59618186950684,17.6552963256836,-6.76065826416016
sub-0092,ses-03,run-03,vicarious,LOC,279,cueH_stimL,-11.6776437759399,-8.07087898254395,-23.3027153015137,-6.97086095809937,-16.8198356628418,-20.4003868103027,-21.113454818725604,-5.866459846496579,-3.31948280334473,0.630108833312988,-11.896575927734402,1.06361532211304,-0.86186695098877,-2.1361241340637203,3.24797916412354,-7.06703186035156,12.9292449951172,31.3116340637207,27.9006500244141,5.93829870223999,24.3995361328125,15.2872495651245,24.5368671417236,7.71899175643921,28.4161682128906,12.108339309692399,14.1505126953125,23.6291809082031,7.757415771484379,23.7591552734375,-4.8531379699707005,9.31108856201172,-2.26073837280273,17.0041885375977,17.9600811004639,0.0729122161865234,13.0179386138916,-20.313930511474602,-10.633262634277301,-16.245872497558597,-9.14357376098633,-12.7945213317871
sub-0092,ses-03,run-03,vicarious,LOC,279,cueL_stimL,15.145076751709,23.763137817382802,6.21760129928589,15.019895553588901,23.787664413452102,5.2848482131958,29.055778503418,-1.06582069396973,10.651803970336902,4.27429533004761,11.876955032348599,21.6193904876709,11.8377780914307,33.0552406311035,17.770263671875,34.1316299438477,29.1675510406494,9.16336917877197,16.0739402770996,15.663916587829599,14.319537162780799,20.5509338378906,23.217149734497102,3.4467449188232404,17.218772888183597,0.20535850524902302,-1.3696193695068402,14.212623596191401,-5.66327667236328,8.1949405670166,-17.162237167358402,7.59766483306885,-9.06087112426758,-5.16923427581787,10.377847671508801,-0.301027297973633,9.24268817901611,3.3916015625,-1.08029174804688,-11.216602325439501,-32.3280830383301,-4.39659118652344
sub-0092,ses-03,run-03,vicarious,LOC,279,rating,6.823455810546879,5.28033447265625,2.34078979492188,4.26655578613281,6.45594787597656,3.5054550170898398,15.203704833984402,14.9715480804443,14.496732711792,21.1536979675293,15.206711769103999,23.575378417968803,23.1474533081055,29.404052734375,32.11572265625,37.2457275390625,39.4392051696777,42.723052978515604,37.44179153442379,33.2870025634766,30.3701114654541,24.8429641723633,28.503883361816396,24.080242156982397,22.696605682373,23.8282203674316,13.912477493286099,14.0122680664062,8.82785701751709,9.21232223510742,6.64772272109985,7.38512420654297,13.309478759765598,3.82805252075195,8.17420768737793,2.60671591758728,9.79813194274902,7.993225574493411,3.94913101196289,6.20558929443359,-1.3155937194824199,-0.00844955444335938
sub-0092,ses-03,run-03,vicarious,LOC,279,cue,-4.1358528137207005,-7.79334259033203,-3.30134010314941,-3.83698844909668,-9.47510242462158,-5.21020698547363,-5.646409034729,-13.1272392272949,-0.503471374511719,-4.45350646972656,-7.6622200012207005,-13.686717987060499,-13.1522655487061,-17.175800323486303,-11.3640775680542,-14.578120231628402,-5.73031234741211,-11.190774917602502,-9.63887023925781,-12.228649139404302,-13.0023880004883,-16.316715240478498,-22.7215785980225,-18.468187332153303,-19.2473430633545,-13.9687051773071,-16.9879531860352,-4.7652273178100595,-13.9266452789307,-4.51186609268188,-6.55370092391968,-3.76518678665161,0.26548850536346397,3.2549195289611803,4.71315670013428,5.77762889862061,6.321875095367429,8.41420555114746,5.93946933746338,10.748806953430199,4.83365821838379,1.05392229557037
sub-0092,ses-03,run-03,vicarious,LOC,280,cueH_stimH,11.4000949859619,4.95552635192871,16.3584499359131,9.22255992889404,-5.88845682144165,0.157782077789307,-4.73447608947754,10.348475456237802,7.81675386428833,16.3353958129883,22.521900177002,19.2983989715576,33.97998046875,36.9847068786621,44.3406105041504,36.7051582336426,26.1068840026855,42.0552749633789,54.5559272766113,46.103878021240206,50.8041648864746,56.34013366699221,52.6011962890625,45.2847290039062,44.54023742675779,44.660919189453104,41.085479736328104,24.52321434021,27.271505355835,9.4984188079834,15.5490455627441,1.2047653198242199,-4.77257919311523,-12.095672607421902,-5.143847465515139,-8.369373321533201,0.40217399597167997,-10.2305603027344,-7.0692234039306605,-10.7644681930542,-4.846142768859861,-4.24956321716309
sub-0092,ses-03,run-03,vicarious,LOC,280,cueL_stimH,-8.10686492919922,-0.776968479156494,-11.8722286224365,15.660282135009801,1.16905033588409,6.02812004089355,16.3657531738281,20.075025558471697,23.453428268432603,29.9338779449463,40.3108978271484,63.7444725036621,55.0764961242676,72.07456970214841,61.88679504394529,63.8607711791992,67.8975448608398,67.6118545532227,78.9100646972656,63.6390914916992,66.5834121704102,61.24018859863279,59.40238952636721,46.8736038208008,47.526771545410206,34.972423553466804,35.9348258972168,29.022457122802702,15.051097869872999,-0.0816421508789062,-14.473279953002901,-12.243568420410199,-13.105318069458,4.269874572753911,6.11628913879395,14.1828517913818,14.4113445281982,6.982793807983401,12.7304420471191,17.263298034668,17.594303131103498,15.313224792480499
sub-0092,ses-03,run-03,vicarious,LOC,280,cueH_stimM,-11.4439868927002,-9.9726619720459,-14.799854278564501,-8.87083148956299,-0.26159048080444297,7.18147468566895,10.6501808166504,31.3216762542725,18.366252899169897,34.6627388000488,47.3913078308105,45.3996658325195,52.9101753234863,46.944698333740206,67.4763946533203,68.8625030517578,62.6045532226562,70.3956069946289,70.24423980712889,86.48314666748051,64.95241546630861,76.7181015014648,61.105007171630895,64.0092926025391,49.8804130554199,39.5900840759277,43.1471633911133,29.0545654296875,13.3297805786133,23.0539474487305,-3.65988445281982,1.42122554779053,-7.22952651977539,6.823944091796879,-13.2514801025391,-2.11003494262695,-14.603015899658198,-5.1997995376586905,-28.073928833007802,-23.0930290222168,-33.6966552734375,-16.8676414489746
sub-0092,ses-03,run-03,vicarious,LOC,280,cueL_stimM,30.918973922729503,37.33168411254879,29.207860946655302,32.3608360290527,23.144056320190398,24.2777633666992,31.3073749542236,32.4302597045898,51.9882011413574,52.3530693054199,83.6627883911133,76.6486587524414,93.990478515625,81.8811416625977,92.5577392578125,91.439208984375,99.77869415283199,91.4410400390625,99.50269317626949,83.4264221191406,72.11509704589841,69.9554290771484,54.4408493041992,42.7967071533203,35.263614654541,8.22658157348633,9.30562973022461,1.2909336090087902,1.6633462905883798,-5.90991020202637,-7.88985443115234,-10.0899391174316,-36.533664703369105,-19.9223709106445,-24.5917015075684,-23.0821266174316,-22.5971374511719,-7.20421028137207,-1.22531509399414,3.85266876220703,-3.6273040771484397,-3.35187530517578
sub-0092,ses-03,run-03,vicarious,LOC,280,cueH_stimL,-22.9486656188965,-22.099285125732397,-29.226575851440398,-29.612590789794897,-28.8561668395996,-36.935394287109396,-24.765792846679698,-3.49666166305542,-3.42008590698242,4.16654109954834,13.2504634857178,17.5606384277344,17.959575653076197,25.4049949645996,29.5014762878418,31.3826560974121,48.089485168457,52.223304748535206,44.3550300598145,51.155158996582,43.469966888427706,47.499828338623,47.0960578918457,46.1354866027832,36.8881034851074,19.9865875244141,26.5304679870605,23.692443847656197,21.6801910400391,7.38871002197266,3.57818603515625,2.5643539428710898,1.81179237365723,5.61785078048706,-2.1736307144165,6.93129539489746,-9.79676818847656,-20.7274894714355,-18.5853805541992,-23.3594665527344,-8.2218017578125,-13.535511016845698
sub-0092,ses-03,run-03,vicarious,LOC,280,cueL_stimL,15.1359577178955,27.5915832519531,21.7190723419189,27.702579498291,8.14106178283691,13.306147575378402,13.755210876464801,6.010455131530759,20.5216102600098,14.1261396408081,36.345401763916,33.670539855956996,47.619747161865206,52.5434722900391,57.945247650146506,73.9927444458008,57.1447334289551,61.265079498290994,54.545379638671896,57.63252258300779,53.5523147583008,52.6451950073242,52.766353607177706,44.1780853271484,41.256889343261705,15.775053024292,9.93336868286133,-6.10289764404297,-0.335386276245117,-2.0372867584228502,-9.03447151184082,-7.74997711181641,-21.036911010742198,-7.6659832000732395,-20.570369720459002,-1.9078817367553702,-7.6370096206665,-12.7635498046875,-8.40575790405273,-36.1184692382812,-27.1628761291504,-32.2396469116211
sub-0092,ses-03,run-03,vicarious,LOC,280,rating,7.636774063110349,10.4930686950684,11.4237861633301,12.0909004211426,14.2508544921875,15.717887878417999,17.6680870056152,20.1309490203857,26.708499908447298,24.0310077667236,27.0011901855469,32.6366119384766,38.1504364013672,39.1597747802734,44.1507339477539,44.2869453430176,47.3689079284668,48.07807922363279,41.0946807861328,41.2705879211426,35.4140014648438,33.0663833618164,30.6839904785156,22.741325378418,21.6342449188232,16.7366905212402,13.064126968383801,8.77159690856934,5.56922912597656,5.634057521820071,4.07269096374512,9.16665649414062,6.99807405471802,2.5847930908203103,4.7269344329834,1.73130345344543,5.00908470153809,1.46550607681274,-0.867332220077515,-7.25907802581787,-8.67811489105225,-4.09968519210815
sub-0092,ses-03,run-03,vicarious,LOC,280,cue,-1.45386123657227,2.1321907043457,1.8287277221679699,2.5482368469238303,3.91659927368164,0.43349540233612105,-2.83773803710938,-7.51047325134277,-6.21992492675781,-4.301307678222661,-7.66148376464844,-12.5748901367188,-13.2723484039307,-9.33670520782471,-10.832390785217301,-9.85371398925781,-8.45907306671143,-6.658878326416019,-3.6211700439453103,-6.56962585449219,-7.50709533691406,-14.169090270996099,-10.549293518066401,-13.4105796813965,-12.112098693847699,-8.53287792205811,1.9644260406494098,2.53501987457275,-1.5335545539856001,2.2182235717773398,2.19548559188843,10.4548931121826,6.505136013031009,8.00057411193848,7.69100427627563,10.126065254211401,8.57578277587891,3.8419604301452597,5.73986053466797,4.557991981506349,2.3433177471160898,0.0942041873931885
sub-0092,ses-03,run-03,vicarious,LOC,281,cueH_stimH,13.751816749572802,15.0443696975708,21.143610000610398,0.15874385833740198,-5.84084320068359,2.9293775558471697,4.701562881469731,10.411449432373,9.43805027008057,10.4647817611694,16.710943222045902,4.67710399627686,22.087022781372102,0.27055120468139604,6.663226127624509,19.0923023223877,30.9417514801025,14.2911014556885,21.927589416503896,29.211069107055696,32.343376159668004,32.774993896484396,26.1745491027832,35.7661552429199,34.624015808105504,28.436408996582,18.572805404663104,39.7440986633301,2.03647136688232,10.552263259887699,21.021917343139602,21.3452472686768,7.47818851470947,4.8778076171875,-1.5770564079284701,9.1428337097168,2.5423030853271498,-13.6453504562378,3.27289867401123,-3.6328325271606405,-3.1877288818359397,-2.9581265449523904
sub-0092,ses-03,run-03,vicarious,LOC,281,cueL_stimH,-20.105783462524396,-18.6673488616943,0.078242301940918,0.672229290008545,-6.17631006240845,5.90606784820557,5.651676177978519,6.29567909240723,16.2244548797607,19.196121215820302,32.771728515625,44.9347534179688,32.310329437255895,29.799861907959,30.5571212768555,38.6591453552246,39.7146797180176,49.284252166748,27.2219161987305,48.2671699523926,41.7481269836426,40.0525703430176,43.6515617370605,40.2986640930176,47.7886543273926,32.530876159668004,43.0006828308105,37.2342185974121,21.6914386749268,14.29541015625,9.10238838195801,-2.6099090576171897,3.6442298889160196,3.9344940185546897,11.6963176727295,8.43752861022949,12.004488945007301,9.81791877746582,9.40172958374023,9.42593574523926,21.4234390258789,26.1896438598633
sub-0092,ses-03,run-03,vicarious,LOC,281,cueH_stimM,-3.4873480796814,10.2604284286499,11.4859972000122,-4.75115394592285,10.053550720214801,8.51961612701416,30.0832195281982,17.930862426757802,8.54237365722656,40.8544883728027,42.49462890625,49.57612609863279,46.2419090270996,54.8640365600586,52.74748229980471,68.76715087890621,53.293552398681605,55.573459625244105,58.1308250427246,52.865509033203104,56.9739761352539,52.6801147460938,44.9526023864746,30.624832153320302,43.613395690918,32.9503860473633,26.772888183593803,32.4455947875977,33.618743896484396,19.4650039672852,8.86532974243164,9.20779037475586,3.1402988433837904,15.619293212890598,4.08135032653809,3.4292449951171897,0.521377563476562,7.09066295623779,-20.1153812408447,3.1838319301605202,-12.3921146392822,2.3082294464111297
sub-0092,ses-03,run-03,vicarious,LOC,281,cueL_stimM,25.291410446167003,32.319412231445305,20.566949844360398,14.64013671875,30.8214683532715,20.039850234985398,12.469838142395,35.54185104370121,37.1021766662598,52.6425857543945,53.147979736328104,65.7446746826172,60.482967376709006,66.0699996948242,76.0824432373047,66.7769088745117,62.185726165771506,65.1936569213867,66.3406295776367,49.2758445739746,48.34562683105471,41.1093139648438,27.3965950012207,22.5892639160156,14.677677154541,10.3303260803223,-4.2495231628417995,-3.6380329132080096,-14.337984085083,-3.6499865055084197,-2.16285228729248,-22.0192489624023,-26.9076251983643,-21.2511825561523,-0.82830810546875,-16.9994831085205,-2.608642578125,-9.5447301864624,-16.8921775817871,-0.563737869262695,-2.00387573242188,-9.20444488525391
sub-0092,ses-03,run-03,vicarious,LOC,281,cueH_stimL,-25.810194015502898,-0.685739576816559,-24.6392650604248,-6.91967058181763,-12.330368995666499,-25.6429252624512,-11.5872201919556,2.14063024520874,7.752752304077151,-6.89449596405029,-9.70394897460938,12.9641752243042,8.987772941589359,20.700771331787102,27.3342437744141,31.157808303832997,32.831409454345696,56.0004463195801,39.2238121032715,33.6255378723145,39.0297050476074,51.776096343994105,44.3952751159668,45.725170135498,26.5288257598877,32.5861206054688,24.994457244873,20.0364151000977,21.1185607910156,22.722923278808604,21.7045516967773,25.6051082611084,18.447834014892603,13.8875198364258,12.590553283691401,-7.5417976379394505,1.4001884460449199,-15.065486907959,-3.4512176513671897,-3.6152725219726602,-3.67959976196289,-8.72254943847656
sub-0092,ses-03,run-03,vicarious,LOC,281,cueL_stimL,14.441551208496099,35.499782562255895,18.4187393188477,27.7726650238037,14.371706962585401,22.618970870971697,15.6487693786621,29.744600296020497,22.3291664123535,25.2171955108643,27.635675430297898,28.2805519104004,31.7259902954102,25.1415157318115,40.1213989257812,36.067344665527294,29.135643005371104,31.200475692749,25.7919425964355,26.938657760620103,40.890815734863295,36.399208068847706,17.7607040405273,22.8040390014648,22.6249980926514,14.735337257385302,9.33749008178711,0.394210815429688,15.6987247467041,3.30903434753418,6.22898387908936,6.901728630065921,11.037635803222699,9.35723304748535,7.4897565841674805,-0.42741203308105497,7.787353515625,5.9967041015625,12.520450592041,0.42786788940429704,-1.1904411315918,4.57314872741699
sub-0092,ses-03,run-03,vicarious,LOC,281,rating,5.4372463226318395,9.27578735351562,11.852821350097699,9.84774780273438,7.95655822753906,13.4225425720215,15.419981002807601,20.127820968627898,23.4321556091309,23.7159767150879,28.4750118255615,30.9729404449463,40.478118896484396,44.8901901245117,39.0972900390625,39.0323257446289,43.8674926757812,43.2141036987305,41.7522430419922,38.536430358886705,35.456844329834,34.4634971618652,35.550743103027294,26.081844329834,22.0875968933105,17.3990745544434,19.655254364013697,18.724044799804698,15.5225419998169,17.782028198242198,13.7124576568604,9.408915519714359,9.084756851196289,16.572086334228498,6.002018928527829,8.193484306335451,7.419165134429929,10.5398368835449,7.627484321594241,-4.70963001251221,-2.77668190002441,4.457210063934331
sub-0092,ses-03,run-03,vicarious,LOC,281,cue,0.8120574951171879,6.01543426513672,2.05600166320801,1.3940372467041,-0.5753173828125,-1.69701743125916,-7.68751430511475,-1.81572914123535,-7.03791046142578,-6.8521614074707005,0.194587707519531,-4.14168167114258,-7.418207168579099,0.30630779266357394,-11.917716979980499,-2.2434020042419403,-15.417685508728,-10.926868438720698,-5.89852142333984,-17.2083396911621,-13.166526794433599,-10.015525817871099,-16.419317245483402,-16.7670478820801,-11.9877843856812,-4.82804775238037,-2.14879608154297,-0.523365020751953,-1.60653018951416,-0.720228672027588,6.4367847442627,-1.24022829532623,7.8702082633972195,8.16022205352783,17.9776287078857,17.9981994628906,16.3165397644043,4.6970939636230495,10.2283058166504,6.40265560150146,9.36623859405518,-1.6836092472076398
sub-0092,ses-03,run-03,vicarious,LOC,282,cueH_stimH,-16.254056930542,-14.503552436828599,-18.4242000579834,24.3749923706055,-4.20112037658691,-5.74694919586182,-9.31298542022705,-18.960002899169897,2.75422811508179,-14.809141159057601,-6.8683032989502,-23.4240741729736,-11.2129068374634,5.78318214416504,3.8481428623199503,23.0466384887695,17.0052604675293,0.951502084732056,20.541091918945302,26.5116996765137,32.687454223632805,31.5313606262207,43.594268798828104,42.0740928649902,42.2986297607422,44.6258430480957,53.786895751953104,32.0897789001465,29.0481033325195,4.57383346557617,6.68304634094238,19.4964485168457,-6.917547225952151,-5.551910400390621,11.487952232360803,-18.5117015838623,8.45455265045166,-21.383234024047898,-9.50896739959717,7.9358210563659695,6.2128400802612305,4.69696521759033
sub-0092,ses-03,run-03,vicarious,LOC,282,cueL_stimH,-7.30226993560791,-1.6304669380188,-12.6881113052368,8.36134338378906,18.385562896728498,-28.0696201324463,8.01568222045898,11.777149200439501,-2.3354289531707795,25.142278671264602,2.62855124473572,44.6869506835938,35.837085723877,55.190364837646506,49.95231628417971,38.9071502685547,59.675079345703104,27.1089935302734,43.5595016479492,42.659843444824205,49.6549606323242,47.4376754760742,44.7224655151367,26.6281585693359,33.685699462890604,35.765289306640604,26.3854827880859,50.95243835449221,24.314582824707,1.91047668457031,5.098236083984379,16.5227870941162,7.093807220458981,17.571418762207,23.5295429229736,20.0605297088623,13.4449853897095,24.4349250793457,29.199312210082997,29.917804718017603,27.8618183135986,36.896812438964794
sub-0092,ses-03,run-03,vicarious,LOC,282,cueH_stimM,-1.2473460435867298,4.35669612884521,-13.852393150329599,4.918103218078611,-10.1247062683105,0.0515727996826172,0.8742747306823729,12.242450714111301,-0.901994705200195,3.4718391895294203,31.208274841308604,18.190788269043,25.1572666168213,31.534681320190398,19.7146282196045,64.99362945556639,32.877838134765604,61.6369400024414,48.9474411010742,73.2016067504883,72.88031005859379,53.5736312866211,57.322113037109396,81.8397674560547,45.5513763427734,30.5964431762695,53.5207672119141,39.774787902831996,27.2062492370605,40.7399864196777,12.295317649841301,20.151088714599602,-19.4079551696777,16.4499206542969,3.32032012939453,3.34940719604492,13.932853698730499,-0.976881384849548,-0.344815254211426,-22.5628089904785,-3.29268264770508,-22.0202713012695
sub-0092,ses-03,run-03,vicarious,LOC,282,cueL_stimM,20.8586120605469,26.305831909179698,4.425808429718019,15.0246677398682,7.99181270599365,11.3196239471436,34.643405914306605,10.620285987854,35.872772216796896,31.3055400848389,51.4443511962891,61.800289154052706,78.3913955688477,63.4179763793945,74.7095413208008,94.8880233764648,73.5797882080078,66.6559906005859,63.5141677856445,76.4162673950195,54.464805603027294,63.678493499755895,59.006618499755895,42.6151885986328,64.3155899047852,-2.91081619262695,23.1539840698242,6.0267229080200195,18.4822940826416,26.433883666992198,9.94467544555664,18.621505737304698,-9.90497589111328,-8.41561889648438,4.553428649902339,-6.94291114807129,-3.4247055053710898,11.5087413787842,35.332145690918004,3.8940658569335898,39.248237609863295,26.148202896118196
sub-0092,ses-03,run-03,vicarious,LOC,282,cueH_stimL,-20.5068626403809,-12.2156820297241,-9.96030426025391,-8.66603183746338,-13.8384141921997,-18.4242668151855,-32.652580261230504,-11.752253532409698,-20.9308242797852,-10.6580657958984,-6.59206390380859,0.579689025878906,12.464729309082001,13.0171937942505,2.5319976806640603,-2.8588433265686,22.5248641967773,38.0322265625,20.9390621185303,23.3242206573486,28.4698143005371,28.5124778747559,42.069328308105504,25.558467864990202,39.499359130859396,36.016914367675795,18.971263885498,48.0501594543457,26.492546081543,66.4667816162109,31.423038482666,44.04878234863279,-2.8799896240234397,36.365261077880895,26.5620441436768,25.4156112670898,21.7093315124512,-6.674152374267581,7.58482360839844,-18.9033737182617,4.89644241333008,-24.9297142028809
sub-0092,ses-03,run-03,vicarious,LOC,282,cueL_stimL,11.1549673080444,18.0725383758545,11.268967628478999,20.2107257843018,13.980692863464402,-1.65643644332886,35.7590446472168,-8.63081645965576,19.218063354492198,-19.8260231018066,19.7983551025391,23.9511833190918,2.77949333190918,32.1154441833496,28.3772163391113,45.5613479614258,43.3051071166992,33.8178291320801,40.005054473877,32.5361099243164,40.21767044067379,29.235586166381804,44.9717597961426,20.6421966552734,38.8960304260254,29.973487854003896,19.5087051391602,12.278938293457001,11.865577697753901,33.026985168456996,2.33872413635254,4.92327404022217,-24.9172439575195,10.0326356887817,-16.9518241882324,-8.1739673614502,-4.29849720001221,6.45458984375,-26.283634185791,-20.4851036071777,-44.8264656066895,-16.1856174468994
sub-0092,ses-03,run-03,vicarious,LOC,282,rating,7.703058242797849,4.519256591796879,3.46882247924805,4.812744140625,7.658935546875,2.453857421875,15.390846252441401,16.0883712768555,21.922752380371104,17.1405029296875,10.745128631591802,13.9054622650146,14.8340129852295,25.2567443847656,23.704040527343803,26.2177848815918,34.663761138916,36.2965812683105,27.5363445281982,23.6608543395996,26.794601440429698,21.807725906372102,24.176437377929698,27.626686096191396,31.108423233032198,31.842054367065398,25.838993072509798,24.594511032104503,21.397441864013697,12.2186374664307,13.9345989227295,15.247034072876,19.3267860412598,11.6942653656006,21.1366176605225,3.82609963417053,14.2693481445312,14.3441667556763,7.90113162994385,14.278299331665002,-0.151484489440918,0.5926010608673101
sub-0092,ses-03,run-03,vicarious,LOC,282,cue,2.8636627197265603,-0.974212646484375,11.0598487854004,-1.29275894165039,4.51261901855469,-0.22605097293853801,-1.00728893280029,-7.19705581665039,0.15185546875,3.96475219726562,-8.90288543701172,-10.793556213378901,-16.6440734863281,-22.8363819122314,-14.734738349914599,-13.211039543151902,-6.70576477050781,-5.566143035888669,-10.624042510986301,-8.13906097412109,-15.190101623535199,-13.8259963989258,-8.06200408935547,-7.6949367523193395,-12.108131408691401,-10.390235900878901,-5.37729644775391,5.5122566223144505,-2.8750486373901403,8.250705718994139,-7.4152359962463406,9.30026435852051,4.05064964294434,16.4993591308594,5.181909561157231,19.5492725372314,16.711378097534197,3.5519905090332,0.0199589729309082,9.07228469848633,6.21768760681152,8.77167415618896
sub-0092,ses-03,run-03,vicarious,LOC,313,cueH_stimH,6.88537693023682,4.914584636688231,0.4920661449432371,21.2913837432861,4.79063081741333,3.9591236114502,5.6672658920288095,8.545107841491701,5.94643354415894,4.7861657142639205,12.266824722289998,1.1858446598053,2.00143718719482,13.254798889160199,0.23801708221435502,2.6863112449646,0.18991848826408397,-5.180720806121831,-3.5136270523071302,1.85667610168457,8.85742950439453,-4.37254619598389,1.23599624633789,2.0175533294677703,3.74178695678711,1.4413223266601598,4.47419929504395,4.30916404724121,7.31571865081787,-9.06172180175781,-0.0808525085449219,3.5149478912353502,-0.901689529418945,3.17727661132812,-3.7421402931213397,-12.823814392089801,0.9976272583007809,1.37316071987152,-9.591573715209961,-12.1326570510864,-22.8361740112305,-0.6975717544555661
sub-0092,ses-03,run-03,vicarious,LOC,313,cueL_stimH,-0.5829434394836429,-0.767725944519043,-0.649894714355469,2.64543533325195,10.4645252227783,-12.4289293289185,16.626079559326197,20.2287578582764,0.77077305316925,10.0167961120605,1.21306824684143,24.4732303619385,16.9048862457275,26.735958099365202,26.2039012908936,14.138869285583501,34.743209838867195,11.3919239044189,36.5984687805176,21.7655467987061,31.0857372283936,25.5361766815186,31.6843700408936,29.2303905487061,21.3058300018311,37.8898506164551,16.902173995971697,33.899703979492195,29.2164745330811,3.1432056427002,4.47929000854492,-6.64039611816406,-2.85987091064453,2.9245376586914102,13.9543933868408,8.23940086364746,-0.0194244384765625,9.68630981445312,11.0155448913574,19.1342716217041,14.8096752166748,3.25119018554688
sub-0092,ses-03,run-03,vicarious,LOC,313,cueH_stimM,-28.5970859527588,-16.7853412628174,-29.052217483520497,-15.064090728759801,-27.6635856628418,1.4411697387695301,2.67137789726257,3.84099388122559,11.6282787322998,5.84753942489624,14.1094608306885,21.9829292297363,17.115966796875,28.4558258056641,26.566936492919897,36.276214599609396,7.7605152130127,21.267225265502898,14.862929344177198,9.67356872558594,16.504497528076197,8.29848480224609,17.8952598571777,4.45783996582031,-3.2361488342285196,-0.34474563598632796,14.2326049804688,-1.42272567749023,-6.136539459228519,14.5022058486938,3.7098934650421103,-6.75836515426636,-3.1724624633789102,17.8980560302734,6.648700714111331,3.7372894287109397,4.04754638671875,2.19298934936523,-9.06846523284912,-17.689767837524396,-9.45109748840332,-20.0096454620361
sub-0092,ses-03,run-03,vicarious,LOC,313,cueL_stimM,8.83458995819092,29.8571262359619,21.7382106781006,13.412027359008801,11.7659044265747,5.03163814544678,29.771442413330103,7.88760805130005,30.8373203277588,31.1278247833252,41.7555351257324,34.7082672119141,42.3848457336426,42.3754463195801,24.7334423065186,44.8429756164551,41.9850654602051,27.1129589080811,25.7613964080811,26.045486450195302,17.0219421386719,7.803630828857419,13.4383010864258,-9.56985473632812,5.85378646850586,-11.9339447021484,-0.170745849609375,5.5815324783325195,5.59074831008911,8.18656158447266,-5.39524936676025,4.25942611694336,-2.4600372314453103,7.36106872558594,3.07273483276367,-14.5290813446045,-19.099201202392603,-7.4516305923461905,14.675053596496598,-13.597902297973599,17.2714767456055,-3.3845367431640603
sub-0092,ses-03,run-03,vicarious,LOC,313,cueH_stimL,-18.7417678833008,-4.859143257141111,-5.78637170791626,-16.9473266601562,-9.48157119750977,-23.345273971557603,-25.0598583221436,-9.713766098022461,-3.6993570327758802,7.2031564712524405,-7.72959280014038,-3.2129497528076203,-9.32379627227783,-12.3192901611328,-5.86647176742554,-5.489792346954349,3.4501905441284197,16.1447334289551,3.9205198287963903,-3.70111989974976,10.1955814361572,-4.18188667297363,11.2803468704224,14.280111312866199,16.9452857971191,5.925167083740231,2.11652374267578,9.73754501342773,-7.47179412841797,-4.609413146972661,-6.67121124267578,3.4645328521728502,0.36449623107910206,13.557699203491199,9.52183723449707,6.327153205871579,9.41099739074707,-10.277276992797901,-8.39895629882812,-9.32383728027344,1.2267036437988301,-13.4419212341309
sub-0092,ses-03,run-03,vicarious,LOC,313,cueL_stimL,-4.71525478363037,16.959602355957,-2.0483198165893604,4.375614643096919,-0.0041303634643554705,-8.192135810852049,4.8067798614502,-10.728034973144501,-2.7620038986206095,8.372837066650389,5.688321113586429,10.375279426574698,-2.0193247795105003,8.73031425476074,3.82318115234375,2.2048487663269,16.1116065979004,6.31485795974731,6.782452583312991,4.961023330688481,4.18216800689697,1.3756601810455302,-3.6512649059295694,-1.00359916687012,11.0058679580688,13.540642738342301,-11.709352493286099,-7.96262359619141,-7.66451644897461,-9.24716377258301,-18.7909927368164,-16.790264129638697,-25.754108428955103,-24.09619140625,-11.1974687576294,-15.4265470504761,-11.786340713501,-19.180419921875,-29.2704238891602,-22.7747650146484,-36.759838104248,-27.5149040222168
sub-0092,ses-03,run-03,vicarious,LOC,313,rating,5.64826965332031,2.66672134399414,1.31002044677734,7.44862365722656,16.5706481933594,9.93368530273438,14.904178619384801,13.4075679779053,16.6883106231689,16.981346130371097,17.6565113067627,17.297874450683597,24.359058380127,28.5818977355957,27.5310745239258,26.6633605957031,36.4170417785645,39.8353042602539,32.786224365234396,29.639465332031197,31.426048278808604,25.169025421142603,22.2771301269531,21.869153976440398,13.617694854736301,10.540926933288599,6.44484567642212,5.7281179428100595,4.5872507095336905,2.53174066543579,8.44988250732422,2.82780647277832,3.4400606155395494,-0.20838928222656197,2.79063606262207,-1.5616979598999,4.8116283416748,6.30405616760254,4.25338172912598,-0.870708465576172,-5.3905735015869105,-1.8961486816406203
sub-0092,ses-03,run-03,vicarious,LOC,313,cue,-3.9015045166015603,-5.324981689453121,-1.3869552612304699,-0.48580169677734397,3.29262733459473,7.4832463264465305,-4.65085220336914,-10.0254993438721,-5.95917510986328,-4.88794708251953,-6.14084243774414,-10.0285339355469,2.4811172485351602,-2.90538787841797,-0.30802440643310497,-0.46521401405334495,2.68010425567627,0.7683696746826171,1.6466903686523402,-2.35192108154297,-4.73966979980469,-0.83447265625,-6.415096282958981,-14.5554351806641,-11.443441390991199,-8.98496150970459,-6.28582096099854,2.12099266052246,2.97959089279175,3.47752904891968,4.8866605758667,9.41340065002441,10.1705589294434,10.311131477356,11.019561767578098,10.2121572494507,11.919451713562,9.9432487487793,2.33012056350708,11.6774749755859,1.9056277275085403,-2.12306880950928
sub-0092,ses-03,run-03,vicarious,LOC,314,cueH_stimH,22.0137958526611,10.217017173767099,12.179893493652301,14.3685760498047,5.85979509353638,11.913759231567399,-0.791462659835815,26.0478000640869,5.71640491485596,3.4553670883178698,0.9873690605163571,9.69468021392822,16.6948204040527,12.0747289657593,12.604510307312,16.4419384002686,19.580987930297898,25.058584213256804,17.4461669921875,13.9982395172119,21.5662574768066,20.81787109375,23.658155441284197,41.804283142089794,20.9153690338135,21.7625007629395,30.7120170593262,20.624698638915998,20.4799118041992,28.0728187561035,16.0268535614014,14.1942749023438,14.542516708374,6.08592224121094,6.99208307266235,-0.394973754882812,8.63961601257324,6.628479480743411,1.35486459732056,-7.653461456298831,4.51790380477905,-1.69858574867249
sub-0092,ses-03,run-03,vicarious,LOC,314,cueL_stimH,-2.34205102920532,-3.3464765548706095,-6.037347316741941,12.8211984634399,9.0073184967041,18.7005653381348,-3.40996885299683,-5.15804147720337,20.282314300537102,13.343822479247999,18.762639999389602,28.6021423339844,31.2064514160156,43.1165618896484,39.4760627746582,39.935230255127,37.15675735473629,30.7746505737305,27.972770690918,55.496620178222706,39.1434211730957,47.4422950744629,37.73561477661129,38.2936897277832,41.501148223877,33.799427032470696,34.646961212158196,44.7573585510254,26.0186977386475,22.208299636840803,16.4687194824219,20.1363220214844,10.3450336456299,22.242847442627,2.8593196868896498,24.0648880004883,13.880516052246099,11.3179988861084,14.820188522338901,13.059326171875,16.6576900482178,20.9572868347168
sub-0092,ses-03,run-03,vicarious,LOC,314,cueH_stimM,-4.7655291557312,-3.99470710754395,1.45357418060303,-9.1173210144043,12.0327816009521,8.4030704498291,4.78394651412964,34.352756500244105,24.5688972473145,27.4862403869629,25.385274887085,27.943658828735398,54.644901275634794,41.2596206665039,47.216976165771506,45.2201995849609,58.686119079589794,57.4831008911133,50.2332229614258,75.1245422363281,48.59419250488279,60.4934768676758,58.6500473022461,70.53680419921879,38.118865966796896,46.3828125,60.6006851196289,17.5669116973877,28.801071166992198,21.452581405639602,18.196870803833,22.6904277801514,1.8577384948730502,10.6199035644531,16.2922248840332,13.579132080078098,3.46575927734375,25.8829727172852,8.73441123962402,3.37361431121826,-22.5085773468018,3.11745643615723
sub-0092,ses-03,run-03,vicarious,LOC,314,cueL_stimM,23.2111110687256,19.2783470153809,28.949825286865202,27.4722366333008,23.4803276062012,31.075082778930696,38.10329055786129,34.0840339660645,50.308231353759794,28.302082061767603,49.083309173584006,58.5449829101562,69.0622940063477,68.8008193969727,72.4271469116211,68.2047500610352,66.2836074829102,54.658607482910206,69.64589691162111,61.703426361084006,49.848758697509794,39.4643974304199,52.2920799255371,37.655487060546896,27.110599517822298,26.2926712036133,-0.537109375,4.77596855163574,17.019458770752,8.85225677490234,8.96158409118652,-3.5974431037902797,-0.690530776977539,-5.509246826171879,-8.086864471435549,-10.0353107452393,-4.53068351745605,-15.3539752960205,13.5962467193604,5.953435897827151,7.0440778732299805,-6.68904876708984
sub-0092,ses-03,run-03,vicarious,LOC,314,cueH_stimL,-17.1265754699707,-25.749046325683604,-13.5674953460693,-23.479866027832,-26.3302822113037,-30.402786254882802,-26.5515079498291,-21.7941913604736,-9.02214431762695,-12.260753631591802,-9.28623580932617,-12.0606212615967,11.6610517501831,8.10752773284912,25.3990840911865,13.021933555603,23.8339157104492,22.3605461120605,24.276424407959,41.0557708740234,28.175958633422898,27.164714813232397,39.949821472168004,27.410285949707,34.985202789306605,23.429645538330103,20.6747817993164,38.0404930114746,44.7562866210938,24.4341506958008,21.9734535217285,13.523317337036099,20.413284301757802,21.107196807861303,24.4299964904785,20.018262863159197,1.8890304565429699,3.85342025756836,-9.17514801025391,-2.22313690185547,14.001575469970698,10.8089447021484
sub-0092,ses-03,run-03,vicarious,LOC,314,cueL_stimL,14.4942264556885,19.1667976379395,49.041355133056605,21.804313659668,12.320045471191401,30.112243652343803,16.859489440918,21.611228942871104,19.9696826934814,14.2798910140991,28.553543090820302,12.4568347930908,20.044363021850604,21.9600677490234,42.8009033203125,48.3759841918945,30.1236839294434,32.8961906433105,33.5661849975586,41.104400634765604,26.6586093902588,43.04707336425779,34.887725830078104,32.5251045227051,29.1762619018555,22.532653808593803,15.3105182647705,21.464984893798803,30.908992767334,24.399581909179698,13.5528717041016,23.299480438232397,13.6243629455566,11.385520935058599,9.13260459899902,7.76965236663818,15.5673656463623,14.07275390625,15.4673500061035,18.9071731567383,4.0902099609375,-0.8300495147705079
sub-0092,ses-03,run-03,vicarious,LOC,314,rating,6.5915241241455105,7.338848114013669,8.98744583129883,10.2878684997559,8.88661193847656,13.9435424804688,9.39425277709961,15.4624691009521,18.206741333007802,14.0739488601685,17.3482360839844,22.2466640472412,22.471496582031197,23.9410781860352,30.4948425292969,20.7865524291992,20.605625152587898,21.7093906402588,27.288537979126,25.176221847534197,27.8984642028809,27.5540428161621,27.0074615478516,26.460319519043,25.873474121093803,27.0517845153809,27.8278617858887,24.6314373016357,21.109666824340803,20.2691764831543,20.0896320343018,18.7139053344727,18.9864501953125,11.0439987182617,16.0160636901855,17.130298614502,14.070818901062,10.3204135894775,6.40084028244019,6.270599365234379,8.05405712127686,2.3590266704559304
sub-0092,ses-03,run-03,vicarious,LOC,314,cue,1.1673011779785198,5.79806900024414,7.770816802978519,10.056692123413098,7.46988296508789,10.289167404174801,3.5117406845092796,0.43338584899902294,0.41024017333984397,1.7582817077636699,-3.6027069091796897,-0.424591064453125,-3.5053062438964804,-1.45067882537842,-3.1961555480957,-6.572296142578121,-3.31930446624756,-3.92603302001953,-8.002651214599611,1.1845779418945301,-4.855079650878911,-4.24040985107422,-7.06618499755859,-3.65882301330566,-2.87915992736816,-0.677347183227539,11.6897926330566,9.00475215911865,12.227781295776401,7.75798034667969,5.66447257995605,15.568643569946301,9.10695838928223,13.076295852661099,8.8452730178833,11.895252227783198,6.1708078384399405,4.66164016723633,4.64036083221436,10.6866674423218,6.23249816894531,3.1837720870971697
sub-0092,ses-03,run-03,vicarious,LOC,311,cueH_stimH,1.15515327453613,2.57555413246155,20.748088836669897,12.814109802246099,3.2713570594787598,2.39018535614014,-0.902084589004517,-0.0389328002929688,3.5652265548706095,4.38703966140747,5.2534236907959,2.0117168426513703,-1.3390643596649199,7.55481147766113,-5.977246284484861,6.85383939743042,5.33615827560425,19.459884643554698,26.8777866363525,10.7549705505371,8.340357780456541,7.58607387542725,7.230474472045901,13.435649871826199,1.32760238647461,19.5268058776855,9.45751571655273,8.33252716064453,14.6620836257935,3.0433750152587904,9.4152946472168,11.3423004150391,-1.97851943969727,6.93413543701172,0.9872817993164059,5.916107177734379,12.522808074951199,5.412785530090329,-2.6759366989135698,-14.138147354126,-4.19401216506958,3.43081188201904
sub-0092,ses-03,run-03,vicarious,LOC,311,cueL_stimH,-11.236686706542999,-4.8608603477478,-11.036436080932601,12.8840389251709,5.7659416198730495,9.31363582611084,6.5906476974487305,15.341611862182601,-12.565540313720698,9.64414024353027,9.37397480010986,24.8659744262695,27.1654930114746,48.7356185913086,36.066368103027294,39.467399597168004,48.2817153930664,35.506187438964794,35.570030212402294,38.811485290527294,55.1980056762695,43.2966232299805,37.609947204589794,40.373405456543004,30.594017028808604,39.235313415527294,33.8310165405273,21.064811706543,21.1147384643555,-2.84606075286865,-13.3493938446045,-3.13555908203125,-12.928447723388699,-8.90743255615234,-3.1470489501953103,-1.55587196350098,-2.70179557800293,1.2209262847900402,4.26300430297852,13.2220611572266,-2.8442420959472696,6.84123992919922
sub-0092,ses-03,run-03,vicarious,LOC,311,cueH_stimM,-18.6000671386719,-14.7288570404053,-14.347430229187,-17.2392921447754,0.0475425720214844,15.969836235046401,11.676971435546902,12.3477010726929,15.9371013641357,19.678236007690398,38.6702003479004,34.4301071166992,40.360603332519496,37.1057929992676,31.7267208099365,31.6474685668945,36.456718444824205,45.530357360839794,43.591026306152294,50.6241264343262,47.6557083129883,35.7030258178711,30.7779655456543,31.2088928222656,25.783260345459,23.575931549072298,37.2002563476562,24.3815536499023,11.1568603515625,18.1826782226562,7.4478244781494105,8.876020431518551,8.96099281311035,15.0080413818359,14.2731170654297,25.0780143737793,12.9656524658203,9.43363094329834,0.852814674377441,-4.92586898803711,-4.76132869720459,-18.101840972900398
sub-0092,ses-03,run-03,vicarious,LOC,311,cueL_stimM,16.3299655914307,29.876148223877,18.1051712036133,27.040002822876,10.8490524291992,10.6853351593018,26.1560592651367,12.431583404541,35.1208305358887,33.7485847473145,37.4729614257812,58.780143737793,48.9594497680664,58.4975662231445,55.5019607543945,60.6508865356445,58.6569900512695,48.7497329711914,48.7316665649414,42.6891098022461,26.1260604858398,39.8910675048828,21.998783111572298,28.092712402343803,27.081130981445302,13.880729675292999,0.16366958618164099,-4.22972393035889,18.6666641235352,-7.17520666122437,-8.78517436981201,4.1176118850708,-7.21742057800293,-3.97454833984375,-5.75365447998047,-7.12371063232422,-10.6311092376709,-8.519473075866701,15.891094207763699,-4.29438972473145,3.57839965820312,0.727764129638672
sub-0092,ses-03,run-03,vicarious,LOC,311,cueH_stimL,-28.1496887207031,-23.4099826812744,-23.296428680419897,-31.617839813232397,-25.0463943481445,-28.2904243469238,-29.294979095459,-12.051001548767099,-15.784303665161099,-16.6362133026123,-19.5068473815918,-10.9878997802734,0.794143438339233,13.0899753570557,11.936326026916499,19.678798675537102,27.6965408325195,25.4423751831055,23.7588157653809,23.974843978881804,5.64274787902832,9.02968692779541,10.8978452682495,27.995569229126,33.2337493896484,16.6047897338867,18.679096221923803,7.5656623840332005,34.4341049194336,22.375343322753896,16.4343681335449,19.4736919403076,10.737121582031198,30.525535583496104,20.5262413024902,9.35730743408203,6.64815521240234,-16.0313606262207,-11.7831268310547,-10.5021057128906,6.84529876708984,-2.8408203125
sub-0092,ses-03,run-03,vicarious,LOC,311,cueL_stimL,15.3316049575806,16.777229309082,12.9505462646484,18.586856842040998,11.760396957397498,9.5166015625,31.0583686828613,17.6076908111572,13.471492767334,12.393534660339402,21.9338779449463,32.7261543273926,21.663375854492198,22.7147560119629,20.2404289245605,24.625135421752898,42.513034820556605,36.7127075195312,34.4591941833496,25.686206817627,20.4206256866455,12.101609230041499,11.2992916107178,10.1369190216064,-2.7971401214599596,-2.46023654937744,-12.324806213378901,-9.81769561767578,6.14446258544922,-6.8135089874267605,-7.6757488250732395,-6.93109893798828,-3.6126446723938,-19.4131240844727,-3.75879573822021,4.841527938842769,-7.32654476165771,-3.5216064453125,-3.9005165100097696,-24.4026565551758,-44.309268951415994,-24.354049682617198
sub-0092,ses-03,run-03,vicarious,LOC,311,rating,5.2137451171875,5.68222427368164,3.07808303833008,9.66032028198242,6.713714599609379,5.55251312255859,9.70217323303223,10.755638122558599,17.8836574554443,16.3336715698242,22.449520111084,23.7385559082031,26.963092803955103,27.3613967895508,30.3229904174805,29.4507789611816,34.1612205505371,39.70326614379879,36.123954772949205,37.171535491943395,39.7093276977539,29.8289966583252,29.1700458526611,24.795557022094698,22.652662277221697,16.6546669006348,15.115316390991199,12.9250431060791,11.295509338378901,9.27565956115723,7.33843851089478,9.136945724487301,11.578711509704599,8.04496383666992,10.2319326400757,5.95350790023804,10.2374792098999,10.940975189209,5.03773593902588,5.768377304077151,1.80704212188721,2.60210490226746
sub-0092,ses-03,run-03,vicarious,LOC,311,cue,-3.75246047973633,-3.1666297912597696,-2.2585086822509797,1.4442367553710902,2.7944507598877,0.20592713356018102,-3.33162117004395,-6.629764556884769,-4.35004425048828,-2.68972778320312,-6.63365173339844,-1.8859939575195301,-9.019083023071289,-6.06329345703125,-7.006060600280759,-3.26933526992798,-4.8900203704834,-6.39010238647461,-5.9002571105957005,-2.5645370483398398,-6.34474182128906,-5.28038787841797,-9.12339019775391,-12.4016876220703,-11.415027618408198,-5.22225475311279,-6.256192207336429,1.25419807434082,2.51776504516602,-2.3569221496582,7.564693450927731,8.07428932189941,4.77882480621338,9.362226486206051,6.86230278015137,6.3505134582519505,7.418701648712161,4.38148069381714,-6.4419846534729,-3.67105007171631,-7.26457405090332,-5.70385456085205
sub-0092,ses-03,run-03,vicarious,LOC,312,cueH_stimH,8.3021068572998,7.85534000396729,15.418826103210401,6.2711477279663095,3.2733130455017103,5.52382230758667,-5.291358947753911,-7.28384637832642,-3.0638589859008802,-6.89249706268311,-11.50403881073,2.41334629058838,1.26945662498474,-21.2406826019287,-0.783775091171265,8.671360015869139,11.2812919616699,11.106761932372999,6.68505096435547,-4.19748306274414,6.57769966125488,21.3812561035156,20.5274543762207,19.909442901611303,14.017541885376,11.4988555908203,20.4218482971191,1.3636379241943402,11.418497085571301,-5.13741111755371,20.935749053955103,-0.813076019287109,13.1305828094482,-2.6239395141601602,-11.2329626083374,15.6277198791504,16.0110664367676,-9.416994094848631,16.1372470855713,9.351682662963869,9.985475540161131,-4.9963583946228
sub-0092,ses-03,run-03,vicarious,LOC,312,cueL_stimH,-13.540637969970698,-3.0565137863159197,-25.4489822387695,0.151047110557556,-1.59663045406342,-1.3799028396606399,12.234947204589801,4.20066213607788,18.2273063659668,21.3734817504883,11.0878744125366,28.8241882324219,29.1557769775391,44.5622787475586,40.136634826660206,36.359794616699205,34.2409019470215,26.2755851745605,25.2365226745605,24.573070526123,16.390941619873,29.6017417907715,34.927059173584,37.350639343261705,38.920692443847706,21.4105949401855,31.7733726501465,37.974418640136705,23.3607902526855,9.4522008895874,-6.76514434814453,-13.619729995727502,-19.903490066528303,-5.67354583740234,-0.520137786865234,19.396993637085,15.0073947906494,10.8422908782959,9.0119514465332,13.4636878967285,20.736234664917,31.9897994995117
sub-0092,ses-03,run-03,vicarious,LOC,312,cueH_stimM,-8.60688304901123,-29.97900390625,-8.06184768676758,-11.987990379333501,-12.37903881073,5.73864078521729,-13.7709445953369,30.4026050567627,5.14798593521118,29.5170745849609,24.7820148468018,37.712104797363295,46.855751037597706,32.2623825073242,55.06086730957029,59.726192474365206,49.3901596069336,60.29243469238279,41.786903381347706,53.254974365234396,54.105918884277294,47.9473648071289,34.8549156188965,51.207603454589794,37.5312385559082,10.933021545410199,28.7269668579102,6.58824920654297,9.091447830200199,16.9382419586182,10.596304893493699,11.350200653076199,1.3253250122070301,23.424659729003896,10.1744689941406,12.512046813964801,5.80677032470703,10.4885749816895,-10.563302993774402,-10.3513431549072,-13.970069885253901,-7.834246635437009
sub-0092,ses-03,run-03,vicarious,LOC,312,cueL_stimM,50.3925857543945,53.559051513671896,53.875301361084006,52.5580062866211,22.9178581237793,53.3403244018555,56.0733032226562,45.837398529052706,61.245090484619105,53.0490570068359,97.3204193115234,95.0310287475586,97.87954711914058,82.3463668823242,108.25091552734399,84.5584030151367,78.5566329956055,83.8505172729492,73.4567413330078,72.0764541625977,47.99906921386721,61.3826560974121,42.981685638427706,36.3017578125,26.172042846679698,-12.5526466369629,4.19829559326172,-7.14581489562988,7.8475170135498,-7.72103214263916,5.38912582397461,-5.4511022567749,-14.9583301544189,-7.73114013671875,-8.41899681091309,-17.7798118591309,-11.8088550567627,-14.568697929382301,4.55985641479492,12.8973236083984,13.6051502227783,17.287399291992198
sub-0092,ses-03,run-03,vicarious,LOC,312,cueH_stimL,-22.1778564453125,-31.1848087310791,-24.057813644409197,-43.24653625488279,-39.273834228515604,-42.23948287963871,-41.127590179443395,-33.5305519104004,-33.4058647155762,-23.472593307495103,-24.470096588134798,-25.861303329467802,-15.8666324615479,5.01141405105591,20.4065055847168,0.241663932800293,23.9322834014893,7.533230781555179,9.82454299926758,33.113273620605504,6.60745620727539,24.5546684265137,11.099842071533198,27.938711166381804,35.832447052002,17.242599487304698,17.3353691101074,15.530914306640598,29.8132247924805,21.1818237304688,29.285587310791,24.6764621734619,22.232566833496104,23.033264160156197,35.895576477050795,28.2390403747559,24.090272903442397,-10.086076736450199,5.53694152832031,-2.94951629638672,12.334808349609402,-9.06348037719727
sub-0092,ses-03,run-03,vicarious,LOC,312,cueL_stimL,11.269188880920401,28.8529586791992,25.822278976440398,24.4501647949219,15.5438556671143,12.3986978530884,-0.986559391021729,18.3472518920898,16.3967800140381,0.44916170835495,17.1237487792969,6.7668342590332005,25.554834365844698,32.2270660400391,29.797039031982397,48.539859771728494,28.0193061828613,39.485523223877,20.031429290771502,20.2128009796143,31.1555480957031,19.086635589599602,17.7921981811523,15.893630027771001,26.115648269653303,22.643648147582997,1.7510757446289098,-2.97417449951172,16.958179473877,13.242979049682601,-4.90581893920898,17.2553558349609,-3.8094267845153795,-2.46066761016846,1.1723670959472698,26.7202491760254,5.613763332366941,30.3365478515625,16.875411987304698,-10.8540382385254,3.72832489013672,-12.389955520629899
sub-0092,ses-03,run-03,vicarious,LOC,312,rating,15.49755859375,7.40519714355469,4.45098114013672,14.6007499694824,5.821075439453121,7.74126434326172,7.79029846191406,7.66947937011719,12.478761672973599,7.89705085754395,11.502988815307601,5.9343776702880895,12.7686157226562,8.13183212280273,6.16551208496094,2.9637908935546897,6.803070068359379,7.84317779541016,10.942554473877001,12.0370407104492,10.0092315673828,6.608929634094241,10.628438949585,13.306450843811,15.857815742492699,14.5328273773193,10.744642257690401,7.294244289398191,8.39271926879883,5.70542049407959,0.36958456039428705,4.09620094299316,5.42159175872803,1.9088840484619098,6.7024440765380895,1.77225542068481,1.2390604019165001,-1.67783546447754,-0.6910061836242679,-2.93005466461182,-4.99142265319824,-9.95401859283447
sub-0092,ses-03,run-03,vicarious,LOC,312,cue,-6.06106185913086,7.85256576538086,8.08789825439453,9.016786575317381,7.08728790283203,4.81267404556274,4.2541189193725595,-0.861761093139648,1.734375,1.8948440551757801,5.15965270996094,0.462005615234375,-1.67451477050781,-0.856339454650879,7.57937145233154,2.8607950210571302,8.08975505828857,16.3282833099365,14.694129943847699,20.494552612304698,15.065666198730499,14.925933837890598,10.9353561401367,10.0052909851074,15.173820495605499,7.24603462219238,18.282001495361303,19.092144012451197,14.875467300415002,9.922628402709961,18.6926345825195,27.773067474365202,21.1070156097412,27.1966991424561,28.3369789123535,22.861106872558604,28.194274902343803,14.507364273071301,14.1866064071655,11.899977684021001,11.2645511627197,12.336697578430199
sub-0092,ses-03,run-03,vicarious,LOC,317,cueH_stimH,8.4558572769165,16.1552238464355,13.248145103454599,14.1372404098511,5.99898195266724,12.386964797973599,1.3499321937561002,9.88449478149414,8.56558990478516,20.324726104736303,15.985285758972198,9.995683670043949,6.51045560836792,-7.275264739990231,0.254008054733276,1.25992298126221,1.4526743888855,8.059779167175291,10.255422592163098,12.315652847289998,7.92510318756104,4.42158603668213,4.102996826171879,17.854528427124,17.0868053436279,26.8737945556641,22.9090690612793,25.9354095458984,24.655000686645497,20.83131980896,27.9390163421631,18.438123703002898,14.1643781661987,17.6011962890625,20.812425613403303,6.26123809814453,13.326167106628402,1.8103944063186599,9.36380577087402,-3.6382474899292006,-0.635579347610474,2.3622882366180398
sub-0092,ses-03,run-03,vicarious,LOC,317,cueL_stimH,-24.0147132873535,-24.9993019104004,-14.8480911254883,-13.8945407867432,-1.26274967193604,3.5571460723877,11.700059890747099,5.876708984375,2.1622676849365203,10.6872291564941,10.4271392822266,25.5305671691895,28.712553024292003,24.332218170166,27.171319961547898,26.096979141235398,29.7804355621338,22.823541641235398,27.8871250152588,31.7883701324463,22.228815078735398,24.627496719360398,29.2444248199463,36.5286064147949,33.560699462890604,26.850397109985398,26.888727188110398,21.699762344360398,16.277399063110398,8.40659809112549,1.46969985961914,6.35359764099121,-0.543651580810547,-4.070465087890621,0.503635406494141,4.087816238403319,12.826906204223599,7.612310409545901,15.4502391815186,14.4053783416748,20.306987762451197,12.953311920166
sub-0092,ses-03,run-03,vicarious,LOC,317,cueH_stimM,-4.83564138412476,-8.68652248382568,-4.91288089752197,-1.0200271606445301,7.549166679382321,8.018787384033201,13.489513397216802,22.777873992919897,22.2620677947998,33.0110855102539,40.100677490234396,30.7628479003906,35.004581451416,31.917932510376,36.9156455993652,35.2595710754395,35.186225891113295,37.1471672058105,28.6577854156494,29.996868133544897,37.3944435119629,31.6917018890381,27.3783493041992,31.687789916992198,41.089103698730504,29.9827041625977,27.6884384155273,28.667005538940398,21.8219356536865,25.660545349121104,20.2546463012695,19.693462371826197,15.6061344146729,13.876319885253901,11.472766876220698,17.4553070068359,3.91778564453125,2.83421921730042,-2.9607348442077597,-1.89601349830627,5.593109130859379,-1.0019826889038101
sub-0092,ses-03,run-03,vicarious,LOC,317,cueL_stimM,28.2493839263916,37.6234474182129,31.303270339965803,22.681472778320302,19.379360198974602,26.790657043457,27.5211448669434,25.5156402587891,38.9845390319824,46.857082366943395,48.1475639343262,51.7133712768555,49.4449577331543,48.464603424072294,50.3020439147949,56.873172760009794,52.7451591491699,42.0439414978027,37.5300712585449,26.197378158569304,21.120849609375,15.9281005859375,16.0017585754395,10.3002471923828,13.9618263244629,3.2188262939453103,5.957427978515621,0.789568901062012,-2.21070671081543,0.7366726398468021,1.14538764953613,-2.20912885665894,1.5448322296142598,-11.5830535888672,-6.198848724365231,-4.98286819458008,-7.06222915649414,-5.01530647277832,2.09689140319824,-5.809696197509769,-5.462847709655759,3.1646690368652304
sub-0092,ses-03,run-03,vicarious,LOC,317,cueH_stimL,-17.748363494873,-20.4481086730957,-30.999464035034197,-22.4217128753662,-28.2339935302734,-28.7182121276855,-19.6455039978027,-12.036119461059599,-7.43393993377686,-15.2333831787109,-6.06022167205811,-8.23147869110107,0.0737643241882324,1.14914560317993,12.0630149841309,18.2081699371338,18.5207824707031,26.9858913421631,16.6144638061523,18.0360469818115,17.5790500640869,26.0434074401855,35.9710350036621,31.796184539794897,21.5750217437744,29.5015506744385,17.1776504516602,24.7079811096191,18.2330703735352,20.110549926757802,25.5771484375,25.1624240875244,23.6962738037109,16.8309116363525,14.030951499939,8.945718765258789,8.514406204223631,-5.19273948669434,-5.81697845458984,-5.28973388671875,5.08795547485352,4.906517028808589
sub-0092,ses-03,run-03,vicarious,LOC,317,cueL_stimL,28.356521606445302,25.7890186309814,24.279081344604503,25.5527610778809,18.9639987945557,10.5033721923828,13.734276771545401,8.23017120361328,19.6532344818115,8.20662689208984,15.280281066894501,5.06131935119629,14.8955488204956,13.219810485839801,15.8759059906006,17.9930744171143,20.7366828918457,14.0973339080811,7.87085628509521,12.1869516372681,10.0401935577393,13.9125728607178,6.124286651611331,7.41709423065186,11.817779541015598,6.77472019195557,7.04903793334961,9.55024719238281,12.869544982910199,14.6500720977783,17.354059219360398,17.0981369018555,9.46138763427734,16.6795272827148,17.7459945678711,14.546895980834998,16.5672855377197,9.139404296875,7.27786636352539,15.000995635986301,8.98513793945312,-0.587262153625488
sub-0092,ses-03,run-03,vicarious,LOC,317,rating,6.974567413330081,8.390026092529299,11.6463050842285,10.9739379882812,11.8811798095703,10.33935546875,15.025785446167,14.621351242065401,16.566650390625,18.8248558044434,20.1104717254639,23.1033229827881,25.992647171020497,26.207706451416,28.5321044921875,26.5654220581055,25.4559020996094,29.334745407104503,29.1352615356445,27.9428825378418,31.9600849151611,29.5401725769043,27.669282913207997,25.0401248931885,23.6969528198242,21.1948204040527,22.4502868652344,20.0001850128174,18.0480003356934,20.0704936981201,16.3473777770996,15.777130126953098,16.231586456298803,13.311510086059599,16.4775676727295,13.280065536499,13.4979963302612,12.1375637054443,5.09753894805908,2.6255054473877,1.39581108093262,2.6344015598297097
sub-0092,ses-03,run-03,vicarious,LOC,317,cue,0.378250122070312,3.2036590576171897,4.07678031921387,3.77921867370605,4.26775932312012,2.3260326385498,0.5232744216918951,-2.47873306274414,-3.43472290039062,-4.404823303222661,-7.0280876159667995,-9.58062362670898,-7.361507415771481,-7.70062255859375,-7.37238216400146,-6.55387687683105,-8.047366142272951,-8.79583358764648,-6.12522125244141,-4.34193801879883,-6.52156066894531,-7.021453857421879,-13.157169342041,-8.23210334777832,-6.48044204711914,-1.66817855834961,0.41187858581542997,1.23163890838623,2.36512470245361,4.50482845306396,3.11217832565308,6.45361995697021,6.251922607421879,10.5652618408203,14.249757766723599,17.5971279144287,10.4681739807129,6.890387058258059,4.69424057006836,-0.22135722637176503,-5.4220290184021,1.07011067867279
sub-0092,ses-03,run-03,vicarious,LOC,318,cueH_stimH,19.6379795074463,20.807109832763697,10.4437999725342,16.057081222534197,4.25714731216431,3.49075889587402,6.23053741455078,5.921856880187991,4.29908609390259,1.7737808227539098,8.680896759033201,-5.75350570678711,-14.7776222229004,-17.216732025146502,-23.625564575195302,-18.6903476715088,-15.0015363693237,-11.784470558166499,-17.2978782653809,-10.009683609008801,-10.4550361633301,8.09759140014648,5.49138069152832,3.258056640625,7.22264862060547,7.62156677246094,16.5784301757812,6.854915618896481,25.9837112426758,17.6426219940186,4.107818603515621,10.7034912109375,7.055538177490231,13.651451110839801,27.2187194824219,15.726573944091802,20.2050514221191,25.1777687072754,3.62950158119202,2.30872344970703,2.3751587867736803,0.621642827987671
sub-0092,ses-03,run-03,vicarious,LOC,318,cueL_stimH,-16.0310935974121,4.05105638504028,-12.1947536468506,1.1120693683624299,-2.93793344497681,0.61739444732666,3.81291317939758,7.660466194152829,0.5788302421569821,6.90432977676392,1.45555758476257,-0.993274688720703,1.10140371322632,-5.73276138305664,-9.062971115112301,1.58095073699951,-4.541364192962651,-0.409527778625488,19.3869915008545,8.921549797058109,11.0060224533081,18.584623336792,13.890542984008801,31.668176651001,24.353906631469698,26.906763076782198,31.214807510376,29.585901260376,31.4285526275635,18.0625534057617,-4.37453842163086,8.255674362182619,5.551336288452151,9.81642150878906,12.8635520935059,18.0416145324707,12.482518196106,14.1638927459717,16.709032058715803,23.769470214843803,22.2225608825684,15.051414489746099
sub-0092,ses-03,run-03,vicarious,LOC,318,cueH_stimM,-20.7725849151611,-19.1380252838135,-25.916467666626,-18.962337493896502,-17.832342147827102,-4.07693099975586,-5.052958965301509,14.352046966552699,8.221607208251951,20.015998840332,22.0221309661865,10.501047134399402,18.1424808502197,17.1114768981934,14.181190490722699,19.024299621582,15.4544200897217,17.004468917846697,22.527399063110398,8.41643619537354,22.2894630432129,14.049276351928699,15.6585083007812,10.6588439941406,11.2276000976562,5.391849517822269,23.8439865112305,23.247301101684602,9.678239822387699,18.063198089599602,11.055416107177699,31.0542697906494,2.2891082763671897,7.358428955078121,9.47160339355469,6.16619873046875,19.4016189575195,14.340658187866199,1.8244805335998502,-21.165103912353498,-0.791939735412598,-10.7282676696777
sub-0092,ses-03,run-03,vicarious,LOC,318,cueL_stimM,31.471809387207,38.904914855956996,34.502449035644496,28.0389709472656,35.90673828125,37.840751647949205,39.474422454834,39.727630615234396,61.7278251647949,40.625068664550795,59.1663589477539,48.6428565979004,55.597084045410206,43.9760818481445,50.501625061035206,46.566200256347706,39.229530334472706,28.241235733032198,26.503808975219698,26.6126689910889,12.2136077880859,24.083293914794897,14.501972198486301,10.7484893798828,10.0310325622559,-10.254310607910199,6.05691909790039,5.08345317840576,11.1300392150879,-7.411569118499759,-6.62758731842041,-1.45228791236877,-9.24152565002441,-6.47813415527344,-10.3772239685059,-6.37545013427734,-8.45960807800293,6.518743515014651,-5.324044227600099,-6.5413722991943395,-5.41901397705078,14.2859935760498
sub-0092,ses-03,run-03,vicarious,LOC,318,cueH_stimL,-9.92830657958984,-5.47205448150635,-6.30606937408447,-22.0651664733887,-22.810832977294897,-36.58620071411129,-24.132244110107397,-17.022483825683597,-15.259014129638699,-22.3346862792969,-25.809329986572298,-18.4041061401367,-26.3136253356934,-14.9121675491333,-20.475305557251,-28.187791824340803,-8.19339561462402,-7.5581560134887695,-9.92347049713135,-8.98602867126465,-1.78752064704895,-3.73927807807922,26.314687728881804,23.717239379882802,23.9279518127441,10.773311614990199,23.0018844604492,27.8936195373535,17.6838684082031,27.513732910156197,27.621166229248,18.5932998657227,23.6044769287109,24.6110992431641,11.3888940811157,14.6424083709717,7.3723850250244105,-5.6962375640869105,-7.080596923828121,-4.88337707519531,13.978736877441401,2.17844390869141
sub-0092,ses-03,run-03,vicarious,LOC,318,cueL_stimL,15.8794479370117,30.5923233032227,27.730110168457,20.527866363525398,9.98126792907715,5.02057456970215,14.035803794860803,1.31437158584595,-6.085052490234379,4.91371297836304,7.84212350845337,13.3736209869385,-2.26691484451294,0.5512738227844239,-5.94653558731079,7.31908178329468,11.2084264755249,-5.91335105895996,-5.50576639175415,-12.3765258789062,3.35254573822021,4.94687080383301,2.97073602676392,11.315564155578599,21.3185710906982,0.0518722534179688,1.15176582336426,8.13371276855469,8.8724479675293,7.721660614013669,11.7726716995239,12.7645511627197,18.5121459960938,6.62587833404541,9.02613258361816,12.581582069397,10.420513153076199,14.8094482421875,10.5143089294434,-4.251258850097661,-7.82198715209961,-4.66697406768799
sub-0092,ses-03,run-03,vicarious,LOC,318,rating,4.96297836303711,8.07580184936523,10.029747009277301,9.37351989746094,9.2593994140625,3.60565948486328,12.812259674072301,11.3070755004883,11.6955900192261,14.7168216705322,19.5361480712891,19.8026161193848,21.0573997497559,19.699054718017603,13.880950927734402,10.3992614746094,9.4542121887207,14.707122802734402,12.050365447997999,14.0566921234131,13.2336006164551,12.184974670410199,16.331672668457,14.8670110702515,9.31339645385742,7.707220077514651,6.63178300857544,4.41402673721313,3.80710554122925,3.06902074813843,1.8647785186767598,1.4419040679931598,6.58697271347046,2.03721809387207,4.6544017791748,2.1934046745300297,6.98936223983765,5.06056833267212,1.33209848403931,-0.441424369812012,-3.31259727478027,2.66244745254517
sub-0092,ses-03,run-03,vicarious,LOC,318,cue,0.794216156005859,1.765380859375,5.07429504394531,5.317773818969731,4.47504234313965,5.598412990570071,2.53849983215332,-1.9930343627929699,-5.87730407714844,-0.658653259277344,-4.30389404296875,-0.985687255859375,3.43410682678223,1.85378456115723,4.27408885955811,1.21935367584229,1.30038070678711,1.9189758300781203,2.89264678955078,7.25164031982422,6.4844970703125,6.91536712646484,7.3934822082519505,-1.2650337219238301,3.95259284973145,4.0775260925292995,8.616893768310549,9.052178382873539,7.68495178222656,9.69178676605225,12.1362953186035,16.562059402465803,15.098201751709,24.4214515686035,24.2250576019287,24.9908561706543,26.061653137207,18.2711334228516,14.186748504638699,15.517679214477502,9.78767108917236,7.41857671737671
sub-0092,ses-03,run-03,vicarious,LOC,3,cueH_stimH,6.96387481689453,12.3316802978516,11.0514812469482,-4.2804098129272505,3.6749935150146498,10.1163692474365,-3.61376166343689,3.0182657241821302,-7.13572263717651,-5.86819839477539,2.4566259384155296,-7.122464179992679,-3.7220630645752,-4.68156051635742,-19.9665374755859,-15.969079017639197,-10.1426029205322,-9.7802038192749,-13.5038394927979,11.8308877944946,-12.1731204986572,4.393053054809569,-15.4073162078857,-9.88193130493164,12.552703857421902,-0.6859893798828121,3.27374267578125,-4.92656135559082,4.67086505889893,4.57633972167969,6.69423675537109,-8.96422958374023,-10.336524963378901,-2.2814788818359397,3.22955369949341,-6.41919708251953,2.48603534698486,-6.490511894226071,0.254343032836914,-14.936869621276902,-6.00952911376953,-3.90919876098633
sub-0092,ses-03,run-03,vicarious,LOC,3,cueL_stimH,-7.9253249168396,-9.5216178894043,-8.42740917205811,12.4427127838135,-0.17408700287342097,-13.958839416503901,-0.127098083496094,-3.5433907508850098,-17.494176864624,3.4285726547241198,-9.6416482925415,1.54254245758057,11.7811985015869,13.688219070434599,21.911865234375,17.7269287109375,18.7166442871094,0.9094767570495609,29.2429389953613,25.7655029296875,4.52497816085815,9.13583374023438,9.31271362304688,14.4432373046875,8.35615539550781,17.6771240234375,-3.79534196853638,13.398284912109402,14.4981689453125,1.7785472869873,-22.426940917968803,5.14743232727051,-14.0503482818604,0.327560424804688,-5.30349349975586,-7.8786334991455105,-11.2174129486084,4.91984558105469,-14.4758453369141,-12.7635154724121,-10.535163879394501,-3.9009246826171897
sub-0092,ses-03,run-03,vicarious,LOC,3,cueH_stimM,-20.594638824462898,-30.3815097808838,4.59241199493408,-15.9616441726685,-9.316366195678711,8.78641986846924,4.10228252410889,19.8963470458984,13.655574798584,2.2348215579986603,12.8062295913696,2.57836198806763,12.884680747985803,7.639212131500241,4.65748596191406,10.531343460082999,7.16801404953003,23.9137878417969,9.76666259765625,22.765027999877898,3.4814300537109397,6.52685737609863,1.60218811035156,8.93801879882812,20.813678741455103,7.185016632080081,13.799095153808599,0.333885192871094,12.299619674682601,4.24519538879395,-11.398120880127001,5.01461410522461,9.77263832092285,5.98348236083984,-3.8140907287597696,-10.6123466491699,0.7721786499023441,0.955550909042358,-13.8986492156982,-10.7126026153564,1.3867416381835902,-17.1592216491699
sub-0092,ses-03,run-03,vicarious,LOC,3,cueL_stimM,0.937351226806641,10.9056978225708,13.666600227356,-1.81894588470459,1.84784269332886,-5.19281482696533,13.318699836731,-3.6565310955047594,-5.94848823547363,5.08376216888428,17.1019401550293,21.421983718872102,21.9010009765625,11.982879638671902,22.1112060546875,18.147216796875,26.0972900390625,13.066741943359402,14.8802490234375,8.17861938476562,9.18996429443359,10.319084167480499,14.1975555419922,1.12071228027344,-0.0822982788085938,-14.2400054931641,0.206636428833008,11.3003530502319,-7.53380680084229,-3.57082605361938,-1.16926574707031,-2.05002117156982,7.81647491455078,1.3308792114257801,-15.9820613861084,-7.86348915100098,-9.03837203979492,-4.4471549987792995,18.013217926025398,8.65227699279785,12.9130077362061,0.0730476379394531
sub-0092,ses-03,run-03,vicarious,LOC,3,cueH_stimL,-0.876608848571777,-19.4859523773193,2.53769016265869,-26.9857559204102,1.1474084854126,-11.619291305542,-5.37878513336182,-7.90575456619263,-7.79688358306885,-12.188185691833501,-7.05448246002197,2.09063959121704,-27.434476852417003,-13.082389831542999,-2.37207508087158,0.726115226745605,7.837031364440921,6.26957511901855,-2.3675401210784903,-0.0297541618347168,-7.0556135177612305,9.31798934936523,2.3010287284851096,7.55010223388672,15.2387256622314,-12.6987838745117,4.88058853149414,-8.515895843505861,-14.909751892089801,2.89604949951172,6.80155372619629,-2.2039966583252,3.29928207397461,4.3180212974548295,5.32507038116455,0.957798004150391,-2.28706169128418,-2.18652725219727,2.5090789794921897,2.905029296875,-14.3636322021484,-13.085460662841802
sub-0092,ses-03,run-03,vicarious,LOC,3,cueL_stimL,-14.0165510177612,2.24121856689453,9.61520385742188,2.128586769104,13.010692596435499,6.37013816833496,4.6321115493774405,1.68512058258057,2.24171352386475,-15.757023811340302,7.70760774612427,-2.02818465232849,9.55109786987305,3.4862682819366495,-2.2262098789215097,9.41807270050049,-4.32971096038818,-6.778668403625491,6.209429740905759,-18.463068008422898,-2.32818150520325,-1.9730212688446,-2.0620584487915,-5.933279514312741,-4.1669778823852495,1.37652015686035,-8.70857429504395,11.4922561645508,3.19468307495117,8.56766891479492,10.4595766067505,10.7759389877319,-5.56609773635864,9.53161525726318,-5.82339096069336,1.1621150970459,-5.58082580566406,11.109375,14.562023162841802,3.51957321166992,-9.76168632507324,-0.491549491882324
sub-0092,ses-03,run-03,vicarious,LOC,3,rating,3.29124069213867,7.74869728088379,1.2596969604492199,3.05239486694336,5.749542236328121,3.7684288024902304,4.3302001953125,5.74533653259277,6.647229194641111,7.5555515289306605,12.4178295135498,14.1871852874756,14.9191188812256,12.0721092224121,10.0188140869141,16.5526847839355,20.3823394775391,17.866584777832,17.532667160034197,20.4225006103516,19.5405883789062,17.7599124908447,12.638780593872099,13.6100540161133,15.8237972259521,10.486607551574698,9.81047344207764,3.68330764770508,0.266287684440613,8.10386848449707,7.74149131774902,4.78233337402344,9.29463958740234,1.26735687255859,0.0658035278320312,-0.11012375354766801,4.52375078201294,3.5579862594604506,3.1345765590667702,1.77617931365967,0.43071365356445296,5.09348154067993
sub-0092,ses-03,run-03,vicarious,LOC,3,cue,-1.2174186706543,-4.7190990447998,1.48938179016113,-0.40723419189453103,-3.9157676696777304,0.7593837976455692,-3.00809383392334,-6.8539524078369105,-7.353759765625,-4.91234970092773,-3.79171752929688,-11.323589324951199,-3.43950462341309,-6.2270975112915,-0.23595237731933602,-4.68420219421387,-2.61763477325439,-6.65134429931641,-3.89828109741211,-6.6291999816894505,-8.76828765869141,-7.58314514160156,-6.790264129638669,-9.16849136352539,-3.7057991027832,-6.0983180999755895,-10.4496192932129,-6.72926139831543,-4.79202747344971,1.86728715896606,-1.4019236564636202,-1.4261564016342199,0.9312368035316471,13.8779010772705,10.2112321853638,4.31114673614502,7.838534355163571,-4.06556797027588,2.49217462539673,4.17983818054199,-2.3618371486663796,-2.7178134918212904
sub-0092,ses-03,run-03,vicarious,LOC,4,cueH_stimH,16.882390975952102,11.946675300598098,15.381195068359402,22.969318389892603,28.6044864654541,1.75194025039673,6.3426213264465305,-4.3965172767639205,11.8397274017334,-9.64236450195312,-5.23645496368408,12.814568519592301,10.964591979980499,-9.47248458862305,22.1548728942871,2.6986136436462402,22.601444244384798,-3.8541088104248,0.0462312698364258,8.2521800994873,10.099580764770499,16.948627471923803,18.3003921508789,21.8330230712891,7.0084743499755895,48.852256774902294,23.9274635314941,44.6493988037109,38.9891204833984,19.3710651397705,25.700660705566396,21.8507919311523,16.2760047912598,8.51808166503906,8.97320175170898,26.4794006347656,23.906799316406197,-2.3102624416351296,-7.38781023025513,-22.1598224639893,-3.5889501571655296,4.14535236358643
sub-0092,ses-03,run-03,vicarious,LOC,4,cueL_stimH,-7.07864618301392,-21.5832901000977,-14.6459312438965,0.212731599807739,0.602053701877594,-24.791946411132802,-3.7058920860290496,0.0983810424804688,27.3557910919189,19.3146018981934,22.0842399597168,39.6876068115234,35.3355255126953,34.2169761657715,28.7820777893066,31.013751983642603,43.6102142333984,51.3047409057617,33.593551635742195,36.708587646484396,34.5806274414062,39.359832763671896,55.142486572265604,40.6303558349609,46.196502685546896,45.087371826171896,43.3648529052734,27.4920082092285,37.044403076171896,19.851787567138697,22.4678974151611,11.0704898834229,17.3731174468994,4.79481506347656,27.868526458740202,12.161094665527301,18.3857116699219,14.754152297973599,13.5414505004883,7.02904510498047,17.947208404540998,15.6970367431641
sub-0092,ses-03,run-03,vicarious,LOC,4,cueH_stimM,-11.840353012084998,-19.5133647918701,-21.063308715820302,-31.6636562347412,-13.8765335083008,-5.68282842636108,8.82699966430664,3.18413686752319,21.4429664611816,14.7916011810303,21.9625129699707,39.442543029785206,42.680610656738295,34.502658843994105,39.147064208984396,53.438934326171896,32.076614379882805,45.647186279296896,62.3846969604492,35.3667984008789,36.7984008789062,34.485565185546896,41.7216033935547,36.8298988342285,27.4738235473633,31.0046730041504,50.776885986328104,9.114156723022461,25.154006958007802,20.7696266174316,32.6337738037109,2.5602598190307595,14.791219711303699,12.1615676879883,12.861835479736301,15.943462371826199,-4.80332946777344,11.4237804412842,-4.41834259033203,5.87682294845581,-32.310470581054695,-13.5385847091675
sub-0092,ses-03,run-03,vicarious,LOC,4,cueL_stimM,29.626283645629897,51.9880790710449,27.630348205566396,31.3042507171631,42.6128082275391,47.7345123291016,22.1408958435059,42.2045021057129,58.6512565612793,54.336311340332,65.3291168212891,59.210174560546896,66.22341156005861,51.6083297729492,76.9758529663086,65.43056488037111,64.38527679443361,56.66496276855471,72.6931228637695,62.2025756835938,63.492115020752,32.315319061279304,35.831352233886705,33.664154052734396,15.8176116943359,5.1704826354980495,12.533140182495101,23.362228393554698,11.7146797180176,8.75429153442383,12.2185592651367,2.9601278305053698,-19.57958984375,8.17001342773438,-4.80815124511719,-9.81338500976562,-23.52392578125,-0.760623931884766,18.3576393127441,7.18770408630371,13.773807525634801,10.1904716491699
sub-0092,ses-03,run-03,vicarious,LOC,4,cueH_stimL,-22.5025119781494,-48.1807746887207,-27.068616867065398,-26.7683544158936,-40.677219390869105,-39.8686294555664,-21.479513168335,-36.977481842041,-24.2260589599609,-4.1958303451538095,3.6848385334014906,-17.0626010894775,10.8643636703491,-3.88050127029419,-8.82587814331055,0.11814022064209,17.0248985290527,24.3436012268066,11.5558109283447,18.311481475830103,12.927266120910598,31.2717552185059,6.62991809844971,32.974826812744105,34.047779083252,37.086967468261705,31.746505737304698,33.615814208984396,3.3790512084960898,10.5898742675781,22.9544525146484,5.7970294952392605,14.963705062866199,8.52708053588867,-8.69804000854492,38.8186836242676,3.3284873962402304,-2.86397933959961,-8.54438018798828,5.83986663818359,10.661582946777301,-4.39670944213867
sub-0092,ses-03,run-03,vicarious,LOC,4,cueL_stimL,27.9741897583008,21.3963775634766,29.0036602020264,24.974142074585,20.893499374389602,34.1164016723633,7.868099212646481,43.08744812011721,6.94443130493164,20.9748363494873,15.096163749694801,3.1900620460510294,0.5311577320098879,25.984558105468803,19.4738922119141,26.1053352355957,29.6955509185791,18.3751163482666,21.2520027160645,24.592140197753896,9.90528964996338,14.7866630554199,24.9840965270996,30.7969284057617,10.4489116668701,5.636310577392581,13.698034286499,12.6901702880859,15.9694557189941,31.1573104858398,30.294265747070302,12.131727218627901,12.820946693420401,10.753821372985803,8.06061267852783,22.362924575805696,27.9818229675293,27.863525390625,-3.98471450805664,-10.954490661621099,15.854063034057601,-32.7506294250488
sub-0092,ses-03,run-03,vicarious,LOC,4,rating,8.85422134399414,8.594493865966799,8.63262557983398,11.063602447509801,13.777679443359402,16.8801383972168,10.5623645782471,12.2636547088623,20.3394546508789,20.1190299987793,22.2483253479004,20.8249282836914,28.895462036132802,28.2452201843262,27.7922668457031,29.4549751281738,24.2800102233887,31.3732223510742,32.0765228271484,29.7569923400879,27.187328338623,29.9099044799805,30.6406364440918,32.2033843994141,27.740610122680696,21.947778701782198,15.868447303772,19.2279281616211,20.3453960418701,17.023509979248,23.124120712280302,16.192768096923803,23.917137145996104,20.6064529418945,7.57320213317871,14.442508697509801,13.292727470397901,14.7417764663696,2.91506385803223,5.421635627746579,2.47801303863525,6.01418542861938
sub-0092,ses-03,run-03,vicarious,LOC,4,cue,5.02553176879883,3.06936264038086,6.43341827392578,12.838626861572301,14.9048366546631,14.6628065109253,-2.3723154067993195,-3.93663597106934,-0.0282440185546875,-2.53784942626953,-5.6406745910644505,-13.7514305114746,-4.49158477783203,-3.47559642791748,-0.603604316711426,-6.8398933410644505,1.08466625213623,-5.377862930297849,-10.139549255371099,-1.2705497741699199,0.8910140991210941,1.05959320068359,-1.6191024780273402,-6.17238616943359,-5.8332405090332005,-9.78624248504639,5.47037315368652,0.8328933715820309,17.2420978546143,2.93555450439453,25.714679718017603,16.048564910888697,19.4093742370605,15.481919288635302,21.4334182739258,28.0419616699219,15.3211355209351,16.2742080688477,13.2797403335571,23.857000350952102,13.6551666259766,4.32929420471191
sub-0092,ses-03,run-03,vicarious,LOC,45,cueH_stimH,-1.91369819641113,-2.26194310188293,6.532934665679929,11.766378402710002,-1.4454197883606001,-2.7169327735900897,-3.4773986339569105,-4.04858493804932,5.316768169403081,12.3684253692627,13.2797431945801,7.12406158447266,1.99864888191223,6.72251033782959,4.50810813903809,-0.7786183357238771,6.21125841140747,5.59480714797974,3.07656764984131,11.5738086700439,4.17886829376221,11.9960126876831,6.5936594009399405,5.9539794921875,1.60104751586914,7.297271728515621,17.1948337554932,8.26610946655273,9.524126052856449,-0.570335388183594,3.63444137573242,7.50219917297363,-3.4892749786377,-0.424285888671875,4.808294773101809,7.54585266113281,0.17359352111816398,-2.02330541610718,-14.0036563873291,-1.80011558532715,-14.102926254272498,-3.0430784225463903
sub-0092,ses-03,run-03,vicarious,LOC,45,cueL_stimH,-23.192823410034197,-10.061954498291,-12.330911636352502,-1.55552339553833,8.16659450531006,-11.7505435943604,-5.749722480773929,2.9775397777557404,3.0740659236908,10.2447633743286,4.6715087890625,26.673507690429698,23.0886917114258,38.420539855956996,36.005302429199205,31.9217166900635,46.9304733276367,29.826379776001,36.138099670410206,26.078483581543,39.240486145019496,26.4796085357666,27.1336307525635,25.9804611206055,25.6054611206055,24.443458557128896,14.9134130477905,20.410026550293,8.14609336853027,-8.700757026672362,-12.326784133911099,-14.512123107910199,-24.186216354370103,-5.78044891357422,-5.26422309875488,1.7255764007568402,-7.7690315246582005,-0.9854354858398441,-2.55026626586914,9.541810989379881,0.945905685424805,16.424827575683597
sub-0092,ses-03,run-03,vicarious,LOC,45,cueH_stimM,-7.59212064743042,-9.274590492248539,-15.1360816955566,-6.245703220367429,-2.76632690429688,9.95341110229492,6.499585151672361,16.5631904602051,14.1628837585449,10.979373931884801,14.883705139160199,23.0103435516357,19.411024093627898,12.6016321182251,8.74518585205078,35.2232437133789,21.5200119018555,21.7333908081055,30.7513065338135,36.0432357788086,30.7477626800537,29.8250331878662,31.5142478942871,27.263069152832,13.9585418701172,16.4522705078125,21.1144790649414,15.120330810546902,13.3990135192871,6.99502086639404,3.26807403564453,10.817884445190401,1.65225791931152,2.4406356811523398,5.22357749938965,3.2914047241210898,5.64366149902344,2.87665748596191,-5.1293644905090305,-20.027786254882802,-4.18235206604004,-10.777027130127001
sub-0092,ses-03,run-03,vicarious,LOC,45,cueL_stimM,24.4358310699463,26.6659107208252,15.5650806427002,27.816776275634798,16.215892791748,11.1711931228638,19.320386886596697,21.2543697357178,29.6586971282959,28.180307388305696,43.5368766784668,49.159309387207,52.0436935424805,45.9124069213867,44.8181686401367,51.213005065918,52.9331130981445,45.5398483276367,38.393074035644496,53.500572204589794,19.69775390625,26.9271049499512,24.899410247802702,8.26419067382812,14.3588218688965,-9.26480865478516,-9.83507919311523,-1.19757270812988,8.482664108276369,6.91015100479126,-12.4597320556641,-1.65556287765503,-5.6341648101806605,-3.4985809326171897,-11.610582351684599,-19.9412155151367,-11.559627532959,-2.9929218292236297,12.042722702026401,-7.3365802764892605,4.37337398529053,1.7740592956543002
sub-0092,ses-03,run-03,vicarious,LOC,45,cueH_stimL,-15.923666000366199,-11.4396562576294,-9.828859329223631,-19.4050579071045,-15.312803268432601,-18.1173324584961,-15.306760787963901,-9.840616226196289,-5.9929924011230495,3.21047306060791,-2.5458197593688996,-3.36097860336304,5.67472267150879,1.00568103790283,-1.6588230133056598,14.2637414932251,17.0580711364746,15.617939949035598,12.6723690032959,6.15142965316772,3.97367358207703,4.34442043304443,14.7702159881592,10.8799705505371,22.5441246032715,14.777191162109402,9.46950531005859,7.36489486694336,12.7670288085938,12.0394897460938,6.33086395263672,13.404260635376,3.99852561950684,11.8885908126831,10.0043230056763,10.6725587844849,6.52287483215332,-23.3938636779785,-15.9359741210938,-22.353836059570302,-20.6743659973145,-15.2800350189209
sub-0092,ses-03,run-03,vicarious,LOC,45,cueL_stimL,9.20921039581299,10.282398223877,11.503925323486301,16.8385848999023,16.5876445770264,8.50647735595703,8.14047431945801,3.9327607154846205,10.7528629302979,7.8539323806762695,10.3159942626953,18.5563068389893,15.542858123779302,20.449151992797898,10.0454959869385,24.5960502624512,25.734615325927702,25.163429260253896,22.247009277343803,8.170177459716799,13.9180421829224,15.9602861404419,17.0207214355469,0.519596099853516,0.6944551467895511,-3.18101119995117,-6.2081413269042995,-7.93053436279297,-7.51587104797363,-1.8553180694580098,-19.7014064788818,-4.59282112121582,-13.1932468414307,-10.647801399231,-11.1896324157715,-9.67794036865234,-0.0408205986022949,-1.613525390625,-18.3055038452148,-12.650856018066401,-37.6554565429688,-22.027404785156197
sub-0092,ses-03,run-03,vicarious,LOC,45,rating,-0.48859786987304704,4.0921516418457005,3.1456184387207,4.179832458496089,5.89439392089844,4.36261749267578,6.04312705993652,10.038875579834,11.567628860473599,14.9635944366455,13.4896879196167,20.1178131103516,21.980405807495103,24.364479064941396,28.682502746582,31.1827239990234,37.99159622192379,36.434608459472706,33.9710159301758,28.779809951782198,31.6523818969727,26.903194427490202,24.9555854797363,21.801748275756804,17.7798919677734,12.6925983428955,10.066988945007301,4.76202774047852,6.32299041748047,2.9479455947876,6.35740423202515,6.36355018615723,5.20583629608154,-0.91485595703125,3.3258085250854506,2.56041193008423,3.4558684825897203,3.2157030105590803,1.57861852645874,3.84117698669434,-1.0203742980957,-3.48150134086609
sub-0092,ses-03,run-03,vicarious,LOC,45,cue,-7.91374969482422,-10.7531909942627,-6.61498260498047,-2.16172981262207,1.91351509094238,0.308025360107422,-4.03330516815186,-7.7222900390625,-4.83428955078125,-3.6836585998535196,-3.2845420837402304,-8.040210723876951,-5.48366546630859,-11.353396415710401,-4.26429271697998,-1.3398213386535602,-7.08113098144531,-5.77005386352539,-7.26413726806641,-4.129417419433589,-9.32264709472656,-7.7213134765625,-10.2795524597168,-9.466875076293949,-13.0983533859253,-12.064772605896001,-8.20780277252197,-3.6893529891967796,-1.6619572639465299,-1.24299383163452,-6.90720462799072,2.86654925346375,-2.4792253971099902,1.06482458114624,2.98249578475952,3.9866642951965297,7.42526769638062,4.61053276062012,-0.56090784072876,6.5216178894042995,1.85577178001404,-0.6307791471481321
sub-0092,ses-03,run-03,vicarious,LOC,46,cueH_stimH,21.463237762451197,30.9457855224609,21.841234207153303,27.4839210510254,4.01648330688477,-3.97073793411255,0.0928425788879395,5.2714581489563,4.09983968734741,3.8732590675354,14.372133255004899,5.3333158493042,3.1512825489044203,14.242296218872099,-3.66976714134216,-3.5763959884643595,11.296271324157699,20.5201454162598,19.793155670165998,21.8432464599609,17.3649520874023,20.094068527221697,34.222892761230504,16.3416213989258,17.8350296020508,18.703483581543,19.6758441925049,19.530231475830103,28.7184371948242,7.40164947509766,18.1051864624023,15.9656524658203,11.331502914428699,12.1064300537109,11.4655704498291,4.73086166381836,16.7097091674805,3.82236647605896,-4.38369464874268,10.2288818359375,6.7171115875244105,6.301226615905759
sub-0092,ses-03,run-03,vicarious,LOC,46,cueL_stimH,-25.139795303344698,-22.201356887817397,-28.840045928955103,-13.9358625411987,8.364077568054201,-4.15800094604492,15.358640670776401,12.9949636459351,10.215615272522,28.676383972168,23.0872268676758,45.2792854309082,47.720760345459006,43.930213928222706,50.2940139770508,46.9429397583008,44.1414566040039,41.616203308105504,49.8961868286133,35.8688735961914,52.8423843383789,44.6897964477539,52.9284439086914,61.6169357299805,55.2161712646484,58.3145523071289,47.9696731567383,62.488655090332,41.996574401855504,24.4890518188477,8.40593147277832,18.9268417358398,8.947042465209961,19.4401702880859,13.892181396484402,21.8462104797363,16.577857971191403,17.9191646575928,6.99239158630371,18.34326171875,25.1883144378662,33.4563636779785
sub-0092,ses-03,run-03,vicarious,LOC,46,cueH_stimM,-11.6119890213013,-7.81589508056641,-14.5649328231812,-7.07619047164917,-13.055894851684599,-4.5033683776855495,8.605495452880861,20.846752166748,19.219928741455103,31.8680419921875,30.490295410156197,25.8578262329102,44.5813179016113,48.7149124145508,47.5064697265625,60.9069900512695,65.4968719482422,59.680702209472706,57.441810607910206,58.3925590515137,67.6470184326172,53.044349670410206,45.1599006652832,48.092502593994105,37.3075828552246,24.2284774780273,41.736663818359396,31.963560104370103,13.8365058898926,22.116952896118196,10.1254081726074,16.4363708496094,0.0469207763671875,17.386207580566403,8.43090057373047,18.116531372070302,9.30574035644531,-4.2043309211731,-12.935787200927699,-25.745189666748,-0.329465866088867,-18.4594650268555
sub-0092,ses-03,run-03,vicarious,LOC,46,cueL_stimM,35.0903511047363,41.9731674194336,43.021976470947294,27.972032546997102,34.365695953369105,31.1793899536133,35.7756996154785,46.7117385864258,52.6212005615234,71.2632369995117,70.2877197265625,86.88626098632808,70.7179489135742,80.8931121826172,80.6790008544922,83.6597213745117,88.0332565307617,75.5610809326172,82.3572235107422,72.0856246948242,51.9613838195801,46.8005447387695,36.0570220947266,20.0416412353516,22.905647277832,13.398460388183599,12.2698097229004,8.87081336975098,15.1316719055176,1.99930763244629,0.9819412231445309,-4.02391529083252,-19.8654956817627,-13.985107421875,-5.808002471923831,-18.9867115020752,-16.9880390167236,-9.636415481567381,17.019577026367198,-5.58345985412598,-3.03695583343506,5.20579147338867
sub-0092,ses-03,run-03,vicarious,LOC,46,cueH_stimL,-10.9603424072266,-8.78389167785645,-12.746589660644501,-17.4168262481689,-23.7010173797607,-31.4906883239746,-24.7053298950195,-15.316139221191401,-9.64541816711426,-13.8465518951416,-18.9965724945068,-4.78007555007935,-8.104748725891112,-5.43072319030762,-2.71747970581055,6.30541706085205,16.7287158966064,24.800598144531197,24.237590789794897,16.4503860473633,8.70023727416992,23.284765243530302,42.595756530761705,31.775192260742198,35.367618560791,18.0173645019531,19.2303581237793,29.1521644592285,22.0400466918945,36.968376159668004,18.1194686889648,25.8728046417236,29.254087448120103,24.482149124145497,20.9044075012207,24.5465240478516,4.36962699890137,-13.5963230133057,-1.70332336425781,-3.3163604736328103,16.8209342956543,6.841915130615231
sub-0092,ses-03,run-03,vicarious,LOC,46,cueL_stimL,25.1214904785156,26.3752326965332,24.3535270690918,30.628183364868196,20.383337020874,10.830604553222699,10.84716796875,-0.673242568969727,13.505002975463901,2.3170120716095,17.2267684936523,22.0298900604248,7.77153015136719,27.888355255127,28.706232070922898,26.080640792846697,21.0494422912598,19.893747329711896,18.1082725524902,14.3676509857178,14.8033609390259,17.0537548065186,19.361980438232397,5.95008850097656,8.102062225341799,0.9122390747070309,1.09103965759277,-5.11216735839844,-2.50543975830078,9.540205001831051,3.19918251037598,11.396649360656701,3.69366884231567,9.48404312133789,2.9130916595458998,5.68041324615479,18.4779987335205,7.3648681640625,-4.3903083801269505,-12.890357971191401,-16.613178253173803,-22.983863830566396
sub-0092,ses-03,run-03,vicarious,LOC,46,rating,14.564949035644501,15.3784866333008,14.571083068847699,16.0131454467773,16.7467193603516,19.5599250793457,18.8902492523193,19.2481651306152,25.7614555358887,26.0863056182861,24.293565750122102,26.702127456665,29.7998943328857,34.1681442260742,31.954650878906197,32.0106582641602,29.9781379699707,35.3156318664551,29.513713836669897,28.8211097717285,32.7749366760254,27.9914245605469,30.978103637695302,26.9872989654541,25.6645812988281,25.1291122436523,18.778385162353498,18.6367568969727,16.9018173217773,17.1312408447266,18.8159294128418,16.555496215820302,17.9582481384277,11.141014099121099,18.5800552368164,15.144646644592301,16.3601474761963,15.9284448623657,7.98318958282471,4.32562637329102,-0.114977836608887,-0.7638733386993409
sub-0092,ses-03,run-03,vicarious,LOC,46,cue,6.64393615722656,5.8211669921875,13.006580352783198,6.3333911895752,4.45544624328613,6.163629055023191,2.90347576141357,-4.575035095214839,-3.10946655273438,-2.25208282470703,-5.38059997558594,-6.02539825439453,-5.14767265319824,-6.71789646148682,-4.17681789398193,-4.97075843811035,-4.762085914611821,-4.46963119506836,-3.2950439453125,-2.4029769897460898,-3.9167938232421897,-8.32376861572266,-7.721248626708981,-10.8715553283691,-7.64161491394043,-3.0664653778076203,3.38260269165039,10.0488805770874,11.6086273193359,9.07449054718018,15.407215118408198,19.064826965332,16.904762268066403,20.042894363403303,17.932184219360398,27.5002708435059,23.3038272857666,20.300724029540998,13.5913848876953,6.782062530517581,9.82909297943115,7.46231937408447
sub-0092,ses-03,run-04,cognitive,LOC,279,cueH_stimH,2.3724541664123504,24.629610061645497,2.37018585205078,24.3382377624512,15.838732719421401,4.611352920532231,2.6179008483886697,12.2067317962646,8.51806735992432,10.7335205078125,14.606804847717301,10.3458499908447,10.0001544952393,8.12965202331543,20.1308631896973,25.66162109375,22.956720352172898,12.9640436172485,18.700729370117198,11.0774736404419,24.639959335327102,7.219976902008059,9.77749633789062,1.47902369499207,3.8863770961761497,6.4363107681274405,-2.7309582233428995,6.87710046768188,-4.22481107711792,6.01432132720947,-16.4470920562744,-0.6281681060791021,-4.646270751953121,-11.297837257385302,-6.25734710693359,1.31270790100098,-5.14683151245117,-13.3130140304565,-6.007648468017581,4.1139612197876,-17.5051593780518,-20.417827606201197
sub-0092,ses-03,run-04,cognitive,LOC,279,cueL_stimH,-4.99795055389404,32.601776123046896,19.4031200408936,9.18365859985352,26.8827972412109,6.77179384231567,-0.37422275543212896,17.0407447814941,13.4767742156982,2.2772274017333998,17.5760383605957,10.6655521392822,18.7776718139648,18.1612644195557,13.187740325927699,10.484890937805199,17.1786098480225,15.232715606689501,21.6794490814209,19.807662963867198,19.3247566223145,22.1797981262207,21.821998596191396,13.120958328247099,15.4092407226562,-1.7793807983398402,11.7079401016235,28.8620491027832,-6.183856964111331,1.69374656677246,-10.438894271850598,-12.384761810302699,-5.28419494628906,-12.1027221679688,12.8672561645508,-4.23750305175781,10.6902456283569,-15.6028900146484,9.14204406738281,-14.6222724914551,8.08725738525391,-18.5023803710938
sub-0092,ses-03,run-04,cognitive,LOC,279,cueH_stimM,-3.41493558883667,6.78833770751953,11.0834360122681,4.339324951171879,8.08876132965088,-4.19133281707764,7.0425105094909695,4.0446891784667995,6.5904045104980495,7.19936800003052,-2.30252552032471,8.13748931884766,4.55544662475586,-10.706570625305199,-4.85269594192505,2.9376544952392596,10.2297372817993,-1.6502382755279499,12.950921058654801,0.435577392578125,10.6091318130493,9.9146728515625,-2.4078381061554,-1.27170443534851,2.25125217437744,-9.4364013671875,7.85848474502563,-1.4569587707519498,4.93400001525879,-4.0998363494873,0.926529884338379,0.0557861328125,-0.27806186676025396,4.53691291809082,3.9322738647460898,-8.04374694824219,3.26264762878418,-4.28405952453613,1.1295127868652302,-8.7623462677002,-5.91887712478638,3.83838844299316
sub-0092,ses-03,run-04,cognitive,LOC,279,cueL_stimM,-19.8939170837402,-10.3542613983154,-23.2809371948242,-12.7040557861328,-31.8405456542969,-15.8166913986206,-12.3234615325928,-29.6425857543945,-11.8511343002319,-8.75274276733398,-7.80697965621948,-13.089744567871099,-2.10292387008667,-4.37581253051758,-8.80256462097168,-8.9543571472168,0.34431028366088895,-5.15308952331543,3.39048624038696,-2.1043267250061004,-4.68157577514648,-3.4343061447143595,8.02333736419678,-5.23391199111938,15.5493221282959,-13.533801078796401,14.8876342773438,-1.4590210914611799,-4.10906839370728,22.397855758667003,-7.71373748779297,19.120685577392603,6.8612756729126,1.76086330413818,-4.16916751861572,-4.86569595336914,8.38844299316406,1.2457466125488301,-14.904182434082001,-11.178430557251,-5.945538520812991,-7.30913543701172
sub-0092,ses-03,run-04,cognitive,LOC,279,cueH_stimL,4.89872646331787,-8.40031433105469,7.0760378837585405,-0.639023780822754,-10.2363767623901,-2.79600715637207,-8.95970058441162,4.04254341125488,0.46326175332069397,-21.2171649932861,-6.96353483200073,-8.05480861663818,-17.478448867797898,-12.517932891845698,-14.7101345062256,1.84754061698914,-14.648181915283198,0.454437255859375,-14.637674331665002,0.274017333984375,-6.35445594787598,-1.64588975906372,-2.62445187568665,0.108240365982056,12.027045249939,-6.7681884765625,15.527671813964801,11.4855213165283,-18.047594070434602,2.33130359649658,-21.0407791137695,-12.636383056640598,-6.87729740142822,-24.222366333007802,-10.589006423950199,-30.0097732543945,-17.0088481903076,-10.941154479980499,-10.5996313095093,-5.39152050018311,1.5447893142700202,5.06645202636719
sub-0092,ses-03,run-04,cognitive,LOC,279,cueL_stimL,-13.094317436218299,14.937141418457001,1.5939044952392598,-3.8004913330078103,6.1642947196960405,-11.220714569091802,-14.724999427795401,6.869521617889401,9.94086933135986,11.142235755920401,7.66322660446167,5.33364725112915,5.39618682861328,21.405727386474602,10.193016052246099,11.6326560974121,11.876346588134801,6.1683211326599094,-1.49371647834778,9.83788299560547,13.2566537857056,4.42276287078857,5.22358989715576,12.358682632446301,9.66479778289795,5.6947727203369105,0.0501804351806641,3.0669717788696302,8.89784336090088,-4.73016357421875,3.51333332061768,14.0465412139893,0.0287551879882812,11.8074951171875,2.5649223327636697,4.70570945739746,-5.997539520263669,9.46858596801758,4.15038394927979,4.6571044921875,6.6292552947998,-4.04821014404297
sub-0092,ses-03,run-04,cognitive,LOC,279,rating,-4.00562524795532,-5.21774482727051,-4.08982133865356,-7.125927925109861,2.17577266693115,-3.0556669235229506,2.2110629081726096,-3.06373023986816,0.15239429473877,-1.6295680999755902,7.58895301818848,12.6719646453857,13.6591472625732,16.6930465698242,10.5009460449219,19.8615741729736,13.0884370803833,17.701251983642603,17.6447448730469,14.0855293273926,15.292518615722699,11.449848175048801,10.026798248291,11.6258382797241,6.90545415878296,4.88933849334717,1.9028294086456299,3.49539017677307,-1.1667785644531201,0.654240846633911,-5.49549770355225,-1.01724052429199,-3.4875385761261,-5.610384941101071,-2.49296379089355,-3.83008480072021,0.457562923431396,-1.8796696662902799,3.31237173080444,-1.31599593162537,6.37827014923096,-1.4000148773193402
sub-0092,ses-03,run-04,cognitive,LOC,279,cue,2.71607780456543,2.5751571655273398,0.97755241394043,7.01117038726807,-3.3514039516448997,10.7150163650513,1.27170562744141,9.813459396362301,4.428306579589839,4.24157094955444,4.35268020629883,3.13690996170044,8.022082328796388,10.038550376892099,9.97780990600586,6.9769573211669895,7.102848052978519,12.5518798828125,2.0526580810546897,5.183998107910161,4.306739807128911,6.82988739013672,1.6089639663696298,1.0784900188446,-1.2417163848877,-4.44301223754883,2.19608306884766,-3.21403121948242,-1.94457626342773,-0.869202613830566,-5.89642143249512,2.7725806236267103,-11.3159599304199,-1.15626573562622,-4.029255390167241,-3.36276912689209,-3.6437597274780296,-1.4751152992248502,-8.9153356552124,-0.7169902324676509,1.722904920578,-0.155895352363586
sub-0092,ses-03,run-04,cognitive,LOC,280,cueH_stimH,36.0480537414551,28.149314880371104,34.1235961914062,42.5823936462402,35.4259071350098,23.484622955322298,24.6962814331055,11.4028987884521,10.784553527832001,15.4887218475342,13.3115787506104,15.8237218856812,15.390908241272,16.2468280792236,11.0433769226074,20.0427341461182,16.710992813110398,18.4965724945068,10.4455528259277,19.6354351043701,14.480955123901401,3.44253921508789,-8.87598896026611,-14.184000015258801,2.1149449348449703,-4.4440622329711905,-1.7788732051849399,-4.37281894683838,2.0206146240234397,-5.25261974334717,-15.5109577178955,-10.0203227996826,-9.79393196105957,-8.96676254272461,-2.83979034423828,-8.80765914916992,-3.99956512451172,-8.91468906402588,-27.500671386718803,-24.9506187438965,-29.7586727142334,-30.6185188293457
sub-0092,ses-03,run-04,cognitive,LOC,280,cueL_stimH,22.298995971679698,19.2036285400391,16.3193988800049,16.2911624908447,6.09124755859375,-6.7844538688659695,4.554139137268071,0.944183766841888,7.39493608474731,3.11048769950867,6.0992431640625,13.706422805786099,16.9132118225098,26.3621559143066,21.6103820800781,18.8135623931885,23.3726692199707,26.9682922363281,34.320056915283196,42.2834625244141,38.520179748535206,34.482654571533196,27.349027633667003,15.3191394805908,17.2808990478516,-2.70031642913818,16.6462287902832,9.56653213500977,-10.3046379089355,-5.5813922882080105,-27.4681510925293,-5.3132820129394505,-25.3503036499023,-7.957366943359379,-17.2477874755859,-5.78014373779297,-16.3254070281982,-7.558502197265621,-12.449089050292999,-18.392692565918,-16.4586791992188,-21.2609252929688
sub-0092,ses-03,run-04,cognitive,LOC,280,cueH_stimM,1.67954075336456,-0.33249783515930204,-14.500701904296902,-10.8668575286865,-9.95365142822266,-15.222705841064501,-14.2798595428467,-1.2081189155578602,2.4233388900756805,13.8702030181885,13.899269104003901,9.15125846862793,-9.59095573425293,-2.27820205688477,-0.6015276908874511,25.681526184082,17.4663162231445,21.6743240356445,19.4138259887695,10.1693706512451,14.8149518966675,16.096511840820302,0.82707405090332,3.42243719100952,-12.220062255859402,-1.0968663692474399,6.00590372085571,5.2237491607666,7.98214149475098,4.52048778533936,12.4274024963379,5.5795602798461905,20.8702640533447,13.661388397216802,13.467149734497099,6.51143646240234,10.8335056304932,-7.0944709777832005,1.03874397277832,-15.6531381607056,8.09430027008057,-13.230238914489698
sub-0092,ses-03,run-04,cognitive,LOC,280,cueL_stimM,-26.943471908569304,-34.1877212524414,-41.4334831237793,-38.026863098144496,-39.9022331237793,-38.115753173828104,-46.0677680969238,-41.923301696777294,-34.9452934265137,-28.6596603393555,-35.535739898681605,-32.5416946411133,-37.4920654296875,-38.7254638671875,-45.273952484130895,-38.7717514038086,-32.8968162536621,-33.304611206054695,-38.0432624816895,-26.2818775177002,-31.5473785400391,-18.0709495544434,-21.1200542449951,-12.284951210022,-1.1425039768218999,-9.07136154174805,-6.13090705871582,-14.551097869872999,5.17926263809204,1.74199533462524,7.982418060302731,8.07777404785156,-0.439080238342285,5.5672111511230495,-6.83681869506836,4.501745223999019,1.8955459594726598,6.39630889892578,1.8355484008789098,8.828325271606449,3.6983275413513197,2.87311935424805
sub-0092,ses-03,run-04,cognitive,LOC,280,cueH_stimL,-3.5259089469909703,-9.43119716644287,-14.9157361984253,-26.6548881530762,-25.6026725769043,-29.0459995269775,-29.1214256286621,-26.682804107666,-20.2573299407959,-19.0428142547607,-14.405138015747099,-4.70308303833008,-15.561586380004899,-20.5588874816895,-15.2843894958496,-22.0634651184082,-3.9690709114074703,6.158032417297361,6.840161323547361,13.7126569747925,-3.27916431427002,6.72584438323975,-1.0664176940918,19.4327354431152,1.25582408905029,13.930419921875,10.3448944091797,-1.3724365234375,-0.17350292205810502,-14.9953327178955,-24.123577117919897,-10.0534534454346,-12.5518455505371,-8.34662628173828,2.19562149047852,-6.52770233154297,3.5404090881347696,-8.04360961914062,5.85467433929443,3.54548454284668,10.9006519317627,20.133834838867198
sub-0092,ses-03,run-04,cognitive,LOC,280,cueL_stimL,-13.8245296478271,-1.8904228210449199,-2.41131973266602,5.79084968566895,2.8250703811645494,-14.142627716064501,-4.68551826477051,-0.798138618469238,2.03462386131287,9.245729446411131,0.265807151794434,15.1030750274658,11.3162174224854,15.5108251571655,10.012310028076199,15.5957536697388,6.883808135986331,3.11306762695312,4.64746379852295,15.847075462341301,10.129865646362301,5.8949270248413095,2.88040375709534,-2.35921907424927,7.88257074356079,8.88205528259277,0.6937789916992191,6.56217479705811,8.79369163513184,3.84262180328369,18.298639297485398,14.166484832763699,21.1719150543213,10.614723205566401,7.86715126037598,6.605205535888669,11.0056095123291,6.9571418762207005,5.37781429290771,0.84716796875,6.90152740478516,-5.25587844848633
sub-0092,ses-03,run-04,cognitive,LOC,280,rating,-1.18767404556274,-2.85351610183716,-0.29184496402740506,0.566796362400055,1.99371790885925,1.3663346767425502,-1.19852018356323,-1.89140129089355,1.67441177368164,1.69487190246582,12.795403480529801,8.45006561279297,16.529058456420902,14.923820495605499,22.0271072387695,21.631891250610398,25.817125320434602,27.215562820434602,27.276050567627,26.2185001373291,24.421310424804698,21.8823928833008,21.3906230926514,17.1121520996094,15.768402099609402,11.4242820739746,8.01520824432373,5.02652454376221,4.54051780700684,5.110766410827639,2.04176235198975,7.593196868896481,3.87031888961792,6.81180477142334,2.08578014373779,7.70728302001953,2.99134063720703,9.63900470733643,9.98165035247803,13.063570022583,15.939466476440401,7.2508049011230495
sub-0092,ses-03,run-04,cognitive,LOC,280,cue,0.231748580932617,0.702953338623047,4.5512809753417995,0.670236587524414,-0.0785784721374512,-4.21662425994873,-4.36310195922852,-2.87147903442383,-6.09994888305664,-3.55240535736084,-4.176080703735351,1.65969038009644,5.02904510498047,5.440887451171879,11.541353225708,9.91205978393555,12.5799293518066,13.7290725708008,8.21797180175781,7.60064697265625,5.387054443359379,-3.8458900451660196,-9.114946365356449,-10.365985870361301,-18.3974018096924,-14.6145439147949,-20.742862701415998,-22.9644508361816,-17.2987365722656,-14.267189025878901,-13.4832019805908,-12.5123538970947,-5.99434757232666,-1.32049894332886,1.18180799484253,7.795578956604,5.2719554901123,7.16064023971558,2.70206093788147,9.5668363571167,5.25971221923828,3.76358246803284
sub-0092,ses-03,run-04,cognitive,LOC,281,cueH_stimH,18.314439773559602,19.1014442443848,24.196605682373,25.0363063812256,8.173520088195799,18.1111888885498,16.3801155090332,12.0396995544434,20.832082748413104,25.9182624816895,14.505507469177198,16.2792663574219,15.751781463622999,17.027704238891598,18.1889743804932,25.4829788208008,34.0510902404785,17.7789154052734,12.2005615234375,15.763800621032699,1.28040409088135,-2.8028616905212402,5.29209184646606,8.92222499847412,6.13260746002197,11.018053054809599,7.25730276107788,9.61285781860352,10.215604782104501,3.9894733428955096,5.68001270294189,5.670711517333981,-4.51860046386719,-0.931178092956543,0.41577720642089794,-8.54122829437256,4.35882186889648,-12.165355682372999,-13.8822479248047,-0.38197708129882796,-6.86891078948975,-14.469630241394
sub-0092,ses-03,run-04,cognitive,LOC,281,cueL_stimH,27.587148666381804,7.179754257202151,7.09397125244141,2.5284855365753196,5.2809953689575195,0.8278621435165409,-17.7974224090576,14.4785242080688,21.8461227416992,14.6122941970825,1.10211181640625,11.740467071533198,23.8656349182129,-0.640432298183441,16.4693489074707,13.7782917022705,19.7710933685303,37.7331390380859,26.286680221557603,30.797472000122102,20.913621902465803,17.6065139770508,22.985534667968803,18.6360244750977,6.98724460601807,18.6158752441406,5.403339385986331,14.4681386947632,-0.0905799865722656,-10.9576892852783,-8.21980094909668,-14.5833473205566,-0.7824249267578121,6.53171539306641,-0.8143768310546879,2.9028873443603502,-0.11742317676544199,4.52028274536133,-15.146934509277301,-19.2111854553223,-9.20567321777344,-2.59187126159668
sub-0092,ses-03,run-04,cognitive,LOC,281,cueH_stimM,-5.116437435150151,2.54320812225342,11.5401859283447,-7.72397232055664,13.7355785369873,-8.60648918151855,7.3470354080200195,7.61629056930542,2.6892538070678698,15.2367124557495,1.8100438117981001,0.0648634433746338,15.4255475997925,4.204383850097661,3.02019429206848,18.5189456939697,18.1468753814697,15.460489273071301,10.8508777618408,20.5991535186768,4.40190267562866,10.7830228805542,-6.21599245071411,-4.04740428924561,-6.03741264343262,-10.0131969451904,-10.33278465271,11.772088050842301,-0.40372276306152294,2.93915557861328,-10.516180992126499,-11.835431098938,-1.18136405944824,10.095205307006802,-0.48678016662597706,5.530120849609379,-1.66903114318848,-3.7086181640625,-12.5685157775879,-4.12729167938232,-1.10175609588623,1.92657852172852
sub-0092,ses-03,run-04,cognitive,LOC,281,cueL_stimM,-12.041065216064501,-28.443283081054698,-23.883567810058604,-15.718067169189501,-33.8555183410645,-22.5276260375977,-16.2964725494385,-21.744464874267603,-8.6232852935791,-12.718849182128901,-15.9277782440186,-27.1651077270508,-19.1078052520752,-28.404426574707,-21.5797386169434,-27.7152099609375,-14.3809490203857,-14.7034559249878,-9.60019779205322,-4.48559236526489,-9.135255813598631,-21.362737655639602,-14.7810859680176,-1.88762593269348,-18.2760982513428,-6.35716676712036,-7.996371269226071,-3.65571117401123,-1.70748114585876,-6.958880424499509,7.34371280670166,-5.10044193267822,5.81210708618164,-4.7160329818725595,-2.9221410751342796,-3.1996002197265603,4.46944999694824,-2.2613887786865203,-21.303066253662102,4.977423191070559,5.794647216796879,-3.6026496887207
sub-0092,ses-03,run-04,cognitive,LOC,281,cueH_stimL,12.7987470626831,2.3470890522003196,3.44201159477234,-8.02790069580078,0.47788524627685497,-10.418816566467301,-1.9401167631149299,0.40724515914917,5.84009552001953,6.59603548049927,3.7778782844543497,1.5355718135833702,-20.8912239074707,-9.14667224884033,-1.5329444408416701,-16.3249111175537,3.3954484462737997,2.07065916061401,19.954195022583,11.399522781372099,16.9943027496338,4.04455947875977,20.147066116333,5.52237510681152,1.05779886245728,6.87021780014038,-5.16780567169189,-10.9381875991821,-3.66035270690918,-9.78367233276367,-4.24950981140137,-10.318657875061001,1.5178117752075202,4.266485214233399,-5.2377204895019505,1.8391952514648402,3.0661849975585898,10.331960678100598,4.50083255767822,10.261207580566401,0.23650169372558602,12.805187225341802
sub-0092,ses-03,run-04,cognitive,LOC,281,cueL_stimL,7.18583011627197,-16.176803588867198,1.34021186828613,12.8843441009521,5.3645925521850595,9.53684997558594,-2.28896594047546,17.2052364349365,12.135293006897,-1.743412733078,14.956031799316401,9.59402656555176,14.5328807830811,13.6911954879761,5.1854963302612305,17.6318511962891,16.8591480255127,13.2840232849121,-5.04676818847656,18.1699161529541,1.67218065261841,13.5757179260254,12.0411043167114,12.3718042373657,4.26888036727905,9.06418704986572,6.836908340454099,4.37751007080078,12.3789405822754,1.99389839172363,18.768756866455103,5.04022789001465,2.57939720153809,14.5712127685547,6.3934040069580105,12.4158840179443,13.1947631835938,5.639652252197269,12.555161476135302,-3.361328125,1.35396385192871,-4.95442771911621
sub-0092,ses-03,run-04,cognitive,LOC,281,rating,3.2027347087860094,2.36500263214111,6.146854400634769,6.965472221374509,3.37181258201599,5.03512763977051,4.41452836990356,8.18743324279785,1.9770278930664098,6.5790548324585,8.49758148193359,9.67084121704102,12.1691741943359,15.522045135497999,15.083290100097699,10.480918884277301,10.4161949157715,8.92788124084473,17.1049194335938,14.8926544189453,18.0923461914062,15.9188079833984,11.1534881591797,9.52366352081299,13.8861541748047,3.27353620529175,2.8985424041748,-1.1511371135711699,1.07252264022827,4.3361177444458,1.6811447143554699,2.79388332366943,3.18949508666992,-0.333719491958618,5.41014194488525,2.5659785270690896,4.41431140899658,11.2330503463745,8.352757453918459,5.86031723022461,2.6613507270812997,7.1300363540649405
sub-0092,ses-03,run-04,cognitive,LOC,281,cue,2.68252944946289,-5.26444625854492,7.2589626312255895,4.49167823791504,-1.66984748840332,-1.6104694604873702,0.66693115234375,-7.12142181396484,-7.48804473876953,-0.0832424163818359,0.6525251865386961,5.3722429275512695,7.79620265960693,4.15998077392578,12.3000974655151,10.070320129394501,10.223928451538098,10.0094795227051,3.48456573486328,2.20904541015625,3.3785171508789102,2.4041290283203103,0.450498580932617,-4.59974670410156,-6.38883972167969,-15.3411521911621,-12.7551727294922,-17.471633911132802,-10.2907562255859,-8.15723609924316,-11.0247707366943,-12.798203468322802,-4.57027292251587,-4.890942573547361,-0.9211322665214542,-9.02145290374756,0.460448741912842,0.954229831695557,-2.90689182281494,-3.6538314819335898,-7.03161430358887,0.587661623954773
sub-0092,ses-03,run-04,cognitive,LOC,282,cueH_stimH,18.5008144378662,31.4383888244629,21.7247676849365,39.160888671875,30.488878250122102,-1.6107816696166999,3.62363052368164,-6.487380027771,9.31589126586914,6.7691855430603,2.93061232566833,16.9242076873779,6.84987831115723,15.9655227661133,-6.283016204833981,-10.3599128723145,6.893029689788821,-6.51849031448364,-0.969157695770264,-9.564799308776859,14.1318778991699,-5.475934028625491,-9.470014572143551,-27.147497177124,8.568845748901369,3.90016984939575,12.295906066894501,-10.639284133911099,10.723947525024402,29.0812110900879,-23.5666351318359,7.926910400390621,-6.53039264678955,14.3273773193359,1.21699523925781,12.798581123352099,26.8573570251465,7.16123294830322,-0.160962104797363,-9.26581573486328,-34.1884994506836,-35.1380653381348
sub-0092,ses-03,run-04,cognitive,LOC,282,cueL_stimH,-10.2097911834717,18.2658767700195,-1.0330638885498,-10.5875568389893,18.8758640289307,-9.71201992034912,-12.1827545166016,3.32333946228027,-29.3653030395508,-0.94169020652771,-23.227951049804698,-3.54002904891968,-10.7962379455566,-5.1777834892272905,-1.5473730564117398,-13.882041931152301,10.4147510528564,-4.08131122589111,15.671105384826697,18.2841911315918,19.482250213623,27.5398139953613,25.54296875,1.75922918319702,28.849201202392603,-0.0998811721801758,30.8892097473145,37.0603637695312,-18.990909576415998,16.581684112548803,-19.1767501831055,4.32398223876953,-15.703125,0.283203125,10.015159606933599,-4.23687553405762,9.64777088165283,-7.02210235595703,18.550704956054698,-3.66166305541992,8.71044158935547,-15.8696804046631
sub-0092,ses-03,run-04,cognitive,LOC,282,cueH_stimM,-10.7388143539429,-14.978146553039599,-11.415032386779801,2.67745757102966,-31.2772102355957,-4.05365753173828,-25.189439773559602,-25.170747756957997,-24.3758163452148,-15.804206848144501,-20.407283782959002,6.20457363128662,-30.1620979309082,-27.985200881957997,1.33777189254761,-16.6052417755127,-0.342554569244385,7.41354703903198,3.16892194747925,7.58713102340698,11.393274307251,18.8684921264648,15.770824432372999,-2.93594884872437,-0.31360673904418895,-8.88049697875977,-7.49273777008057,-2.29975605010986,24.5133628845215,-3.4668169021606405,6.51487827301025,7.76942539215088,13.3411102294922,3.62076377868652,6.237091064453121,-13.972877502441401,-0.93516731262207,-3.7976112365722696,5.00871086120605,-15.559428215026902,5.34834289550781,-5.23279142379761
sub-0092,ses-03,run-04,cognitive,LOC,282,cueL_stimM,-14.923100471496598,-5.16442584991455,-37.649238586425795,-11.6099243164062,-48.5848808288574,-47.184654235839794,-37.7232513427734,-44.139163970947294,-36.590385437011705,-31.1645202636719,-30.1917781829834,-61.0909004211426,-52.6860542297363,-40.19325637817379,-45.4671974182129,-45.3031196594238,-35.981906890869105,-44.3259086608887,-43.2609786987305,-40.5720100402832,-15.964622497558599,-31.9647483825684,-22.993465423584,-35.0187187194824,17.6588363647461,-10.4701900482178,-1.1485342979431201,-9.19561767578125,4.46406650543213,-3.87169551849365,4.14048767089844,3.70022201538086,-15.174703598022498,12.5087795257568,4.81660652160645,-5.502254486083981,-7.19908142089844,10.518821716308599,-6.72811126708984,4.0114603042602495,17.348539352417,20.247226715087898
sub-0092,ses-03,run-04,cognitive,LOC,282,cueH_stimL,-9.95488929748535,5.10955238342285,-14.218585014343299,-37.836395263671896,-14.9947290420532,-34.757781982421896,-36.461086273193395,-12.5018463134766,-39.0314903259277,-10.437078475952099,-22.014774322509798,-19.3364315032959,-20.850765228271502,-26.0314502716064,-18.131031036377,-13.837650299072301,-13.158576965332001,4.72647619247437,-6.701495170593259,15.190824508667,1.714271068573,17.6702499389648,0.932597160339355,2.7750506401062,15.1728096008301,11.067390441894501,21.4603633880615,-4.15437793731689,-16.808179855346697,13.851036071777301,-24.065185546875,4.86316108703613,9.8485107421875,-0.962799072265625,13.498188018798801,-13.7991943359375,16.2323589324951,8.11126327514648,11.496769905090302,20.785451889038104,13.660625457763699,18.664760589599602
sub-0092,ses-03,run-04,cognitive,LOC,282,cueL_stimL,-15.743012428283699,-0.0437288284301758,7.70680236816406,-7.5198974609375,-7.34264707565308,-26.0871200561523,-14.659517288208,-8.92854976654053,-37.4210929870605,3.85296678543091,-17.7486324310303,4.5154561996460005,-18.5770263671875,-4.297698974609379,-17.219060897827102,-8.305360794067381,-15.845412254333501,-5.70138311386108,-11.906044006347699,6.66801357269287,2.26783084869385,1.3786649703979499,7.54578065872192,-0.154623746871948,7.98083925247192,15.400681495666499,2.17508792877197,7.349529266357419,4.8486185073852495,-3.6926965713501,-0.8160247802734379,20.4131546020508,26.3406982421875,17.3736038208008,7.299198150634769,4.65836715698242,0.0391292572021484,-11.0586261749268,2.0839900970458998,-4.5889892578125,14.4784736633301,-29.2296981811523
sub-0092,ses-03,run-04,cognitive,LOC,282,rating,-4.2212638854980495,-2.82605600357056,-0.670895338058472,0.469189763069153,5.00836515426636,3.5886716842651403,-3.0635514259338397,-7.45165491104126,1.3970527648925801,-7.9614753723144505,5.18754577636719,-5.22827911376953,1.14531135559082,-3.5849494934082,-3.9049224853515603,6.23186492919922,-3.7742691040039102,11.216523170471199,10.157499313354501,9.31117057800293,19.4636077880859,16.1837997436523,18.8929672241211,17.3675193786621,14.7041969299316,15.0091943740845,10.6007518768311,13.3406467437744,12.5218496322632,5.0697078704834,-5.3945779800415,10.453727722167999,2.45523452758789,12.1302547454834,3.9150390625,7.32961177825928,7.353564262390139,11.0327587127686,17.1436672210693,11.421567916870101,25.4637432098389,2.1603412628173797
sub-0092,ses-03,run-04,cognitive,LOC,282,cue,5.49502182006836,1.40594482421875,-4.26543998718262,1.43966102600098,0.7595496177673341,2.8466582298278795,-7.16552543640137,-1.20708084106445,-11.825767517089801,-6.12718152999878,-12.634458541870101,-3.12668085098267,-9.38732147216797,-3.27955913543701,-9.30543899536133,3.2623748779296897,6.381341934204099,15.384683609008801,3.00284194946289,8.88261413574219,10.670982360839801,6.644184112548831,2.8453083038330096,-1.60440349578857,-16.020679473877,-15.3346099853516,-12.706077575683599,-20.3907356262207,-16.2821826934814,-9.34648513793945,-16.3790130615234,4.24725151062012,-17.348979949951197,0.329976797103882,-3.54739880561829,1.4388141632080098,13.729207992553699,12.476505279541,-5.48541116714478,12.7050724029541,-3.06328535079956,8.3589038848877
sub-0092,ses-03,run-04,cognitive,LOC,313,cueH_stimH,5.747937202453611,10.6194725036621,16.858543395996097,5.8755207061767605,23.519229888916,7.9295148849487305,18.0429458618164,10.5817651748657,21.936216354370103,27.4302291870117,32.491012573242195,34.8321914672852,44.8307495117188,36.543853759765604,42.2377052307129,47.665836334228494,43.6824417114258,40.9910469055176,31.3995742797852,39.7111015319824,50.130401611328104,41.280059814453104,47.744945526123,25.193792343139602,25.4460849761963,25.1564407348633,7.2369499206542995,16.974666595459002,6.46025085449219,-0.0934743881225586,1.2980422973632801,10.639386177063,8.03072834014893,3.9458742141723597,-5.076269149780269,-2.7515840530395494,6.404510498046879,-1.6728415489196797,5.88271427154541,5.46260786056519,-1.38917708396912,-8.73213768005371
sub-0092,ses-03,run-04,cognitive,LOC,313,cueL_stimH,-0.995864391326904,18.5443515777588,-6.4301652908325195,5.09628582000732,10.9435701370239,-2.7259042263031,-6.650446891784671,9.39908695220947,11.206809997558599,6.13280916213989,8.51107215881348,16.7869567871094,23.2197761535645,14.918460845947301,16.8989372253418,29.793216705322298,38.3502807617188,29.587097167968803,45.9550971984863,44.7047309875488,48.284637451171896,40.3891639709473,52.44718933105471,25.851259231567397,38.4651298522949,31.563203811645497,31.8775901794434,20.771205902099602,8.95416831970215,-0.0233192443847656,-10.2886238098145,-10.241233825683599,-14.1569671630859,-9.45420455932617,-16.8003082275391,-21.0222778320312,-8.98109531402588,-22.8789710998535,-9.24997711181641,-14.931236267089801,-12.432212829589801,-19.757848739624
sub-0092,ses-03,run-04,cognitive,LOC,313,cueH_stimM,-3.01575112342834,2.9027712345123304,0.494331955909729,7.89886283874512,5.1177248954772905,5.68678903579712,-4.70862102508545,10.511624336242699,4.507526874542241,26.0503311157227,16.6879920959473,26.6274719238281,7.786555290222171,17.8273067474365,30.678243637085,31.1103591918945,27.5152015686035,47.622074127197294,32.7689247131348,22.805179595947298,30.990608215332,33.876312255859396,13.3985939025879,19.6387577056885,14.142581939697301,9.631162643432619,4.16339635848999,5.08807373046875,-5.96888875961304,-11.601288795471199,-2.47268772125244,-3.2093715667724596,-13.9378929138184,-14.7844772338867,2.8049163818359397,-17.9294204711914,-11.9341468811035,-23.0397682189941,-22.652076721191396,-23.6580810546875,-8.45067977905273,-8.15957450866699
sub-0092,ses-03,run-04,cognitive,LOC,313,cueL_stimM,-2.9217469692230202,-12.003306388855,-23.013315200805696,-13.892295837402301,-26.3255996704102,-15.670286178588901,-18.7658424377441,-24.287420272827102,-4.3769416809082005,-7.075603485107419,-13.061056137084998,2.7200560569763197,8.24561405181885,10.136056900024402,16.9576282501221,-1.3995337486267099,6.15212869644165,11.5038709640503,11.340721130371099,12.0969886779785,34.5961494445801,15.805870056152301,36.283500671386705,5.72967720031738,34.5623626708984,15.7540626525879,19.044885635376,11.125937461853,7.209335803985599,6.03955364227295,-17.908733367919897,-4.31264019012451,-6.78413391113281,-18.6814136505127,-14.009840965271001,-21.6220817565918,-8.814859390258789,-16.465648651123,-25.2139015197754,-18.7255706787109,-8.76012325286865,-18.144851684570302
sub-0092,ses-03,run-04,cognitive,LOC,313,cueH_stimL,27.117948532104503,16.8571434020996,13.2528295516968,10.1829423904419,1.87959408760071,-4.82041454315186,-1.8353159427642802,-2.1687169075012203,4.19216060638428,12.2003087997437,17.8047828674316,10.4557151794434,11.128833770752001,8.62036609649658,13.2776651382446,26.8829231262207,21.0883464813232,37.1992225646973,23.7475662231445,28.8366775512695,19.9778060913086,31.2876873016357,20.1390762329102,28.4718914031982,19.1491737365723,31.0086727142334,22.202449798584,16.3519134521484,-20.8915634155273,-3.39372825622559,-17.9774398803711,-8.88333415985107,-17.511539459228498,-23.154638290405302,-6.08254241943359,-21.560890197753896,-8.02289390563965,-12.8595333099365,-22.2742729187012,-12.705066680908198,-7.022137641906741,1.18892669677734
sub-0092,ses-03,run-04,cognitive,LOC,313,cueL_stimL,-10.664852142334,7.24119472503662,5.30987930297852,-1.58724594116211,-1.42077112197876,6.73425960540771,7.22239446640015,11.363426208496099,11.3972339630127,14.678080558776902,12.696816444397,42.987033843994105,33.4633560180664,37.2589263916016,23.3340167999268,32.5194320678711,37.2617797851562,36.244457244873,29.9570121765137,34.4681015014648,36.4230194091797,31.7767848968506,22.7841987609863,28.9257793426514,14.361126899719201,15.2462615966797,1.5932917594909701,9.82501983642578,5.77649593353271,16.447608947753903,10.5559959411621,1.8450698852539098,-0.587173461914062,6.66230010986328,6.33884048461914,11.955467224121099,4.457006454467769,-0.47685623168945296,-5.55635547637939,5.228515625,11.577033996582001,-16.119449615478498
sub-0092,ses-03,run-04,cognitive,LOC,313,rating,-5.72826957702637,-1.2556220293045002,-0.786984086036682,-0.525349140167236,4.08793354034424,5.716580390930179,10.166036605835,6.91613101959229,9.199197769165039,9.39994144439697,12.808482170105,17.536371231079098,18.687423706054698,20.938564300537102,22.2093124389648,24.2412815093994,18.0416145324707,27.411941528320302,18.9407329559326,15.4242515563965,18.5876312255859,15.760730743408198,13.8645496368408,13.781352043151902,9.02283477783203,8.04194068908691,5.17014741897583,6.7796335220336905,2.4414081573486297,1.74338507652283,-2.9863061904907204,0.854687690734863,-1.1207275390625,-3.6752307415008505,-8.54822731018066,-4.18367671966553,-3.7451744079589804,-4.599432468414309,-1.8993635177612298,-4.38024234771729,1.3933568000793501,-4.8279733657836905
sub-0092,ses-03,run-04,cognitive,LOC,313,cue,1.60990715026855,-3.3399009704589804,-0.67112922668457,-0.802987098693848,-7.8221540451049805,4.29274082183838,-2.78445434570312,-1.46153259277344,-2.73934555053711,-4.14093017578125,-4.2376823425292995,-4.2515377998352095,2.4642887115478502,4.72180366516113,7.13954925537109,3.64501953125,9.9133186340332,7.431705474853519,4.6288566589355495,7.09493255615234,6.14145660400391,9.95687484741211,1.33183288574219,6.5451226234436,-2.12634658813477,4.5130615234375,1.1118354797363301,-2.2076301574707,-7.72007751464844,-7.8349704742431605,-5.77924108505249,-7.079107284545901,-10.220222473144501,-7.07605504989624,-14.441115379333501,-8.303699493408201,-10.643292427063,-0.0897383689880371,-5.62605714797974,1.64966130256653,3.5282769203186,5.402785778045651
sub-0092,ses-03,run-04,cognitive,LOC,314,cueH_stimH,33.4498519897461,22.746192932128896,22.492208480835,41.104274749755895,20.9919605255127,9.38584518432617,19.8442287445068,5.74415731430054,8.346616744995119,-14.1263332366943,17.8752136230469,21.153341293335,21.009475708007802,27.6722564697266,31.5706768035889,30.2327308654785,27.330974578857397,25.004491806030302,31.130521774292003,20.102586746215803,25.9112205505371,10.3293304443359,-3.83561944961548,8.94272136688232,7.27533674240112,16.9088573455811,11.7852458953857,-3.0410854816436803,-0.7878041267395021,1.1351108551025402,-9.587808609008789,-10.862936019897498,-13.9502820968628,-1.43614387512207,-6.46012115478516,-0.9031391143798829,0.823299407958984,3.19269466400146,-3.43436145782471,-9.775064468383789,-0.73500919342041,-1.04160368442535
sub-0092,ses-03,run-04,cognitive,LOC,314,cueL_stimH,20.9673919677734,12.5762672424316,10.476835250854501,32.1386222839355,11.485260009765598,22.5895652770996,-2.5008749961852996,11.552600860595698,2.7787256240844704,16.1918926239014,20.7476921081543,14.308379173278801,19.93115234375,30.0930252075195,16.116031646728498,14.390022277832001,28.9476013183594,28.2145080566406,45.700923919677706,34.600662231445305,38.636405944824205,41.141883850097706,29.121603012085,17.3138809204102,16.5085983276367,19.88037109375,30.202367782592802,11.8332099914551,-1.9650783538818402,-11.6237277984619,-18.232591629028303,-14.609203338622999,-29.0756187438965,-12.082019805908198,-1.5266494750976598,-5.7902317047119105,6.50589752197266,1.08567047119141,6.82840728759766,2.99277114868164,17.119949340820302,16.992942810058597
sub-0092,ses-03,run-04,cognitive,LOC,314,cueH_stimM,-5.62134647369385,0.0556640028953552,0.594575524330139,-0.892181396484375,-4.9415593147277805,-0.398960590362549,-20.0638313293457,-3.54233455657959,3.0587797164917006,-2.20880103111267,-8.43488121032715,2.27226066589355,1.59828162193298,11.085803985595698,16.991840362548803,22.925354003906197,31.9365234375,25.192077636718803,14.8297996520996,22.3909606933594,23.678283691406197,30.1941413879395,22.1284236907959,14.8345470428467,-1.8856744766235398,26.869342803955103,3.63474035263062,11.2159967422485,14.7675685882568,11.7977771759033,7.29305458068848,9.92414379119873,6.16175937652588,11.2530574798584,-6.25374412536621,5.85092926025391,-12.125280380249,-4.1473388671875,-11.4847259521484,-11.2729778289795,-7.37710952758789,-11.3442029953003
sub-0092,ses-03,run-04,cognitive,LOC,314,cueL_stimM,-9.24563026428223,-19.136833190918,-17.033935546875,-14.739776611328098,-20.2157211303711,-28.876916885376,-23.7017936706543,-26.058774948120103,-23.0690612792969,-23.9347629547119,-32.247512817382805,-9.95889282226562,-15.2497138977051,-20.0418472290039,-14.020599365234402,-17.0299987792969,-22.3461036682129,-11.635991096496598,-16.6629638671875,-13.2814502716064,-15.3130645751953,-13.093237876892099,-16.262283325195302,-19.4094009399414,6.65959930419922,5.864812850952151,-11.4237842559814,-14.463602066039998,10.674764633178699,-7.3778171539306605,7.015780448913571,-4.7078752517700195,10.916361808776902,17.686222076415998,-13.811154365539599,-12.605710983276401,-7.56513786315918,-17.5374965667725,-7.2392578125,10.4718456268311,17.107385635376,-4.91050720214844
sub-0092,ses-03,run-04,cognitive,LOC,314,cueH_stimL,16.079486846923803,15.5029029846191,9.176225662231449,1.5373706817627,-11.3408098220825,-4.96196126937866,0.227866888046265,10.2300109863281,-17.202543258667,-16.7939109802246,6.974524974823001,8.95640659332275,5.54351377487183,-3.6690833568573,-7.52289056777954,-6.3724064826965305,0.0651843249797821,9.05661392211914,25.963317871093803,22.0409851074219,15.4909324645996,7.99882507324219,10.7116165161133,9.84608268737793,17.2639598846436,15.5337886810303,-3.8305141925811803,5.23624324798584,27.1931457519531,4.33711814880371,-6.89534568786621,-8.69297313690186,-5.17723274230957,6.457855224609379,6.1319866180419895,-16.408523559570302,1.78541564941406,14.393186569213901,-0.6966843605041501,-0.31314611434936496,5.099902153015139,11.772464752197301
sub-0092,ses-03,run-04,cognitive,LOC,314,cueL_stimL,14.6658935546875,-0.200843811035156,23.2336959838867,4.73161315917969,7.50348234176636,7.8526921272277805,2.2710323333740203,-11.4545068740845,-7.0729265213012695,-4.82738161087036,10.883237838745101,7.85319519042969,12.8865070343018,8.11912441253662,7.88305330276489,8.02303409576416,5.145551204681401,12.3671722412109,2.26732063293457,-12.0822305679321,-2.52291512489319,2.12685799598694,3.43966460227966,-2.09455609321594,6.61545038223267,12.8285436630249,-4.8287682533264205,-1.52579975128174,5.07089424133301,5.0056867599487305,1.7082681655883798,12.563436508178699,16.105676651001,5.49752044677734,-1.87110710144043,-2.4779815673828103,10.3925189971924,-1.2022294998168899,12.3613929748535,6.001220703125,-13.5167903900146,-20.376865386962898
sub-0092,ses-03,run-04,cognitive,LOC,314,rating,5.94970417022705,4.11616706848145,6.24693202972412,5.81048440933228,5.473965644836429,10.192405700683599,3.0565414428710898,4.80264568328857,5.545856475830081,6.79553318023682,14.8445863723755,14.169176101684599,19.457199096679698,15.025428771972699,18.578369140625,14.1637229919434,12.5377540588379,12.5913372039795,10.3277149200439,10.9366035461426,11.058219909667999,16.6622009277344,14.8511962890625,11.2534513473511,19.1146621704102,15.305373191833501,14.8818693161011,14.4254817962646,12.0061912536621,11.4524250030518,9.15252685546875,8.81881904602051,3.39661645889282,15.2607069015503,13.605759620666499,11.622335433960002,13.393138885497999,10.771747589111301,10.735374450683599,14.9792575836182,11.906269073486301,7.06295299530029
sub-0092,ses-03,run-04,cognitive,LOC,314,cue,-4.809120178222661,-9.69161987304688,-2.5132999420166002,-2.9940338134765603,-5.71892547607422,-8.31984901428223,-5.417999267578121,-9.49745941162109,-3.8043098449707,-8.84818267822266,-13.150403976440401,-9.40042495727539,-6.282964706420901,-3.09931468963623,-10.7298851013184,-10.4472064971924,-8.539844512939451,-0.713701248168945,-6.025882720947269,-4.757667541503911,-8.93230819702148,-4.80027389526367,-12.153312683105499,-9.4630184173584,-7.78043365478516,-8.97651672363281,-10.210144042968802,-11.410133361816401,-10.5053672790527,-4.96917533874512,-5.08748340606689,-7.78222990036011,-5.990581512451169,-7.55530548095703,-11.1033134460449,-8.22076988220215,3.10499954223633,-0.419943332672119,-4.84855556488037,-2.3795173168182404,-10.486883163452099,-0.9343975782394409
sub-0092,ses-03,run-04,cognitive,LOC,311,cueH_stimH,15.498000144958501,17.1253261566162,27.442319869995103,19.038263320922898,23.8616580963135,2.8883829116821302,15.5409870147705,-3.57854604721069,10.942925453186,20.8800830841064,32.489288330078104,41.2949447631836,21.2146911621094,42.6370697021484,40.209098815918004,51.0027275085449,49.561397552490206,43.4801712036133,48.4333381652832,47.1263771057129,51.5459060668945,46.3400268554688,35.412345886230504,35.1788291931152,39.1960868835449,47.547664642334006,17.799486160278303,29.5345802307129,-0.6075778007507321,-0.7146892547607421,-7.19586086273193,0.52955436706543,4.7243356704711905,-0.475465774536133,-14.375280380249,-7.38308143615723,-10.2702598571777,12.2638187408447,-2.28207492828369,-1.37751483917236,-16.6652507781982,-12.8853750228882
sub-0092,ses-03,run-04,cognitive,LOC,311,cueL_stimH,10.329904556274402,3.9615869522094704,4.7161660194397,-6.8677773475647,-0.925080180168152,-3.62072086334229,-6.172992706298831,13.6696443557739,16.1135406494141,23.971065521240202,26.0435581207275,30.084867477417003,30.0523681640625,44.027591705322294,54.8464965820312,41.709556579589794,55.4219627380371,68.4752731323242,78.1830673217773,72.23243713378909,68.2340927124023,68.1733551025391,68.467887878418,66.241569519043,56.8238372802734,51.1121673583984,45.60115051269529,35.8134918212891,25.025522232055696,21.4016036987305,-2.00327301025391,5.61128997802734,-9.75006866455078,-1.00371170043945,-10.3322067260742,-18.3970317840576,-34.8700637817383,-27.850643157959,-22.9127197265625,-25.9135398864746,-19.1430358886719,-25.2275390625
sub-0092,ses-03,run-04,cognitive,LOC,311,cueH_stimM,7.50774717330933,3.15651988983154,14.9528369903564,8.65851497650146,12.939390182495101,19.7978744506836,10.3653411865234,24.6172180175781,13.333215713501,23.1373805999756,35.6215400695801,22.660120010376,22.167579650878896,34.010871887206996,41.4468841552734,47.3847885131836,54.342201232910206,52.637001037597706,56.831214904785206,50.662750244140604,48.1831283569336,48.5728073120117,39.085380554199205,37.6664581298828,36.566799163818395,28.841842651367198,8.46426582336426,0.932267189025879,1.09964847564697,4.277435302734379,0.0632648468017578,-9.22239971160889,-2.99868774414062,-17.927682876586896,-10.7530097961426,-26.2900581359863,-9.926042556762699,-15.021358489990199,-4.7982292175292995,-13.8341054916382,-17.4220676422119,-19.2049674987793
sub-0092,ses-03,run-04,cognitive,LOC,311,cueL_stimM,-30.2202968597412,-27.0625171661377,-35.573635101318395,-20.713737487793,-38.783840179443395,-23.7267570495605,-24.2167053222656,-13.431243896484402,-34.4958343505859,-24.4485874176025,-10.2548198699951,3.97498512268066,10.291204452514599,22.7534885406494,8.26113700866699,12.3795528411865,13.5184383392334,20.8093357086182,26.117843627929698,37.07594680786129,30.2441787719727,35.3974571228027,41.2014923095703,30.5293464660645,35.6316566467285,24.220088958740202,37.7611846923828,15.3498287200928,12.9670057296753,10.7762298583984,2.81521987915039,0.811566352844238,-20.356220245361303,-9.42821407318115,-19.5766983032227,-16.1602363586426,-6.91035652160645,-6.75212097167969,-15.0055389404297,-29.0354385375977,-1.40852034091949,1.9763984680175801
sub-0092,ses-03,run-04,cognitive,LOC,311,cueH_stimL,2.55990219116211,2.13541555404663,16.0202293395996,-9.01729869842529,1.65545558929443,-11.754975318908699,-1.74283540248871,2.41549682617188,3.2875030040741002,12.9290084838867,11.117417335510302,11.1125650405884,20.8494663238525,18.767400741577102,31.4499778747559,39.6851806640625,41.801506042480504,45.524375915527294,53.9125747680664,48.504600524902294,47.885704040527294,48.653190612793,55.7871627807617,44.3117828369141,40.5717124938965,46.290153503418,24.2821407318115,8.36227321624756,3.25361824035645,-1.74883937835693,-7.07048225402832,-14.343848228454599,-10.747743606567399,-15.526891708374,-10.6133308410645,-15.8525390625,-13.9423770904541,-11.704288482666,-7.60365533828735,-6.38533353805542,-5.319366455078121,4.092254638671879
sub-0092,ses-03,run-04,cognitive,LOC,311,cueL_stimL,2.4654731750488303,10.0058326721191,5.85652351379395,7.37839126586914,14.2923002243042,0.433930397033691,0.9237293004989621,4.0357460975647,22.5602378845215,15.155921936035199,23.5427932739258,29.626056671142603,30.5209579467773,41.338287353515604,57.5076904296875,39.0111083984375,48.3934860229492,61.361515045165994,55.4029197692871,64.97134399414061,55.4735527038574,31.5263996124268,37.2421836853027,34.8178024291992,28.11696434021,20.1180801391602,17.101749420165998,13.8717308044434,0.8757038116455079,-0.18239116668701197,-0.9045391082763671,-21.7869663238525,-25.933597564697298,-9.39024353027344,-6.66194343566895,-3.9273834228515603,-16.657413482665998,-10.756122589111301,-18.0976333618164,-15.5286865234375,-15.001039505004899,-16.6873245239258
sub-0092,ses-03,run-04,cognitive,LOC,311,rating,3.02463603019714,2.1275372505188,2.81052041053772,2.73378944396973,7.53467893600464,5.877130508422849,6.9980792999267605,7.683599948883059,6.033538818359379,6.33133506774902,8.82476234436035,10.6831493377686,19.1660785675049,19.0761222839355,22.4884338378906,22.9873752593994,25.082252502441396,26.4492702484131,27.3763618469238,26.085124969482397,26.2297210693359,26.221508026123,23.977651596069304,21.917163848877,19.404977798461896,14.9065093994141,16.050582885742198,5.9077467918396,8.260669708251951,6.71307563781738,7.528839111328121,7.2158498764038095,2.0153574943542503,1.31740641593933,-1.08165836334229,3.8267960548400897,5.43544864654541,5.913846015930179,5.94107818603516,4.48706769943237,5.68402004241943,-0.971705436706543
sub-0092,ses-03,run-04,cognitive,LOC,311,cue,3.07770729064941,-7.92058563232422,-12.0631637573242,-9.16799354553223,-4.66831398010254,-8.85473155975342,-8.4185619354248,-12.1223945617676,-12.0783634185791,-7.309514999389651,-5.87751340866089,-4.85596370697021,-2.7735376358032204,0.7082595825195309,6.54781341552734,7.91696643829346,10.0854434967041,12.719745635986301,7.84487533569336,5.76899719238281,4.64323425292969,1.3095817565918,-1.95238876342773,-1.29477620124817,-6.66754150390625,-4.3935546875,-10.9212036132812,-11.559764862060499,-13.702756881713901,-3.6919164657592796,-7.76321029663086,-6.171160697937009,-3.25995969772339,-4.05187606811523,-1.01315355300903,-9.34121417999268,-1.8581714630127,0.8028340339660641,0.403396129608154,8.61542701721191,7.70432424545288,3.36459612846375
sub-0092,ses-03,run-04,cognitive,LOC,312,cueH_stimH,40.2366714477539,41.0882797241211,54.0334548950195,50.052707672119105,61.4000587463379,24.675708770752,37.2813949584961,7.89299726486206,21.9043922424316,17.637994766235398,15.1788158416748,19.697862625122102,34.122161865234396,22.497812271118196,40.4843521118164,33.6867332458496,39.6527824401855,45.499671936035206,35.938468933105504,37.401580810546896,49.1919441223145,26.6057052612305,20.7273387908936,21.863811492919897,14.444504737853999,26.3506889343262,3.1023707389831503,9.24034786224365,8.07615089416504,-7.431720733642581,-12.570575714111301,-17.4814014434814,-11.265010833740199,-14.328592300415002,-23.870975494384798,-3.80412483215332,-10.829944610595698,-19.010986328125,-5.663311004638669,1.2501916885376,-21.0785694122314,-30.406417846679698
sub-0092,ses-03,run-04,cognitive,LOC,312,cueL_stimH,-6.36019563674927,5.62420892715454,-2.7390365600585898,10.0479583740234,-9.07257652282715,-6.43522071838379,13.0629234313965,10.819244384765598,0.656452417373657,18.4954872131348,23.3945045471191,48.6335334777832,35.5195770263672,49.9428176879883,43.751129150390604,59.432411193847706,66.6635665893555,81.8514022827148,74.1603546142578,67.43551635742189,62.2336654663086,76.1873550415039,50.3441696166992,60.516273498535206,45.017993927002,30.9636917114258,49.2895278930664,45.164909362793,-0.46117401123046897,-13.3724727630615,-27.097581863403303,-23.0106544494629,-32.3367881774902,-30.9422607421875,-39.8989410400391,-24.0505676269531,-39.1827163696289,-35.8432388305664,-19.9618835449219,-12.751914978027301,-25.6671524047852,-24.892728805542003
sub-0092,ses-03,run-04,cognitive,LOC,312,cueH_stimM,-10.365460395813,10.400611877441401,3.33956432342529,-22.569339752197298,-10.4470710754395,6.37797451019287,-5.51030492782593,4.0945553779602095,13.475622177124,6.08041763305664,14.248435974121099,30.597164154052702,25.1332168579102,29.8682479858398,5.17764472961426,48.8335075378418,56.7066802978516,63.6120834350586,59.877227783203104,52.1325759887695,46.2317008972168,52.514198303222706,43.5624656677246,28.132080078125,17.47776222229,5.4196467399597195,14.5587062835693,12.0712575912476,8.54205894470215,1.7513046264648402,11.298092842102099,22.1575489044189,27.4582214355469,18.8887825012207,5.40988922119141,11.664405822753901,6.68929672241211,-6.1245441436767605,4.13627052307129,-10.5670957565308,14.085330963134801,-28.4190673828125
sub-0092,ses-03,run-04,cognitive,LOC,312,cueL_stimM,-43.155246734619105,-44.3676414489746,-22.1236934661865,-38.918285369873,-40.0909538269043,-35.562351226806605,-34.968704223632805,-32.893562316894496,-34.5671920776367,-16.7210903167725,-13.903282165527301,-36.7449226379395,-27.4150791168213,2.99944019317627,-30.2884521484375,-29.659029006957997,-16.2767028808594,-20.054885864257802,-17.681350708007802,-19.1490268707275,-13.146146774292,-0.839462757110596,-1.3025518655777,-5.17563056945801,9.1252326965332,-7.98106288909912,-10.9595956802368,-10.995607376098599,-23.755384445190398,-11.693438529968299,-14.8079509735107,-3.2786102294921897,-2.08999252319336,-7.12285041809082,-14.157468795776401,-4.86505699157715,-5.29717063903809,-7.62291717529297,-1.08382415771484,-29.737377166748,4.82358169555664,7.965457916259769
sub-0092,ses-03,run-04,cognitive,LOC,312,cueH_stimL,-21.937524795532198,-13.8136520385742,-13.493384361267099,-21.1091251373291,-8.95164585113525,-30.0907154083252,-24.4914150238037,-23.1070957183838,-14.9255695343018,10.938542366027802,14.6726627349854,-1.89295339584351,16.7337608337402,11.735253334045401,23.1532135009766,2.8711969852447496,28.5243816375732,41.1374626159668,43.4865837097168,35.810329437255895,30.552043914794897,41.6216888427734,16.335769653320302,31.403076171875,-3.64614701271057,7.9115290641784695,9.12999629974365,0.8908786773681641,-10.9372901916504,-32.4140853881836,-25.2031364440918,-18.936870574951197,-22.339767456054698,-29.967899322509798,-6.72396087646484,-22.2609710693359,-10.8525714874268,2.93297004699707,10.2200784683228,-6.962725639343259,21.9231643676758,10.8063545227051
sub-0092,ses-03,run-04,cognitive,LOC,312,cueL_stimL,-10.0434894561768,7.89797592163086,8.69346237182617,10.603874206542999,9.71332168579102,-4.066454410552979,14.2534284591675,12.6834707260132,-2.32698535919189,-2.69255971908569,21.7191696166992,31.471826553344698,35.2193450927734,34.520320892334,39.2864837646484,48.9037895202637,54.6760597229004,33.097732543945305,46.0995483398438,40.654747009277294,28.7340431213379,13.8184337615967,10.923389434814501,2.73508071899414,4.66128015518188,-5.1580085754394505,4.540672302246089,-1.25431060791016,14.7623109817505,1.0932188034057602,8.27963447570801,12.5657691955566,15.5083694458008,15.3531951904297,10.649696350097699,7.8002758026123,10.904188156127901,10.331167221069302,-6.57100486755371,22.1568603515625,5.86445617675781,-1.71016502380371
sub-0092,ses-03,run-04,cognitive,LOC,312,rating,7.10912990570068,3.7663810253143297,11.2089672088623,-0.38915336132049605,5.9903278350830105,5.67756462097168,2.62932538986206,0.9968185424804691,3.4373626708984397,0.0799074172973633,6.85385990142822,3.96974563598633,12.2644500732422,9.2994384765625,14.644439697265598,14.2807273864746,11.2021999359131,11.6505765914917,14.8416309356689,16.754545211792,17.0837707519531,15.1391868591309,20.81618309021,14.203040122985803,9.61824989318848,10.1101188659668,3.97998809814453,8.35175323486328,0.938421249389648,0.0146820545196533,-2.62858486175537,8.0084285736084,2.4223058223724396,3.05388069152832,1.8790082931518601,6.589745044708249,1.4387884140014602,14.497700691223098,16.2847900390625,13.5315418243408,17.076612472534197,16.3900871276855
sub-0092,ses-03,run-04,cognitive,LOC,312,cue,5.850763320922849,0.21755599975585896,-0.131706237792969,-2.35989189147949,6.43265342712402,4.502910137176509,-2.3203067779541002,-8.00249862670898,-8.42166137695312,-5.478704929351809,1.63290882110596,4.89970970153809,12.389018058776902,12.4731292724609,5.6529426574707005,7.4774074554443395,14.4595184326172,23.9215774536133,15.3342819213867,4.180870056152339,7.27085876464844,3.0863151550293,5.7796916961669895,-4.65911912918091,-23.8521041870117,-18.2318840026855,-21.6279220581055,-18.4882583618164,-21.847904205322298,-13.045015335083,-6.245324611663821,2.96544456481934,3.69673299789429,8.78572845458984,8.364719390869139,8.33845710754395,13.1980438232422,20.389339447021502,9.77833271026611,15.0217018127441,12.4388904571533,10.0165576934814
sub-0092,ses-03,run-04,cognitive,LOC,317,cueH_stimH,17.481624603271502,21.108821868896502,23.2085609436035,20.3109245300293,25.7104835510254,7.93753719329834,21.2956714630127,20.0805912017822,13.1901912689209,22.1525440216064,16.6855449676514,12.780530929565401,18.0764083862305,13.9813480377197,13.3022174835205,20.4359245300293,20.4209518432617,20.2005214691162,17.6576881408691,18.0796298980713,12.6307220458984,4.85856628417969,5.68099117279053,7.300799369812009,5.94263362884521,10.052961349487301,6.53302717208862,2.07565498352051,2.4709243774414102,1.89456558227539,0.21842002868652302,0.662421226501465,-2.65737819671631,-4.14849758148193,4.67288017272949,-0.11870384216308599,12.504180908203098,10.036509513855,5.4459514617919895,7.103033542633059,-4.74236679077148,-9.181681632995609
sub-0092,ses-03,run-04,cognitive,LOC,317,cueL_stimH,18.5627613067627,9.8504638671875,5.15348148345947,2.7189359664917006,8.80772304534912,11.1670274734497,10.6389989852905,11.007117271423303,19.6708755493164,19.5694198608398,24.546550750732397,20.9435214996338,19.8093376159668,19.868722915649396,18.972827911377,21.991971969604503,22.800802230835,35.151046752929695,30.671075820922898,27.0747451782227,27.819801330566396,25.663854598999,15.3343687057495,19.7555313110352,13.5177621841431,14.7520761489868,8.699525833129881,-1.51637077331543,-2.89268684387207,-8.84368324279785,-2.2587051391601602,-10.455192565917999,-5.557708740234379,-8.19257354736328,-1.14109802246094,-5.95872497558594,-0.8069099187850949,1.401611328125,4.662750244140621,6.736175537109379,3.46672821044922,-6.14921569824219
sub-0092,ses-03,run-04,cognitive,LOC,317,cueH_stimM,6.94028282165527,4.07515811920166,5.51480770111084,6.94255828857422,4.4406886100769,12.368305206298801,8.96860885620117,7.045330047607419,16.1368408203125,8.77370929718018,8.130200386047362,8.12813282012939,2.4379053115844704,8.20329284667969,11.2175903320312,16.1623382568359,16.5650482177734,20.523849487304698,6.14755916595459,11.042090415954599,12.8295736312866,13.524034500122099,6.7842378616333,8.13329410552979,10.369367599487301,11.4280319213867,7.7031564712524405,4.93648242950439,9.83233261108398,6.687433242797849,13.6209049224854,8.46050643920898,16.3263149261475,10.376485824585,1.9147224426269498,4.820533752441411,1.6186847686767598,-1.94183349609375,4.58394050598145,-1.73393535614014,-2.87015914916992,-11.1306667327881
sub-0092,ses-03,run-04,cognitive,LOC,317,cueL_stimM,-24.7444877624512,-21.0654258728027,-24.9946804046631,-25.4364166259766,-23.128408432006804,-22.672687530517603,-26.2162780761719,-23.9832916259766,-28.109001159668,-15.0104541778564,-19.559514999389602,-21.665548324585,-13.6328344345093,-9.05938720703125,-23.320692062377898,-20.8981018066406,-23.998161315918,-20.8191146850586,-24.7429504394531,-21.7597923278809,-18.63427734375,-20.5901279449463,-11.9180164337158,-13.9319801330566,-19.513996124267603,-12.937748908996598,-19.3059692382812,-19.084262847900398,-9.43825721740723,-10.3376998901367,-7.89455080032349,-6.93462371826172,-3.0110445022582994,-3.25188159942627,-6.74279022216797,3.03791046142578,-3.69779014587402,-2.07309150695801,-7.77845764160156,-4.11994028091431,0.326095014810562,0.651851654052734
sub-0092,ses-03,run-04,cognitive,LOC,317,cueH_stimL,-6.24329280853271,-2.17923283576965,-3.44499039649963,-8.12863826751709,-8.028613090515138,-11.0427961349487,-5.10597038269043,-1.2399363517761202,3.4760363101959197,0.785836398601532,-8.64461612701416,-5.91148471832275,-6.4851994514465305,-2.9635167121887203,-2.64879417419434,-8.74342632293701,-5.34724617004395,-0.7199115753173829,5.35178279876709,0.9531841278076171,-0.820253610610962,-0.835455894470215,6.26257038116455,4.69396305084229,0.40123701095581105,1.191810131073,4.50705146789551,4.39817810058594,-8.50442695617676,-7.15311622619629,-10.877007484436,-9.11166381835938,-8.10772609710693,-10.495210647582999,-8.87735557556152,-5.58705139160156,-3.40303993225098,-2.87989044189453,-1.46579313278198,8.00895023345947,1.98117446899414,8.98938751220703
sub-0092,ses-03,run-04,cognitive,LOC,317,cueL_stimL,5.57392120361328,6.499408721923831,4.57413101196289,5.333154678344731,8.780758857727049,3.88428235054016,2.6717379093170197,1.38298308849335,9.64989471435547,10.7251110076904,7.044894218444821,16.0389060974121,15.3621978759766,7.682561874389651,5.583392143249509,3.33652114868164,16.4622497558594,17.014497756958,12.659515380859402,-0.568344116210938,-4.82259607315063,-4.62010955810547,-2.55236959457397,-6.60538101196289,-0.9441800117492679,-4.02480506896973,0.0442900657653809,0.912418365478516,2.74980354309082,1.96018695831299,6.744770050048831,7.232196807861331,6.764911651611331,12.0686721801758,20.2068367004395,14.6311683654785,13.674896240234402,11.059931755065902,3.3807373046875,8.1737060546875,-1.6237869262695301,-2.5399341583252
sub-0092,ses-03,run-04,cognitive,LOC,317,rating,1.16620492935181,-0.0266306400299072,1.24797332286835,-1.61883616447449,1.4793475866317702,0.602688193321228,0.190254688262939,3.72616672515869,-0.9871673583984379,1.17346382141113,4.88049697875977,6.85348129272461,10.209577560424801,12.025276184082001,16.8019485473633,13.984859466552699,14.795635223388699,15.102672576904302,14.929438591003402,14.2182521820068,14.463768005371099,15.637325286865199,15.149600982666,16.0873851776123,13.7927751541138,12.193095207214402,10.6426410675049,8.05552387237549,10.402456283569302,6.75941276550293,5.32786750793457,6.82955360412598,4.422005653381349,2.64252376556396,5.08735656738281,5.07175159454346,5.8494086265564,9.08789825439453,5.37044286727905,7.59356498718262,5.44692039489746,4.3919677734375
sub-0092,ses-03,run-04,cognitive,LOC,317,cue,0.820581436157227,-5.02699279785156,-5.54206848144531,-0.329586029052734,-2.80335974693298,-0.785577893257141,-2.95602416992188,-0.44098663330078103,-2.1184329986572297,-0.4051513671875,-1.21796464920044,-0.427493095397949,0.36628532409667997,3.23558807373047,3.4548997879028303,5.17999839782715,3.7377605438232404,1.5191364288330098,0.961883544921875,-4.415374755859379,-3.5832061767578103,-8.11856079101562,-8.718654632568361,-10.4238624572754,-11.5632228851318,-11.922290802002001,-8.8604621887207,-13.174415588378901,-14.553581237792999,-8.57186031341553,-11.671050071716301,-12.5403995513916,-6.54548645019531,-8.66745185852051,-7.45625352859497,-5.649419784545901,-3.02401828765869,-2.0916154384613,2.6322081089019798,-0.6786227226257321,-0.6872704029083249,-3.8618912696838397
sub-0092,ses-03,run-04,cognitive,LOC,318,cueH_stimH,27.80517578125,17.1121196746826,36.795768737793004,29.2319526672363,32.926177978515604,17.7502555847168,23.522241592407198,14.1374826431274,5.08481216430664,6.48054981231689,14.031757354736301,6.21622371673584,18.690233230590803,11.526857376098599,4.89727115631104,16.9557991027832,16.6174926757812,22.639404296875,14.6619358062744,22.613452911377,18.6505298614502,14.5449275970459,0.603706359863281,14.4402990341187,9.078022956848141,12.7859392166138,17.4005279541016,7.4267578125,2.5021953582763703,1.68745231628418,-5.3521146774292,-1.8850564956665001,2.05690288543701,2.7342977523803698,-10.2708282470703,11.7602529525757,12.242626190185499,8.3912878036499,3.7844619750976602,-2.88656854629517,-9.41392230987549,-9.22181034088135
sub-0092,ses-03,run-04,cognitive,LOC,318,cueL_stimH,-14.935697555542,-2.08207845687866,-14.708843231201199,-21.364700317382802,-19.6882705688477,-24.9905281066895,-28.917779922485398,-12.0353469848633,-20.663667678833,-8.3234806060791,-2.20247745513916,-2.5971622467041002,5.63345575332642,14.661121368408198,9.629340171813961,8.90477752685547,20.2305126190186,23.856630325317397,28.482122421264602,43.712242126464794,36.5606079101562,36.8810424804688,21.7703685760498,29.0694694519043,23.8469619750977,16.628589630127,16.027931213378903,11.0463342666626,-11.2839069366455,-6.71918487548828,-18.0339107513428,-3.76315689086914,-15.748802185058599,-9.20954513549805,-18.0127105712891,-3.3910484313964804,-14.539686203002901,-9.26260375976562,-10.3925094604492,-14.1493453979492,-11.8096313476562,-13.596378326416
sub-0092,ses-03,run-04,cognitive,LOC,318,cueH_stimM,-20.2353610992432,-9.28611946105957,-0.33165371417999295,0.9124596118926999,-2.6287026405334504,-5.902716159820559,-7.41731071472168,-4.35443782806396,0.29643440246582003,11.9677286148071,13.084236145019501,14.5995397567749,8.26165008544922,5.782333850860599,5.10637521743774,22.3918609619141,25.6507720947266,16.780540466308597,22.6881256103516,23.0593414306641,21.1910629272461,20.0144996643066,13.0965747833252,20.3156051635742,10.3823747634888,-0.711164951324463,3.28318405151367,12.136639595031701,13.9733448028564,7.33353996276855,13.0579652786255,-2.8461952209472696,9.82704162597656,16.9089088439941,4.89608383178711,2.2877578735351602,2.62317657470703,-8.89096641540527,-0.178642272949219,0.713318824768066,2.03845596313477,-11.2298746109009
sub-0092,ses-03,run-04,cognitive,LOC,318,cueL_stimM,-30.705261230468803,-39.698757171630895,-30.5078048706055,-22.318962097168,-23.3946323394775,-18.595745086669897,-25.046936035156197,-26.9455947875977,-31.5198135375977,-17.4368095397949,-33.3496704101562,-16.6683349609375,-21.9207706451416,-16.5904712677002,-24.2442569732666,-25.5422859191895,-10.9920501708984,-16.7146873474121,-16.2984237670898,-8.21665477752686,-9.4234676361084,-0.8122906684875492,-14.748522758483901,-10.487492561340302,12.9198617935181,-15.947978973388699,-2.79561448097229,-18.9607925415039,-9.25625991821289,-17.537603378295902,-13.2838306427002,-13.8623495101929,-25.073055267334,-16.0770149230957,-13.663825988769501,-20.115592956543,-15.7113971710205,1.0595664978027302,-10.679466247558599,-9.10550308227539,-4.06897687911987,-12.2448081970215
sub-0092,ses-03,run-04,cognitive,LOC,318,cueH_stimL,1.60686850547791,-15.6436328887939,-15.142250061035199,-17.2496089935303,-23.3182258605957,-26.0255908966064,-21.443115234375,-11.794441223144501,-14.076995849609402,-8.18043899536133,-2.28785467147827,-2.5962104797363303,0.7989783287048341,-10.379451751709,3.1997444629669203,-1.5286515951156598,1.74064946174622,15.515769958496099,1.37703561782837,21.3172836303711,14.952537536621099,-0.190272331237793,-0.917965173721313,24.8202285766602,5.542160987854,-7.279033660888669,5.902462005615231,0.0267333984375,-9.87704849243164,-22.4736404418945,-16.3210468292236,-11.6605043411255,-13.917931556701697,-8.80439758300781,-5.67800140380859,-12.4840545654297,-2.19129753112793,-1.49690818786621,-1.8576073646545401,1.4454927444458001,10.4288272857666,11.873191833496099
sub-0092,ses-03,run-04,cognitive,LOC,318,cueL_stimL,-20.474313735961896,-2.40752029418945,-2.32621574401855,-7.8709716796875,-3.02715253829956,-11.063227653503402,-10.0355091094971,-2.5377836227417,-3.77729415893555,-0.11273002624511698,-2.0388503074646,3.21491670608521,8.16340065002441,14.899017333984402,9.21390628814697,10.6859264373779,12.317280769348098,14.428080558776902,6.50588512420654,14.467630386352502,13.9601497650146,-0.11295318603515599,-0.980044603347778,-3.37376523017883,-12.4594898223877,-4.92439460754395,-15.468605041503901,-3.8915796279907204,4.23473834991455,-4.28772354125977,5.97297668457031,2.79977989196777,-1.1317939758300801,6.84272003173828,3.6871719360351602,-0.5752544403076171,-6.8333625793457005,-13.4998598098755,-12.186169624328599,-10.079833984375,-13.461170196533198,-24.810676574707
sub-0092,ses-03,run-04,cognitive,LOC,318,rating,1.06900072097778,1.7288271188736,1.84352397918701,3.4241185188293497,1.48729360103607,3.5049984455108603,4.26665258407593,1.53544473648071,1.43967056274414,2.2393417358398398,3.46020412445068,5.2228507995605495,6.18086814880371,3.9136199951171897,4.58262634277344,4.74078750610352,7.19222259521484,10.103985786438,9.33493804931641,8.435911178588869,7.55912780761719,7.829105377197269,7.15444374084473,2.5574331283569305,2.7912790775299103,1.52704691886902,-1.89554333686829,1.9942092895507801,1.94280624389648,-0.958100080490112,1.2394437789916999,1.9565591812133798,-1.4708175659179699,-1.5424883365631101,-0.81052303314209,6.0181999206542995,3.68825626373291,9.27231311798096,8.72469902038574,7.82148218154907,14.7101345062256,6.18826675415039
sub-0092,ses-03,run-04,cognitive,LOC,318,cue,-2.1049442291259797,2.45492935180664,6.54468536376953,5.726261138916019,-0.800897121429443,-1.4959806203842199,-4.77380180358887,-4.66978073120117,-4.584264755249019,0.28114748001098605,2.93960404396057,-0.592087745666504,5.2582950592041,1.4536457061767598,2.77304649353027,8.13154983520508,2.3281497955322297,5.8385334014892605,5.949405670166019,3.84349822998047,4.51689147949219,-0.07342529296875,-4.6129646301269505,-8.99083995819092,-16.1858596801758,-11.596824645996099,-9.58880615234375,-13.1111717224121,-6.15652847290039,1.40944862365723,-1.44673132896423,7.4721207618713406,5.40291929244995,11.877803802490199,8.31718444824219,11.9852848052979,6.62862682342529,12.083015441894501,12.977891921997099,13.433833122253402,7.09981393814087,-0.873713493347168
sub-0092,ses-03,run-04,cognitive,LOC,3,cueH_stimH,-4.4113564491272,10.5518665313721,9.05048370361328,-0.755231857299805,4.493399620056151,-1.8935127258300801,-5.60895299911499,8.38695907592773,12.3460941314697,12.9447660446167,20.699110031127898,33.690540313720696,21.3524265289307,31.8835983276367,15.9658880233765,16.3616523742676,5.23558855056763,14.350136756897,16.885789871215803,39.4870376586914,29.511266708374,23.1723575592041,30.7125759124756,31.895202636718803,30.673376083374,13.9986991882324,20.848258972168,9.46094036102295,5.401934623718259,-6.5947527885437,-5.681979179382321,-8.12587070465088,-1.95703125,-6.31929874420166,3.47084426879883,-4.49581718444824,1.8865127563476598,8.024669647216799,-15.422788619995101,3.9419841766357404,1.789874792099,-3.95602035522461
sub-0092,ses-03,run-04,cognitive,LOC,3,cueL_stimH,-7.294100761413571,-3.82788848876953,-9.81870079040527,6.708481311798099,-0.680198431015015,-20.5778903961182,-9.11166286468506,4.22908067703247,1.45645666122437,-11.2560329437256,0.51799201965332,2.8904013633727996,14.681116104126,13.817368507385302,4.03724002838135,15.653707504272498,5.7631106376647905,20.4243488311768,26.864093780517603,30.809316635131804,30.150779724121104,35.98854446411129,37.4395408630371,14.215433120727502,35.2578468322754,14.115560531616199,15.7084150314331,29.9030818939209,9.615583419799801,-4.72186851501465,-9.29009056091309,-8.26255416870117,-0.184532165527344,-12.0642356872559,-12.696434020996099,-14.1460018157959,-12.1106290817261,-11.5081100463867,-14.946907043457001,-19.7716331481934,-7.82695007324219,7.981266021728519
sub-0092,ses-03,run-04,cognitive,LOC,3,cueH_stimM,-2.66788244247437,17.383451461792,15.205774307251,2.14896011352539,17.176090240478498,-23.974811553955103,1.3045859336853,18.0237083435059,-12.391700744628901,10.5645532608032,4.761688232421879,14.010963439941401,8.53777122497559,12.808232307434098,15.0034513473511,23.0616340637207,13.873634338378901,37.9562835693359,24.8226203918457,25.2927131652832,6.95112419128418,25.882993698120103,30.682851791381804,30.566165924072298,14.961528778076199,9.50344467163086,10.3729276657104,-2.96646785736084,2.8538384437561,1.6174993515014602,-1.8622970581054699,-14.1022634506226,-0.24010276794433602,-4.67779541015625,-12.825864791870101,-10.0814514160156,1.05967712402344,-14.2780675888062,-13.011497497558599,-13.973589897155799,-5.1123342514038095,-14.816295623779302
sub-0092,ses-03,run-04,cognitive,LOC,3,cueL_stimM,-1.8013637065887498,-16.6449775695801,-21.575679779052702,-18.8043060302734,-20.356521606445302,-44.32441711425779,-20.4990615844727,-11.250368118286099,-9.82723236083984,-26.0185565948486,12.7812328338623,-3.3919894695282,-7.868539333343509,9.97079181671143,11.7256546020508,-21.888116836547898,-2.44275283813477,12.9247875213623,7.4835319519042995,8.1436595916748,-1.90789246559143,13.453723907470698,25.34592628479,7.140689849853519,5.20200824737549,14.2638378143311,15.695063591003402,6.95829582214355,8.91456699371338,1.07419681549072,-25.5509204864502,1.17250967025757,-13.5681829452515,-22.1695156097412,-31.347526550293,-37.06154251098629,-8.22732734680176,-7.489543914794919,-12.783050537109402,-8.98275375366211,-1.46815466880798,-24.9930038452148
sub-0092,ses-03,run-04,cognitive,LOC,3,cueH_stimL,3.0324938297271697,15.350563049316401,23.302024841308604,-9.35407543182373,-6.45912647247314,-15.6228542327881,-7.1681957244873,-2.14124822616577,7.612975597381589,-9.25250339508057,2.79469537734985,1.0421071052551298,3.5708422660827597,10.5488243103027,19.7836742401123,10.6714973449707,10.9732913970947,22.0060920715332,20.7729225158691,16.8271217346191,15.071998596191401,11.1050262451172,7.2426447868347195,38.364315032959,28.359302520752,28.171899795532198,15.1391935348511,2.4088926315307595,-9.56545639038086,-8.63058757781982,-8.95155429840088,4.3748779296875,-7.37410831451416,-13.460201263427699,-18.5556259155273,-19.446002960205103,-13.8427095413208,-8.93401336669922,-7.66468095779419,-4.688989639282231,-3.0266704559326203,4.12005615234375
sub-0092,ses-03,run-04,cognitive,LOC,3,cueL_stimL,5.974857330322269,8.361705780029299,-12.7324962615967,-9.13274383544922,10.881166458129899,-6.85751581192017,-15.4968090057373,9.52170085906982,-4.428894996643071,14.4707250595093,8.788365364074709,9.10149097442627,20.9597053527832,21.8947486877441,9.65389537811279,20.881462097168,27.295555114746104,27.286352157592802,24.0517768859863,26.3456382751465,38.8496437072754,27.864990234375,15.198760986328098,12.6725120544434,18.188138961792,18.3108978271484,-15.5739135742188,-1.0038537979126,3.6204376220703103,-3.17043495178223,-22.2754726409912,-17.1114196777344,-6.32201957702637,-19.9280700683594,-14.143932342529302,-0.306419372558594,-6.10628700256348,11.142059326171902,-8.75445938110352,-15.4068603515625,-10.045888900756802,-28.4509201049805
sub-0092,ses-03,run-04,cognitive,LOC,3,rating,-1.34900093078613,0.0887600183486938,0.0828337669372559,-3.4422044754028303,2.03627228736877,7.15857172012329,5.91438293457031,2.23009490966797,6.93085479736328,5.740557670593259,12.076045989990199,10.2943248748779,8.20790481567383,10.045036315917999,19.4329223632812,9.36207389831543,13.5601272583008,10.069477081298801,8.066539764404299,15.500606536865199,10.734924316406198,12.1973094940186,15.692710876464801,12.817006111145,12.823727607727099,6.4603776931762695,9.24177169799805,6.36590480804443,1.4247465133666999,6.618511199951169,4.96721935272217,5.73000144958496,5.83036041259766,4.31128025054932,-6.7099347114563,2.09539532661438,2.0257887840271,-4.38070631027222,2.26885294914246,-2.78241872787476,-2.40249085426331,-2.54399490356445
sub-0092,ses-03,run-04,cognitive,LOC,3,cue,-6.22068977355957,-7.13341522216797,1.6561470031738301,-3.01749134063721,-11.500204086303699,-15.3393106460571,-11.5992107391357,-4.335693359375,-12.5166473388672,-10.7875099182129,-4.77906799316406,-13.6368560791016,-9.17924976348877,-6.58551692962646,-4.297637939453121,-3.9283161163330096,-1.33591079711914,0.5140972137451171,1.0602378845214802,-2.29131317138672,-7.88614654541016,0.486392974853516,2.14262676239014,0.47208559513091997,-5.070714950561519,1.31944274902344,-2.310302734375,-2.80965805053711,-4.0954704284667995,-8.45172882080078,-3.0603253841400098,-0.7240014076232909,-16.5632038116455,-0.27479124069213895,-14.1635131835938,-8.86387252807617,-5.36394596099854,-3.1816086769104,-5.17806100845337,2.24683594703674,-1.9945161342620803,4.63411331176758
sub-0092,ses-03,run-04,cognitive,LOC,4,cueH_stimH,27.0393714904785,49.1130905151367,41.85190963745121,27.7185077667236,-1.1113853454589802,1.41865730285645,6.772000312805179,11.3104305267334,21.3047657012939,-7.8497638702392605,39.2831993103027,15.819880485534698,8.62818145751953,26.9860534667969,31.754024505615202,20.8692417144775,17.5807189941406,3.99481105804443,15.303352355957001,8.41855812072754,35.0853118896484,9.81290149688721,11.091889381408699,-4.43220806121826,20.2954711914062,23.6751976013184,6.9407863616943395,2.5844054222106903,7.2074089050292995,8.46748447418213,0.7004852294921879,1.11614513397217,-7.945294380187991,-1.4435348510742199,-14.668966293334998,8.38130664825439,-5.339263916015621,-5.85351800918579,-16.1374206542969,-14.9296607971191,-10.363814353942901,-12.8167457580566
sub-0092,ses-03,run-04,cognitive,LOC,4,cueL_stimH,3.50650358200073,0.595898628234863,10.969596862792999,25.1995697021484,0.6605679988861078,10.3048629760742,5.27037668228149,17.8784217834473,10.4584045410156,7.74965524673462,7.854027271270749,37.9808921813965,19.178176879882802,34.6974067687988,17.1252822875977,19.925035476684602,33.9030799865723,24.3471374511719,52.518280029296896,43.4450492858887,39.784492492675795,21.3022289276123,32.6279296875,27.1264839172363,32.2496871948242,18.7505741119385,5.39418601989746,1.5652885437011699,-16.6369724273682,-14.4749851226807,-18.4473857879639,-13.429454803466802,-21.8844299316406,-25.1639289855957,-13.3621063232422,-25.6400089263916,-28.017940521240202,-13.151847839355499,-1.3691101074218797,-14.973533630371099,3.77307891845703,-2.2931900024414102
sub-0092,ses-03,run-04,cognitive,LOC,4,cueH_stimM,15.3375701904297,6.284777641296389,8.36314487457275,-8.88206672668457,-2.44994020462036,-7.7951135635376,-29.670238494873,7.68123340606689,-0.860182762145996,17.4718341827393,-5.78186702728271,3.80665826797485,14.275154113769501,-9.71591377258301,-1.83762192726135,18.7183151245117,21.675651550293,26.319450378418,27.3427658081055,27.8517990112305,25.182243347168,9.985250473022461,3.74016714096069,-0.503383636474609,-5.12976360321045,-8.8779239654541,-0.5799632072448729,6.69197082519531,-9.44782066345215,-1.74840927124023,-9.879209518432619,5.6824026107788095,-0.6405391693115229,7.76606559753418,0.676025390625,3.6682586669921897,-11.161205291747999,7.987249374389651,-9.549440383911131,-6.35162448883057,-6.281357288360599,-12.2257137298584
sub-0092,ses-03,run-04,cognitive,LOC,4,cueL_stimM,-26.5408248901367,-36.171932220459,-16.3255710601807,-35.4458427429199,-13.267467498779302,-17.115890502929698,-33.0987892150879,-27.281856536865202,-15.894305229187,-12.536593437194801,-30.494197845459,-19.486019134521502,-21.1849365234375,-31.606874465942397,-38.5334587097168,-10.2455425262451,-27.1270866394043,-41.898406982421896,-8.99891567230225,3.54182767868042,-13.3078622817993,-7.77804183959961,-20.0105037689209,-18.8038635253906,9.91546630859375,-28.617599487304698,-6.197490692138669,-25.1183738708496,-23.609230041503896,-8.4598560333252,3.3571186065673797,-23.9397506713867,14.543909072876,3.6503133773803698,-28.3604354858398,-5.91859245300293,-13.200565338134801,-15.3268947601318,-8.82445526123047,15.0509204864502,14.8899250030518,3.41341781616211
sub-0092,ses-03,run-04,cognitive,LOC,4,cueH_stimL,8.98511791229248,0.706446647644043,-4.746037006378169,-27.612661361694304,-20.7622013092041,0.536364197731018,-4.9186635017395,-14.117802619934098,5.92154312133789,-12.085330009460401,2.97157168388367,13.523341178894,-8.73601722717285,-12.7567052841187,5.44374322891235,-10.082136154174801,-4.10847616195679,4.17858600616455,3.8975801467895494,39.113452911377,17.487419128418,6.41115427017212,7.54026174545288,8.72340774536133,-6.0551176071167,4.52525901794434,-27.109399795532198,-19.985767364502,6.34114265441895,-2.40402221679688,-19.3858757019043,-33.5662040710449,-26.6624755859375,10.3231143951416,-14.0239543914795,-16.6873779296875,-0.15789794921875,-3.1622486114502,-3.26599979400635,-17.0996074676514,2.21894073486328,6.010650634765621
sub-0092,ses-03,run-04,cognitive,LOC,4,cueL_stimL,-4.579354286193849,13.980698585510302,13.460975646972699,20.1583423614502,8.11927223205566,5.0500192642211905,-4.70128059387207,14.2751216888428,-1.62578749656677,4.916476726531981,1.4480690956115703,0.8364052772521969,29.051794052124,21.3370323181152,14.6951751708984,-2.3051097393035898,8.327953338623049,17.1636066436768,-11.7257347106934,11.564821243286099,-16.013084411621097,-19.3506183624268,-13.3276853561401,-9.63924407958984,4.71548986434937,4.611693382263179,-12.0438899993896,7.43971920013428,-1.24666595458984,-15.789208412170401,-23.383953094482397,11.6000366210938,9.23391723632812,6.71338653564453,0.48262786865234397,1.67693901062012,3.2241191864013703,2.9617147445678698,-6.7825031280517605,-17.451416015625,-18.135532379150398,-35.1323623657227
sub-0092,ses-03,run-04,cognitive,LOC,4,rating,-2.8240966796875,5.452466011047361,4.22515773773193,8.0075216293335,4.66186189651489,11.776629447937,5.1162004470825195,5.1118745803833,4.96313762664795,5.37491416931152,9.60653686523438,9.12795829772949,5.88153266906738,11.552734375,11.5148468017578,10.3292675018311,14.022834777832001,12.531013488769501,14.748191833496099,10.369668960571301,15.3501129150391,17.4466133117676,14.6680297851562,14.558788299560499,13.9849166870117,11.559190750122099,10.773003578186,7.83852386474609,9.50226974487305,8.7965145111084,8.8476095199585,5.86554050445557,4.74815940856934,13.6516571044922,9.86796760559082,5.91779375076294,10.41233253479,7.1616091728210405,12.776486396789599,12.6874294281006,15.2519197463989,5.7086820602417
sub-0092,ses-03,run-04,cognitive,LOC,4,cue,0.237226486206055,-7.333648681640621,-1.5381660461425801,-0.47416210174560497,-8.42105102539062,-7.5228133201599094,-6.4883861541748,-12.6638603210449,-11.660503387451199,-7.24937534332275,-9.99564743041992,-15.293455123901401,-13.8389091491699,-2.61882591247559,-1.7258224487304699,-0.563626289367676,4.99687957763672,-7.59037017822266,-5.06998825073242,3.54912567138672,-7.744770050048831,-5.6549797058105495,-11.3763751983643,-11.880087852478,-18.9103679656982,-8.86744689941406,-21.185012817382802,-17.534378051757802,-10.802640914917,-12.438971519470199,-11.419091224670401,-7.56299257278442,-9.356201171875,-9.99847030639648,-8.26719379425049,-9.660379409790039,2.1465516090393097,-0.48434591293335,0.096895694732666,-2.36075043678284,-5.19085168838501,-0.829117655754089
sub-0092,ses-03,run-04,cognitive,LOC,45,cueH_stimH,14.456890106201199,14.864198684692399,16.6542854309082,24.7963523864746,31.1042366027832,11.8398275375366,19.102504730224602,18.6553268432617,18.647415161132802,26.8691234588623,25.372741699218803,35.314994812011705,33.749519348144496,41.6475830078125,28.659954071044897,39.423412322998,37.6547203063965,42.539100646972706,37.0538101196289,43.266208648681605,38.554412841796896,30.087816238403303,30.116531372070302,31.999868392944304,29.8972568511963,12.7218437194824,16.6401214599609,11.987123489379899,-2.99966192245483,2.1852836608886697,-6.16384315490723,-1.7214031219482402,-7.5034894943237305,2.87228107452393,-11.151082992553699,-0.37444019317627003,-2.7297592163085898,-7.979816436767581,-2.16606712341309,-0.58042573928833,-9.59413528442383,-4.9047122001647905
sub-0092,ses-03,run-04,cognitive,LOC,45,cueL_stimH,6.514944553375241,0.494718551635742,10.9759960174561,2.5555572509765603,-1.48846626281738,1.97505271434784,3.55254769325256,8.683762550354,4.02518081665039,6.50370359420776,17.763988494873,21.7561950683594,20.9518127441406,28.8593578338623,34.975841522216804,39.5556526184082,35.291618347168004,55.4739303588867,57.1820869445801,56.2257080078125,63.4210357666016,50.4397392272949,52.2084426879883,40.8748779296875,32.0106925964355,29.0633163452148,17.8498287200928,26.0965957641602,-0.25437736511230497,1.5608959197998,-5.36189842224121,-13.9703941345215,-8.17690277099609,-4.8866691589355495,-3.8467636108398398,-5.14663505554199,-12.1851806640625,-11.2033081054688,-12.797393798828098,-13.3594512939453,-7.49680328369141,-11.776500701904302
sub-0092,ses-03,run-04,cognitive,LOC,45,cueH_stimM,15.0846366882324,9.48036003112793,11.868959426879899,9.352968215942381,5.4069523811340305,8.2758617401123,3.62876605987549,11.1085519790649,11.7830295562744,19.0123023986816,7.98996543884277,16.595344543457,8.35949611663818,16.275291442871097,18.1013431549072,29.952800750732397,30.644817352294897,40.1308441162109,36.40574264526371,24.963420867919897,23.9905223846436,25.976322174072298,25.531246185302702,23.4787788391113,25.5286674499512,24.2932014465332,17.4141578674316,9.25147247314453,2.0263700485229497,-8.32739734649658,0.796055793762207,-6.782818794250491,-0.12435054779052698,-9.131101608276369,-4.269300460815431,-20.0461959838867,-15.9591426849365,-16.9421901702881,-3.26295852661133,-11.3487224578857,-2.8573746681213397,3.12521076202393
sub-0092,ses-03,run-04,cognitive,LOC,45,cueL_stimM,-23.7992382049561,-21.4730758666992,-27.4383945465088,-20.5956535339355,-27.7928199768066,-24.968307495117198,-20.6178512573242,-37.944305419921896,-17.194890975952102,-10.4804000854492,-7.4018759727478,-10.5453624725342,0.376876056194305,-1.03056979179382,-3.12684607505798,-5.879047393798831,-0.201005458831787,11.1169767379761,15.7976627349854,20.943918228149396,15.1305484771729,15.939811706542999,21.6967124938965,5.94566345214844,20.263473510742198,15.770871162414599,18.751239776611303,3.2400312423706095,8.46619415283203,12.189754486084,-16.479183197021502,-2.0975494384765603,-20.2397689819336,-19.0449295043945,-13.7421350479126,-18.2086143493652,-9.63112831115723,-11.6389427185059,-8.36453247070312,-24.2128715515137,-14.9179134368896,-2.54956817626953
sub-0092,ses-03,run-04,cognitive,LOC,45,cueH_stimL,9.95606994628906,-0.821622133255005,-6.62948369979858,-21.5802192687988,-8.70168972015381,-7.13472414016724,-18.0938491821289,-3.49813556671143,-14.723646163940401,2.39034914970398,14.3689184188843,-1.8534723520278897,6.1582756042480495,13.8114633560181,9.21574115753174,24.597541809082,13.1419191360474,26.249187469482397,20.805339813232397,24.813152313232397,21.140056610107397,29.7655029296875,23.727840423584,35.3039321899414,23.4310417175293,17.8659515380859,18.9457740783691,9.51913642883301,-1.94338607788086,5.894719123840329,-14.977621078491199,-12.593578338622999,-8.09426879882812,-20.9862880706787,-20.5495491027832,-19.105178833007802,-10.6246032714844,-9.03292083740234,-12.3365135192871,-5.236014366149901,1.5371389389038101,2.2444076538085898
sub-0092,ses-03,run-04,cognitive,LOC,45,cueL_stimL,-13.488750457763699,-3.9922513961792006,-2.56878280639648,4.5433235168457005,8.92734909057617,-1.9271552562713603,-10.1844453811646,1.07272350788116,4.23663806915283,17.035831451415998,18.515945434570302,26.953435897827102,26.051736831665,36.349334716796896,27.070753097534197,32.0110054016113,33.6929779052734,32.969024658203104,35.338447570800795,45.047821044921896,40.7685203552246,25.7366409301758,23.5189189910889,21.5971603393555,19.7971153259277,14.057777404785199,8.95291519165039,3.6786909103393595,6.680059432983401,-0.9608125686645509,0.682534217834473,-10.354490280151401,1.3475666046142598,-1.9806137084960902,2.6693286895752,11.1568927764893,6.52208709716797,8.355190277099611,5.730953216552731,4.630615234375,2.74811553955078,-6.68986320495605
sub-0092,ses-03,run-04,cognitive,LOC,45,rating,2.14609575271606,1.374267578125,2.62915182113647,3.5477631092071498,7.0615706443786594,4.7727975845336905,8.28409767150879,4.62887716293335,10.0056610107422,8.33595943450928,14.4349899291992,13.874132156372099,18.64089012146,20.6665344238281,19.4027328491211,24.1126022338867,23.767498016357397,25.499490737915,26.0185985565186,22.773118972778303,22.1675109863281,21.9320640563965,18.792284011840803,20.899517059326197,19.5800094604492,13.017040252685499,11.7057275772095,9.50247669219971,6.0965871810913095,8.70163917541504,2.5977840423583998,4.84480285644531,1.50953531265259,2.58337378501892,1.03790473937988,0.9640871286392209,1.3567914962768601,4.72403144836426,6.96676301956177,5.359161376953121,8.97885227203369,0.730242729187012
sub-0092,ses-03,run-04,cognitive,LOC,45,cue,-0.714244842529297,2.58110427856445,-4.86686134338379,-6.90631294250488,-3.36579132080078,-5.90498399734497,-5.720195770263669,-1.4019393920898402,-6.70108795166016,-2.8503532409668,-4.41143608093262,-4.562719345092769,2.3890018463134797,2.75924110412598,4.75941848754883,8.91223049163818,7.14311218261719,13.2018089294434,7.46997833251953,9.78371429443359,7.77046966552734,2.9866943359375,-0.940447807312012,-0.6821694374084469,-5.29095077514648,-4.656349182128911,-6.018253326416019,-7.789005279541019,-8.60164451599121,-3.62850666046143,-8.3059549331665,-6.30199337005615,-3.2745358943939196,-5.240124702453611,-6.69300746917725,-3.53653287887573,-3.05002498626709,1.2806577682495102,-1.1157584190368701,4.58529281616211,1.91353964805603,2.58616828918457
sub-0092,ses-03,run-04,cognitive,LOC,46,cueH_stimH,32.380950927734396,36.8239860534668,43.1450538635254,47.31086730957029,38.051795959472706,24.1983299255371,30.800687789917003,14.907935142517099,18.735927581787102,8.07412528991699,12.0404443740845,18.6782665252686,7.761051177978519,16.6671295166016,10.4064149856567,2.5473270416259797,28.324100494384798,13.7961978912354,13.502317428588901,19.5451717376709,12.9469432830811,-1.3578779697418202,-9.37188243865967,-10.446748733520499,-5.72291660308838,1.96243810653687,-0.0450258255004883,-5.80507898330688,-0.708121299743652,-3.2201690673828103,-10.942741394042999,3.5877733230590803,-13.242854118347198,-1.3900852203369098,-1.243896484375,3.71347045898438,4.54944229125977,12.094930648803699,-2.87965631484985,-23.4098682403564,-12.9985132217407,-26.0536766052246
sub-0092,ses-03,run-04,cognitive,LOC,46,cueL_stimH,7.94416618347168,18.6354656219482,-1.7629656791687,-4.9739680290222195,-5.73885679244995,-18.0513000488281,-17.7041034698486,-3.32583522796631,-15.907752037048303,-7.1457986831665,8.75454807281494,11.8512115478516,25.064945220947298,22.108201980590803,19.9931049346924,10.690691947937,35.1342391967773,27.32421875,35.2459259033203,29.2621116638184,31.717414855957,28.3103847503662,21.2068500518799,9.70150470733643,12.980715751647901,-0.224152565002441,3.94399642944336,10.3676719665527,-19.9099082946777,-9.96450805664062,-25.4613380432129,-9.49258804321289,-21.599235534668,-12.631004333496099,-15.605308532714801,-11.5339832305908,-8.1743106842041,-19.5527267456055,-12.271202087402301,-14.1198310852051,-3.3816299438476602,-3.39850616455078
sub-0092,ses-03,run-04,cognitive,LOC,46,cueH_stimM,-0.120977520942688,2.71591520309448,-0.19823861122131303,-9.07063674926758,-4.09352397918701,4.54219770431519,-5.3344521522522,7.203137397766111,3.41954660415649,3.60282611846924,3.33219575881958,7.546405792236331,10.6650886535645,1.53423917293549,6.31608533859253,12.794900894165002,20.9388275146484,18.3975563049316,21.484489440918,15.517314910888699,13.671855926513699,16.5960655212402,4.11840772628784,1.98724937438965,-3.03629469871521,2.02467632293701,-2.82357263565063,-8.2125186920166,-5.81371784210205,-3.15230178833008,1.32271480560303,3.66728782653809,9.82833862304688,7.09174346923828,6.514703750610349,-0.195953369140625,1.54353904724121,3.4329071044921897,-7.12459278106689,-0.7963886260986329,5.01607227325439,3.4476900100707994
sub-0092,ses-03,run-04,cognitive,LOC,46,cueL_stimM,-46.6695556640625,-32.984058380127,-44.886402130127,-34.412281036377,-30.3596000671387,-31.576457977294897,-36.145599365234396,-42.143714904785206,-30.9369583129883,-34.898777008056605,-30.7229175567627,-42.460533142089794,-36.2451133728027,-38.5333709716797,-43.2329216003418,-38.1937370300293,-23.245704650878896,-33.0660171508789,-29.3357830047607,-24.0848789215088,-19.1580924987793,-15.521104812622099,-11.0608615875244,-19.8875770568848,-6.267773628234861,-13.0495281219482,-12.1626138687134,-21.0993766784668,-18.3232154846191,-13.7906713485718,-17.6919174194336,-13.410267829895,-8.61200428009033,-5.673846244812009,-5.97281837463379,-9.20752334594727,0.8265361785888671,-1.0287971496582,-12.085975646972699,-12.0168981552124,1.65479719638824,-2.2989692687988303
sub-0092,ses-03,run-04,cognitive,LOC,46,cueH_stimL,-1.15010142326355,-13.319343566894501,-6.78022956848145,-17.4419784545898,-12.965213775634801,-15.120964050292999,-22.2294616699219,-4.86625862121582,-7.8818874359130895,-1.6502161026001,-0.980160117149353,3.9423270225524902,-0.576816558837891,-11.2540626525879,-4.94322061538696,-10.178017616272,4.80329990386963,8.63621139526367,5.88316011428833,10.882061004638699,7.14524507522583,7.131831169128421,-2.3836517333984397,6.677373886108401,2.21194982528687,1.0001401901245102,-1.3243660926818799,-14.6664180755615,-18.7594985961914,-4.76573085784912,-18.3261833190918,-23.511150360107397,-13.0334033966064,-12.985359191894501,-14.399639129638699,-19.1510047912598,-0.20448303222656197,4.9202384948730495,-1.24844646453857,5.5801296234130895,19.003553390502898,15.108753204345698
sub-0092,ses-03,run-04,cognitive,LOC,46,cueL_stimL,-25.2471485137939,-14.160658836364698,-9.5918083190918,7.511722564697269,7.41001129150391,-13.970080375671401,-6.92838621139526,-17.8489036560059,-2.33429670333862,3.8878979682922403,6.908822536468509,-1.83880829811096,0.39827036857604997,4.67919921875,4.540104389190669,-8.03265762329102,-4.59503364562988,-4.667882919311519,-7.7652115821838406,-6.21474361419678,-13.649931907653801,-26.772226333618196,-23.6824073791504,-36.180511474609396,-28.0408630371094,-10.8069400787354,-20.590251922607397,-16.2009143829346,-12.741919517517099,-8.3214054107666,-10.2775115966797,-4.397071838378911,2.7291202545166002,-0.935394287109375,9.56306266784668,11.383436203002901,-2.51429176330566,4.23409366607666,-11.4817533493042,-7.382568359375,-6.955463409423831,-32.501739501953104
sub-0092,ses-03,run-04,cognitive,LOC,46,rating,1.5688991546630902,2.6192193031311004,4.28265857696533,5.37531614303589,3.54792475700378,7.00471973419189,4.10948181152344,0.7843608856201171,3.1104688644409197,0.765664100646973,8.19755363464355,11.0806636810303,11.5715599060059,11.194873809814501,14.6331176757812,15.9742183685303,9.8530387878418,20.3002700805664,13.592222213745101,15.477264404296902,16.5357055664062,16.7385330200195,13.9229049682617,7.575311660766599,6.19156980514526,3.44660425186157,3.17151880264282,4.237873554229741,4.74958086013794,5.50408935546875,2.22353458404541,4.62289047241211,2.28394031524658,4.32319164276123,1.5514459609985398,6.54091930389404,5.445308685302731,6.17019176483154,10.768652915954599,10.2512550354004,17.2631587982178,8.80703830718994
sub-0092,ses-03,run-04,cognitive,LOC,46,cue,1.2112331390380902,-1.1181755065918,-0.530963897705078,-6.29305648803711,-5.887017726898191,-7.9723482131958,-9.98029518127441,-12.842021942138699,-12.9761219024658,-9.16010665893555,-9.8326416015625,-8.003832817077638,0.42751502990722706,5.58953094482422,0.196931838989258,-1.67189025878906,0.0254192352294922,-2.25595092773438,-1.14728927612305,-3.6820297241210898,-7.45414733886719,-11.467182159423801,-13.5601367950439,-11.234081268310499,-14.7230129241943,-23.669898986816396,-23.986198425293,-24.921241760253896,-17.247917175293,-7.50170612335205,-9.49887847900391,-4.64444923400879,-10.4040641784668,-1.6080770492553702,0.136139303445816,1.96083045005798,7.00697231292725,6.99497270584106,1.29352474212646,11.609074592590302,5.64818334579468,2.52375936508179
sub-0092,ses-03,run-05,pain,LOC,279,cueH_stimH,11.737145423889197,-2.45962715148926,-8.65004730224609,-16.0639934539795,0.7455825805664059,-3.04174137115479,-4.3808102607727095,-12.060263633728,-18.4292144775391,-2.32612228393555,0.20588016510009802,-32.787364959716804,-21.335620880127,-25.822044372558604,-14.647159576416,-12.745475769042999,-1.3515567779541,9.79142951965332,-2.0507001876831104,2.18938446044922,10.741096496582001,2.47747039794922,14.284309387207001,4.30998992919922,13.050178527832001,16.220344543457,-0.33673858642578103,0.9730758666992191,12.723762512207001,7.84510040283203,-0.573699951171875,23.840440750122102,20.3667850494385,16.371116638183597,23.227930068969698,21.5091018676758,18.4057540893555,4.30429458618164,16.5221366882324,4.46965026855469,12.5375556945801,8.663379669189451
sub-0092,ses-03,run-05,pain,LOC,279,cueL_stimH,-10.31809425354,5.36729621887207,2.44781017303467,8.393772125244139,-4.53529739379883,18.5436706542969,-7.1308126449585,10.433159828186001,2.15058279037476,-2.67532205581665,4.7129049301147505,-10.881983757019,-0.468564987182617,-12.2333822250366,-13.8479557037354,-7.266353607177731,-4.574036598205571,-0.38753509521484397,-0.473811626434326,-12.1554737091064,-12.614621162414599,-18.2592544555664,-9.57510662078857,-13.865709304809599,-7.298589706420901,-11.3003578186035,5.63926696777344,8.37375450134277,13.5294761657715,0.9418849945068359,3.0551128387451203,-13.260505676269501,-2.4127616882324197,-13.3562431335449,-5.35016250610352,-3.4864654541015603,0.18708801269531197,-11.582275390625,7.752155303955081,-4.79866409301758,1.5503311157226598,6.801883697509769
sub-0092,ses-03,run-05,pain,LOC,279,cueH_stimM,-1.91806697845459,5.51179504394531,16.3992519378662,16.718204498290998,7.4190769195556605,20.664846420288104,15.9103317260742,9.84689331054688,5.312745094299321,7.02534580230713,21.6569557189941,9.60933017730713,17.917121887207,22.222681045532198,1.2100906372070301,29.354970932006804,11.175688743591301,15.3488292694092,15.258907318115199,14.1882162094116,16.4118556976318,9.40277671813965,22.2356338500977,16.4395732879639,28.7757892608643,20.2017879486084,21.252130508422898,22.1938495635986,12.309868812561,7.22505187988281,13.7749881744385,4.54317283630371,11.1392459869385,9.65882110595703,9.05680847167969,-4.80508041381836,9.18009567260742,-2.6795196533203103,3.85383987426758,-7.77914047241211,-12.135684967041,0.68560791015625
sub-0092,ses-03,run-05,pain,LOC,279,cueL_stimM,4.63260078430176,4.5495109558105495,3.8704662322998,8.60329055786133,13.7218408584595,13.775598526001,6.842999458312991,11.368150711059599,10.0346622467041,0.717408418655396,-9.320634841918949,-2.36780166625977,2.9555206298828103,6.11532163619995,-1.22522830963135,6.350450992584231,-8.27312850952148,5.97294521331787,-20.825853347778303,8.35237789154053,-8.35343933105469,15.5674114227295,4.29975318908691,16.712396621704098,26.6248970031738,21.481330871582,20.6355075836182,12.991111755371099,17.949514389038104,-11.602903366088901,-0.6076984405517579,-3.5255584716796897,-10.3253631591797,-8.44387054443359,-3.56337356567383,-9.29608917236328,-18.1087703704834,4.001861572265621,-15.5299434661865,-5.53472137451172,-31.9177074432373,0.231447219848633
sub-0092,ses-03,run-05,pain,LOC,279,cueH_stimL,27.052881240844698,37.443389892578104,22.6879005432129,20.0803451538086,30.3281421661377,33.2592239379883,32.1141548156738,42.020515441894496,41.3281478881836,34.0388336181641,35.229766845703104,11.660228729247999,34.152370452880895,17.9328289031982,27.832389831543,17.0766105651855,26.9140357971191,38.0749549865723,19.6475219726562,31.4490623474121,27.0111484527588,23.410057067871104,26.608549118042003,11.5841407775879,36.241493225097706,19.926113128662102,34.9521102905273,21.9731826782227,22.1952228546143,10.1761474609375,22.422706604003896,1.6805801391601598,22.2080345153809,25.9601211547852,8.71408843994141,-0.0291595458984375,-2.14590072631836,-7.8088493347167995,-6.3652839660644505,10.3584251403809,10.8235015869141,0.291549682617188
sub-0092,ses-03,run-05,pain,LOC,279,cueL_stimL,23.203866958618196,17.8076343536377,12.425320625305199,2.48979425430298,-3.42774891853333,7.531750679016111,3.0376968383789102,7.91402339935303,-0.45006465911865207,-2.3642172813415496,1.04322171211243,-6.6099357604980495,-5.16602230072021,-12.255408287048303,-7.5582380294799805,-30.8166828155518,-28.7112083435059,-23.7539596557617,-34.2553024291992,-29.7127532958984,-27.802024841308604,-27.9563865661621,-21.124897003173803,-13.625395774841301,-18.7933731079102,-34.505748748779304,-26.3161430358887,-28.216646194457997,-30.155252456665,-30.802991867065398,-40.670379638671896,-43.7273750305176,-54.17988586425779,-39.874565124511705,-44.084651947021506,-23.6127014160156,-26.3959770202637,-20.553201675415,-13.9321460723877,-5.72104549407959,-17.661575317382802,-19.9843826293945
sub-0092,ses-03,run-05,pain,LOC,279,rating,-0.37030553817749,-2.24599981307983,-3.87027549743652,0.32884120941162104,-2.7770605087280296,2.417724609375,3.79891586303711,8.24872207641602,12.680316925048801,15.0818614959717,13.781280517578098,14.4777221679688,16.0424823760986,17.3127593994141,20.5028667449951,17.0493774414062,21.3466415405273,13.5196971893311,20.403121948242198,10.354127883911099,12.7065486907959,5.996295928955081,3.23670768737793,-2.17335414886475,0.12098550796508802,1.22271919250488,-2.66168689727783,-5.212971210479741,-6.966265678405759,-6.655670166015621,-9.02571487426758,-8.61403369903564,-8.3416051864624,-3.74668598175049,-5.621784210205081,-4.64468669891357,-6.824209690093991,-5.017945289611821,-6.28746223449707,-1.86861515045166,-9.57968902587891,0.9010062217712399
sub-0092,ses-03,run-05,pain,LOC,279,cue,-0.273368835449219,2.14897727966309,1.15805244445801,4.834693908691411,4.261705398559569,1.4224681854248,11.353721618652301,5.79807472229004,10.1844635009766,6.70633888244629,14.0980377197266,8.15071105957031,7.67778015136719,7.0280647277832005,9.20735549926758,3.78486251831055,9.31769943237305,6.09188079833984,-1.80131530761719,4.76673126220703,-8.68228149414062,-3.90951538085938,-2.90959548950195,-2.55372047424316,-13.1644725799561,-12.7714405059814,-14.650083541870101,-15.209819793701199,-16.8671703338623,-16.032735824585,-8.90260982513428,-10.3286142349243,-14.100817680358901,-6.409099578857419,-7.15950202941895,-0.955890655517578,-1.9262752532959,-5.410311698913571,4.87794876098633,-5.38199520111084,-0.15533542633056602,-4.06444263458252
sub-0092,ses-03,run-05,pain,LOC,280,cueH_stimH,-18.518508911132802,-7.2566242218017605,-18.8526630401611,-9.914205551147461,-9.707560539245609,-1.9733076095581101,-4.81004333496094,-14.6105155944824,-14.788838386535598,-20.4727516174316,-2.16172504425049,-30.589820861816396,-17.241134643554698,-30.9286994934082,-16.6356792449951,-10.606088638305698,-14.135313034057601,3.51144027709961,-5.797846794128421,-11.756214141845698,-15.067005157470698,-13.836048126220698,-13.043323516845698,-17.0755500793457,-12.455432891845698,-8.049900054931639,-9.4327278137207,-4.85971450805664,-5.25546646118164,7.82070541381836,9.57578086853027,11.432403564453098,21.609664916992198,10.5491828918457,19.2006549835205,13.1519927978516,12.400989532470698,8.18384552001953,8.016895294189451,12.9239959716797,9.73545455932617,12.590660095214801
sub-0092,ses-03,run-05,pain,LOC,280,cueL_stimH,14.5572900772095,17.685237884521502,29.778381347656197,27.159975051879897,36.5375862121582,33.289337158203104,49.949275970459006,39.0825653076172,41.1392860412598,39.2689208984375,25.402904510498,27.2505397796631,23.3636360168457,14.4108638763428,11.691558837890598,17.6430816650391,10.124961853027301,13.620032310485803,15.8915138244629,-5.980535507202151,3.27093505859375,2.08152866363525,-6.090327262878421,-4.802637100219731,-20.4552936553955,-2.06705093383789,1.38786315917969,1.67912101745605,-17.5400524139404,-11.1872138977051,-30.6519050598145,-18.0006217956543,-24.5497169494629,-11.077980041503901,-17.9463844299316,10.3209533691406,4.691650390625,5.886898040771481,-2.2785186767578103,7.181171417236331,-0.418880462646484,-0.7602310180664059
sub-0092,ses-03,run-05,pain,LOC,280,cueH_stimM,19.064453125,32.8512954711914,31.9139671325684,29.569643020629897,30.8650588989258,29.2995338439941,45.0337257385254,35.8493690490723,28.8492774963379,32.2877197265625,24.312425613403303,30.755027770996104,26.780096054077102,17.1527462005615,29.4035129547119,17.380146026611303,30.372848510742198,16.9078063964844,10.6464099884033,10.7507495880127,16.0206508636475,13.373695373535199,4.12293338775635,10.4343633651733,-8.545153617858888,-2.09040641784668,-3.0980625152587904,5.53039741516113,-2.2189178466796897,-3.8370647430419904,-15.1898956298828,2.65007400512695,-20.55495262146,-12.081634521484402,-22.5765495300293,-6.56688690185547,-8.348827362060549,-13.9451446533203,-28.1162300109863,-36.964450836181605,-29.673469543457,-14.596649169921902
sub-0092,ses-03,run-05,pain,LOC,280,cueL_stimM,4.85470962524414,14.029778480529801,14.5242214202881,13.629539489746099,16.3971290588379,11.3807907104492,18.9138240814209,17.0942478179932,14.3194313049316,13.745511054992699,9.17719459533691,13.669325828552198,16.3597660064697,3.1110596656799303,25.2717437744141,21.6808204650879,27.3806648254395,16.121149063110398,28.4080657958984,23.5496978759766,23.366027832031197,14.848499298095698,21.5373344421387,13.1574020385742,17.468551635742198,3.9538860321044904,-0.48248863220214794,-11.4872760772705,-0.7851047515869141,-16.22096824646,-22.458736419677702,-17.609584808349602,-21.350795745849602,-27.861270904541,-14.780982971191401,-23.0552139282227,-20.0293140411377,-27.8895206451416,-15.132720947265598,-30.3309860229492,-18.7009582519531,-27.6953144073486
sub-0092,ses-03,run-05,pain,LOC,280,cueH_stimL,25.077657699585,26.499816894531197,22.275033950805696,21.9325866699219,22.376708984375,25.7511043548584,25.1089248657227,17.847785949707,24.863094329834,19.179090499877898,12.8632659912109,14.8304920196533,7.562060356140139,16.690608978271502,7.635553359985349,18.244060516357397,8.42671585083008,4.87521553039551,10.1678171157837,-8.748682975769041,0.399015426635742,-8.36823463439941,-8.31078147888184,-12.064938545227099,-21.202114105224602,-15.5244197845459,-11.8863162994385,-4.87521171569824,-6.08856391906738,1.70206069946289,-20.2385330200195,-0.603755950927734,-6.20602035522461,-20.2360458374023,-11.194244384765598,-23.950271606445302,-26.3280982971191,-36.4483680725098,-27.331604003906197,-22.2181282043457,-11.138801574707001,-21.9782028198242
sub-0092,ses-03,run-05,pain,LOC,280,cueL_stimL,44.7907562255859,47.336051940918,47.2210159301758,51.921993255615206,47.9167900085449,56.518062591552706,54.2208938598633,62.706657409668,44.0389938354492,36.400306701660206,30.2973251342773,34.155300140380895,35.9788970947266,37.304512023925795,22.156274795532198,31.3534145355225,19.1044845581055,15.997791290283198,-12.9131126403809,-17.254861831665,-17.748846054077102,-23.1318740844727,-17.869472503662102,-21.896648406982397,-21.7500495910645,-13.7456569671631,-32.059326171875,-35.0555572509766,-56.8274078369141,-57.9644241333008,-50.865020751953104,-63.3088531494141,-56.7791137695312,-50.205570220947294,-30.6825904846191,-30.933425903320302,-20.376028060913104,-16.0301818847656,-11.783052444458,-11.6992807388306,-18.471857070922898,-23.6427021026611
sub-0092,ses-03,run-05,pain,LOC,280,rating,3.8770542144775404,5.227547645568849,2.18095874786377,2.5994644165039102,7.1808614730835,11.5172996520996,12.9528388977051,18.0212726593018,25.537061691284197,26.546222686767603,30.5645599365234,34.6442031860352,36.685863494873,29.669143676757802,32.913009643554695,35.4629898071289,28.7728061676025,29.4372901916504,25.748722076416,29.256128311157198,18.3014316558838,17.0228672027588,12.2435455322266,12.3395481109619,10.042459487915,10.558904647827099,6.07692575454712,2.95421743392944,0.6814889907836911,-2.8972198963165297,2.4311800003051802,-4.59336376190186,3.07546901702881,5.75494194030762,9.62190628051758,4.08831787109375,3.67813038825989,-2.21431446075439,-2.54340076446533,-3.9865648746490496,-8.86355972290039,-7.6257619857788095
sub-0092,ses-03,run-05,pain,LOC,280,cue,8.31610488891602,0.0170059204101562,6.51840972900391,6.0490226745605495,7.07824516296387,5.3746662139892605,8.88198089599609,8.85638809204102,10.6911296844482,12.746934890747099,9.54170989990234,10.1063766479492,2.51898956298828,3.98067092895508,6.1039314270019505,6.085514068603519,3.8713760375976602,4.34101104736328,1.73874282836914,-10.0251350402832,-10.789649963378901,-16.3593330383301,-17.2639198303223,-18.2880229949951,-21.900226593017603,-23.022415161132802,-22.8638076782227,-28.0622158050537,-30.917737960815398,-28.570360183715803,-25.271217346191396,-26.0276794433594,-23.4196968078613,-17.37890625,-16.6162395477295,-10.8422117233276,-10.700788497924801,-18.8331565856934,-12.2701950073242,-12.5724411010742,-6.941143989562991,-7.450687408447269
sub-0092,ses-03,run-05,pain,LOC,281,cueH_stimH,8.78279685974121,-2.3186664581298797,-7.7159628868103,2.39828586578369,-7.65412902832031,-2.50817203521729,-12.7968425750732,-16.0428981781006,-18.039098739624,-9.11853981018066,-22.523939132690398,-23.4794235229492,-36.3352813720703,-31.229150772094698,-16.323795318603498,-14.2725505828857,-11.677191734314,-14.5160694122314,-16.2907409667969,-12.5123462677002,-10.421037673950199,-24.355426788330103,-31.546205520629897,-32.1597290039062,-18.8904590606689,-20.768024444580103,1.00423622131348,-18.6732349395752,-13.8111743927002,0.894372940063477,-12.3862628936768,-9.33383369445801,21.4125576019287,4.2891674041748,13.671142578125,2.67388153076172,-1.2512893676757801,11.4038505554199,5.63338470458984,2.3437118530273398,7.40019989013672,3.12259292602539
sub-0092,ses-03,run-05,pain,LOC,281,cueL_stimH,20.2448959350586,-3.7522358894348105,7.623727321624759,0.589005470275879,3.2172532081604,-4.16980934143066,5.81520748138428,-12.332498550415002,-10.0049133300781,-23.4459419250488,-6.23386478424072,-24.9374351501465,-27.411491394043,-46.047389984130895,-35.813346862793004,-36.4200859069824,-37.53184127807621,-52.4216423034668,-40.350311279296896,-45.389720916748,-65.8848419189453,-47.7148857116699,-53.4585113525391,-67.04274749755861,-54.535251617431605,-44.3344039916992,-28.4399852752686,-4.46788787841797,-8.64210319519043,-23.0436515808105,-22.8365650177002,-13.8594207763672,-18.5840759277344,-9.82378768920898,-26.5477104187012,-9.80883026123047,-4.1793212890625,-5.15133285522461,-14.081512451171902,1.8560867309570301,-2.1263580322265603,-8.54327774047852
sub-0092,ses-03,run-05,pain,LOC,281,cueH_stimM,9.997334480285641,3.0401611328125,14.077977180481,28.4934272766113,6.6777629852294895,24.164329528808604,14.451986312866199,31.7368545532227,18.4477424621582,6.5066413879394505,8.479198455810549,2.123366355896,11.4423351287842,-4.72776317596436,-3.2636075019836404,1.0233547687530502,-5.17442321777344,-12.038536071777301,-21.5863933563232,-17.155128479003903,-21.353496551513697,-19.695537567138697,-20.7946090698242,-8.59712409973145,-11.488938331603999,-3.38314342498779,0.713335037231445,-8.08978939056396,-17.7583904266357,-7.9024333953857395,-12.7788791656494,-10.566545486450199,-18.8703842163086,-20.0236587524414,-15.4048538208008,-7.670612335205081,1.5923690795898402,-18.7857437133789,-7.60175323486328,-22.174026489257802,-21.9991722106934,-6.90235900878906
sub-0092,ses-03,run-05,pain,LOC,281,cueL_stimM,13.7469806671143,11.031151771545401,17.7611083984375,16.389356613159197,20.151077270507802,-8.9661169052124,2.88878536224365,1.82432508468628,-5.128028869628911,-12.270162582397498,-5.23982000350952,-9.411989212036131,-5.05578804016113,-17.915225982665998,-15.473872184753402,-8.12201023101807,-35.109298706054695,-29.2731628417969,-35.36655807495121,-23.5354919433594,-24.547527313232397,-27.7420673370361,-20.5603141784668,-25.1353645324707,-5.99411392211914,-16.8856620788574,-18.4447555541992,-22.1036186218262,-42.7365112304688,-20.420259475708,-25.7069435119629,-25.405572891235398,-27.0443420410156,-24.6633453369141,-22.2562637329102,-26.166183471679698,-31.8921680450439,-24.6876163482666,-16.9862937927246,-32.432296752929695,-17.3376083374023,-12.426738739013699
sub-0092,ses-03,run-05,pain,LOC,281,cueH_stimL,8.45034885406494,27.047439575195302,27.296216964721697,32.722175598144496,27.0990352630615,10.603111267089801,29.169252395629897,31.9143505096436,45.6468505859375,44.4111938476562,25.4419631958008,20.0279369354248,27.157413482666,24.6648254394531,16.166009902954098,20.4981689453125,22.237205505371104,19.5606727600098,5.20162057876587,2.67573738098145,5.06679916381836,13.8447723388672,7.2768669128417995,-10.899407386779801,12.9690742492676,11.7064723968506,12.5137462615967,13.5773124694824,25.2239818572998,12.9922351837158,21.971132278442397,13.361698150634801,24.3632965087891,11.256317138671902,2.40621566772461,-0.0433502197265625,8.442043304443361,4.01460266113281,18.709056854248,9.45289993286133,17.992965698242198,16.2299919128418
sub-0092,ses-03,run-05,pain,LOC,281,cueL_stimL,16.0808143615723,17.9632568359375,12.229835510253901,13.2224864959717,7.00392389297485,10.049034118652301,-7.458770751953121,-8.26989364624023,1.1640529632568402,-16.5585060119629,-31.1708068847656,-32.8768539428711,-51.692073822021506,-27.469367980957,-51.9967231750488,-40.8437957763672,-60.6380004882812,-70.4311447143555,-72.4783248901367,-70.3302764892578,-52.777706146240206,-70.5555114746094,-68.9121780395508,-82.76243591308591,-64.8424530029297,-64.2966232299805,-62.4060173034668,-54.693904876709006,-75.13629150390621,-61.4105758666992,-66.9600677490234,-74.0909805297852,-57.976047515869105,-61.1067581176758,-40.2716102600098,-51.198814392089794,-30.9580936431885,-27.8201694488525,-30.7133350372314,-32.2276458740234,-28.0258712768555,-33.493923187255895
sub-0092,ses-03,run-05,pain,LOC,281,rating,-0.939858436584473,2.9292030334472696,-3.23131561279297,1.2023172378540001,2.1593818664550803,3.4486083984375,5.8081989288330105,5.45097160339355,12.574127197265598,13.0305957794189,11.956184387207001,16.0345573425293,17.7621288299561,14.261322021484402,18.3322734832764,15.6197338104248,10.9981861114502,17.4945240020752,13.4982757568359,15.905021667480499,7.28260087966919,4.677807807922361,5.69329309463501,5.12250423431396,1.2450656890869098,-1.7840313911438,2.8431351184845,0.31658601760864297,-2.87151741981506,-2.99495267868042,-2.55858325958252,-5.280028343200679,-0.4614900946617129,6.51578807830811,5.937777519226071,-2.4541187286377,-1.8217849731445301,-3.82661056518555,-7.34894609451294,-4.30073022842407,-3.7298827171325697,-0.554336071014404
sub-0092,ses-03,run-05,pain,LOC,281,cue,5.11004257202148,-0.515140533447266,3.5829753875732404,2.77573776245117,5.83231925964355,2.06436538696289,5.51568603515625,4.31976127624512,5.26715850830078,8.18355751037598,6.18238067626953,10.087457656860401,13.7188568115234,4.70161437988281,7.63698577880859,4.69190216064453,4.89131164550781,-1.1783142089843799,2.58893966674805,-3.44735717773438,-4.0218505859375,-11.6074066162109,-7.905731201171879,-18.5368900299072,-15.287731170654302,-6.81469917297363,-17.0446262359619,-16.6749172210693,-15.4872512817383,-12.727334976196301,-16.0668067932129,-12.3245344161987,-8.47432422637939,-9.16961288452148,2.00118827819824,-1.49550819396973,1.2859354019165001,-2.9876756668090803,2.2595443725585898,-4.97766399383545,-0.131341457366943,-10.559186935424801
sub-0092,ses-03,run-05,pain,LOC,282,cueH_stimH,2.15680980682373,-41.0115203857422,-14.499224662780799,-24.671215057373,-22.897823333740202,-26.8692970275879,-21.083667755127,-16.493793487548803,-10.7782564163208,-13.993631362915002,-8.36730194091797,-31.814884185791,-32.7021064758301,-33.841300964355504,8.35601425170898,-8.17487049102783,5.7833766937255895,3.80202007293701,23.8684730529785,11.5270290374756,14.038755416870101,7.0151882171630895,3.03691673278809,15.271909713745101,3.73320579528809,-7.83015632629395,27.6263751983643,20.209379196167,27.2411212921143,30.8714923858643,11.461151123046902,30.3878326416016,30.632066726684602,-4.20970726013184,33.581100463867195,15.3699493408203,41.495632171630895,28.116233825683604,20.669658660888697,21.392856597900398,32.2934722900391,0.32471275329589805
sub-0092,ses-03,run-05,pain,LOC,282,cueL_stimH,30.9909400939941,17.2151832580566,25.734504699707,42.287990570068395,11.7087907791138,16.5538368225098,12.014601707458501,23.053495407104503,20.031831741333,15.6680641174316,28.1102447509766,-8.71766185760498,22.471637725830103,1.6021420955658001,30.888225555419897,23.0390186309814,18.8734169006348,22.423213958740202,15.2225732803345,18.1810455322266,16.4842510223389,0.7253446578979491,-4.50317096710205,-1.4658508300781203,-11.1579036712646,-9.75189971923828,7.39095306396484,13.6552886962891,8.387538909912111,-0.493515014648438,-11.893787384033198,-6.45948791503906,-11.6606864929199,10.315814971923801,9.38265228271484,0.0528297424316406,36.5850067138672,-0.45288848876953103,13.567543029785199,-7.326763153076169,-2.6900596618652304,4.773887634277339
sub-0092,ses-03,run-05,pain,LOC,282,cueH_stimM,15.402467727661099,19.8469543457031,26.6495056152344,13.462496757507301,21.207332611084002,8.81343460083008,47.0658111572266,30.115816116332997,21.4699325561523,30.5193023681641,49.8778877258301,33.4180297851562,23.5439109802246,19.6446781158447,11.7260904312134,18.2545433044434,22.754693984985398,21.743000030517603,30.931476593017603,1.6349649429321298,33.951244354248,50.842491149902294,39.150783538818395,10.940825462341301,34.8341941833496,8.28350448608398,28.248649597168,9.56952476501465,8.47055244445801,21.1806926727295,22.851549148559602,20.2238864898682,13.4502429962158,4.82185363769531,22.1994323730469,0.559608459472656,15.0773773193359,-8.04659271240234,-4.37864685058594,-13.1329345703125,-36.4803810119629,10.0415496826172
sub-0092,ses-03,run-05,pain,LOC,282,cueL_stimM,10.926643371582001,1.6621475219726598,15.520658493042,20.194162368774396,-2.17738628387451,13.352500915527301,6.22862148284912,-5.76017284393311,18.923480987548803,-1.21985399723053,8.03946590423584,-1.63352966308594,-2.675950050354,6.55069398880005,-14.765565872192399,25.066392898559602,5.039074897766111,37.872642517089794,-4.40938663482666,37.4876708984375,13.8990154266357,27.3842430114746,-2.63866519927979,8.81848430633545,6.05252838134766,3.07878303527832,1.2785720825195301,-23.5592918395996,14.447877883911099,-12.175941467285199,-7.76821517944336,-18.3394470214844,-29.6358909606934,-23.1856498718262,-15.071155548095698,-16.6970596313477,-24.317323684692397,-7.433719635009769,-16.434768676757802,-15.6783123016357,-36.8910903930664,-14.3790950775146
sub-0092,ses-03,run-05,pain,LOC,282,cueH_stimL,3.9800853729248,31.1544876098633,15.198344230651902,33.9853858947754,1.71389198303223,23.7175025939941,27.2811431884766,39.282554626464794,60.4002532958984,26.3689746856689,40.5124740600586,7.15201759338379,26.006864547729503,-3.0070207118987997,7.972790718078611,8.05514526367188,12.0990600585938,31.9941673278809,3.18971490859985,-2.60865688323975,-15.290137290954599,6.4957103729248,28.8956146240234,-16.8361129760742,23.573970794677702,-24.7931823730469,8.35726356506348,5.461969375610349,20.686658859252898,-0.703067779541016,2.90012741088867,-10.794425964355499,9.81415176391602,-5.35086441040039,-11.842315673828098,-36.523124694824205,-11.0567054748535,-9.69723129272461,-31.4025230407715,-20.002151489257802,-23.8764457702637,-10.216148376464801
sub-0092,ses-03,run-05,pain,LOC,282,cueL_stimL,61.9871215820312,48.9052581787109,32.438629150390604,33.7926445007324,32.1811561584473,48.930381774902294,54.2987403869629,50.2940521240234,49.11381530761721,5.36277294158936,17.987628936767603,-10.496657371521,25.1695899963379,-9.9238920211792,20.9762077331543,14.848240852356,13.941119194030799,1.7587823867797898,-21.4999618530273,-20.0507030487061,-26.5931911468506,-26.8537254333496,-17.0714492797852,-32.3930320739746,3.94938468933105,-2.30566024780273,0.634225845336914,-21.8242530822754,-39.2353477478027,-24.7761611938477,-33.9621429443359,-26.2295932769775,-39.2348785400391,-37.1760902404785,-21.2658958435059,-4.93382263183594,-17.6151027679443,-16.9772701263428,4.85120153427124,-3.73666954040527,0.972412109375,-30.6250495910645
sub-0092,ses-03,run-05,pain,LOC,282,rating,0.24954795837402302,3.3209252357482897,3.91990756988525,5.7895679473877,3.9757661819457994,4.84646797180176,8.81780433654785,13.5592803955078,8.338047027587889,20.9916496276855,12.6003265380859,17.1700401306152,15.8253612518311,14.4434356689453,14.7358684539795,8.11128044128418,16.7724094390869,10.0750761032104,16.670606613159197,12.311727523803699,15.1631507873535,13.0938777923584,13.5733003616333,13.7327423095703,13.037260055542,18.6954593658447,21.8597011566162,19.627010345459002,16.864568710327102,9.53988075256348,8.95193099975586,9.89162063598633,10.2154808044434,11.894168853759801,13.544158935546902,20.5867195129395,9.16655921936035,4.3651647567749,6.7972307205200195,6.47198343276978,-0.602322578430176,1.4610214233398402
sub-0092,ses-03,run-05,pain,LOC,282,cue,-1.8437576293945301,-1.52685546875,-10.5641460418701,0.550464630126953,-4.16692924499512,-5.6082038879394505,-3.62439918518066,-8.35634422302246,3.4359893798828103,-11.0398006439209,-1.42328262329102,-15.1700019836426,-7.905597686767581,-9.90250396728516,-10.4024085998535,-9.41995239257812,-17.283447265625,-1.16545104980469,-12.635108947753901,2.14319610595703,-16.177169799804698,-5.12319564819336,-17.236759185790998,-18.279333114624,-11.4320602416992,-28.136079788207997,-25.459358215332,-22.376733779907198,-18.5030288696289,-27.1605224609375,-23.6412239074707,-12.529426574707001,-16.212379455566403,-4.5022029876709,-5.5573034286499,-9.98477268218994,-10.9860286712646,-21.2204360961914,0.431411743164062,-17.129301071167,-11.459118843078599,-14.2913398742676
sub-0092,ses-03,run-05,pain,LOC,313,cueH_stimH,6.18186378479004,-3.56874370574951,-11.7338714599609,-15.9904117584229,-13.1009845733643,-16.4002857208252,-27.5258941650391,-16.1840229034424,-38.2268867492676,-26.894996643066396,-29.3188667297363,-36.6339073181152,-37.4646453857422,-37.488471984863295,-43.7718276977539,-38.366203308105504,-28.5470848083496,-35.948524475097706,-19.350290298461896,-30.3981056213379,-18.660436630249,-28.7074337005615,-30.2281837463379,-34.2514991760254,-18.200963973999,-26.2838497161865,-29.7484474182129,-38.2182960510254,-32.0563087463379,-33.3059425354004,-31.300827026367198,-15.8276615142822,5.81455230712891,-14.163604736328098,-10.0691356658936,-23.7465934753418,-18.5202255249023,-24.7169380187988,-19.126873016357397,-16.227069854736303,-14.420127868652301,-22.710752487182603
sub-0092,ses-03,run-05,pain,LOC,313,cueL_stimH,-9.18911933898926,-15.640604972839402,-16.5439834594727,-3.1372704505920397,-18.795597076415998,-18.2614974975586,-17.4715995788574,-7.83356714248657,-13.292686462402301,-19.3281536102295,-8.86295700073242,-31.389083862304698,-18.7079696655273,-21.897541046142603,-34.638988494873,-18.842617034912102,-19.7315979003906,-21.236782073974602,-29.5406646728516,-29.526004791259798,-43.354652404785206,-51.7221794128418,-40.492195129394496,-45.370399475097706,-45.5909080505371,-36.578849792480504,-29.213233947753896,-18.2950820922852,-26.107620239257802,-39.2732086181641,-32.9319076538086,-34.4953804016113,-26.364574432373,-26.8670310974121,-12.261512756347699,-12.743274688720698,-16.223220825195302,-15.250160217285199,-3.4442901611328103,-3.47149658203125,-0.8610153198242191,17.0179443359375
sub-0092,ses-03,run-05,pain,LOC,313,cueH_stimM,-1.3466501235961899,-10.242004394531198,0.819591522216797,-0.572989821434021,4.52610969543457,2.05996894836426,2.8536148071289102,-3.0763745307922403,0.597028732299805,-8.30397415161133,15.469475746154801,14.5319309234619,7.213006973266599,0.760443687438965,-0.33272647857666,-0.36699938774108903,-1.75668621063232,-11.9750871658325,-8.82829761505127,-17.656530380249,-20.8961868286133,-6.19623899459839,-14.832043647766099,-12.259997367858901,-5.88586711883545,-16.8035011291504,-28.6157150268555,-22.536560058593803,-22.2159614562988,-27.499835968017603,-25.537620544433604,-30.7058410644531,-14.9248485565186,-24.3896598815918,-10.470420837402301,-31.3321723937988,-28.683757781982397,-23.0205268859863,-26.7978134155273,-12.177562713622999,-20.818279266357397,-15.2599945068359
sub-0092,ses-03,run-05,pain,LOC,313,cueL_stimM,4.69062042236328,16.365066528320302,14.1127319335938,16.523265838623,16.4023609161377,10.068115234375,7.20936679840088,8.29423522949219,12.058246612548801,5.948016166687009,7.69370555877686,3.7782564163207994,-7.88343620300293,-10.1183586120605,-14.844744682312,-11.379425048828098,-28.3880805969238,-13.7275390625,-47.82987976074221,-33.9763793945312,-25.722728729248,-38.0143051147461,-31.5431442260742,-30.8036289215088,-18.2790603637695,-11.8514766693115,-6.1918430328369105,-20.7189502716064,-39.0882720947266,-45.945896148681605,-35.873466491699205,-34.201339721679695,-28.3919563293457,-30.0104064941406,-22.3159332275391,-22.516296386718803,-23.2462692260742,-29.754453659057603,-17.4558715820312,-23.8930816650391,-20.964529037475604,-23.093164443969698
sub-0092,ses-03,run-05,pain,LOC,313,cueH_stimL,10.8223342895508,13.551506042480499,0.138059169054031,7.929754257202151,19.2744159698486,33.6268310546875,21.2726058959961,34.3722534179688,40.3446083068848,33.4211807250977,36.9204330444336,7.3114767074585,24.211227416992198,6.69911861419678,2.13846778869629,6.905306816101071,12.9642419815063,12.7754688262939,-4.6304931640625,-5.4428825378417995,4.57819366455078,2.9876294136047403,2.6234493255615203,-8.23204517364502,13.3988304138184,6.5339641571044895,-7.17458534240723,-16.2998733520508,-0.658063888549805,3.4960956573486297,12.130393981933599,4.10961151123047,5.377899169921879,16.2931632995605,0.341739654541016,-1.1292419433593799,-4.13749694824219,2.67815399169922,10.5082740783691,2.0337333679199197,5.65557861328125,9.567502975463869
sub-0092,ses-03,run-05,pain,LOC,313,cueL_stimL,9.65460586547852,14.1466703414917,13.8066072463989,12.5227146148682,2.96678996086121,-6.1044626235961905,-11.532378196716301,-5.93260288238525,-15.168093681335401,-45.712375640869105,-41.3424224853516,-42.1602172851562,-48.1154098510742,-62.0956230163574,-59.712306976318395,-51.7471809387207,-69.2704544067383,-60.7902984619141,-66.4965286254883,-83.4479293823242,-72.7705383300781,-69.43813323974611,-68.4289627075195,-55.423801422119105,-56.6822662353516,-56.5951538085938,-60.036041259765604,-53.6533203125,-56.8046264648438,-63.369510650634794,-63.5886650085449,-65.612678527832,-69.3400115966797,-59.3956985473633,-42.8874053955078,-35.513885498046896,-24.9009494781494,-24.625373840332,-20.9606151580811,-29.465721130371104,-19.319355010986303,-36.1110877990723
sub-0092,ses-03,run-05,pain,LOC,313,rating,-3.91132926940918,-6.0121774673461905,-8.64194488525391,-7.4939899444580105,-4.19273376464844,-3.15670394897461,0.0880641937255859,2.0298213958740203,0.545646667480469,6.8584156036377,5.277252197265621,5.183929443359379,3.5320396423339804,3.2876129150390603,5.03497314453125,0.976202011108398,7.287237167358401,5.8471097946167,-1.33443546295166,-1.87489259243011,-3.11388111114502,-6.025424003601071,-7.04698371887207,-10.8049259185791,-11.444800376892099,-10.412477493286099,-15.1612796783447,-20.440872192382802,-14.1824541091919,-17.3010215759277,-18.974866867065398,-17.764816284179698,-16.073589324951197,-11.9216156005859,-12.2537899017334,-9.93135070800781,-14.2231292724609,-15.0098705291748,-11.9667654037476,-7.800326347351071,-6.79470014572144,-2.65611052513123
sub-0092,ses-03,run-05,pain,LOC,313,cue,8.88007354736328,9.42082214355469,6.33950424194336,1.60331726074219,9.6308708190918,11.7124176025391,18.3682689666748,13.7858448028564,14.284330368042,20.2558555603027,18.7468147277832,23.204418182373,23.0675964355469,20.158046722412102,20.7263412475586,27.763328552246104,20.311786651611303,23.050537109375,18.126838684082,14.0780982971191,12.157203674316401,13.3199729919434,12.759044647216802,11.734962463378901,2.9765663146972696,10.005544662475598,-5.84166717529297,-4.3727502822876,1.1516847610473602,-1.6039142608642598,2.90431594848633,-1.7686538696289098,-2.4369173049926802,5.555059432983401,1.0739860534668,2.7905158996582,8.592273712158201,-6.86380577087402,10.180316925048801,0.4629383385181429,3.9837160110473597,8.86522483825684
sub-0092,ses-03,run-05,pain,LOC,314,cueH_stimH,-16.1850051879883,-7.255548477172849,-15.4935398101807,-28.4698753356934,-16.7179908752441,-17.5457935333252,-16.9572734832764,-11.3768634796143,-2.0158843994140603,3.43846988677979,0.0299978256225586,-20.258213043212898,-11.0655040740967,-2.65581893920898,4.15995502471924,-15.3152904510498,-5.51560401916504,4.81589984893799,-7.23191261291504,-9.8548583984375,-1.87353515625,-6.3077392578125,-14.7308349609375,-20.0894775390625,-20.5416259765625,-9.9068603515625,-5.9649658203125,1.623291015625,-16.2220458984375,11.3260498046875,-16.4928359985352,7.017217636108401,14.493091583252001,-8.40723991394043,16.9208812713623,1.83692932128906,7.054668426513669,-13.8269386291504,-11.696624755859402,-3.12933349609375,-6.94632720947266,-19.2207355499268
sub-0092,ses-03,run-05,pain,LOC,314,cueL_stimH,12.5425424575806,6.4903702735900906,14.006010055542,13.788431167602502,31.397533416748,12.649524688720698,13.2210521697998,11.2268161773682,0.65833044052124,3.36392593383789,11.712928771972699,-8.40354919433594,2.3093852996826203,-2.5215086936950697,-3.45220994949341,-8.889105796813961,-4.35407257080078,4.57322311401367,3.76887035369873,-22.5302925109863,-21.4155502319336,-6.9793987274169895,-26.629333496093803,-27.0033340454102,-11.291290283203098,-11.479419708252001,-7.488948822021481,5.06179428100586,-10.992280960083,-13.2333736419678,-11.871072769165002,-36.621269226074205,-32.877151489257805,-14.411628723144501,-14.9865455627441,-18.5645484924316,-5.657623291015621,-17.7547569274902,-6.549800872802731,5.84054183959961,-13.900665283203098,-0.293899536132812
sub-0092,ses-03,run-05,pain,LOC,314,cueH_stimM,7.97333526611328,-1.70240783691406,6.82574129104614,16.2233486175537,2.04119110107422,4.242347717285161,36.97678756713871,30.6741161346436,22.8797264099121,41.4054718017578,14.6427478790283,24.2429904937744,23.730524063110398,22.1620826721191,18.8322525024414,25.834964752197298,17.9107551574707,13.6629018783569,9.151469230651859,2.37202548980713,12.6467037200928,33.175460815429695,-3.83621597290039,18.6841773986816,10.042667388916,13.6072826385498,-18.6605052947998,-18.4450511932373,8.23720455169678,-9.98857688903809,-5.74253273010254,-4.198987960815431,-17.444845199585,-20.1777076721191,-15.672138214111301,-16.2175636291504,-19.8511657714844,-13.736480712890598,-20.3657608032227,-19.829486846923803,-18.322395324707,-11.3084259033203
sub-0092,ses-03,run-05,pain,LOC,314,cueL_stimM,3.67643547058105,17.433670043945302,13.9643001556396,4.59594345092773,3.84075164794922,-1.59392070770264,17.6245212554932,22.4243011474609,20.0394134521484,18.538381576538104,-0.0316228866577148,-9.10043144226074,-9.54139709472656,-16.4205341339111,10.324607849121099,-4.21935939788818,18.6115951538086,25.4720764160156,10.9232711791992,12.633216857910199,27.632173538207997,-2.26607799530029,-12.5364274978638,-16.805072784423803,-2.87119197845459,-10.107748031616199,-7.7082805633544895,-17.4676856994629,-15.1208820343018,-31.0596199035645,-23.8930282592773,-29.7330322265625,-25.677047729492198,-17.4896087646484,-19.1222152709961,-16.872169494628903,-21.931123733520497,-12.9982032775879,-21.512634277343803,-26.020992279052702,-29.399597167968803,-14.0874977111816
sub-0092,ses-03,run-05,pain,LOC,314,cueH_stimL,34.9325561523438,22.043342590332,20.5392799377441,23.867370605468803,18.0132465362549,39.7405242919922,24.8976974487305,36.1225814819336,44.4682197570801,45.7502517700195,36.8290977478027,18.9999885559082,22.0932464599609,20.324893951415998,25.573547363281197,11.7167863845825,13.4061622619629,8.53199577331543,20.3875846862793,2.4582853317260698,14.5079803466797,22.796676635742198,23.8681640625,4.64908504486084,8.22272109985352,-11.3784713745117,-21.3621578216553,-3.191650390625,20.1534957885742,1.2955265045166,-3.0519847869873,-10.485126495361301,1.8635482788085902,7.113895416259769,15.070560455322301,2.5827178955078103,0.0843887329101562,-12.946868896484402,-5.89350891113281,5.61648941040039,3.9824180603027304,-3.9997348785400404
sub-0092,ses-03,run-05,pain,LOC,314,cueL_stimL,33.237548828125,30.7435302734375,18.7643203735352,39.7694053649902,17.1861400604248,39.283515930175795,37.016658782959,57.722240447998,29.6649894714355,7.36279153823853,8.93488025665283,2.89721012115479,20.2041397094727,-0.17483830451965302,9.07619667053223,35.323112487793004,4.22388744354248,10.7100839614868,-7.54264736175537,-10.4670829772949,-19.9507751464844,-26.691936492919897,-1.7674150466918899,-31.5118236541748,-13.622296333313,-14.6590166091919,-22.1725387573242,-14.963930130004899,-40.26316452026371,-51.7285652160645,-52.3460845947266,-55.218433380127,-55.271354675293,-55.6203460693359,-43.5920600891113,-35.3222045898438,-37.397514343261705,-21.6121768951416,-29.4314155578613,-26.531658172607397,-23.6085929870605,-24.5406093597412
sub-0092,ses-03,run-05,pain,LOC,314,rating,-4.8411149978637695,-3.7002148628234903,-5.98684120178223,-1.2750072479248,-1.34140682220459,-2.16771697998047,-1.0267448425293,3.1229839324951203,9.39632797241211,15.1449546813965,7.209941864013669,9.57573699951172,8.46137428283691,6.80009460449219,4.70031547546387,9.26603889465332,2.85133171081543,-0.47951412200927707,7.53758907318115,0.831159770488739,6.39666509628296,0.5002864599227911,0.707969427108765,9.34024524688721,1.90260124206543,5.03141832351685,10.1491708755493,11.2954616546631,8.66859436035156,8.04647254943848,3.99319839477539,2.1314935684204097,7.4248952865600595,6.85019302368164,8.78427982330322,4.231634140014649,5.6321926116943395,-1.36772346496582,5.44112586975098,0.335746049880981,-1.9390344619751,4.9446306228637695
sub-0092,ses-03,run-05,pain,LOC,314,cue,10.7781105041504,2.06842994689941,-0.5576419830322271,-7.51195526123047,3.8407878875732404,3.1405963897705096,4.19380569458008,5.09865951538086,0.8254985809326171,3.6486434936523398,-1.5540847778320301,-4.35018539428711,-2.06789398193359,-3.7412948608398398,-3.97275924682617,-5.744853973388669,-9.00568008422852,-2.39346313476562,-5.2415885925292995,-2.54944229125977,-3.27243041992188,0.40693283081054704,-6.413433074951169,-8.95630836486816,-8.41515731811523,-19.3395957946777,-9.74514579772949,-18.8131217956543,-15.070686340332001,-16.0084114074707,-14.958728790283198,-11.9497127532959,-16.4595222473145,-8.22291564941406,-19.2486534118652,-3.8490581512451203,-11.909322738647498,-22.128370285034197,-4.824365615844731,-11.8820152282715,-10.3025999069214,-5.21639490127563
sub-0092,ses-03,run-05,pain,LOC,311,cueH_stimH,-3.0928754806518595,-10.3740758895874,-2.09518241882324,-13.745109558105499,-8.55117607116699,-17.7419357299805,-12.1130275726318,-23.932544708252,-15.5005617141724,-28.188623428344698,-28.912330627441396,-39.211845397949205,-44.584831237793,-54.0488777160645,-30.6847953796387,-35.909126281738295,-38.430938720703104,-23.8591384887695,-24.030330657959,-20.8940734863281,-3.5747833251953103,-11.8421154022217,-8.71174430847168,-25.0141906738281,-23.4092102050781,-25.2732238769531,-15.1287364959717,-26.900413513183604,-26.5171203613281,-16.296949386596697,-25.3786811828613,-8.60931396484375,-11.5583038330078,-13.308362960815401,-13.080860137939501,-27.684890747070302,-15.600833892822301,-19.4755630493164,-20.3334350585938,-22.3756446838379,-17.1627235412598,-32.474479675293004
sub-0092,ses-03,run-05,pain,LOC,311,cueL_stimH,-12.270270347595199,-6.219390869140621,11.805932044982901,6.35615730285645,13.0380334854126,23.4071769714355,12.9524631500244,16.540765762329098,8.3260669708252,15.437129020690902,8.04252147674561,-2.2516090869903596,-4.294603347778319,-7.70909214019775,-10.339331626892099,9.00644683837891,-13.7567691802979,-5.34902811050415,-11.797056198120101,-15.825537681579599,-31.6297721862793,-33.511398315429695,-34.178806304931605,-30.7922554016113,-42.9185638427734,-30.5059471130371,-21.647924423217802,-8.44779586791992,-19.0009670257568,-16.1427307128906,-29.102106094360398,-30.734172821044897,-25.0145263671875,-28.1252326965332,-17.4943046569824,-22.5357856750488,-2.72262573242188,-9.30201721191406,3.85813522338867,1.50018310546875,1.05458450317383,4.02705383300781
sub-0092,ses-03,run-05,pain,LOC,311,cueH_stimM,8.73176860809326,12.4100341796875,18.9984855651855,13.7989416122437,17.8839149475098,12.9752645492554,32.093357086181605,12.432660102844201,56.0767669677734,54.8188362121582,61.6729927062988,46.8959159851074,56.4683303833008,41.644588470459,63.1109008789062,47.9476089477539,38.2992172241211,27.3105125427246,19.643886566162102,16.1561717987061,12.2270946502686,12.2013092041016,9.72198867797852,11.934067726135302,7.09045314788818,-7.01548004150391,-23.602703094482397,-19.2869968414307,-18.5123310089111,-35.6822052001953,-24.8016662597656,-27.497327804565398,-42.7053108215332,-29.445632934570302,-26.072025299072298,-40.5358657836914,-34.950103759765604,-37.7027931213379,-34.8783683776855,-27.8465270996094,-30.086204528808604,-21.3144683837891
sub-0092,ses-03,run-05,pain,LOC,311,cueL_stimM,21.603624343872102,22.860107421875,27.6527042388916,35.1306953430176,34.9460678100586,28.6098365783691,11.576621055603,15.984437942504899,12.7973890304565,18.7177639007568,3.3573899269104,-4.14120769500732,-10.6852588653564,-9.35576820373535,-27.816881179809602,-26.247369766235398,-14.308258056640598,-30.51682472229,-34.2507858276367,-30.511779785156197,-27.8426856994629,-20.9534473419189,-37.6589508056641,-20.2314529418945,-4.28959083557129,-25.9179382324219,-33.609100341796896,-46.3423347473145,-60.30314636230471,-40.8445472717285,-53.6522102355957,-50.7687377929688,-47.520782470703104,-49.9810600280762,-40.179840087890604,-41.5886383056641,-49.5689353942871,-42.8385810852051,-30.109127044677702,-37.3781318664551,-36.2113189697266,-33.606597900390604
sub-0092,ses-03,run-05,pain,LOC,311,cueH_stimL,17.1831436157227,15.418731689453098,10.003868103027301,23.6179122924805,28.597415924072298,33.0106925964355,44.1005783081055,47.587062835693395,56.5071487426758,48.1561279296875,48.513801574707,40.3522453308105,34.077972412109396,29.4180374145508,26.1130065917969,15.2540788650513,18.804607391357397,18.7298278808594,7.7815852165222195,-1.66052055358887,-5.0830802917480495,-4.23507356643677,-12.568031311035199,-15.1012706756592,-9.06394577026367,-17.9702320098877,-16.4555530548096,-21.8449764251709,-18.466999053955103,-13.532327651977502,-0.11535453796386698,-8.509632110595701,-8.64134216308594,-16.350715637207,-11.7305145263672,-17.967529296875,-4.91815567016602,-17.264141082763697,-20.6031455993652,-28.0567474365234,-6.87618255615234,-10.6221656799316
sub-0092,ses-03,run-05,pain,LOC,311,cueL_stimL,36.0908851623535,39.990364074706996,28.3825874328613,27.0088424682617,31.8473587036133,22.3867530822754,19.546072006225604,23.764289855957,15.0735692977905,-8.445431709289549,-1.3254566192627,-2.94898271560669,-17.196147918701197,-18.683750152587898,-29.2291049957275,-28.1329879760742,-48.9900321960449,-39.8706512451172,-48.8311920166016,-46.4772872924805,-38.444999694824205,-44.268714904785206,-55.466590881347706,-48.3824996948242,-43.0303955078125,-38.628242492675795,-53.58232116699221,-66.080078125,-80.4800796508789,-71.2774887084961,-86.45789337158199,-79.7906799316406,-80.17332458496091,-78.7262725830078,-53.0996208190918,-55.679817199707,-35.395111083984396,-25.42995262146,-28.5964298248291,-17.41725730896,-24.153205871582,-26.350540161132802
sub-0092,ses-03,run-05,pain,LOC,311,rating,-2.05182123184204,1.07424306869507,0.8186664581298829,0.19685935974121102,7.2117624282836905,5.237451553344731,9.85306167602539,8.54365539550781,12.210365295410199,15.874429702758801,18.7481651306152,20.441940307617198,21.8906135559082,18.475906372070302,18.6483592987061,22.509216308593803,23.2663650512695,20.2963485717773,18.1481018066406,18.149658203125,12.4315528869629,6.949090957641599,0.788515329360962,0.654953479766846,-1.5866405963897698,1.3027381896972698,-3.85511016845703,-7.64746952056885,-5.26034116744995,-2.5572276115417503,-7.52328634262085,-6.89401626586914,-1.3841964006423997,-3.03272342681885,-2.4589686393737797,-1.99821662902832,-5.144903659820559,0.0515551567077637,-2.36758232116699,0.28390812873840304,-4.88059520721436,-0.890859842300415
sub-0092,ses-03,run-05,pain,LOC,311,cue,8.73742294311523,-0.581317901611328,5.834552764892581,2.8156509399414102,2.85349082946777,7.1961784362792995,8.452793121337889,8.293333053588869,7.5516471862792995,12.2742977142334,15.6252174377441,9.07358551025391,9.60799026489258,5.06198501586914,9.07770156860352,3.50586700439453,3.27267074584961,0.584663391113281,-1.9860954284668002,-3.10584259033203,-11.7372360229492,-5.56838226318359,-16.338401794433597,-14.389749526977502,-22.882959365844698,-30.675874710082997,-29.4161396026611,-24.0875129699707,-23.6355628967285,-21.49342918396,-18.224040985107397,-17.194110870361303,-17.5245971679688,-17.7588043212891,-7.0539665222167995,-10.3520097732544,-11.710987091064501,-10.26198387146,-11.1838693618774,-12.063775062561,-8.926694869995119,-14.9505462646484
sub-0092,ses-03,run-05,pain,LOC,312,cueH_stimH,-24.4982414245605,-3.56569194793701,-8.12345314025879,-2.06114387512207,7.341497898101809,10.9222917556763,19.2335090637207,29.481946945190398,23.868379592895497,26.3683700561523,35.974922180175795,3.70750141143799,10.9350805282593,-3.21521854400635,2.06972408294678,10.9550294876099,-2.28176498413086,37.2880096435547,21.7262401580811,20.0826320648193,53.5448532104492,46.5668258666992,28.490346908569304,25.713735580444304,27.641469955444304,37.383293151855504,36.686027526855504,13.545764923095698,8.9019660949707,24.284292221069304,35.0685806274414,35.2944946289062,29.4408664703369,30.915067672729503,33.5853118896484,40.044151306152294,37.8891754150391,30.1040191650391,12.993377685546902,10.189857482910199,-3.2229766845703103,15.3380641937256
sub-0092,ses-03,run-05,pain,LOC,312,cueL_stimH,3.84518527984619,26.7935676574707,28.3155632019043,36.0270233154297,34.6778907775879,34.0288505554199,38.263145446777294,52.4786186218262,47.1619338989258,54.5068359375,43.705352783203104,26.8845367431641,8.42736053466797,19.7230491638184,9.434855461120609,24.3638229370117,10.7894926071167,15.0874805450439,20.2852554321289,23.431079864502,1.8980569839477501,24.6630020141602,0.933759689331055,0.856939315795898,35.716133117675795,12.538187026977502,6.46877098083496,25.6124572753906,42.6305351257324,15.582538604736301,8.87442016601562,2.00908279418945,14.2736473083496,6.62454605102539,-2.67200469970703,-12.2948341369629,22.434997558593803,-7.18782043457031,-3.84788131713867,-11.3967742919922,-4.90834426879883,-15.9869995117188
sub-0092,ses-03,run-05,pain,LOC,312,cueH_stimM,0.36375808715820296,10.578498840332001,9.45546913146973,11.0769691467285,13.858104705810499,18.6545505523682,28.7850399017334,66.6415252685547,77.2762069702148,71.903678894043,83.6639022827148,73.81813049316409,92.7176895141602,67.3400039672852,88.4585952758789,76.8799514770508,37.229305267334,49.5330123901367,33.5580711364746,48.6453628540039,16.8788642883301,31.259824752807603,-5.54442501068115,19.485858917236303,12.838134765625,5.25356197357178,-3.422043800354,-19.240270614624,-7.9708156585693395,1.02816581726074,-8.92462158203125,-2.04055976867676,-17.9876499176025,-6.64193344116211,-12.5574951171875,-18.781696319580103,-19.8404846191406,-18.0489120483398,-15.3169708251953,-18.6786499023438,-25.9954299926758,-23.2735748291016
sub-0092,ses-03,run-05,pain,LOC,312,cueL_stimM,11.721527099609402,15.3138036727905,13.8442821502686,-6.5033073425292995,21.666934967041,17.0322341918945,34.802658081054695,26.9598388671875,27.2052917480469,20.342563629150398,23.6886329650879,-3.6767110824585,22.6825218200684,15.012725830078098,22.6494522094727,29.006961822509798,50.264331817627,39.644721984863295,29.5443305969238,24.6407470703125,31.252748489379897,10.4106101989746,17.762985229492198,17.300422668457,-1.76002311706543,9.14589881896973,-12.581439971923801,4.0742359161377,3.14913368225098,-7.12407684326172,-17.749870300293,-28.719562530517603,-6.99142837524414,-2.81133270263672,-18.105449676513697,-7.90219879150391,-24.7109565734863,1.8983345031738301,-14.5414257049561,-15.931827545166,-13.7435989379883,-3.7363872528076203
sub-0092,ses-03,run-05,pain,LOC,312,cueH_stimL,-10.850772857666,13.254417419433599,-8.14396858215332,-2.33519649505615,2.91371440887451,13.6484956741333,24.604722976684602,40.991691589355504,65.6309356689453,31.9474716186523,37.4387435913086,25.678958892822298,26.1539115905762,27.792978286743196,36.6678123474121,24.1316261291504,41.6998405456543,36.8744125366211,19.4176177978516,7.27032470703125,-4.62567520141602,3.94241428375244,25.239429473877,4.90227508544922,1.45653915405273,-8.52408409118652,-8.39401817321777,0.18462753295898396,-16.9806861877441,4.750099182128911,3.6838493347168,12.483001708984402,6.832477569580081,4.9732780456542995,-16.9655685424805,-2.5075225830078103,-35.6796913146973,-21.0948219299316,-43.7046890258789,-17.0171432495117,-7.90940856933594,-0.587547302246094
sub-0092,ses-03,run-05,pain,LOC,312,cueL_stimL,29.683448791503896,50.031345367431605,31.0294017791748,82.0156936645508,61.236167907714794,58.7214584350586,61.9485473632812,87.6292572021484,68.65956878662111,58.8105888366699,34.051975250244105,50.5226516723633,56.132728576660206,40.25929641723629,29.0417098999023,34.7892837524414,16.531349182128903,13.481432914733901,-9.90793228149414,-19.5333290100098,-32.7337265014648,-22.4866733551025,-13.994187355041499,-24.330623626709,-25.6772308349609,-38.4402198791504,-21.621520996093803,-46.1120834350586,-67.3593902587891,-75.2570037841797,-77.9706726074219,-75.4929122924805,-79.0716323852539,-62.240234375,-70.89060974121091,-26.272384643554698,-31.2221527099609,-36.972816467285206,-23.1624565124512,-8.68631839752197,-29.768133163452102,-15.987250328064
sub-0092,ses-03,run-05,pain,LOC,312,rating,-8.14286994934082,-4.4627404212951705,-4.80516815185547,1.75544929504395,4.0109167098999,0.5594463348388671,13.336057662963901,9.43879318237305,22.702928543090803,26.156818389892603,28.3181419372559,26.1836280822754,34.4006118774414,26.703079223632802,33.558464050293004,33.1229858398438,33.0343437194824,25.3568439483643,27.9932975769043,20.222505569458,22.077491760253896,14.846454620361301,21.0394496917725,21.6757926940918,14.5900535583496,20.637586593627898,18.0491313934326,20.6762580871582,14.1608791351318,11.859827041626,12.9904880523682,11.8723468780518,15.011598587036099,20.7610549926758,22.101863861084,13.1551971435547,16.631536483764602,8.98829746246338,-0.0960540771484375,2.49241304397583,-3.40522050857544,-3.3730297088623
sub-0092,ses-03,run-05,pain,LOC,312,cue,2.4959869384765603,7.011602401733401,6.70524406433105,-2.49334716796875,-5.349035263061519,4.06454277038574,3.8578205108642596,10.3329067230225,12.6834239959717,20.4754257202148,1.8681945800781203,5.71453857421875,7.9220085144042995,-1.32720947265625,2.8931732177734397,-2.6544380187988303,-1.43229675292969,-5.36893463134766,-10.900867462158198,-10.8534469604492,-12.351921081542999,-10.283306121826199,-19.897037506103498,-21.7094707489014,-27.170021057128896,-28.847110748291,-39.0526847839355,-36.8333129882812,-34.8631172180176,-45.3579025268555,-44.381343841552706,-43.077850341796896,-39.804008483886705,-34.8808364868164,-41.2412452697754,-32.0391311645508,-26.959533691406197,-39.1533966064453,-19.1888656616211,-13.0908451080322,-24.9794902801514,-10.5111217498779
sub-0092,ses-03,run-05,pain,LOC,317,cueH_stimH,-1.9660196304321298,-8.30628204345703,-4.78418350219727,-8.072450637817381,-3.54161643981934,2.01262950897217,0.8132658004760741,-3.4920024871826203,-6.6361722946167,1.53893184661865,-6.60274410247803,-18.915737152099602,-9.18242454528809,-11.767818450927699,-1.82916164398193,-13.9993000030518,-1.1873664855957,7.78303718566895,0.5330829620361329,17.5902194976807,5.87022590637207,8.92637825012207,7.23887825012207,10.8643741607666,6.75108528137207,6.15123176574707,23.738294601440398,8.20787239074707,10.5413761138916,6.85875129699707,-0.506582260131836,26.808301925659197,23.523412704467802,12.569810867309599,30.889572143554698,19.661546707153303,17.4538726806641,15.773822784423801,9.86785507202148,11.1057548522949,7.28084945678711,0.8713302612304691
sub-0092,ses-03,run-05,pain,LOC,317,cueL_stimH,10.2330646514893,14.1486301422119,12.8581533432007,20.614543914794897,20.746530532836896,21.940221786499,23.4342060089111,24.2193298339844,17.7881698608398,17.31982421875,17.0154590606689,2.3402330875396697,6.2065715789794895,5.87762117385864,-2.96304750442505,1.3129961490631101,2.2410774230957,3.93807411193848,8.00985527038574,3.6366539001464804,-2.49600601196289,-0.48876094818115207,-1.19396781921387,1.9331150054931598,-1.9371051788330098,0.11827850341796901,2.2668304443359397,18.933181762695302,5.57626914978027,10.893798828125,0.9605197906494141,2.40534400939941,5.9832763671875,0.731472015380859,-3.07204818725586,10.6446800231934,13.1400604248047,8.95952224731445,5.13066101074219,1.1003608703613301,4.30557632446289,-3.88025665283203
sub-0092,ses-03,run-05,pain,LOC,317,cueH_stimM,-7.222607612609861,-2.9867935180664102,4.69913530349731,-0.9988690614700321,14.7726402282715,16.9770774841309,13.302864074707001,30.9761791229248,30.2509250640869,34.6679191589355,39.314357757568395,37.9743232727051,36.594211578369105,25.9844970703125,29.379756927490202,28.251764297485398,24.026512145996104,13.849865913391099,7.551968574523929,0.828108787536621,-5.0694437026977495,1.5988931655883798,-5.816349029541019,9.937668800354,0.337409019470215,6.60172176361084,-1.86843299865723,-13.527422904968299,-14.5996541976929,-10.5185222625732,2.68078994750977,-7.3896579742431605,0.0947723388671875,2.22404670715332,5.38868713378906,4.78578567504883,1.90521621704102,-8.92988204956055,0.13778305053710901,-4.99406433105469,-14.5824661254883,-2.4245452880859397
sub-0092,ses-03,run-05,pain,LOC,317,cueL_stimM,6.86974906921387,10.6788330078125,6.84202575683594,11.547222137451199,7.914231300354,10.418130874633801,5.473149299621579,11.2351427078247,13.4645185470581,12.9246387481689,9.05526542663574,1.8211135864257801,6.00089836120605,9.5363826751709,1.21405601501465,17.55055809021,11.4789400100708,16.0229930877686,2.71957063674927,8.41760635375977,6.8848557472229,10.478753089904801,18.9437789916992,17.9119987487793,9.64619731903076,24.5535163879395,7.0248298645019505,-0.10441398620605498,-4.28415107727051,-5.3715534210205105,-4.62019348144531,-5.74472618103027,-2.32577514648438,-1.3398246765136699,-2.2553253173828103,-13.0123748779297,-7.14490509033203,1.3517265319824199,-8.95180130004883,-0.7860202789306641,-4.47029304504395,-7.73685264587402
sub-0092,ses-03,run-05,pain,LOC,317,cueH_stimL,9.55859375,10.952064514160199,6.870944023132321,9.75307655334473,16.593994140625,22.2549839019775,21.4183235168457,26.777122497558604,32.2732810974121,24.9034748077393,15.0977020263672,15.7729578018188,25.033443450927702,20.4727382659912,21.6128425598145,25.8905029296875,27.4893016815186,18.2821655273438,11.991077423095698,15.283140182495101,14.0359230041504,4.35347557067871,7.675165176391599,4.9635591506958,13.484865188598599,12.2164916992188,2.76762008666992,12.7539577484131,8.62574195861816,11.341789245605499,7.42806243896484,13.1033058166504,10.7993583679199,2.3754043579101602,-4.57400131225586,0.427825927734375,-6.43743896484375,-6.67379379272461,10.4087791442871,1.0939865112304699,-1.7397689819335902,-0.883579254150391
sub-0092,ses-03,run-05,pain,LOC,317,cueL_stimL,32.8972206115723,20.9084033966064,35.4042510986328,27.1873626708984,34.2646636962891,18.2450218200684,25.719650268554698,24.4965972900391,25.3695068359375,28.227981567382802,25.928955078125,14.9790725708008,8.70761871337891,-4.32541179656982,3.50517344474792,1.5891489982605,-2.48852062225342,-16.697881698608402,-23.4815158843994,-13.7618045806885,-14.756702423095698,-19.5365161895752,-15.4596519470215,-21.437940597534197,-15.559173583984402,-24.509895324707,-27.665258407592802,-35.217979431152294,-42.8855018615723,-41.967960357666,-38.301994323730504,-36.238677978515604,-39.986854553222706,-32.8107376098633,-31.4408016204834,-21.378173828125,-24.3768825531006,-18.2335567474365,-17.1029758453369,-13.361167907714801,-22.674377441406197,-28.1422176361084
sub-0092,ses-03,run-05,pain,LOC,317,rating,-4.3533730506897,-5.0904226303100595,-4.39001846313477,-4.19596576690674,-0.386065483093262,0.0286827087402344,-0.0403804779052734,3.83908653259277,7.466632843017581,7.336711883544919,9.80430603027344,14.537712097167999,13.865709304809599,12.7129364013672,12.9599876403809,11.5797033309937,10.4613304138184,9.893659591674801,11.2164659500122,10.5186347961426,10.1779937744141,5.488699436187741,5.8395280838012695,7.179025173187259,3.6039128303527797,6.03456211090088,2.94464015960693,3.0387525558471697,2.01054501533508,4.17450428009033,4.17634582519531,4.1146736145019505,4.27646780014038,7.76419544219971,4.8374319076538095,1.8504190444946298,3.2506942749023398,1.47320103645325,-0.8743667602539059,-0.6184011697769171,-1.2088222503662098,2.6133458614349396
sub-0092,ses-03,run-05,pain,LOC,317,cue,7.5481452941894505,5.18821716308594,5.75138854980469,5.25256729125977,5.46044158935547,7.41258239746094,6.49064826965332,8.45594024658203,8.16330528259277,8.67173767089844,9.68342018127441,9.67831993103027,6.90011215209961,10.239219665527301,4.269630432128911,1.92226791381836,6.0894660949707005,-0.630531311035156,-4.19306945800781,-0.0798873901367188,-7.94110870361328,-2.3688583374023398,-4.8473625183105495,-8.81611633300781,-16.0438594818115,-14.7544708251953,-19.7766551971436,-16.7516212463379,-15.6062793731689,-13.6000518798828,-18.1527099609375,-17.5202140808105,-17.566463470459002,-11.359188079834,-9.64822292327881,-5.936448097229,-11.122579574584998,-8.43927764892578,-4.56058979034424,-4.300378322601319,-5.089102745056151,-5.12888431549072
sub-0092,ses-03,run-05,pain,LOC,318,cueH_stimH,4.9419584274292,2.54834365844727,-12.5086984634399,8.291257858276369,18.2347660064697,12.2158966064453,20.751653671264602,14.2862901687622,10.764284133911099,13.686351776122999,6.52517318725586,-5.9157600402832005,-13.969633102417,-15.440037727356,-5.5577287673950195,-4.36934089660645,-3.96183490753174,17.0947647094727,14.0384464263916,-1.73961067199707,11.5270214080811,3.25868034362793,-4.89158821105957,-10.6511096954346,-11.500963211059599,-12.307847976684599,0.45521354675292997,2.00550651550293,-4.90672492980957,20.755872726440398,3.01155281066895,15.2603073120117,17.1366901397705,5.59865760803223,5.07794570922852,5.06134414672852,14.936405181884801,0.852756500244141,-5.37581634521484,-3.2042121887207,-3.68899536132812,-15.7740211486816
sub-0092,ses-03,run-05,pain,LOC,318,cueL_stimH,12.4357357025146,12.989376068115199,19.0124893188477,20.900075912475604,15.827146530151401,20.955633163452102,17.0406246185303,24.8537616729736,26.358177185058604,6.440777778625491,19.2985687255859,10.7335453033447,13.226565361022901,10.5332946777344,-3.2320528030395494,8.217052459716799,2.35796070098877,-6.7867121696472195,-9.94499588012695,-1.67901992797852,-0.652216911315918,-4.93938636779785,-5.30410957336426,-14.0333690643311,-6.465755462646481,-0.9593105316162109,12.5247001647949,23.6626415252686,16.710786819458,12.951488494872999,2.59868240356445,-7.15671157836914,6.96518707275391,3.5708770751953103,2.92573165893555,4.13774871826172,4.438995361328121,-7.72833251953125,-4.44772720336914,-3.0663414001464804,-7.71366119384766,-4.308021545410161
sub-0092,ses-03,run-05,pain,LOC,318,cueH_stimM,-7.011272430419919,5.76737976074219,6.45811367034912,3.38874387741089,17.473699569702102,19.8489093780518,33.518600463867195,38.804615020752,30.601730346679698,51.429603576660206,54.409420013427706,49.5507888793945,54.4793167114258,32.616256713867195,43.1776275634766,40.14306640625,32.2064743041992,18.9007720947266,21.6839866638184,16.736881256103498,9.01318073272705,16.4914207458496,11.1181383132935,8.679140090942381,5.89273452758789,-4.6131486892700195,-3.91621589660645,3.8363208770752,-21.3916072845459,-1.06534194946289,-10.236852645874,-12.7808055877686,-14.589839935302699,-24.3800773620605,-18.7626914978027,-16.5500755310059,-13.116172790527301,-19.9796104431152,-21.021774291992198,-37.8083076477051,-26.7966041564941,-23.9265289306641
sub-0092,ses-03,run-05,pain,LOC,318,cueL_stimM,15.3627414703369,18.025445938110398,15.553173065185499,17.2136478424072,21.4827480316162,12.5417728424072,13.2412281036377,12.024290084838901,19.062183380127,15.0946750640869,8.57984828948975,15.343136787414599,9.846658706665039,13.2379312515259,28.7570457458496,21.1211338043213,29.8730621337891,21.5560188293457,25.3340625762939,18.5049057006836,19.4089851379395,7.88607215881348,16.7939376831055,5.39986324310303,7.321194648742679,-1.1220130920410198,-4.7617130279541,-17.515453338623,-7.4968433380127,-17.4598522186279,-20.606220245361303,-15.114360809326199,-22.532299041748,-27.5868186950684,-17.970169067382802,-14.746002197265598,-21.844839096069304,-16.7818984985352,-5.9991950988769505,-14.934562683105499,-18.074592590332,-14.0355663299561
sub-0092,ses-03,run-05,pain,LOC,318,cueH_stimL,6.3000373840332005,5.228172302246089,1.1616858243942298,-0.34477138519287104,4.8141775131225595,4.65431499481201,15.9072160720825,27.537155151367198,32.752941131591804,17.5143127441406,10.297815322876,7.40273571014404,21.37135887146,11.9240026473999,3.6071662902832,12.362079620361301,-2.81348419189453,13.915243148803699,10.5225563049316,6.695523262023929,1.21445274353027,12.615516662597699,7.15889930725098,-4.43062019348145,-1.0154628753662098,-9.13060188293457,-15.9793529510498,-9.64961051940918,0.493581771850586,-8.23229217529297,-0.654853820800781,-8.15272903442383,-3.13618087768555,-10.0494270324707,-11.3247947692871,-8.08123779296875,-16.618389129638697,-12.269439697265598,-5.84777069091797,-8.41990661621094,-8.790283203125,-9.25639343261719
sub-0092,ses-03,run-05,pain,LOC,318,cueL_stimL,28.010570526123,29.532249450683604,29.4861946105957,46.2547073364258,32.2361450195312,39.5290641784668,40.178409576416,43.4429244995117,29.3200035095215,13.2782726287842,-4.5168571472167995,-3.27381038665771,-2.5213041305542,-7.098599433898929,-2.0339503288269,5.948349475860599,-10.782356262207001,-24.289072036743196,-37.8050384521484,-42.3203620910645,-45.2309646606445,-44.54057312011721,-38.7406005859375,-47.77873229980471,-24.9214572906494,-21.458997726440398,-26.4766063690186,-40.1336441040039,-51.005889892578104,-47.9877395629883,-41.686553955078104,-39.3351173400879,-46.8390007019043,-47.6598587036133,-35.997833251953104,-24.18896484375,-11.9853954315186,-13.044437408447301,-17.7275161743164,-12.2413740158081,-20.0408763885498,-22.5315895080566
sub-0092,ses-03,run-05,pain,LOC,318,rating,-0.9392704963684079,-2.98324108123779,-4.27427959442139,-1.6271257400512702,-5.0478982925414995,0.419668197631836,-0.21799659729003898,3.3353557586669904,6.299541473388669,14.265087127685499,16.1963729858398,18.3441257476807,17.499221801757802,14.4430694580078,14.4088878631592,17.3102149963379,16.3742961883545,10.3521509170532,13.372051239013699,9.06354808807373,6.808283805847171,1.76952588558197,1.3597707748413101,-3.4723892211914102,-6.1826639175415,-2.4067590236663796,-7.63189840316772,-4.75743246078491,-7.09459781646729,-11.9355478286743,-13.0388851165771,-11.1060609817505,-9.32958030700684,-0.635921478271484,-4.08814430236816,-5.246116638183589,-1.162353515625,-3.59523248672485,-3.21556282043457,-1.8925638198852501,-8.7157154083252,-3.99070572853088
sub-0092,ses-03,run-05,pain,LOC,318,cue,6.298858642578121,-5.18882751464844,2.8369026184082,0.291236877441406,2.7817440032958998,6.9873142242431605,8.74245071411133,9.563703536987301,14.3357982635498,14.789831161499,17.9384078979492,17.5357398986816,11.005687713622999,11.6983222961426,10.051166534423801,10.1725006103516,11.380001068115199,11.2953491210938,3.97528076171875,6.21562957763672,-2.8444671630859397,0.493221282958984,-1.5957221984863301,-11.5189666748047,-8.23021507263184,-17.0449333190918,-21.002395629882802,-18.7234725952148,-18.9855842590332,-14.153115272522,-17.9244441986084,-14.7087306976318,-20.838932037353498,-11.010958671569801,-18.8669395446777,-13.402099609375,-10.387977600097699,-15.14026927948,-8.40644073486328,-6.0782732963562,-2.8567347526550297,1.17389106750488
sub-0092,ses-03,run-05,pain,LOC,3,cueH_stimH,0.246659278869629,-15.821023941039998,-17.4184894561768,-14.794086456298801,-21.436721801757802,-16.1288185119629,-31.9605274200439,-34.947189331054695,-21.697452545166,-8.21256256103516,-25.126808166503896,-32.9027099609375,-34.5307388305664,-27.228595733642603,-20.443569183349602,-2.95382690429688,-24.113939285278303,-9.419981002807619,-12.526115417480499,-12.65625,2.12032699584961,-2.22754287719727,-27.8390998840332,-29.788316726684602,-9.472412109375,-16.2568359375,-12.260986328125,-17.193603515625,-22.359622955322298,-2.61743545532227,-26.179954528808604,-8.64167594909668,21.259109497070302,-4.08169746398926,-3.81856727600098,-24.6924667358398,-25.272293090820302,-17.013107299804698,-0.976810455322266,-11.0134696960449,-8.382617950439451,-21.2524242401123
sub-0092,ses-03,run-05,pain,LOC,3,cueL_stimH,-28.82177734375,-37.7386817932129,-17.0573978424072,-19.0527572631836,-45.053585052490206,-32.3230171203613,-51.318820953369105,-32.5168075561523,-34.4552726745605,-28.734661102294897,-28.564376831054698,-45.826961517334006,-43.4498405456543,-40.927547454834,-40.335475921630895,-53.957115173339794,-48.5015678405762,-43.407310485839794,-23.347042083740202,-46.285369873046896,-53.2502861022949,-36.1429672241211,-53.8171615600586,-58.2458648681641,-67.0834274291992,-52.4889602661133,-10.8292980194092,-13.7673053741455,-39.038581848144496,-32.2552490234375,-41.1377716064453,-27.841182708740202,-17.268142700195302,-23.3115577697754,-43.055999755859396,-19.9832725524902,-6.44230651855469,-4.5993156433105495,-16.9751358032227,-6.289447784423831,-6.6253662109375,-6.45691680908203
sub-0092,ses-03,run-05,pain,LOC,3,cueH_stimM,-2.3492202758789102,-12.8011016845703,-16.3883934020996,17.8997764587402,20.8531436920166,4.97138738632202,18.113712310790998,-3.08892107009888,-6.57915830612183,1.08536195755005,18.8887882232666,11.2166290283203,1.16426849365234,2.34390163421631,-6.791683197021481,16.924432754516598,17.7533912658691,-11.6986618041992,-25.249759674072298,-12.0633487701416,-2.09756517410278,-2.22745418548584,-1.0274600982666,-2.7567358016967796,-1.49227046966553,-1.75316143035889,-7.555633544921879,-21.702928543090803,-12.386582374572802,11.502094268798801,-1.1197566986084,-2.8248615264892596,-9.74240303039551,-19.2513046264648,-15.5628204345703,-23.223678588867198,-11.816654205322301,-9.11942672729492,-26.722957611084,-8.82915878295898,-13.412086486816401,-7.96501159667969
sub-0092,ses-03,run-05,pain,LOC,3,cueL_stimM,-5.88195610046387,19.247417449951197,31.832300186157198,24.583421707153303,9.1044282913208,7.890210151672361,4.94417381286621,-13.047525405883801,-13.323009490966802,-13.7253074645996,-24.5591888427734,-42.902015686035206,-23.139362335205103,-21.89235496521,-54.57612609863279,-27.8651390075684,-35.576347351074205,-42.327140808105504,-55.0277099609375,-49.5330085754395,-33.133228302002,-43.06977844238279,-19.480636596679698,-16.1981163024902,-11.1180925369263,7.5379142761230495,-3.24505615234375,-41.1176147460938,-37.6335105895996,-33.8786849975586,-25.219511032104503,-32.1771621704102,-29.1506004333496,-27.981803894043,-7.54507827758789,-40.1277008056641,-22.297317504882802,-34.52001953125,-43.9504737854004,-37.5560531616211,-17.4887561798096,-19.6238994598389
sub-0092,ses-03,run-05,pain,LOC,3,cueH_stimL,27.051940917968803,31.1667098999023,26.388668060302702,26.5042343139648,33.4777984619141,50.6154632568359,30.2357959747314,53.407752990722706,61.417163848877,31.6462135314941,24.1247444152832,20.3647613525391,17.3209915161133,31.1834526062012,29.2201232910156,21.883445739746104,37.1565399169922,21.5665626525879,15.331949234008801,11.131603240966802,28.943733215332,14.2505626678467,18.1031265258789,14.654547691345199,43.0371322631836,36.839347839355504,17.376409530639602,4.15909385681152,9.24332809448242,27.751878738403303,17.5852928161621,7.79616737365723,31.9910202026367,15.963268280029302,32.265697479248,12.0327758789062,18.6751708984375,17.5513076782227,17.644550323486303,32.1938285827637,26.6045455932617,36.7163963317871
sub-0092,ses-03,run-05,pain,LOC,3,cueL_stimL,-13.343055725097699,-14.859413146972699,-23.1266059875488,-24.0501976013184,-11.1354274749756,-40.083900451660206,-48.9155616760254,-34.6750869750977,-49.58984375,-62.0070571899414,-51.22673034667971,-88.2050323486328,-68.6282272338867,-69.3041915893555,-80.3381271362305,-66.4302139282227,-81.8693923950195,-104.215141296387,-94.1677017211914,-72.9778747558594,-63.9211578369141,-61.338905334472706,-74.6125564575195,-62.1282768249512,-53.3230209350586,-71.1612930297852,-43.4758987426758,-48.792030334472706,-70.2998886108398,-59.236000061035206,-72.5367660522461,-57.2741088867188,-53.92924499511721,-75.19398498535159,-49.8644866943359,-49.9460220336914,-59.698146820068395,-39.427848815918004,-57.5138549804688,-41.3358879089355,-62.559597015380895,-36.4369659423828
sub-0092,ses-03,run-05,pain,LOC,3,rating,-10.680718421936001,-10.213632583618198,-11.3838424682617,-14.2342777252197,-8.02152347564697,-2.65695571899414,-8.5201358795166,-6.95875358581543,0.505863189697266,-6.87269401550293,-8.37602233886719,-1.58251571655273,-11.8579368591309,-8.29583740234375,-12.3961544036865,-6.23193454742432,-8.116649627685549,-9.47856712341309,-12.1039371490479,-13.399163246154801,-13.212878227233901,-12.373680114746099,-19.4431304931641,-23.5833950042725,-24.5174674987793,-22.8401184082031,-31.2154140472412,-31.064565658569304,-28.010648727417003,-27.8980979919434,-27.7372207641602,-24.8850440979004,-19.3773021697998,-20.1711750030518,-17.315179824829098,-17.9835319519043,-16.6728172302246,-15.6186199188232,-13.394680976867699,-11.242890357971199,-13.0851364135742,-6.38989973068237
sub-0092,ses-03,run-05,pain,LOC,3,cue,14.8383636474609,18.738845825195302,13.9617824554443,16.4001388549805,18.8309707641602,15.926084518432601,26.438835144043,21.539083480835,9.176900863647461,18.8519401550293,26.3598327636719,18.477525711059602,17.5869026184082,21.060676574707,17.0283241271973,16.918380737304698,24.683288574218803,24.1760406494141,12.3827590942383,11.071361541747999,13.8258819580078,13.825206756591802,17.680889129638697,22.2508430480957,22.650463104248,16.2984085083008,14.438621520996099,14.888833999633801,14.5348949432373,17.3404235839844,15.765682220459,18.401290893554698,9.75900459289551,22.2742023468018,20.7191543579102,13.590051651001,14.218897819519,8.95396614074707,11.8832426071167,10.978160858154302,4.34495830535889,10.6206369400024
sub-0092,ses-03,run-05,pain,LOC,4,cueH_stimH,-5.576977729797361,-2.9309206008911097,-12.9402980804443,-15.2497043609619,3.6377329826355,-6.048657417297361,-6.7015242576599094,-1.9295458793640101,5.66477108001709,-22.322904586792003,-5.55130672454834,2.9789581298828103,-9.963603019714359,-15.4091262817383,23.594825744628896,-5.209070205688481,19.0446529388428,0.18167495727539104,-6.05636024475098,8.23251342773438,-5.80401802062988,0.304534912109375,-29.531078338623,-21.8810520172119,-13.3654270172119,-17.768503189086896,2.55990600585938,-12.5634250640869,-11.438661575317399,5.339447021484379,1.4137248992919902,0.89130973815918,-5.8435344696044895,-1.89591407775879,19.4632301330566,-4.63073921203613,15.4989547729492,-9.14620971679688,-8.46043014526367,-15.5822219848633,-16.1977233886719,-4.304639816284181
sub-0092,ses-03,run-05,pain,LOC,4,cueL_stimH,8.93587493896484,22.2746505737305,42.3623695373535,19.5666942596436,-1.94630599021912,23.425268173217802,14.108161926269501,4.664039611816411,23.0184898376465,27.923267364502,2.3701400756835898,-2.51565718650818,11.491375923156701,11.0131893157959,-33.2313385009766,-2.3799631595611603,-10.5761003494263,12.0204343795776,-5.387606620788571,-20.266323089599602,-32.4531440734863,-8.59245109558105,-21.311990737915,-19.1989154815674,-14.298480987548801,-10.031362533569302,4.88501739501953,0.140848159790039,-1.3568191528320301,-2.1800537109375,-11.558629989624,-2.5471305847168,-9.50229644775391,-1.04679870605469,-11.847038269042999,26.124828338623,-10.7600555419922,-15.117000579834,-15.220909118652301,-19.2254867553711,-11.951465606689501,-20.069492340087898
sub-0092,ses-03,run-05,pain,LOC,4,cueH_stimM,-15.9668607711792,18.4555358886719,25.0806007385254,3.36290168762207,13.454725265502901,34.2039794921875,30.9215278625488,27.859243392944304,53.12654113769529,59.344329833984396,45.901096343994105,37.0930938720703,38.373481750488295,0.0750569105148315,18.0127639770508,26.386289596557603,46.499935150146506,-11.4132690429688,-0.708484530448914,-15.9940719604492,-5.58471155166626,20.7253952026367,11.0458641052246,2.22192001342773,8.17892646789551,3.98637199401855,-5.68929481506348,-3.06472301483154,-2.94655990600586,-8.63596534729004,-7.8005657196044895,-2.9381504058837904,-27.9532737731934,-3.8157978057861297,-18.8862228393555,-2.92428588867188,-16.7556571960449,-9.36713409423828,1.3830871582031203,-7.50438690185547,-21.4919967651367,-41.929962158203104
sub-0092,ses-03,run-05,pain,LOC,4,cueL_stimM,8.559848785400389,22.077556610107397,-0.12098503112792998,27.8055400848389,15.556218147277802,7.316058158874509,18.845085144043,26.0240535736084,45.9879035949707,45.5463333129883,5.35784912109375,14.213538169860803,24.2729301452637,-0.539447784423828,10.5481786727905,9.1353006362915,17.5683059692383,2.08583211898804,-2.7938654422759996,5.2140388488769505,-4.67168235778809,-3.29994893074036,-2.60446548461914,-22.144311904907198,-28.530128479003896,3.9380350112915,-1.3358840942382801,-13.1523494720459,-6.5027179718017605,1.92708969116211,-19.2465724945068,-13.5841236114502,-23.699577331543,-17.9616851806641,-21.8113670349121,-20.0845947265625,-26.6142559051514,-17.39328956604,-14.9169273376465,-32.6416702270508,-24.773357391357397,-24.935100555419897
sub-0092,ses-03,run-05,pain,LOC,4,cueH_stimL,-2.78612494468689,7.54096984863281,18.9536437988281,-7.6635227203369105,29.068626403808604,22.975757598877,38.144767761230504,34.340377807617195,25.639644622802702,41.7450103759766,37.0810394287109,14.2907037734985,24.6605339050293,22.7419109344482,-6.39211654663086,-3.02321147918701,0.933473348617554,-12.9352922439575,-17.157693862915,12.7171154022217,-1.4798583984375,5.78478908538818,14.7451019287109,5.8833942413330105,-1.5098361968994098,-17.7448043823242,-7.20721435546875,4.50862312316895,-4.0922966003417995,22.4540843963623,3.7346210479736297,2.88131332397461,17.2796516418457,6.608478546142581,-2.7150840759277304,9.62384033203125,-3.49343872070312,-12.101314544677699,-7.09750747680664,10.588317871093802,-7.13802337646484,-10.5717639923096
sub-0092,ses-03,run-05,pain,LOC,4,cueL_stimL,32.5142135620117,35.054538726806605,42.8394012451172,50.6009750366211,51.7413139343262,61.2378540039062,44.6735153198242,50.8309326171875,25.7340297698975,10.0619373321533,12.7874250411987,22.0062065124512,40.1970100402832,11.5663452148438,5.04679584503174,17.171573638915998,17.8162803649902,-0.75580883026123,-3.30065202713013,-7.34780645370483,-13.785972595214801,-28.154537200927702,-8.17359924316406,-26.1531867980957,-39.481208801269496,7.262653350830081,-36.104679107666,-34.547355651855504,-50.5456771850586,-38.8371086120605,-28.3749809265137,-29.944280624389602,-39.3312835693359,-44.341957092285206,-32.168899536132805,-26.689109802246104,-26.3382377624512,-26.954336166381804,-20.4906902313232,-15.667370796203599,-29.390686035156197,-43.87117004394529
sub-0092,ses-03,run-05,pain,LOC,4,rating,-1.85125875473022,-1.0126028060913101,-2.43456172943115,-6.01322460174561,-1.9409103393554699,-1.08560371398926,3.35921096801758,0.0796432495117188,15.950231552124,12.301197052002001,14.400196075439501,14.310899734497099,20.1119365692139,12.2205963134766,9.4235782623291,19.7628211975098,11.5503082275391,7.9824714660644505,10.2420387268066,11.711917877197301,5.40042877197266,2.21017146110535,0.0380032062530518,9.21316528320312,6.88231706619263,8.20655918121338,5.98838806152344,7.99065351486206,1.75534665584564,1.9927265644073502,8.16581916809082,3.7623553276062,2.1241695880889897,10.150625228881802,8.08154296875,-1.1250514984130902,0.671364784240723,-2.5634968280792205,-7.45548343658447,2.5717608928680398,0.0169334411621094,-3.8892426490783705
sub-0092,ses-03,run-05,pain,LOC,4,cue,6.282161712646481,3.7499351501464804,3.1870098114013703,4.69047164916992,2.8432025909423797,1.31173515319824,6.4926433563232395,11.5443820953369,-1.57501602172852,3.7256450653076203,4.8598747253417995,13.899778366088901,2.97978973388672,9.52407836914062,9.79826736450195,1.4829292297363301,-0.668491363525391,-4.48393249511719,-1.2752494812011699,0.976963043212891,-0.7907485961914059,-1.4010810852050801,-0.674114227294922,-14.005113601684599,-21.083339691162102,-22.05198097229,-28.630239486694304,-22.3589134216309,-25.4891738891602,-20.9433345794678,-14.3610382080078,-22.3362159729004,-27.447391510009798,-8.12008666992188,-14.246788024902301,-11.0312957763672,-18.4963150024414,-14.769389152526902,-15.0689363479614,-4.2503490447998,-8.31918525695801,-3.2586021423339804
sub-0092,ses-03,run-05,pain,LOC,45,cueH_stimH,-3.9614839553832994,-15.3978052139282,-20.7763061523438,-16.2624015808105,-11.250877380371099,-11.841794967651401,-18.590612411499,-18.0489444732666,-29.264232635498,-25.8718376159668,-31.757247924804698,-52.9169921875,-48.978118896484396,-54.039878845214794,-35.287391662597706,-28.2833652496338,-37.5120849609375,-32.6008148193359,-35.8425140380859,-29.105026245117198,-14.887388229370101,-15.459897994995101,-27.832321166992198,-25.1035594940186,-21.9088573455811,-39.7712860107422,-26.2480907440186,-40.6894989013672,-37.5676727294922,-37.3477020263672,-23.369270324707,-15.826343536377001,3.70724868774414,-30.412286758422898,-23.8740558624268,-26.919252395629897,-11.8311309814453,-21.2828254699707,-25.4671440124512,-24.8733596801758,-22.379440307617198,-33.1193695068359
sub-0092,ses-03,run-05,pain,LOC,45,cueL_stimH,-19.0939788818359,-17.8664588928223,-1.9316132068634,-10.689661026001,-14.9590530395508,-22.5726165771484,-13.965074539184599,-17.3337383270264,-17.8267211914062,-28.5048179626465,-15.528440475463901,-34.6706886291504,-26.0706520080566,-25.6694984436035,-30.4916820526123,-25.382642745971697,-34.9585952758789,-23.1957855224609,-20.542387008667,-26.7012405395508,-42.1940269470215,-34.9165878295898,-52.0326080322266,-45.318489074707,-44.731071472168,-31.1715488433838,-19.242919921875,-15.460023880004899,-33.310821533203104,-32.6126098632812,-26.584283828735398,-27.048660278320302,-33.1774368286133,-30.471477508544897,-23.5515403747559,-26.0581741333008,-14.5078735351562,-21.151386260986303,-3.9204254150390603,-10.3498649597168,0.0820121765136719,3.9963340759277304
sub-0092,ses-03,run-05,pain,LOC,45,cueH_stimM,-1.8788385391235398,1.2833175659179699,5.60829591751099,14.025474548339801,15.8243560791016,-3.2164113521575897,12.8182220458984,3.4135115146637003,13.200244903564501,16.5437316894531,25.6437816619873,21.457317352294897,21.6502285003662,19.3255405426025,21.1874599456787,9.37236404418945,7.564006805419919,14.1245880126953,-0.356529295444489,-0.888249397277832,7.07945013046265,-0.728662490844727,-10.5688438415527,-18.868968963623,0.6209421157836911,-5.76226139068604,-14.3375701904297,-17.9964599609375,-12.3320865631104,-11.631000518798801,-18.611629486084002,-11.5585269927979,-21.5923175811768,-22.844301223754897,-27.290599822998,-34.710315704345696,-27.6648979187012,-33.0042190551758,-24.337326049804698,-18.1811294555664,-18.4979782104492,-20.5675048828125
sub-0092,ses-03,run-05,pain,LOC,45,cueL_stimM,7.9972019195556605,17.6820793151855,11.6854591369629,13.484935760497999,8.88603115081787,9.892232894897461,4.54809093475342,-0.0162143707275391,-6.32778072357178,-9.65415668487549,-19.9754543304443,-19.8551807403564,-23.650264739990202,-21.5265617370605,-42.2658729553223,-28.3931045532227,-22.6965827941895,-39.4758262634277,-35.8698883056641,-31.598289489746104,-19.852886199951197,-17.0679225921631,-24.948356628418,-17.1023788452148,2.45820045471191,9.75817394256592,-4.878625869750981,-20.172925949096697,-25.7438850402832,-39.409660339355504,-38.1007423400879,-29.4563159942627,-36.6864738464355,-35.594944000244105,-28.1017189025879,-37.546470642089794,-42.4149169921875,-31.2350578308105,-36.109073638916,-31.166692733764602,-32.1818466186523,-26.06862449646
sub-0092,ses-03,run-05,pain,LOC,45,cueH_stimL,25.1725177764893,32.6640472412109,45.252384185790994,39.7599639892578,44.5170974731445,58.29512023925779,52.4618072509766,59.50898742675779,67.7252731323242,57.2002296447754,53.481475830078104,37.581935882568395,38.203529357910206,33.2397270202637,34.088161468505895,31.1128273010254,33.6413803100586,31.0069732666016,27.4696235656738,20.2027797698975,14.050008773803699,5.2798180580139205,22.2540340423584,3.9369726181030296,19.3059062957764,2.55077171325684,-2.49878692626953,-2.38417625427246,6.27209281921387,6.7563190460205105,12.287904739379899,11.8212356567383,11.9728355407715,8.44187927246094,1.06808853149414,-7.64002990722656,-2.76568603515625,-2.7204360961914102,4.95841979980469,6.908721923828121,12.80126953125,5.23468017578125
sub-0092,ses-03,run-05,pain,LOC,45,cueL_stimL,2.6619453430175803,8.59750556945801,3.42113828659058,6.61605262756348,4.571069717407231,-9.52032947540283,-11.7742052078247,-2.29111671447754,-14.4436779022217,-35.694007873535206,-23.457229614257802,-30.7430114746094,-41.5389175415039,-41.7228202819824,-51.9847564697266,-44.3499565124512,-58.5224380493164,-62.8779716491699,-75.3841934204102,-57.164154052734396,-61.492431640625,-56.909496307373,-59.5476303100586,-56.5771408081055,-48.05012512207029,-46.998573303222706,-58.9489212036133,-63.6324462890625,-63.6679153442383,-70.61309814453121,-76.26402282714841,-70.4138946533203,-72.51373291015621,-63.6290283203125,-55.2062301635742,-36.490242004394496,-41.9402923583984,-41.5727195739746,-37.305946350097706,-37.9186553955078,-36.9504737854004,-42.743446350097706
sub-0092,ses-03,run-05,pain,LOC,45,rating,-7.7420163154602095,-8.01296424865723,-12.4359397888184,-5.85898399353027,-6.7356681823730495,-4.72070503234863,-2.0993022918701203,-0.537239074707031,2.4489994049072297,0.9991779327392579,1.8498725891113301,1.61945152282715,1.5186061859130902,0.977142333984375,-1.9601249694824199,-0.710323333740234,-0.187080383300781,-3.10031127929688,-6.90297508239746,-9.807271003723141,-11.198149681091301,-9.63973808288574,-19.4192581176758,-20.5200023651123,-21.775959014892603,-22.1951580047607,-27.6124572753906,-30.8247890472412,-30.958559036254897,-33.4679145812988,-33.4587554931641,-28.1526947021484,-26.8121128082275,-22.5078277587891,-20.0268821716309,-19.8842735290527,-18.532537460327102,-19.6493549346924,-17.4113159179688,-11.9198951721191,-15.878013610839801,-9.73982334136963
sub-0092,ses-03,run-05,pain,LOC,45,cue,9.7825927734375,13.1051177978516,7.73454093933105,8.45862579345703,11.635723114013699,12.941286087036099,20.8559284210205,18.5551605224609,22.519662857055696,22.9670600891113,23.9811820983887,18.67453956604,20.414470672607397,19.931095123290998,22.9156684875488,20.035747528076197,23.393367767334,22.4182510375977,18.1354293823242,16.4797973632812,9.70962524414062,11.438480377197301,12.7942771911621,17.5659523010254,3.9261150360107404,4.23161888122559,-0.27119255065917997,2.49537467956543,3.3307805061340297,-1.27879333496094,2.2040424346923797,4.38753318786621,2.83504104614258,1.79254531860352,9.84724521636963,5.531414031982419,7.8465871810913095,0.735786199569702,8.12699317932129,4.68098783493042,1.48631143569946,-2.30890846252441
sub-0092,ses-03,run-05,pain,LOC,46,cueH_stimH,-7.542880058288571,-3.69676876068115,-2.4900150299072297,-1.64013767242432,-6.38071489334106,4.80965900421143,-4.234599590301509,4.20620059967041,-8.22220039367676,0.20725154876708998,6.731656074523929,-11.9775552749634,-2.7464799880981405,-7.7618083953857395,13.757597923278801,-9.14830684661865,1.0695152282714802,10.2186918258667,9.25337982177734,-9.30364608764648,9.48859977722168,7.33259391784668,-13.6832847595215,-15.6400718688965,-15.6061363220215,-0.90495491027832,1.86726188659668,-5.10906410217285,2.17292594909668,19.405797958374,4.03595924377441,21.297397613525398,12.640369415283198,10.4261035919189,11.0974063873291,1.5434455871581998,-4.23688125610352,-13.5062408447266,-17.3136253356934,-8.95415496826172,-9.86294555664062,-9.99538803100586
sub-0092,ses-03,run-05,pain,LOC,46,cueL_stimH,11.6413660049438,26.046138763427702,40.5307655334473,28.7600746154785,27.9593448638916,40.6588897705078,35.545768737793004,33.509567260742195,28.0438175201416,35.6723861694336,30.8059005737305,11.218648910522498,24.658758163452102,6.44242811203003,13.0458221435547,4.0570240020752,12.6185150146484,6.250910758972171,22.704792022705103,8.43914127349854,-1.53971672058105,13.3844413757324,-5.25345993041992,-7.59025382995605,1.2554988861084,7.724542617797849,16.3489265441895,11.038097381591802,9.51964569091797,-6.02957534790039,-13.782711029052699,-9.87762451171875,-9.66891479492188,3.26195526123047,-6.5684700012207005,-9.3239860534668,-10.1291656494141,-12.079486846923801,-11.612171173095698,-6.64472198486328,-9.9874267578125,-6.461299896240231
sub-0092,ses-03,run-05,pain,LOC,46,cueH_stimM,-7.75240516662598,10.453819274902301,20.783504486084002,15.661322593689,28.229959487915,13.703425407409698,47.9192428588867,46.1689796447754,40.422554016113295,60.4001884460449,42.8176689147949,53.5481147766113,44.263580322265604,31.957162857055696,35.280387878418004,29.7702960968018,33.294055938720696,11.9614992141724,5.53580665588379,9.57811260223389,8.168712615966799,15.9132719039917,1.67142677307129,-2.51820850372314,-0.48226356506347706,-22.419372558593803,-16.936214447021502,-24.863597869873,-23.367002487182603,-22.696105957031197,-28.944766998291,-17.0839824676514,-23.8534641265869,-30.835891723632802,-19.235904693603498,-33.9671783447266,-19.2523155212402,-22.5776901245117,-33.9621047973633,-28.7814445495605,-26.4549827575684,-6.15901184082031
sub-0092,ses-03,run-05,pain,LOC,46,cueL_stimM,16.127025604248,18.638957977294897,13.8169918060303,24.1877040863037,19.572002410888697,24.764324188232397,25.8355865478516,31.900432586669897,35.461235046386705,25.4803524017334,19.3635139465332,24.4913902282715,35.5524139404297,26.1659317016602,26.1240043640137,42.0447006225586,41.7653312683105,31.836404800415,29.0077209472656,34.8903160095215,19.7766799926758,12.596066474914599,13.2640390396118,6.173752784729,11.6336259841919,2.3222427368164102,1.39565658569336,-17.2849102020264,-7.77146339416504,-14.062807083129899,-3.15874481201172,-26.6154670715332,-25.538108825683604,-15.4015159606934,-16.7624855041504,-24.735046386718803,-34.341796875,-14.272420883178699,-23.6601161956787,-21.397169113159197,-28.8841552734375,-18.6534194946289
sub-0092,ses-03,run-05,pain,LOC,46,cueH_stimL,9.60657024383545,12.6687622070312,3.35004734992981,10.295784950256301,20.3769836425781,25.269437789917003,28.6462249755859,30.3663063049316,37.059043884277294,27.476852416992198,26.1701602935791,11.1101579666138,30.5262718200684,15.3130369186401,22.301378250122102,-6.60865783691406,12.5659427642822,9.64155006408691,3.3266043663024902,-1.67109394073486,7.06413078308105,-4.448233604431151,6.9532146453857395,-12.578110694885302,-10.560546875,-21.9414005279541,-22.024915695190398,-16.8751525878906,-19.9632511138916,-16.4967384338379,-12.579212188720698,-9.94432830810547,-5.91849517822266,-13.310752868652301,-19.1571197509766,-21.191085815429698,-29.7638130187988,-22.65087890625,-23.217185974121104,-17.8688125610352,-23.588333129882802,-14.869850158691401
sub-0092,ses-03,run-05,pain,LOC,46,cueL_stimL,50.6500015258789,41.5421600341797,50.3622436523438,44.897525787353494,43.9580879211426,50.6296806335449,56.8887825012207,72.8549880981445,49.9862403869629,36.2352447509766,44.9524726867676,49.270603179931605,36.62109375,29.743032455444304,29.225364685058604,26.6328315734863,8.15163230895996,-2.36813688278198,-17.6801643371582,-9.87654495239258,-20.426248550415,-33.355865478515604,-31.4042663574219,-31.3851013183594,-37.007621765136705,-32.396484375,-36.7678375244141,-47.0065994262695,-53.0145683288574,-61.8381004333496,-63.7461166381836,-56.8690719604492,-50.9066696166992,-44.362644195556605,-44.7814407348633,-30.6003112792969,-18.900463104248,-20.222919464111303,-19.2230262756348,-20.111415863037102,-21.4201374053955,-27.0471458435059
sub-0092,ses-03,run-05,pain,LOC,46,rating,-2.66125345230103,-0.0418300628662109,-1.7179975509643601,4.29615211486816,7.356427192687991,8.110973358154299,13.7039546966553,19.9638080596924,21.1880702972412,26.6923503875732,25.234073638916,28.3731479644775,21.2673110961914,20.6324157714844,20.9219665527344,21.331556320190398,20.423114776611303,14.468979835510302,17.3369522094727,16.760799407959002,15.0251617431641,6.78408241271973,9.390302658081051,12.4535808563232,8.85712814331055,10.4228515625,7.331213474273679,9.63509368896484,8.90803909301758,2.3835203647613503,8.045886039733888,10.2118291854858,9.6359920501709,16.1106910705566,13.2962293624878,10.8983516693115,4.87562942504883,6.66810512542725,2.10923194885254,-0.44061589241027793,-2.13233089447021,0.228703498840332
sub-0092,ses-03,run-05,pain,LOC,46,cue,3.60688018798828,-1.7669563293456998,-2.6370620727539102,-3.73181915283203,4.65017509460449,5.51181411743164,4.5032901763916,3.46914100646973,3.55038833618164,4.66809844970703,0.166179656982422,-5.3122673034667995,-5.67368316650391,-9.07107925415039,-5.957500457763669,-8.93345260620117,-2.41080093383789,-9.80174255371094,-9.04383087158203,-9.09095764160156,-20.14404296875,-12.543476104736301,-18.7057991027832,-29.415468215942397,-28.613714218139602,-32.4801902770996,-26.5555725097656,-34.3135452270508,-34.0803260803223,-37.4810180664062,-34.533447265625,-35.549507141113295,-35.7277603149414,-26.663476943969698,-22.9393692016602,-26.2728996276855,-23.393802642822298,-31.0775527954102,-13.0311946868896,-15.562724113464402,-10.292743682861301,-12.2429962158203
sub-0092,ses-03,run-06,vicarious,LOC,279,cueH_stimH,-9.55955219268799,3.00993156433105,-5.18770313262939,-4.03591632843018,8.06582450866699,17.3171043395996,18.2155380249023,8.01388549804688,8.2972240447998,-1.9946479797363301,-5.30980491638184,5.64104127883911,-3.5842304229736297,3.77971696853638,17.9256820678711,12.000824928283699,14.512098312377901,9.64777183532715,3.48377323150635,-1.5827798843383798,0.730815827846527,-10.1017818450928,-7.523009777069089,1.14523124694824,8.7188720703125,12.2793312072754,6.36828899383545,0.731988430023193,-9.86952114105225,-15.874027252197301,-8.51132488250732,-19.2391681671143,-23.1441841125488,-6.51900482177734,-14.3318939208984,4.2010235786438,-10.2866954803467,-1.6775817871093797,-9.226785659790039,-1.0847568511962902,-0.325546741485596,-8.20326709747314
sub-0092,ses-03,run-06,vicarious,LOC,279,cueL_stimH,10.2930431365967,15.6518726348877,0.0281572341918945,19.9447708129883,-0.894173264503479,6.7116003036499,0.88388729095459,6.14330720901489,21.9557800292969,-4.6768693923950195,9.54427337646484,-5.277612686157231,10.386100769042999,-2.42775964736938,6.80998134613037,15.647813796997099,19.7233810424805,25.695257186889602,-5.188231468200679,7.38403749465942,7.5796627998352095,0.7361543774604801,-5.36642742156982,7.36706829071045,-0.273223370313644,3.5084443092346205,3.84662914276123,-4.31296348571777,17.7797679901123,2.42753028869629,18.7579383850098,6.026005744934079,-5.03973388671875,-12.2547168731689,2.419189453125,-13.909097671508801,-18.4859600067139,4.492183208465581,1.86317443847656,4.7981681823730495,3.03624534606934,2.67564582824707
sub-0092,ses-03,run-06,vicarious,LOC,279,cueH_stimM,16.7588233947754,12.789775848388699,0.337286949157715,8.7202091217041,-16.6985282897949,-0.37355566024780296,-11.1517724990845,5.8668308258056605,6.750807762146,-14.549623489379899,-0.922221302986145,-15.812302589416499,-16.8768997192383,-3.0958776473999,15.040885925292999,8.98724365234375,4.4769229888916,5.43088293075562,-5.20660877227783,-13.3690195083618,-17.922927856445302,-16.7638721466064,-25.4200801849365,-10.510150909423801,-10.4736070632935,8.20439052581787,-23.617774963378896,-8.879937171936039,-2.25378894805908,-16.6861953735352,-9.73532676696777,-7.0699138641357395,2.57655143737793,-0.46856689453125,-18.1803894042969,-12.5084400177002,-18.451717376709002,10.826751708984402,-6.25815582275391,5.72693634033203,2.72538948059082,7.88875579833984
sub-0092,ses-03,run-06,vicarious,LOC,279,cueL_stimM,-8.57895660400391,-12.968280792236301,-21.207612991333,-16.7317771911621,-15.766207695007301,-14.5092172622681,-2.1883387565612797,-6.79759979248047,-3.17538380622864,-11.956524848938,6.568102359771731,-1.9027111530304,-1.07824635505676,1.6640915870666497,-9.83730220794678,-3.13632774353027,-14.8205480575562,12.4307403564453,8.65850830078125,14.0257301330566,12.172976493835401,6.10467004776001,25.6332321166992,-10.154926300048801,9.92353439331055,-6.4830207824707005,9.49472427368164,3.8840179443359397,3.6376490592956503,-1.11208689212799,-11.635755538940401,-7.37164306640625,-10.5323963165283,0.567324638366699,-2.4585237503051802,13.313204765319801,2.54467535018921,6.11887359619141,2.52904462814331,7.59682846069336,3.6583919525146498,4.54786491394043
sub-0092,ses-03,run-06,vicarious,LOC,279,cueH_stimL,15.2615642547607,-1.19658946990967,20.150016784668,2.94217586517334,9.81224346160889,20.177555084228498,1.4655478000640902,14.042543411254899,-2.52740931510925,-0.431764125823975,7.779425144195559,11.723968505859402,11.854724884033198,13.1878089904785,23.4783058166504,15.6554574966431,23.909236907959,31.389589309692397,29.162956237793,33.906764984130895,27.399635314941396,35.5190925598145,9.63522434234619,18.6678829193115,-0.7040133476257321,10.3044490814209,11.2587375640869,6.8417501449585,-2.5498037338256805,2.7010045051574703,0.30308341979980497,-3.65713405609131,2.8211002349853502,6.55926322937012,0.583816528320312,9.92153930664062,-8.37566471099854,10.765739440917999,-5.80739784240723,8.53424835205078,-2.34237861633301,-13.004608154296902
sub-0092,ses-03,run-06,vicarious,LOC,279,cueL_stimL,-10.9375152587891,-16.3437252044678,19.0157871246338,-9.31153678894043,19.0028667449951,33.1918563842773,12.513814926147498,30.4428691864014,6.26998329162598,28.606470108032198,19.7057609558105,29.4056205749512,24.0331916809082,29.267343521118196,39.6108856201172,29.561792373657198,32.5058212280273,9.25362014770508,30.931077957153303,-0.29924964904785195,13.948413848877001,-13.2227010726929,7.5530085563659695,5.74564933776855,-5.026314735412599,-9.08230876922607,-7.40479850769043,17.794818878173803,-2.4216327667236297,25.390157699585,12.869039535522498,4.79680633544922,18.9393424987793,14.204071044921902,22.229537963867198,13.511103630065902,27.9087982177734,24.2628555297852,31.1157722473145,13.436408996582001,4.925758361816411,14.215391159057601
sub-0092,ses-03,run-06,vicarious,LOC,279,rating,-5.30901145935059,-17.248680114746097,-18.6844749450684,-17.499340057373,-19.588115692138697,-16.8652877807617,-17.859577178955103,-14.921388626098599,-17.9087905883789,-9.526388168334961,-13.0166778564453,-8.304332733154299,-5.56307411193848,0.5559210777282709,-4.65785217285156,0.0146045684814453,4.36722373962402,2.12830448150635,1.92037582397461,8.51476192474365,7.90320110321045,5.64930629730225,2.27909374237061,0.8478603363037109,0.156792402267456,-10.9606523513794,-6.01349973678589,-10.2468204498291,-6.429864406585691,-8.04573917388916,-4.69948816299438,-4.07417011260986,-11.1805152893066,-8.88442611694336,-15.3370532989502,-9.96638870239258,-8.36417579650879,-6.52830696105957,-3.66011548042297,-4.40142250061035,-8.84674453735352,-5.00677680969238
sub-0092,ses-03,run-06,vicarious,LOC,279,cue,4.061439514160161,6.43017578125,0.25346565246582003,4.32307815551758,0.8538742065429691,6.40647649765015,11.5590362548828,9.05622959136963,16.1322860717773,13.5182456970215,19.516206741333,19.9932537078857,20.3845310211182,22.9690284729004,24.2887077331543,19.426321029663104,20.162551879882802,10.8277978897095,9.65331077575684,5.74866008758545,13.5107421875,12.0641746520996,1.54382133483887,2.6179790496826203,4.27641296386719,-5.5960993766784695,0.6019368171691889,-10.1378803253174,-1.43121910095215,3.6604833602905296,-3.8626823425293,5.71714115142822,2.1417715549469,-5.79037714004517,-7.234838962554929,-15.260101318359402,-6.7962751388549805,-7.7817058563232395,2.70506620407104,-0.455899238586426,9.556093215942381,4.44047498703003
sub-0092,ses-03,run-06,vicarious,LOC,280,cueH_stimH,3.5857682228088397,1.65598487854004,7.23912572860718,5.16801166534424,9.78493976593018,9.66558837890625,10.2144908905029,2.5628833770752,2.88527083396912,5.34032440185547,18.932781219482397,12.885387420654302,19.7093505859375,31.561948776245103,34.9806976318359,41.246788024902294,39.6147041320801,55.9352912902832,48.0171051025391,43.8082962036133,44.4660797119141,35.9832611083984,23.824588775634798,25.3290004730225,22.577072143554698,20.8246440887451,20.657403945922898,6.5815167427063,-5.42418003082275,-11.1094331741333,-15.4513359069824,-17.3021926879883,-8.94215774536133,-6.45174407958984,-2.8942692279815696,2.18045282363892,9.40763759613037,9.636962890625,5.72740173339844,11.739709854126,6.3838801383972195,17.0168495178223
sub-0092,ses-03,run-06,vicarious,LOC,280,cueL_stimH,36.0884552001953,31.8236446380615,30.2490119934082,21.6880798339844,24.9884605407715,18.920944213867198,7.104458808898929,12.853020668029801,9.09755039215088,13.5055980682373,10.6181325912476,3.2208240032196005,20.259778976440398,13.967456817627001,23.6906929016113,26.97536277771,34.033935546875,29.7895069122314,26.2726364135742,27.5907897949219,17.9656963348389,16.081293106079098,6.06347942352295,1.06902408599854,2.97537064552307,4.24080371856689,-7.2924699783325195,0.257938385009766,-6.38449668884277,-5.8727092742919895,-6.77275848388672,2.6385688781738303,-4.5464363098144505,-4.02898120880127,-8.8013916015625,-19.6816177368164,-14.2546644210815,-2.99518632888794,-4.92181396484375,-6.8250846862792995,6.93792724609375,9.8686580657959
sub-0092,ses-03,run-06,vicarious,LOC,280,cueH_stimM,2.3316841125488303,-10.1924896240234,-3.70044708251953,-15.6131114959717,-8.041017532348631,-19.402681350708,-13.8749732971191,-17.1991672515869,-7.4336252212524405,-4.75265216827393,2.8175432682037402,6.58814287185669,12.251058578491199,23.0384635925293,44.0923385620117,33.596115112304695,47.366390228271506,41.6988372802734,36.876895904541,29.087457656860398,12.830487251281701,7.53712368011475,10.6739530563354,0.34816741943359397,2.9568145275116002,-13.169822692871099,-21.5368766784668,-23.6455459594727,-34.4122924804688,-34.7881469726562,-25.36549949646,-28.892578125,-27.357408523559602,-37.1728668212891,-28.683725357055696,-38.709266662597706,-34.2916870117188,-26.8483581542969,-21.0909633636475,-14.0397243499756,-12.4486541748047,-21.890079498291
sub-0092,ses-03,run-06,vicarious,LOC,280,cueL_stimM,-8.58355236053467,-11.678837776184098,-10.9117584228516,-9.63597011566162,-12.6720218658447,-2.82405281066895,6.97686672210693,12.909078598022498,10.65074634552,13.954002380371099,22.061464309692397,24.847677230835,25.7202167510986,21.909137725830103,20.05202293396,27.1943054199219,26.6160907745361,42.495521545410206,46.8040885925293,36.7418632507324,42.2443809509277,37.2720069885254,34.7689552307129,19.7553863525391,16.1481056213379,10.2744455337524,18.8301887512207,4.892311096191411,12.9633960723877,1.1893640756607098,2.75141072273254,-4.55413818359375,-2.42040538787842,0.754154205322266,6.738055229187009,2.65117311477661,3.16666531562805,-2.36475086212158,-3.04491424560547,-2.15518951416016,-7.160231590271,4.356065750122069
sub-0092,ses-03,run-06,vicarious,LOC,280,cueH_stimL,8.1300106048584,25.169164657592802,14.272725105285598,14.510405540466301,24.3269386291504,19.5286636352539,18.6419906616211,9.563539505004881,15.567889213562,27.191049575805696,30.1322746276855,35.0287704467773,40.603721618652294,36.295440673828104,46.903995513915994,49.204898834228494,50.8855400085449,71.0879669189453,72.21632385253909,71.7035369873047,63.31584167480471,66.3414154052734,52.530635833740206,46.848384857177706,42.3281211853027,44.7066230773926,34.2475814819336,33.454647064209,26.080154418945302,17.5400276184082,9.11854076385498,2.69780349731445,2.6201629638671897,1.95507431030273,-0.8801116943359379,-6.7255859375,-2.2722282409668,-5.40440368652344,-13.182003021240199,-0.581123352050781,-6.55322933197021,-1.6733779907226598
sub-0092,ses-03,run-06,vicarious,LOC,280,cueL_stimL,-20.3742446899414,-6.102289199829099,3.7886066436767596,11.382075309753402,28.0174713134766,25.498075485229503,37.6764717102051,28.4976234436035,35.4093818664551,36.2319755554199,38.269416809081996,58.2872200012207,49.508785247802706,57.8887329101562,63.7714767456055,64.0481109619141,46.61128234863279,60.480186462402294,56.1852684020996,53.267547607421896,44.5082397460938,37.9636840820312,43.812538146972706,38.6088714599609,28.637639999389602,3.78549456596375,19.910541534423803,10.565025329589801,21.932453155517603,20.8913269042969,19.06662940979,11.637083053588901,6.46525573730469,10.5749359130859,9.81924724578857,8.173351287841799,3.50152587890625,5.41349029541016,4.28042793273926,7.60365295410156,7.15566253662109,-0.58707332611084
sub-0092,ses-03,run-06,vicarious,LOC,280,rating,-9.770402908325199,-10.5308885574341,-8.374073028564451,-15.2109861373901,-10.2625551223755,-9.03646850585938,-8.28871917724609,-9.68686103820801,-9.13508605957031,-8.94579315185547,-2.8267974853515603,-3.43549656867981,1.4565844535827601,6.05043029785156,3.1240692138671897,4.194847106933589,2.4221248626708998,8.97813510894775,7.75626134872437,6.62357044219971,5.41209411621094,2.83566069602966,-2.81233859062195,-3.16281127929688,-7.3582267761230495,-9.457216262817381,-12.9594411849976,-13.814189910888699,-11.8012523651123,-12.6897869110107,-10.4481639862061,-14.2993316650391,-16.173805236816403,-21.5386753082275,-19.7366504669189,-17.574661254882802,-15.3355045318604,-14.5037288665771,-8.9199333190918,-10.2490653991699,-13.7510213851929,-11.6947078704834
sub-0092,ses-03,run-06,vicarious,LOC,280,cue,10.3823184967041,6.2687292098999,4.31061744689941,1.77472496032715,2.9706020355224596,2.5760345458984397,7.4574670791626,11.098411560058599,8.593812942504881,15.4551668167114,14.0077877044678,18.410343170165998,24.5498886108398,27.4231910705566,24.7588920593262,30.6959037780762,27.2040328979492,23.0843830108643,19.033401489257802,14.612895965576199,17.7327194213867,14.2848434448242,14.453519821167,14.7637271881104,6.77874851226807,13.012804985046401,9.38075923919678,9.64984512329102,9.32865524291992,8.46236896514893,6.42997121810913,4.04856300354004,-4.26393699645996,-4.04819202423096,-17.887903213501,-10.7412424087524,-12.454784393310499,-5.877118110656741,-4.96476030349731,-7.02846240997314,-1.4995236396789597,-2.44295930862427
sub-0092,ses-03,run-06,vicarious,LOC,281,cueH_stimH,7.209152698516849,7.824862480163571,12.1096296310425,1.3937268257141102,12.6592655181885,16.1841869354248,11.732810974121099,-3.75545072555542,7.40599727630615,-3.88532447814941,15.392210006713901,15.0488014221191,10.8410587310791,19.6751689910889,29.941614151001,12.9449882507324,19.9846229553223,25.6992244720459,21.7047653198242,18.7448120117188,9.2049446105957,16.0095729827881,7.6112165451049805,24.855426788330103,26.6700496673584,13.7248201370239,21.425537109375,-0.485899686813354,5.5998654365539595,-2.7655239105224596,-14.2623205184937,1.3444137573242199,7.58070373535156,2.52334594726562,0.6009117960929871,16.590259552002,12.972240447997999,6.93353271484375,8.482631683349611,11.1858949661255,0.6660165786743161,17.0959453582764
sub-0092,ses-03,run-06,vicarious,LOC,281,cueL_stimH,18.0091514587402,26.0724563598633,14.6308345794678,19.1857089996338,22.5304260253906,19.8461990356445,3.68307733535767,14.2543592453003,16.5870513916016,11.9894962310791,8.99382305145264,8.30125427246094,11.4902830123901,12.6136131286621,11.568939208984402,24.960163116455103,19.215040206909197,10.054965019226099,5.41342306137085,1.32237100601196,6.86537075042725,-11.082272529602099,-13.078104019165002,1.44708180427551,-4.09185314178467,-16.346511840820302,-15.1476440429688,-10.6919384002686,-9.13984107971191,-7.752300262451169,-4.97416687011719,-9.25723266601562,-14.376256942749,-14.708377838134801,-9.3846435546875,-33.522430419921896,-24.088871002197298,5.743431568145749,-3.98648071289062,-0.7733230590820309,13.719144821167,6.538921356201169
sub-0092,ses-03,run-06,vicarious,LOC,281,cueH_stimM,-2.6220932006835898,7.83704280853271,-5.752826690673831,-14.453819274902301,-6.26981019973755,-18.9827499389648,-13.2257328033447,2.8770737648010294,-8.55519104003906,3.32807350158691,-1.83239305019379,0.474026679992676,13.6626787185669,5.62794399261475,47.7996406555176,22.465444564819304,22.7050666809082,22.26633644104,7.733221054077151,4.9662709236145,-4.222835063934331,-14.3616142272949,-10.088921546936001,-6.19352245330811,-1.22520422935486,-21.1166038513184,-11.5433692932129,-29.1600151062012,-36.818061828613295,-16.7756748199463,-25.5192852020264,-14.8038940429688,-14.5590991973877,-34.436477661132805,-27.8661708831787,-25.4990291595459,-26.0298023223877,-13.339958190917999,-2.53640556335449,-11.883819580078098,4.15578365325928,-6.52299308776855
sub-0092,ses-03,run-06,vicarious,LOC,281,cueL_stimM,-10.631525039672901,-9.916544914245609,7.4036159515380895,1.23211097717285,-6.89328908920288,2.91128945350647,5.8732213973999,-1.7251558303833001,-12.9754219055176,3.45518255233765,-0.15101408958435097,9.91901874542236,1.26522493362427,4.71739387512207,2.49902749061584,-8.30090999603271,1.67206847667694,2.61174583435059,9.76216983795166,16.1505393981934,10.0386800765991,9.36141967773438,5.4243893623352095,-4.49214744567871,-12.754103660583501,-4.636527061462401,-13.0682220458984,-15.373260498046902,-8.51163291931152,1.9430180788040199,-4.03899765014648,-8.44729614257812,-3.888352394104,-1.30674934387207,-1.77965450286865,7.916943550109861,11.2346096038818,20.7311058044434,-0.430357694625854,-2.9970216751098597,-12.6798839569092,-3.93986129760742
sub-0092,ses-03,run-06,vicarious,LOC,281,cueH_stimL,23.5907249450684,13.7195730209351,23.7363967895508,31.115306854248,31.7138938903809,35.498260498046896,23.8444385528564,10.9974756240845,13.9689292907715,30.6556911468506,24.2041873931885,32.5070762634277,28.8164882659912,16.9146709442139,21.529518127441396,36.5823211669922,20.8956413269043,49.935089111328104,42.1938438415527,52.288600921630895,44.9173812866211,41.0687484741211,19.566011428833,23.517427444457997,13.2747554779053,16.9129486083984,18.1766052246094,17.6984539031982,14.1894359588623,16.102115631103498,15.750020980834998,2.72948551177979,0.43995285034179704,12.338062286377001,6.97072601318359,2.21405792236328,0.811539649963379,-12.0846557617188,1.3508727550506598,-4.10906219482422,5.94278812408447,9.74876403808594
sub-0092,ses-03,run-06,vicarious,LOC,281,cueL_stimL,-10.1188087463379,-2.0320796966552703,7.34357500076294,-1.31892585754395,18.1526412963867,19.9339981079102,14.187050819397,16.16552734375,21.322278976440398,17.6829528808594,18.7631855010986,26.832443237304698,13.4081172943115,28.4235649108887,30.9456577301025,40.7067108154297,36.021232604980504,29.589166641235398,25.0150451660156,23.1507225036621,1.6955423355102501,2.96562457084656,12.3882446289062,-6.4740276336669895,-9.83084774017334,-7.88480806350708,3.23717904090881,0.8513445854187008,12.935830116272,7.3261213302612305,-9.99466133117676,-11.141979217529302,22.241722106933604,7.21614074707031,5.56235313415527,15.834310531616199,11.5881195068359,10.677009582519501,13.768479347228999,16.6640510559082,6.82206726074219,9.12773704528809
sub-0092,ses-03,run-06,vicarious,LOC,281,rating,-11.521470069885302,-13.206808090210002,-10.739646911621099,-15.1961832046509,-7.43919277191162,-5.05747318267822,-5.8259983062744105,-5.0474967956542995,-3.95197868347168,-5.17069816589355,2.1533660888671897,1.18286967277527,3.70112228393555,3.26018524169922,0.438430786132812,-0.903995513916016,-2.33145332336426,3.49606800079346,3.65255069732666,2.41040992736816,0.39115142822265603,1.77698302268982,-1.47450709342957,-1.06040954589844,-7.151118278503421,-5.35608434677124,-8.071141242980959,-2.2807035446167,-4.87815570831299,-8.326916694641112,-7.4735407829284695,-9.63557243347168,-14.562931060791,-13.036314010620101,-11.188951492309599,-15.270875930786099,-11.4266033172607,-9.85352325439453,-2.51054430007935,-9.40567302703857,-9.6422176361084,-5.748409271240231
sub-0092,ses-03,run-06,vicarious,LOC,281,cue,4.79190254211426,0.923624992370605,-0.674892425537109,-1.7442507743835403,2.79519081115723,0.9167551994323729,5.7348747253417995,10.8008508682251,8.182826042175291,12.4473457336426,10.967542648315401,8.351039886474611,11.201061248779302,14.239673614502001,10.399433135986301,16.2729835510254,10.755607604980499,3.2336397171020494,10.1832733154297,6.90030670166016,12.382080078125,5.27488327026367,9.98092269897461,8.007228851318361,-0.286705017089844,-1.46936893463135,1.8227443695068402,-0.253098011016846,-1.76392459869385,-2.37118911743164,-0.613933086395264,-5.39526891708374,-11.9439373016357,-9.82421875,-23.5422382354736,-13.8897190093994,-8.33442211151123,-2.4375157356262203,6.65466547012329,-3.1966552734375,-1.88778257369995,5.32796812057495
sub-0092,ses-03,run-06,vicarious,LOC,282,cueH_stimH,-4.099840164184569,5.159942626953121,-10.0417156219482,-8.90607643127441,10.9748783111572,-2.98952102661133,4.17843437194824,1.05287551879883,-20.2636833190918,-18.8808975219727,-7.128625392913821,0.51853084564209,8.675511360168459,10.7747325897217,25.731786727905302,24.0078830718994,27.729251861572298,22.3296737670898,-4.11053466796875,23.8986835479736,1.3857386112213101,10.7444972991943,3.41879343986511,-2.79463577270508,14.4447994232178,5.25810813903809,3.9977264404296897,-5.55082082748413,5.004461765289309,-22.2324752807617,-13.3619890213013,-10.775856018066401,-17.409931182861303,-13.7092132568359,-27.843675613403303,-12.9696359634399,-11.406662940978999,1.7734069824218797,-2.7356586456298797,-3.71558952331543,2.48562574386597,-30.3372440338135
sub-0092,ses-03,run-06,vicarious,LOC,282,cueL_stimH,-11.3489646911621,9.3537540435791,3.8902227878570597,12.6315631866455,-6.00416612625122,-2.8940038681030296,-1.02901840209961,-9.284524917602539,1.37963724136353,-11.471554756164599,-9.0069055557251,-19.7884693145752,-5.832359790801999,-12.939544677734402,-5.764617919921879,12.449094772338901,23.6334552764893,40.670402526855504,22.810054779052702,11.715513229370101,11.0223712921143,13.3394412994385,9.83895015716553,-3.0011754035949703,9.19201374053955,6.917011260986331,8.88495826721191,3.99604606628418,15.215747833252001,5.506658554077151,10.388450622558599,-1.1119785308837902,9.51215171813965,-15.5797367095947,3.7822265625,-5.49769496917725,-19.951824188232397,-6.86769008636475,-14.205108642578098,-8.43914031982422,-19.8554401397705,6.02923774719238
sub-0092,ses-03,run-06,vicarious,LOC,282,cueH_stimM,-2.25312042236328,-7.548822402954099,-1.8639020919799798,4.832262992858889,-5.81795454025269,-4.20341110229492,-9.46681213378906,-2.44513392448425,-3.48615646362305,-16.0136680603027,18.509901046752898,13.2839365005493,-16.5928115844727,28.361770629882802,29.5657062530518,40.756927490234396,24.6045322418213,32.930065155029304,19.9970207214355,2.97863101959229,-13.111875534057601,-12.990297317504899,-3.5159604549408,-0.670602798461914,-17.4901504516602,8.578615188598631,-5.95312595367432,-17.2658863067627,-3.91812610626221,-36.616950988769496,-28.4650001525879,-28.1380271911621,-18.4725093841553,-9.05050659179688,-36.735282897949205,-25.8765144348145,-41.24460983276371,-15.6202545166016,-12.4933729171753,-1.14119148254395,-4.65541553497314,14.205951690673801
sub-0092,ses-03,run-06,vicarious,LOC,282,cueL_stimM,-22.4504508972168,-7.4543781280517605,-43.0974349975586,-28.116605758667003,-21.9597988128662,-24.2451248168945,-8.01706981658936,-2.1059761047363303,-8.758387565612791,-10.6694593429565,-11.7016754150391,-20.528959274292,-5.50742435455322,-2.9047691822052,-23.8782386779785,6.2305812835693395,-16.163719177246097,2.4839324951171897,-3.9695143699646,3.38688850402832,-4.52876377105713,5.82708930969238,18.9711666107178,-18.5712814331055,-11.1759538650513,-9.51377868652344,-6.33744335174561,-18.7372894287109,1.7920994758606001,-6.697876453399661,-11.898179054260302,-1.7927551269531203,6.84734439849854,3.85984516143799,-4.03014087677002,16.2572326660156,12.8498363494873,18.1544132232666,12.204852104187,4.72785377502441,9.65212726593018,-1.94289588928223
sub-0092,ses-03,run-06,vicarious,LOC,282,cueH_stimL,11.140272140502901,-19.7752799987793,15.959031105041499,9.24758720397949,-12.4807395935059,9.19539546966553,2.90650081634521,13.0953636169434,-8.82456684112549,-4.1143069267272905,7.73997592926025,-5.9305744171142605,1.3758707046508798,15.610889434814501,24.055686950683604,28.467365264892603,20.4352188110352,29.2787170410156,51.327064514160206,32.968235015869105,45.717193603515604,26.839735031127898,13.2442970275879,28.203992843627898,26.595594406127898,6.75674819946289,20.5540866851807,17.0262775421143,-4.30418157577515,0.10985374450683599,-6.85051155090332,-4.56246280670166,2.02816390991211,-5.75335884094238,-8.576076507568361,-11.232902526855499,-30.422185897827102,-24.8554000854492,-30.226282119751,-26.122200012207,-7.590533256530759,-12.253410339355499
sub-0092,ses-03,run-06,vicarious,LOC,282,cueL_stimL,16.8596324920654,-9.85655403137207,23.1243114471436,9.258544921875,-5.09383201599121,28.3551216125488,22.1321697235107,14.160649299621598,13.035849571228,23.639837265014602,28.979270935058604,35.8435173034668,6.9856472015380895,14.2492055892944,34.9343452453613,35.9262466430664,45.2221603393555,19.5559196472168,46.15922546386721,22.3687229156494,10.5015077590942,1.4001913070678702,30.9236526489258,33.943733215331996,13.55992603302,-6.89939308166504,-2.8228983879089395,15.700908660888699,9.00318145751953,24.2624588012695,33.7635307312012,4.095697402954101,21.618118286132802,-12.384063720703098,9.03265380859375,-12.335324287414599,14.140453338622999,-5.79759979248047,15.0880041122437,20.880723953247102,0.8904190063476559,17.4382934570312
sub-0092,ses-03,run-06,vicarious,LOC,282,rating,-4.82366371154785,-9.51619815826416,-12.2530956268311,-8.70170116424561,-19.135723114013697,-13.671895980834998,-15.560787200927699,-11.445686340332001,-15.730247497558599,-9.46052360534668,-3.22482299804688,-3.09890747070312,-3.33741331100464,0.936872005462646,-5.20704650878906,-10.461057662963901,-14.276439666747999,-7.79643440246582,-8.62333488464355,-11.4115467071533,-9.76155853271484,-8.275173187255861,-7.42958164215088,-12.4607791900635,-2.7898349761962904,-8.25926208496094,-12.251477241516099,-4.8057975769042995,-8.28248596191406,-8.239246368408201,-3.4787998199462904,-1.30907201766968,-5.301124572753911,-10.991623878478999,-9.76655197143555,-18.8754348754883,-11.469623565673801,-8.09139442443848,-8.42824745178223,-12.4466066360474,-11.3564138412476,-6.57078742980957
sub-0092,ses-03,run-06,vicarious,LOC,282,cue,-1.4177780151367199,1.38724994659424,3.2272930145263703,0.172337532043457,7.082881927490231,-1.7880272865295401,2.06170129776001,9.80032920837402,15.2307901382446,9.85240650177002,12.745424270629899,11.7927951812744,14.5074939727783,22.5147857666016,17.7899417877197,19.1216640472412,18.3683242797852,4.68633556365967,6.10872650146484,3.60640335083008,5.10430145263672,6.80385971069336,14.575286865234402,10.337165832519501,16.5675163269043,10.4586133956909,18.1362895965576,8.73575401306152,8.35525417327881,14.293327331542999,-1.19850969314575,2.93421173095703,18.8392429351807,-6.74427700042725,-3.1358428001403795,-16.8223724365234,-9.56196117401123,-8.725437164306639,-9.6801700592041,-3.71873664855957,11.0399808883667,7.49872159957886
sub-0092,ses-03,run-06,vicarious,LOC,313,cueH_stimH,-3.13347244262695,-6.06429290771484,-4.20037937164307,-2.17232465744019,8.80252265930176,5.26911115646362,1.12713623046875,-1.91362977027893,-7.322021007537839,-5.77371692657471,-4.74247455596924,9.77330303192139,6.9900417327880895,3.5725765228271498,14.810345649719201,16.253032684326197,0.306487083435059,1.00508213043213,-1.89937019348145,-3.10588240623474,2.0490710735321,0.20250225067138697,8.61357021331787,12.1552562713623,14.1510810852051,21.9454612731934,21.8905944824219,26.214506149292003,13.1081199645996,19.3949127197266,11.3418226242065,1.4810981750488301,7.7628688812255895,14.4048728942871,3.9338002204895,15.9729251861572,2.28515601158142,11.4314575195312,11.557535171508801,20.875766754150398,19.387252807617198,-1.3486328125
sub-0092,ses-03,run-06,vicarious,LOC,313,cueL_stimH,-3.6555700302124,14.696605682372999,5.8631067276001,2.20819211006165,16.288894653320302,17.1260166168213,20.6336288452148,12.3946924209595,17.7194900512695,15.389331817627001,7.81598711013794,7.601629257202151,11.1052494049072,12.8716564178467,-0.583742022514343,8.93020725250244,2.65408802032471,18.0312938690186,12.6301774978638,5.438977241516111,14.6114330291748,0.00335663557052612,-7.9788703918457005,-2.4197392463684104,-4.780460834503169,6.16484785079956,3.9866971969604506,-2.08561134338379,4.550745010375981,-4.62715530395508,0.7372894287109379,1.24132823944092,4.109046936035161,-6.06465864181519,-2.64453125,-47.069244384765604,-27.7142639160156,-25.764310836792003,13.0283203125,-9.63479042053223,6.3542156219482395,-17.750076293945302
sub-0092,ses-03,run-06,vicarious,LOC,313,cueH_stimM,0.594097137451172,9.9474515914917,-13.4932518005371,-4.90692901611328,-6.51242542266846,-2.92737579345703,-1.4182403087616,1.81575155258179,15.1388721466064,-4.09827899932861,-17.843463897705103,5.13068342208862,-5.2356128692627,0.442214488983154,21.666517257690398,22.699535369873,27.1772861480713,13.9438323974609,11.7493314743042,13.1084270477295,-1.19033527374268,-3.1758470535278303,-8.56636047363281,12.2926511764526,-0.010913610458374001,-4.29776573181152,-7.19860076904297,-9.164083480834961,-6.79142761230469,6.39491271972656,8.027965545654299,-6.67546081542969,-2.69685554504395,-3.9180755615234397,-8.56398868560791,-8.65033340454102,-24.0134773254395,3.4619140625,6.438593864440921,-9.290079116821289,-12.6642427444458,-12.998765945434599
sub-0092,ses-03,run-06,vicarious,LOC,313,cueL_stimM,-4.13549613952637,1.5499475002288798,6.41590976715088,-10.898323059082001,-9.08918857574463,1.41064596176147,6.710716724395749,-3.3757553100585898,-6.15432167053223,1.9860086441040001,-0.178797841072083,1.51737928390503,4.629263877868651,-0.664031982421875,2.5803210735321,-5.50364637374878,0.124495416879654,5.76689338684082,1.64046049118042,7.95397663116455,-5.97923374176025,4.4560079574585005,6.89611482620239,-1.51946926116943,5.08457469940186,5.33162307739258,6.2549343109130895,0.291336059570312,14.803246498107901,10.116403579711902,0.43249487876892106,19.8939514160156,9.58891487121582,11.7852430343628,16.1652660369873,14.8145389556885,26.110279083252,7.897038459777829,24.780015945434602,3.2335796356201203,6.85518455505371,10.2470455169678
sub-0092,ses-03,run-06,vicarious,LOC,313,cueH_stimL,19.1310348510742,17.366844177246097,25.5357360839844,15.6829309463501,12.8449001312256,22.244674682617198,26.796781539917003,26.6684303283691,22.2729644775391,19.0525302886963,23.9836616516113,18.173391342163104,11.2861862182617,8.80651569366455,8.37267398834229,15.150646209716802,19.657320022583,13.255088806152301,20.7873420715332,13.879685401916499,11.485398292541499,9.11480140686035,5.41161584854126,4.50023889541626,14.341599464416499,-3.34559416770935,0.36962860822677596,4.04543733596802,1.75986385345459,10.475830078125,-1.10052967071533,3.3525362014770494,16.7491416931152,13.5487480163574,9.21015357971191,15.788543701171902,4.42391014099121,14.649314880371099,2.34179449081421,11.2304229736328,10.825778007507301,-4.001564025878911
sub-0092,ses-03,run-06,vicarious,LOC,313,cueL_stimL,-13.157859802246099,-0.802036285400391,10.305662155151401,13.3398380279541,13.451122283935499,27.735044479370103,32.438175201416,24.3031921386719,21.6185455322266,20.115026473999,26.0670356750488,20.6733226776123,16.3112964630127,14.4572925567627,27.831481933593803,21.3027191162109,17.0635738372803,-4.84495067596436,12.183572769165002,9.24382781982422,16.6814346313477,-0.17824029922485396,9.56560230255127,7.1606273651123,-0.7266864776611329,-8.35535049438477,-3.70283031463623,8.69373607635498,4.35125541687012,7.92325496673584,13.897209167480499,-5.42194366455078,5.856781005859379,7.89536285400391,7.32236480712891,6.344225883483889,17.5322570800781,18.4975738525391,19.2747192382812,18.7475433349609,4.01762390136719,6.60630989074707
sub-0092,ses-03,run-06,vicarious,LOC,313,rating,-6.28490114212036,-6.17857456207275,-9.69992828369141,-5.45756721496582,-8.23734569549561,-3.80209064483643,-6.43043518066406,-6.46634483337402,-3.34264373779297,0.0034008026123046897,-1.2353210449218799,2.3862793445587203,5.264090538024901,11.3555564880371,6.02642822265625,5.93043518066406,11.6947631835938,16.4591674804688,14.6085691452026,12.833213806152301,14.2415294647217,10.071377754211401,8.29547882080078,4.2400808334350595,2.93700313568115,-1.30711317062378,-1.2243766784668,-5.73146772384644,-7.05101680755615,-6.1072902679443395,-5.13178825378418,-8.86221313476562,-13.0310163497925,-6.842666149139401,-9.70563316345215,-11.386444091796902,-9.16623020172119,-6.20161628723145,-7.283024787902829,-6.36623764038086,-9.72952079772949,-5.34330558776855
sub-0092,ses-03,run-06,vicarious,LOC,313,cue,4.048484802246089,3.5751667022705096,-1.7335891723632801,0.701983451843262,1.7237653732299798,1.83789253234863,10.7731609344482,5.76502227783203,10.8687267303467,10.7275867462158,13.1883640289307,13.5322179794312,13.7924537658691,23.5782279968262,19.5914402008057,20.1667861938477,17.058570861816403,15.267918586731,14.9569969177246,6.48462200164795,12.3489227294922,16.120433807373,10.103099822998,0.97804069519043,5.751031875610349,4.78117942810059,-0.84660530090332,3.07718133926392,4.17508506774902,0.545767784118652,2.73143458366394,-3.40527963638306,-3.0568511486053502,-5.77809762954712,-10.9385480880737,-10.150739669799801,-7.94988679885864,-7.40388059616089,1.25461292266846,-7.089337348937991,-3.7436542510986297,5.6537160873413095
sub-0092,ses-03,run-06,vicarious,LOC,314,cueH_stimH,5.034523010253911,0.480148315429688,22.737243652343803,11.7342624664307,-8.65764713287354,3.80516242980957,20.743511199951197,19.384075164794897,-20.1598072052002,-6.81810426712036,-1.91423177719116,3.57239770889282,6.1844387054443395,9.715696334838869,15.306830406189,33.2536201477051,40.8621482849121,32.2576904296875,25.7185230255127,24.485204696655302,12.559721946716301,2.5155782699585,-8.63217163085938,8.02320098876953,22.7043838500977,26.883848190307603,11.5840291976929,13.298504829406701,9.79170989990234,8.46969795227051,20.175624847412102,5.01261329650879,-5.50158596038818,-2.6913070678710898,-1.54431247711182,6.36645269393921,0.25630879402160606,5.64839172363281,-6.9889841079711905,7.6147956848144505,-9.83403587341309,-2.99956130981445
sub-0092,ses-03,run-06,vicarious,LOC,314,cueL_stimH,21.9230442047119,18.7586441040039,11.915791511535598,2.08206796646118,13.112911224365199,6.305049896240231,-4.73103666305542,-4.08519792556763,1.28633117675781,-5.78489208221436,-5.09745502471924,-11.319748878478999,-11.0119886398315,-8.491151809692381,-3.8069863319397004,-1.20841205120087,15.8049030303955,9.26774215698242,-10.925474166870101,8.50137519836426,-0.925451278686523,-15.8689823150635,-13.282066345214801,-18.244064331054698,-4.94730138778687,3.9611840248107897,-16.2480487823486,-1.00508880615234,1.4161605834960902,-3.68978881835938,5.01026153564453,16.0761108398438,-2.5492935180664102,-3.9801664352417006,13.771484375,15.0776538848877,-0.8981046676635741,27.1225242614746,21.129074096679698,12.6943035125732,22.003343582153303,9.28752517700195
sub-0092,ses-03,run-06,vicarious,LOC,314,cueH_stimM,-8.39430236816406,-21.241384506225604,-3.1090650558471697,-0.17949867248535198,-15.1182165145874,-13.2518882751465,-25.159053802490202,-6.892748832702639,-22.6902809143066,-27.7429504394531,-22.8769264221191,-17.112571716308597,-16.9139614105225,-8.34336757659912,20.715631484985398,12.308719635009801,-1.51669442653656,2.6117057800293,2.07050895690918,-0.829192161560059,-11.352783203125,-16.755804061889602,-25.030128479003896,-35.3630332946777,-20.0465202331543,-9.15515518188477,-21.4050121307373,-27.616008758544897,-12.919958114624,4.311231613159181,-9.30110549926758,-6.2846508026123,-6.35357856750488,-14.4843597412109,-1.82948589324951,-18.932664871215803,-24.1484260559082,-4.45783996582031,2.4861946105957,1.83746337890625,1.59881210327148,9.30299091339111
sub-0092,ses-03,run-06,vicarious,LOC,314,cueL_stimM,-8.565371513366701,2.30799579620361,-3.45778703689575,-11.3868398666382,-18.8848285675049,-14.669994354247999,12.318959236145,1.4095077514648402,-6.4255838394165,11.1011505126953,-3.37680625915527,2.2352159023284903,-4.05712699890137,-7.52966833114624,4.332183837890621,-1.26481628417969,3.53775858879089,14.785987854003901,6.8356294631958,32.8202972412109,18.931438446044897,20.297893524169897,16.435203552246097,22.869569778442397,8.623194694519041,-1.9486894607543899,17.7963333129883,-9.19438934326172,20.9191284179688,-11.309786796569801,14.3164968490601,2.76983642578125,-11.022797584533699,-17.5076808929443,-0.821697235107422,1.6210994720459,-1.4060864448547399,7.5436105728149405,-8.28847312927246,-6.8583984375,-7.813579559326169,-5.909160614013669
sub-0092,ses-03,run-06,vicarious,LOC,314,cueH_stimL,14.4693355560303,27.934549331665,28.0827827453613,6.54479122161865,22.089048385620103,24.633481979370103,25.950532913207997,18.3935871124268,11.651615142822301,8.44666004180908,9.28984069824219,29.4074859619141,29.7313804626465,31.457145690918,20.5820026397705,31.742395401001,26.8511524200439,41.448390960693395,37.3775215148926,34.756668090820305,27.5438919067383,30.669075012207,17.6260166168213,18.2912998199463,11.2212324142456,24.4872131347656,8.58973217010498,44.152137756347706,19.631877899169897,22.234489440918,14.407048225402802,19.876754760742198,28.7652931213379,20.2025299072266,27.1612701416016,21.345535278320302,16.741117477417,13.1329803466797,14.0836753845215,11.6649169921875,7.7460412979126,3.6788330078125
sub-0092,ses-03,run-06,vicarious,LOC,314,cueL_stimL,-21.3085556030273,-6.167827606201169,-2.7672743797302206,-7.658127784729,13.740631103515598,23.302974700927702,12.0335597991943,23.363656997680696,4.04807662963867,26.065710067749,11.6892194747925,39.958423614502,15.9076709747314,40.7850341796875,18.9500694274902,41.035915374755895,25.5808029174805,24.799850463867198,37.9903450012207,19.0936241149902,23.689006805419897,-7.9591579437255895,16.722702026367198,10.449439048767099,3.5262908935546897,-7.5563240051269505,-8.33770751953125,5.5372452735900906,30.288637161254897,23.8806495666504,25.4802551269531,30.376520156860398,26.9000453948975,23.6143798828125,35.488639831543004,15.368856430053699,37.7084617614746,24.986770629882802,23.169996261596697,21.624122619628896,26.514358520507802,5.08064460754395
sub-0092,ses-03,run-06,vicarious,LOC,314,rating,-3.9198155403137203,-11.634514808654801,-14.453274726867699,-14.0517158508301,-15.075502395629899,-21.4218597412109,-25.03293800354,-21.7559928894043,-21.926794052124,-23.3737144470215,-18.7815933227539,-23.8138313293457,-18.2737731933594,-16.3052768707275,-15.6201019287109,-17.885498046875,-20.1476268768311,-12.131610870361301,-13.561626434326199,-12.442066192627001,-13.7243051528931,-12.1577472686768,-17.001754760742198,-21.202751159668,-15.7733898162842,-14.5413303375244,-11.7632446289062,-10.164968490600598,-6.92993593215942,-10.789085388183599,-8.73331260681152,-7.0937032699585,-8.95276165008545,-9.18425464630127,-9.01000595092773,-6.7882795333862305,-13.991981506347699,-11.142698287963901,-6.33450984954834,-6.57134914398193,-14.4531764984131,-12.8409004211426
sub-0092,ses-03,run-06,vicarious,LOC,314,cue,9.39344215393066,4.19989204406738,0.0303020477294922,1.60042953491211,-1.8287515640258798,-1.05372309684753,2.7121965885162402,3.76504111289978,11.558069229126,17.155250549316403,16.163013458252,20.9739990234375,25.084083557128896,25.0368309020996,22.3342628479004,29.54150390625,30.124752044677702,27.3615417480469,18.2258281707764,17.0455322265625,14.131370544433599,16.9433631896973,14.977781295776401,8.396177291870119,7.47657775878906,11.748531341552699,23.400621414184602,8.79458713531494,13.823387145996099,17.459903717040998,20.0765647888184,8.85008525848389,8.915324211120609,3.89415645599365,-6.79924201965332,-15.322366714477502,-1.3362836837768601,-4.18974304199219,-3.93476438522339,-9.47665882110596,-2.11714887619019,-10.388665199279801
sub-0092,ses-03,run-06,vicarious,LOC,311,cueH_stimH,3.5968604087829603,16.1818675994873,10.010526657104501,4.192255020141601,21.0322437286377,17.969150543212898,9.29299736022949,27.6173076629639,7.897311210632321,2.08153533935547,9.89107894897461,20.521896362304698,16.3932800292969,14.4848155975342,38.6745262145996,38.578338623046896,37.0778198242188,35.9870758056641,31.1197166442871,15.739786148071301,14.194862365722699,18.838550567627,19.204553604126,28.8329677581787,42.303070068359396,27.6759567260742,25.8216552734375,22.7432880401611,22.130952835082997,18.5908317565918,20.8005638122559,26.1785011291504,10.2642040252686,14.862274169921902,14.950420379638699,15.0197744369507,20.623920440673803,14.202362060546902,24.6122093200684,23.290428161621104,20.5870990753174,15.387742042541499
sub-0092,ses-03,run-06,vicarious,LOC,311,cueL_stimH,26.3083152770996,25.3100910186768,28.500972747802702,29.6876068115234,31.241920471191396,34.6550903320312,30.0320892333984,24.8273983001709,27.027158737182603,21.280969619751,18.4003791809082,7.96510124206543,13.129242897033699,12.1333169937134,13.2389163970947,10.733375549316401,23.561393737793,15.5158796310425,7.65736865997314,5.343177795410161,4.231267929077149,-4.74942684173584,-8.60401725769043,-11.5986671447754,-22.8492641448975,-15.3262052536011,-16.0364265441895,-10.5762615203857,-13.5296955108643,-23.5763111114502,-0.38053131103515603,-14.002850532531701,-14.894290924072301,-16.760311126709002,-20.49951171875,-49.5255851745605,-45.1077461242676,-32.004402160644496,6.42131042480469,-8.61226272583008,-3.68324661254883,3.77205085754395
sub-0092,ses-03,run-06,vicarious,LOC,311,cueH_stimM,6.88412094116211,10.6676626205444,-10.0361442565918,-0.583845615386963,-17.780447006225604,-11.0017337799072,-11.068018913269,-12.1027126312256,-12.9883689880371,-8.380947113037111,-14.873345375061,-2.47701358795166,-9.64338684082031,3.47940587997437,17.745803833007802,12.0285377502441,24.5145988464355,24.3062019348145,5.63427829742432,-2.6367177963256805,-2.4623475074768097,6.777911186218259,1.8031921386718797,-3.0362710952758802,-3.9680299758911097,-1.3726387023925801,-7.04026031494141,-29.7237739562988,-5.4726886749267605,-6.09291839599609,-16.2910137176514,-13.822984695434599,-21.0755710601807,-16.55712890625,-28.3817081451416,-20.7448120117188,-36.4492683410645,-9.82655334472656,-10.456030845642099,-8.68935966491699,-18.5733604431152,-5.680514335632321
sub-0092,ses-03,run-06,vicarious,LOC,311,cueL_stimM,5.20808219909668,12.9331111907959,-4.96604013442993,2.835205078125,0.874923586845398,-1.9199031591415399,4.458234310150151,4.79339981079102,1.11282277107239,4.49092054367065,8.21441268920898,-3.59088587760925,13.276726722717301,11.356739044189501,0.40805613994598405,19.4517097473145,2.97238159179688,23.4313564300537,15.2772693634033,13.2311038970947,10.993833541870101,11.623781204223599,28.509910583496104,13.794499397277802,17.4255638122559,13.6189317703247,25.079580307006804,15.583648681640598,17.5092430114746,11.8015127182007,4.60180950164795,14.757598876953098,7.18357086181641,6.4531888961792,9.68924808502197,4.92719173431396,6.89780855178833,-0.6360628604888922,-2.23484659194946,-8.97723960876465,-1.8724813461303702,-1.42694091796875
sub-0092,ses-03,run-06,vicarious,LOC,311,cueH_stimL,30.6001472473145,38.0195655822754,41.9082527160645,37.48606491088871,36.335746765136705,47.4508209228516,39.857475280761705,45.6888656616211,37.5174217224121,30.256544113159197,43.456363677978494,34.8677749633789,41.5323371887207,32.635223388671896,44.1142578125,41.474884033203104,51.1104621887207,50.532642364502,61.417606353759794,52.623809814453104,45.339206695556605,44.313785552978494,29.317554473877,26.7778816223145,26.241771697998,22.0232715606689,29.816358566284197,16.0453605651855,22.7544631958008,1.48621225357056,9.71584987640381,6.52838802337646,12.4384670257568,17.9846420288086,25.2496490478516,4.96746063232422,7.8502101898193395,-0.7291946411132809,-5.69153118133545,5.16632080078125,8.6074047088623,-1.75270080566406
sub-0092,ses-03,run-06,vicarious,LOC,311,cueL_stimL,-17.5614166259766,5.34395122528076,14.185444831848098,20.652362823486303,23.375774383544897,43.3271560668945,19.880039215087898,20.960521697998,23.827709197998,44.065822601318395,28.3200416564941,27.788501739502,37.070549011230504,36.3283920288086,38.1530799865723,26.901788711547898,29.960756301879897,35.220832824706996,30.7787017822266,10.3488292694092,18.001838684082,15.324422836303699,17.0873908996582,5.67376804351807,-0.28002357482910195,2.82457518577576,-15.327207565307601,-10.5709228515625,11.060176849365199,4.76025676727295,-5.8081760406494105,-8.33919525146484,12.948112487792999,-0.319442749023438,-3.0716438293457,-14.0118560791016,11.9293670654297,13.1641235351562,11.1414451599121,10.309398651123,0.40779876708984397,8.9552640914917
sub-0092,ses-03,run-06,vicarious,LOC,311,rating,-1.47491073608398,-9.78197956085205,-8.52061080932617,-9.87252426147461,-5.25851917266846,-5.155250549316411,-8.29330253601074,-10.3765869140625,-10.239158630371099,-7.4315509796142605,-0.774932861328125,-4.77824592590332,-1.6042010784149199,2.80191326141357,2.3207855224609397,4.34230041503906,4.54925155639648,8.69522285461426,10.3631477355957,12.9104862213135,13.138664245605499,5.73764848709106,3.99534463882446,-0.0399045944213867,-1.15304136276245,-8.18811130523682,-7.09948539733887,-12.161616325378402,-10.9961376190186,-5.67662811279297,-8.89915084838867,-14.5458469390869,-18.573411941528303,-19.0142726898193,-19.1810073852539,-18.0961227416992,-10.4888763427734,-14.0284576416016,-10.953953742981,-9.50399303436279,-9.70274353027344,-6.08394050598145
sub-0092,ses-03,run-06,vicarious,LOC,311,cue,7.1685066223144505,2.04773998260498,2.25228214263916,0.904227256774902,-1.00715637207031,0.6884160041809079,0.00656318664550781,9.92988395690918,1.4691748619079599,9.38801670074463,8.61390113830566,15.6271209716797,19.4829692840576,28.7189559936523,24.735773086547898,25.369459152221697,14.0323638916016,15.7566452026367,15.2946033477783,10.1661510467529,14.6391067504883,7.0701789855957005,8.12882423400879,4.252794265747069,4.04318523406982,2.0706548690795903,1.3783202171325701,5.33799123764038,7.46638584136963,-2.4227409362793,-2.11821484565735,0.9387308359146121,-4.03130722045898,-6.823235988616941,-11.5624589920044,-13.5981349945068,-12.8280448913574,-14.3693599700928,-3.7254776954650897,-5.65989255905151,-2.7893729209899902,-4.4564037322998
sub-0092,ses-03,run-06,vicarious,LOC,312,cueH_stimH,-6.06717586517334,2.4371347427368195,-9.75843334197998,-6.690664768218991,6.41483211517334,-1.5111389160156203,5.33433055877686,-8.248654365539549,-4.07016944885254,-4.19978713989258,-19.1925640106201,-18.117954254150398,-2.04424548149109,-8.46792316436768,3.2701578140258802,20.4692325592041,16.574346542358402,26.8428592681885,-15.2759647369385,-13.8586683273315,0.788447022438049,0.489935874938965,9.76249027252197,14.9347438812256,25.336256027221697,32.8243446350098,33.6108169555664,33.301101684570305,18.8277759552002,3.35543823242188,11.2767820358276,-0.19602012634277302,4.69440650939941,-12.3980712890625,-9.005128860473631,-15.36878490448,-11.0853691101074,-8.65348815917969,4.81744956970215,-9.26097679138184,2.3695921897888197,-3.11397838592529
sub-0092,ses-03,run-06,vicarious,LOC,312,cueL_stimH,59.89445495605471,62.2986068725586,37.1952896118164,18.5293827056885,26.279260635376,1.9234685897827102,20.428617477417,17.7202224731445,13.841347694397,12.2145709991455,-0.41097712516784707,-12.6480388641357,-14.855587005615199,-17.2415084838867,-24.9167556762695,-1.3771108388900801,-7.64195346832275,-16.4787063598633,8.93915939331055,-17.7860279083252,-5.89726161956787,-24.801734924316396,-17.321144104003903,-18.731134414672898,2.52191948890686,5.1016583442688,-2.77804946899414,6.17768669128418,7.2424144744873,5.5315666198730495,15.8288726806641,35.337730407714794,2.7364730834960898,9.566469192504881,15.530517578125,17.661788940429698,24.2364139556885,41.2049674987793,65.1437530517578,38.2057647705078,55.7499465942383,21.2542953491211
sub-0092,ses-03,run-06,vicarious,LOC,312,cueH_stimM,-10.0225410461426,8.70925903320312,-22.801210403442397,-15.6317672729492,-32.083507537841804,-37.611854553222706,-65.67844390869139,-28.41188621521,-35.427970886230504,-57.63996887207029,-39.5969009399414,-27.886554718017603,-45.9211082458496,-18.780559539794897,-28.0099658966064,18.379291534423803,-6.9231429100036594,-3.1530799865722696,-5.2823982238769505,-12.230970382690401,-32.2168807983398,-43.328086853027294,-47.857250213623,-23.2663593292236,-8.0186243057251,-8.15626525878906,-19.1224460601807,-33.0953941345215,-4.0715160369873,-19.67112159729,-15.2168483734131,-23.013559341430696,-15.0298709869385,-5.89149475097656,3.6152653694152797,-23.150926589965803,-12.9005479812622,-7.04133605957031,7.34320831298828,0.308067321777344,-7.8653240203857395,4.81524515151978
sub-0092,ses-03,run-06,vicarious,LOC,312,cueL_stimM,11.992323875427198,31.2329959869385,7.515594482421879,-13.938489913940401,6.30089235305786,6.39292240142822,22.955518722534197,6.88249969482422,-4.750802040100099,22.097412109375,22.2480525970459,25.7220802307129,8.38967800140381,26.5019607543945,-0.731084227561951,17.695865631103498,10.8688135147095,12.4721736907959,21.3774242401123,35.7543983459473,27.082040786743196,35.6388397216797,31.1860427856445,38.243988037109396,34.6575965881348,26.273241043090803,36.861015319824205,46.8220825195312,32.006584167480504,40.207088470459,34.5151557922363,23.0787048339844,17.9104042053223,27.423831939697298,2.41618156433105,6.07413578033447,1.0487140417099001,11.9977865219116,-0.883743047714233,-13.5281524658203,3.3397970199585,-7.5517406463623
sub-0092,ses-03,run-06,vicarious,LOC,312,cueH_stimL,32.2321395874023,24.8800773620605,39.250480651855504,20.1769905090332,15.146627426147498,36.822441101074205,37.1151542663574,41.6007881164551,5.7461223602294895,10.205802917480499,16.8577766418457,9.26442813873291,23.241968154907198,14.1970319747925,6.06312370300293,19.3476181030273,29.2447509765625,24.434682846069304,56.7689208984375,26.729797363281197,46.018226623535206,24.074453353881804,11.2479076385498,17.515266418457,23.607412338256804,3.75247287750244,18.850778579711896,12.944028854370101,36.754341125488295,13.289745330810499,20.9459953308105,15.272647857666,15.885276794433599,21.9299392700195,39.9598274230957,32.871826171875,31.9490623474121,8.5975341796875,3.02244925498962,4.74073791503906,13.186194419860803,5.796295166015621
sub-0092,ses-03,run-06,vicarious,LOC,312,cueL_stimL,-39.508415222168004,-23.420726776123,-4.61309671401978,2.7210807800293,-6.63680124282837,24.3507595062256,-2.93101859092712,19.2544555664062,13.272726058960002,12.9489336013794,18.599134445190398,37.881187438964794,29.496089935302702,16.8815956115723,26.8236656188965,38.8715591430664,32.8689613342285,41.9063606262207,34.2965507507324,42.968421936035206,16.0357036590576,13.763195037841802,26.881202697753896,22.881864547729503,13.409331321716301,3.223961353302,37.466056823730504,21.943923950195302,31.0551376342773,31.1892147064209,42.638427734375,18.372444152832,60.151294708252,36.234470367431605,53.349048614502,43.850425720214794,61.889045715332,66.5861968994141,52.2107467651367,66.4848785400391,31.840744018554698,13.0747060775757
sub-0092,ses-03,run-06,vicarious,LOC,312,rating,-15.9203300476074,-24.3643531799316,-23.990310668945302,-30.265438079834,-31.1216850280762,-33.1347503662109,-37.05027389526371,-40.127166748046896,-39.9590606689453,-36.39793014526371,-35.347930908203104,-41.4260292053223,-39.36570358276371,-35.3975830078125,-37.4977264404297,-33.1164741516113,-40.1111450195312,-26.392469406127898,-22.408872604370103,-24.8347492218018,-22.0414142608643,-20.8826580047607,-25.553367614746104,-27.3182182312012,-21.9298915863037,-27.329656600952102,-23.9033889770508,-17.1899681091309,-18.073543548584002,-13.2727203369141,-10.510178565979,-8.37143898010254,-11.520381927490199,-12.6211185455322,-9.0573148727417,-16.0063648223877,-5.25338268280029,-5.27949523925781,-5.70240783691406,-10.0394430160522,-12.7804641723633,-10.8198795318604
sub-0092,ses-03,run-06,vicarious,LOC,312,cue,3.87812232971191,-0.27417278289794894,2.2571773529052703,1.72442531585693,-0.707225799560547,-0.457992076873779,11.216417312622099,18.3951034545898,21.4607200622559,22.1865291595459,19.9157028198242,33.0168685913086,33.4047355651855,39.9131278991699,37.7112884521484,37.795661926269496,45.69453430175779,41.607261657714794,40.05234909057621,23.631254196167003,29.6373825073242,16.415096282959002,16.1166553497314,15.7014865875244,9.536139488220211,15.5773305892944,12.3106365203857,10.2694053649902,16.1279792785645,20.6686859130859,12.660786628723098,12.1484289169312,20.304372787475604,-0.5265116691589361,-1.1810474395752,-22.0298881530762,-13.4479084014893,-12.5337867736816,-7.383774280548099,-19.5060024261475,-3.33542537689209,5.77234077453613
sub-0092,ses-03,run-06,vicarious,LOC,317,cueH_stimH,3.5791177749633802,4.62106132507324,8.02572822570801,8.35779190063477,14.890972137451199,13.513074874877901,14.1909446716309,11.172401428222699,4.41429376602173,-1.5336422920227097,-5.13313150405884,-0.9792246818542479,-8.1052713394165,-7.38600778579712,-2.3594799041748,-2.1942372322082497,0.9330167770385741,-1.67128729820251,-2.77205085754395,-12.5634117126465,-8.68979930877686,0.20857238769531197,2.81715369224548,14.340171813964801,19.793531417846697,19.520095825195302,10.442326545715302,6.493793487548831,-2.6229825019836404,-8.06789112091064,-5.67845916748047,-4.50828170776367,2.4004936218261697,-2.62651824951172,-0.31494158506393394,-6.856622695922849,-2.50851821899414,8.26725006103516,6.79379844665527,0.5681047439575201,7.945452690124509,3.2419674396514906
sub-0092,ses-03,run-06,vicarious,LOC,317,cueL_stimH,29.9109745025635,20.427913665771502,8.33126831054688,13.7492580413818,3.1675825119018595,3.52267169952393,6.52969694137573,12.1849889755249,-0.518325328826904,-1.68140506744385,-11.255244255065902,-20.4712066650391,-13.8805017471313,-20.5524272918701,-18.704662322998,-10.7162561416626,-14.135972976684599,-19.871166229248,-24.9060249328613,-20.6396045684814,-21.243488311767603,-28.0156936645508,-30.7590141296387,-32.667350769043004,-20.4938011169434,-20.9535865783691,-13.1993350982666,-19.2053050994873,-10.5867176055908,-12.324010848999,-17.9441833496094,-18.078334808349602,-15.2186269760132,-16.2377910614014,-12.952392578125,-10.7926979064941,-10.615995407104501,-8.853718757629391,10.4610137939453,8.731081008911131,9.57888412475586,10.5678443908691
sub-0092,ses-03,run-06,vicarious,LOC,317,cueH_stimM,-6.8978767395019505,-18.2177352905273,-12.9644832611084,-16.587379455566403,-28.983263015747102,-22.2537631988525,-9.10762119293213,-17.7212524414062,-17.1366081237793,-20.2115364074707,-23.4043121337891,-21.8702735900879,-14.3379192352295,-9.62473011016846,-8.43013763427734,-3.33153343200684,-3.48697233200073,-6.29565620422363,-14.5076894760132,-16.213722229003903,-26.793100357055696,-24.1198196411133,-25.6578636169434,-13.6360673904419,-13.8419246673584,-10.4945373535156,-23.589958190918,-25.188611984252898,-26.5376625061035,-23.5977382659912,-29.7859001159668,-24.0194873809814,-26.695913314819304,-29.2933502197266,-28.666374206543,-26.087232589721697,-16.3280277252197,-5.54151916503906,-3.11607074737549,-7.850408554077151,-12.374526023864698,-9.43325996398926
sub-0092,ses-03,run-06,vicarious,LOC,317,cueL_stimM,-8.04577541351318,-3.4898908138275098,-11.137470245361301,-14.0079851150513,-12.294396400451697,-5.571520805358889,-5.19323492050171,-7.0570974349975595,-3.2462708950042702,-0.979097604751587,1.03199231624603,-9.34729099273682,-2.41889262199402,1.3235085010528602,-16.0103607177734,-13.3425769805908,-10.4722146987915,2.2872867584228502,8.099485397338869,1.33456039428711,-4.39324474334717,-0.5546550750732421,5.80313634872437,-5.09181594848633,-4.77007293701172,3.89003276824951,-0.40150833129882796,0.9304885864257809,3.0094602108001696,-3.5768380165100098,-9.59125137329102,5.67380523681641,-2.3893251419067405,-2.48874378204346,1.84468746185303,-1.28090691566467,-4.1013498306274405,-8.10494995117188,-6.44871520996094,-12.138765335083,-8.503758430480959,-5.01346206665039
sub-0092,ses-03,run-06,vicarious,LOC,317,cueH_stimL,19.7642993927002,22.9549217224121,25.4073295593262,31.9056568145752,21.287517547607397,29.7371997833252,24.495943069457997,23.9073791503906,20.799358367919897,19.050584793090803,20.5980110168457,23.605758666992198,21.7557754516602,12.2242698669434,17.0615520477295,18.29443359375,15.927059173584,37.3637542724609,23.7367134094238,30.8342266082764,14.959998130798303,9.29299259185791,10.561303138732901,1.09389650821686,-0.785193026065826,11.0559139251709,8.004336357116701,16.3502349853516,10.4131174087524,-0.8252921104431149,8.61236667633057,3.00747203826904,9.58781433105469,11.6019821166992,10.8088855743408,14.481597900390598,10.8029432296753,10.7522735595703,13.199604988098098,3.32693481445312,14.6247653961182,9.90483856201172
sub-0092,ses-03,run-06,vicarious,LOC,317,cueL_stimL,-18.117954254150398,-14.8445987701416,10.2779235839844,10.017507553100598,13.209268569946301,19.544536590576197,14.164318084716802,4.57627868652344,7.430907726287839,13.1881551742554,17.0502681732178,15.2659139633179,4.637139797210691,11.9429149627686,7.16762733459473,12.954227447509801,10.341581344604501,15.7181005477905,11.4025611877441,8.26585102081299,7.15789699554443,4.29888725280762,6.3763308525085405,6.0685138702392605,5.4658374786377,-6.0738029479980495,4.46394634246826,5.55429315567017,7.43525505065918,11.4301919937134,10.155057907104501,4.4906501770019505,14.2761058807373,9.78385162353516,15.956676483154302,12.6376619338989,18.0945320129395,25.5501861572266,12.3181762695312,12.5327405929565,0.18595886230468803,0.13700008392333998
sub-0092,ses-03,run-06,vicarious,LOC,317,rating,-15.8320865631104,-15.3809242248535,-16.1509323120117,-11.962510108947802,-14.680911064147901,-11.5226526260376,-13.2625064849854,-12.6359519958496,-15.916675567627001,-15.9242839813232,-14.181602478027301,-14.534644126892099,-10.1426954269409,-12.2892589569092,-16.3775787353516,-15.3767986297607,-13.3043651580811,-12.0115604400635,-10.1651182174683,-11.6131772994995,-5.64680957794189,-14.520689010620101,-14.313214302063,-14.2012481689453,-16.5128326416016,-15.2223968505859,-17.0133686065674,-15.476435661315902,-12.2865943908691,-9.54788875579834,-9.55812835693359,-12.6726398468018,-16.3565788269043,-17.1726207733154,-15.4786920547485,-13.259340286254899,-9.94786262512207,-7.46799278259277,-5.793963432312009,-9.81688976287842,-9.88095283508301,-8.68294525146484
sub-0092,ses-03,run-06,vicarious,LOC,317,cue,2.98415565490723,1.4907913208007801,-1.98780822753906,0.55471134185791,0.406195640563965,2.7941908836364706,8.97096633911133,13.499429702758801,10.767205238342301,7.731946468353269,10.4821786880493,15.140618324279801,16.9347743988037,16.0702819824219,16.7440700531006,10.271596908569302,10.6051940917969,8.928525924682619,5.8709545135498,4.58784770965576,11.984397888183599,10.2588768005371,4.063514709472661,3.77299308776855,-1.47847175598145,4.78112983703613,-2.36027956008911,5.69954872131348,9.507749557495119,6.44255065917969,4.19584274291992,2.42696738243103,-0.10646796226501501,-7.67678070068359,-7.23158884048462,-8.2414083480835,-6.40957260131836,-4.35119485855103,0.772759437561035,-2.5425033569335898,1.7487621307373,3.2530469894409197
sub-0092,ses-03,run-06,vicarious,LOC,318,cueH_stimH,10.671818733215302,4.92736339569092,7.11991882324219,25.9211578369141,13.451361656189,14.9025459289551,16.5751953125,18.4111099243164,3.92361187934875,-6.98047208786011,-6.324420928955081,-12.092379570007301,-21.7973804473877,-25.4141788482666,-20.390460968017603,-7.0531291961669895,-19.774221420288104,-30.9779491424561,-26.210838317871104,-17.850679397583,-1.2581930160522499,-6.526776313781741,-10.9539642333984,1.7471752166748,3.09462213516235,11.9650468826294,23.3980922698975,4.08320093154907,13.641156196594201,17.2567348480225,8.05346012115479,15.966571807861301,12.1184720993042,9.93133544921875,5.63349056243896,12.7087717056274,11.7579288482666,7.62340545654297,16.7009010314941,2.43581104278564,18.906826019287102,-1.7368348836898797
sub-0092,ses-03,run-06,vicarious,LOC,318,cueL_stimH,22.9492893218994,22.5367164611816,22.3367214202881,30.332332611084,22.803894042968803,25.0077285766602,28.424537658691396,24.853820800781197,13.8412485122681,-1.11779117584229,-0.312293767929077,0.330290555953979,-9.26707077026367,-7.80173110961914,-16.4835090637207,-15.2162599563599,-9.76582050323486,-28.6244258880615,-29.7081184387207,-43.2321624755859,-26.428951263427702,-32.019359588623,-24.312053680419897,-18.6049537658691,-15.5809154510498,-10.9044246673584,-5.0715446472167995,2.79075241088867,12.7377262115479,-7.554132461547849,11.373504638671902,11.0521879196167,-4.2409982681274405,-1.99050521850586,13.9927978515625,19.4728088378906,17.702983856201197,46.5028953552246,39.33935546875,21.346145629882802,37.7833709716797,23.0493545532227
sub-0092,ses-03,run-06,vicarious,LOC,318,cueH_stimM,-3.00676345825195,-4.27906799316406,-22.985326766967802,-11.9668846130371,-7.17983341217041,-17.7305927276611,-28.7896194458008,-34.952938079834,-32.0215911865234,-53.454029083252,-39.2568511962891,-35.9965667724609,-40.0938606262207,-39.116279602050795,-42.420139312744105,-14.6129817962646,-28.8332538604736,-35.697338104248,-20.9876956939697,-28.6260280609131,-28.6299533843994,-27.7188415527344,-29.319486618042003,-13.814952850341802,-20.2491359710693,-15.9217281341553,-13.8388051986694,-9.11972522735596,-9.14469242095947,-16.2383670806885,-15.705385208129899,-1.7887878417968797,0.989910125732422,-8.63348388671875,-14.2550659179688,-11.6766929626465,-14.8989601135254,-17.7860412597656,-8.6111364364624,-5.49896049499512,-8.66312885284424,-25.6402225494385
sub-0092,ses-03,run-06,vicarious,LOC,318,cueL_stimM,-3.99363327026367,8.92534637451172,-1.85527324676514,-7.814429759979251,-14.503404617309599,6.23267126083374,1.32199287414551,-5.75258827209473,-7.56137466430664,12.6637601852417,-1.39497482776642,-13.1101169586182,-14.419788360595698,-15.0206451416016,-15.991589546203599,-10.4944276809692,-25.9288311004639,-17.628770828247102,-16.2580451965332,-9.9481086730957,-6.60885953903198,-2.7333426475524902,19.4843254089355,9.616170883178711,8.30724430084229,11.3498115539551,22.0686683654785,26.2758445739746,25.2060241699219,23.347833633422898,20.046579360961896,25.9261322021484,19.0813293457031,15.918680191039998,10.924807548522901,14.645692825317399,-1.5208532810211202,2.8182997703552206,-3.14113235473633,-7.357172012329099,-7.55482578277588,-5.69498443603516
sub-0092,ses-03,run-06,vicarious,LOC,318,cueH_stimL,4.05589962005615,10.2603540420532,24.870922088623,9.575944900512699,14.4960193634033,18.517522811889602,11.6567993164062,19.2523365020752,14.5418643951416,6.026391506195071,16.5876502990723,7.13189363479614,5.2235312461853,4.99933195114136,10.8940744400024,11.613121986389197,4.48611927032471,3.32596206665039,-2.44154071807861,-0.678070068359375,8.15369701385498,0.257608771324158,-3.66439247131348,-9.97286510467529,2.8026528358459504,2.08298492431641,7.21195793151855,8.17431163787842,-3.3398218154907204,12.109713554382301,15.3575601577759,5.13982582092285,26.915311813354503,17.2982788085938,17.001766204834002,18.4166946411133,8.3961124420166,12.808753967285199,14.7230587005615,5.99240875244141,2.1452274322509797,1.3884506225585902
sub-0092,ses-03,run-06,vicarious,LOC,318,cueL_stimL,-14.4248466491699,-23.6772842407227,-5.9994392395019505,-9.80336093902588,13.324577331542999,4.87864828109741,2.4491028785705597,-10.939970970153801,-11.2316646575928,-15.129542350769,-1.02608752250671,3.1422243118286097,-14.5563697814941,-13.791630744934098,7.53085708618164,-3.1091098785400404,-8.69792175292969,-10.2504739761353,-0.345024585723877,-2.6963882446289102,-8.6943359375,4.88173007965088,14.989962577819801,21.2637691497803,2.9302492141723597,6.2056188583374,8.2270040512085,22.5538520812988,13.6277141571045,18.044387817382802,34.420520782470696,25.4216194152832,29.7159767150879,18.830001831054698,19.917894363403303,26.018249511718803,33.175930023193395,26.165725708007802,26.3829345703125,29.9607772827148,17.9440536499023,12.8955850601196
sub-0092,ses-03,run-06,vicarious,LOC,318,rating,-4.04065656661987,-5.8645491600036594,-6.6863317489624,-10.3370656967163,-9.739935874938961,-10.453805923461902,-13.615699768066401,-10.7101612091064,-13.967781066894501,-12.1550941467285,-10.5949249267578,-12.2138338088989,-9.24521255493164,-6.70321893692017,-6.41944885253906,-8.59523582458496,-5.76398468017578,-0.040130615234375,8.04876327514648,1.73691344261169,1.74237394332886,-4.11949634552002,-4.9747953414917,-6.98974418640137,-5.10492897033691,-9.33047103881836,-8.887619972229,-11.901726722717301,-9.70957660675049,-8.89121246337891,-7.00694179534912,-11.597069740295401,-11.8647136688232,-10.5329895019531,-12.599264144897498,-8.563037872314451,-6.089961051940921,-6.77780532836914,-0.205981731414795,-2.69925403594971,-3.8214521408081095,-1.20122146606445
sub-0092,ses-03,run-06,vicarious,LOC,318,cue,1.4261379241943402,0.315185546875,-1.7780046463012702,-3.35450172424316,-4.7134103775024405,-1.0892770290374798,-0.317652761936188,5.003039360046389,4.7021951675414995,5.07189655303955,10.4340763092041,14.8643064498901,20.2790679931641,21.2575645446777,18.0593109130859,23.948318481445302,21.666770935058604,18.354824066162102,13.8422584533691,16.9210739135742,10.17333984375,11.4380493164062,5.5439338684082005,1.49334526062012,-9.41583156585693,-6.60017585754395,-0.8122563362121579,0.0378522872924805,9.57794094085693,8.96092224121094,3.5943863391876203,4.97711944580078,3.61074948310852,2.76494455337524,-3.60409450531006,-5.70838975906372,-3.16536998748779,8.465869903564451,6.25739288330078,3.15946006774902,8.49602890014648,4.11078691482544
sub-0092,ses-03,run-06,vicarious,LOC,3,cueH_stimH,5.32005023956299,-1.72498798370361,5.93370819091797,-0.384614944458008,9.41232204437256,-1.22554206848145,10.9355154037476,2.02509665489197,5.460553169250491,-7.38948154449463,5.16523790359497,1.02112436294556,4.66087007522583,-3.0663647651672403,18.3378410339355,22.3888969421387,-0.235176086425781,4.80120134353638,4.95732307434082,0.0982604622840881,0.6013451814651489,-1.61798667907715,-8.07382297515869,4.05810451507568,17.7197189331055,26.938749313354503,22.0477104187012,10.120262145996099,4.8924231529235795,-5.76859378814697,-3.27961921691895,0.641773223876953,7.252569198608401,24.2582054138184,8.47481632232666,-2.1126766204833998,7.00587368011475,0.268386840820312,-1.47823524475098,5.30291175842285,22.4224662780762,5.237971782684331
sub-0092,ses-03,run-06,vicarious,LOC,3,cueL_stimH,4.19501495361328,16.5837097167969,1.4117693901062,3.29306960105896,6.67494535446167,2.60413265228271,1.30281162261963,7.526362419128421,11.435009002685499,18.9729251861572,2.10609531402588,-13.568748474121099,-5.29013347625732,-10.2024383544922,-16.031316757202102,15.3988943099976,-1.7713298797607402,4.11572790145874,-14.3215599060059,-5.50517177581787,-4.6628522872924805,-7.27803611755371,-2.3183605670929,-1.3608911037445102,-8.29769325256348,-3.1057891845703103,-6.6382560729980495,1.70388221740723,-7.59389305114746,-4.67128372192383,-7.78145599365234,-14.4993486404419,-9.65922546386719,-21.0203819274902,-21.7794189453125,-45.526424407959006,-56.6066665649414,-7.102465152740481,19.2671508789062,4.61943817138672,-10.6232872009277,-13.421989440917999
sub-0092,ses-03,run-06,vicarious,LOC,3,cueH_stimM,15.515266418457001,-16.867244720459002,-22.2157306671143,-14.726688385009801,-13.219373703002901,22.5000324249268,2.18057680130005,18.3264312744141,-1.7854509353637702,-2.5563786029815696,2.03573513031006,4.27388858795166,-10.625039100647,-0.0759134292602539,11.706729888916,22.6763095855713,15.753988265991199,6.511529445648191,-11.297953605651902,-13.651853561401401,-30.945894241332997,-8.54746913909912,-20.9080543518066,-8.02089595794678,3.70762729644775,15.1766939163208,-9.95199394226074,-5.08174991607666,3.37038707733154,-6.7744235992431605,12.088479995727502,8.16650390625,5.11882972717285,5.73405456542969,-9.77235794067383,-13.416675567627001,-18.483474731445302,-9.69427490234375,0.5867595672607421,10.4148273468018,-3.9234862327575697,-15.310969352722198
sub-0092,ses-03,run-06,vicarious,LOC,3,cueL_stimM,-5.11837387084961,-9.717531204223631,-14.249652862548801,-4.59984397888184,-4.6905846595764205,10.1481981277466,1.0801358222961401,-6.25280666351318,-4.13424110412598,-1.6165015697479201,2.31548810005188,-17.746383666992198,3.1674137115478502,-3.62035012245178,-31.1382026672363,10.1052875518799,-24.715213775634798,-0.462099075317383,-4.63101482391357,8.18673038482666,1.92008519172668,-18.2218742370605,7.014173030853269,-9.94637393951416,-11.8854923248291,-10.8484373092651,-5.15384864807129,-7.68650054931641,19.3348083496094,-8.2329158782959,-6.82923984527588,-21.577713012695302,-9.48676300048828,5.8820075988769505,5.210731506347661,14.5948171615601,14.250216484069801,4.33050537109375,-13.571441650390598,-2.33234786987305,-5.42670345306396,-0.304075241088867
sub-0092,ses-03,run-06,vicarious,LOC,3,cueH_stimL,26.882568359375,33.3688354492188,31.529613494873,20.5446166992188,44.3463020324707,40.3761978149414,39.9032402038574,23.2313232421875,32.603225708007805,12.9101457595825,21.6382865905762,17.556280136108402,32.915416717529304,2.3777842521667503,25.1752853393555,9.23375225067139,25.0263156890869,31.8082084655762,29.690320968627898,38.043426513671896,19.5784187316895,0.7481033802032471,3.7329678535461404,5.45171785354614,1.31084752082825,8.75882530212402,6.57254934310913,20.7719783782959,7.48302507400513,15.5330905914307,2.8084659576416002,-6.83489799499512,-3.02210426330566,13.8300342559814,4.307916641235351,5.61334991455078,-8.43897151947021,5.97969818115234,-15.3793058395386,-16.275821685790998,4.05939197540283,-6.81251525878906
sub-0092,ses-03,run-06,vicarious,LOC,3,cueL_stimL,-14.725597381591802,5.59603500366211,-3.13063907623291,3.95051908493042,22.6852645874023,14.974932670593299,15.0509700775146,6.305401802062991,6.1367692947387695,22.879941940307603,30.876537322998,20.299875259399396,17.5232238769531,13.0319213867188,20.7497539520264,16.615169525146502,12.622799873352099,14.6317195892334,10.130687713623,-1.13033294677734,-17.3719749450684,2.31271576881409,0.0183281898498535,-6.0491447448730495,2.43081569671631,-21.8835773468018,-14.681703567504899,-10.121297836303699,6.68584537506104,17.561468124389602,-9.1031436920166,-4.50762939453125,1.81975936889648,13.099334716796902,2.30319690704346,5.92326164245605,16.0041885375977,9.94515228271484,27.3927001953125,-0.758862495422363,-9.84346771240234,7.93153953552246
sub-0092,ses-03,run-06,vicarious,LOC,3,rating,-4.14495182037354,-13.5009117126465,-16.1694869995117,-14.676017761230499,-5.90943717956543,-9.736077308654789,-7.83255767822266,-5.19322395324707,-10.9428977966309,-4.68655014038086,-10.7973785400391,-1.67702662944794,4.67247581481934,-3.9490180015564,0.20123291015625,-7.25781440734863,-5.900140762329099,1.2010440826416,3.89487934112549,-0.5169079303741461,4.794737815856929,1.1385803222656201,-2.93386578559875,-7.80425834655762,-7.4816107749939,-4.1639084815978995,-14.4380292892456,-14.4853525161743,-1.66052448749542,-10.7017221450806,0.34275150299072304,-16.5462532043457,-12.778810501098599,-19.495803833007802,-15.233701705932601,-12.599292755127001,-10.8063354492188,-7.3674221038818395,-5.493831634521481,-13.5271320343018,-9.01252460479736,-14.469154357910199
sub-0092,ses-03,run-06,vicarious,LOC,3,cue,6.239078521728519,3.5285005569457994,-2.08785724639893,1.5238809585571298,6.04837989807129,8.46122932434082,4.72273969650269,11.408580780029302,13.9598388671875,11.598240852356,-0.0725421905517578,12.3735971450806,19.2934074401855,17.416259765625,19.3104476928711,13.289055824279801,5.30908203125,3.2434368133544904,5.636749267578121,13.4983396530151,13.0403594970703,18.6878128051758,15.848030090332001,11.3547821044922,-0.7128629684448241,6.45708560943604,-5.5893669128417995,6.46018886566162,-0.5771465301513671,4.50024700164795,4.35492610931396,0.41068589687347395,0.8109805583953861,-3.5884244441986097,-17.6412982940674,-16.1080226898193,-18.383769989013697,-1.9308842420578,-7.03058195114136,2.92639875411987,9.71168041229248,-1.4989123344421398
sub-0092,ses-03,run-06,vicarious,LOC,4,cueH_stimH,-14.0174388885498,-36.2481842041016,0.22150039672851604,-4.35628461837769,-9.55249786376953,-1.9282732009887702,19.417545318603498,-5.77701807022095,-18.959781646728498,8.52087783813477,-12.1088085174561,-10.959948539733901,1.5403985977172898,-2.01846265792847,2.32235336303711,17.7700233459473,3.61007690429688,-2.45804738998413,-14.550148010253901,14.703113555908198,3.7477636337280296,14.519603729247999,9.30336761474609,0.865879058837891,19.144727706909197,21.177360534668,23.2446994781494,20.2850570678711,8.14586639404297,6.5816545486450195,8.71579551696777,8.41414260864258,4.21202945709229,0.11264801025390599,0.908973455429077,-1.71806120872498,-1.55975985527039,-3.1046371459960898,-28.680603027343803,7.78830909729004,25.2486209869385,4.999301433563231
sub-0092,ses-03,run-06,vicarious,LOC,4,cueL_stimH,24.8830585479736,21.965011596679698,26.5939121246338,22.2993698120117,27.386461257934602,-1.50021648406982,6.6039738655090305,17.2149276733398,-2.55473661422729,-1.52633380889893,4.21479892730713,1.13736963272095,-13.1166019439697,8.76560974121094,19.9786758422852,-1.3419179916381798,5.48349761962891,7.93647003173828,5.86324119567871,2.34278345108032,4.1074075698852495,-1.1688153743743899,-10.5514793395996,14.588663101196301,-0.988873481750488,17.356098175048803,-9.96167469024658,16.0325412750244,8.23587036132812,-5.22981452941895,12.576637268066401,28.171989440918,8.88545322418213,-12.1145715713501,4.1297607421875,-5.35289764404297,16.6157608032227,9.75391387939453,30.773620605468803,33.495700836181605,7.555301666259769,21.718997955322298
sub-0092,ses-03,run-06,vicarious,LOC,4,cueH_stimM,24.700626373291,-6.16670227050781,-2.15309429168701,18.7776718139648,-6.5119047164917,-16.2509689331055,-12.147474288940401,-12.072968482971199,-20.052661895752,-14.442370414733901,-17.294183731079098,-20.014194488525398,-10.4363765716553,-0.519848823547363,8.536129951477049,8.55667400360107,10.1555871963501,-23.056993484497102,16.3625640869141,-0.700112342834473,-16.4658889770508,-14.755601882934599,-1.32541739940643,-22.6526947021484,-17.0146884918213,-3.29045867919922,-29.5290222167969,-13.6980686187744,-28.617460250854503,-8.6164722442627,-30.5397090911865,-13.874898910522498,-25.6130313873291,-8.27122497558594,-7.06909370422363,-9.24868965148926,-8.623598098754881,-8.59640502929688,2.8472204208374,-0.926103591918945,-5.31540393829346,10.558690071106
sub-0092,ses-03,run-06,vicarious,LOC,4,cueL_stimM,-6.601215362548831,-13.228518486022901,-0.8858075141906742,2.74845695495605,6.127159595489499,-4.61730146408081,6.554720878601071,-4.6424617767334,-4.564820289611821,14.841268539428699,11.441368103027301,10.0327634811401,1.066899061203,-11.9272975921631,3.0348730087280296,0.791515350341797,15.058372497558599,1.23288345336914,11.9907970428467,28.6809024810791,39.175685882568395,24.8778476715088,14.0183639526367,8.81761646270752,14.074826240539599,24.6756019592285,-1.9142522811889602,-0.35060882568359397,26.961257934570302,22.559175491332997,10.5104608535767,8.67795562744141,16.6927528381348,3.1956806182861297,2.04078197479248,6.133816719055179,14.469686508178699,-7.6653327941894505,-8.82920169830322,-5.92987251281738,-11.56396484375,1.9920597076416
sub-0092,ses-03,run-06,vicarious,LOC,4,cueH_stimL,18.581356048584002,-1.7843976020813,-7.6034660339355495,0.401257991790771,-11.333172798156701,-14.4074058532715,6.78788948059082,0.0430643558502197,-11.5930938720703,-9.01999092102051,-2.40241432189941,2.44178199768066,-2.6372089385986297,-17.4265232086182,7.94067573547363,30.4821586608887,14.662342071533198,28.1694831848145,41.6972618103027,28.0281982421875,40.8363914489746,8.9503927230835,15.1791181564331,11.0712385177612,12.7543439865112,14.140117645263699,12.675055503845199,8.77803134918213,7.07259893417358,6.627822399139401,3.6604175567627,22.7645988464355,32.6252670288086,27.117891311645497,-0.975053787231445,1.40423583984375,6.4852409362792995,20.384109497070302,-4.90200281143188,-0.84686279296875,-5.3638620376586905,14.801750183105499
sub-0092,ses-03,run-06,vicarious,LOC,4,cueL_stimL,2.2023506164550803,-16.4718742370605,1.05212211608887,-8.31485748291016,3.0050950050354,5.28630828857422,13.6807250976562,-2.3538646697998,11.9067478179932,-1.8258600234985398,8.39304542541504,21.423713684082,14.6770820617676,28.2232837677002,17.8866138458252,28.7993469238281,35.1373825073242,18.896526336669897,21.961612701416,6.178863525390621,7.30350208282471,6.63922786712646,33.0715560913086,17.455192565918,3.90529823303223,13.895966529846199,1.99755382537842,17.0193843841553,22.8324298858643,41.451019287109396,28.6540412902832,26.343673706054698,31.509521484375,33.6291732788086,29.6437873840332,42.376579284668004,27.254753112793,25.6494064331055,19.8291072845459,15.6376686096191,15.162727355957001,16.293724060058597
sub-0092,ses-03,run-06,vicarious,LOC,4,rating,4.09862232208252,-4.56866502761841,-3.05901384353638,-1.9082136154174798,-7.814640998840329,-10.4815807342529,-8.94556999206543,-6.5423870086669895,-1.9748039245605502,0.338932037353516,-0.44366455078125,-0.347091913223267,0.764639556407928,11.8930244445801,2.39321899414062,4.26656532287598,13.616720199584998,11.193582534789998,7.18611907958984,-1.01326131820679,1.9247536659240703,3.3431999683380096,0.474438190460205,0.7140169143676759,-0.40711367130279497,1.7090609073638898,9.59149265289307,4.5871896743774405,2.01445984840393,-4.31996726989746,-5.86171197891235,3.5395731925964395,-8.335756301879881,-0.5546884536743161,2.3709301948547403,3.9861478805542006,-1.7367229461669902,5.199193954467769,2.42105460166931,6.053472518920901,0.15251159667968803,2.51463508605957
sub-0092,ses-03,run-06,vicarious,LOC,4,cue,1.20285797119141,3.22548770904541,-8.26588344573975,-7.62221336364746,-5.85428285598755,-1.4802339076995803,-10.186934471130401,-4.5664372444152805,-4.08128261566162,5.21924543380737,7.156183242797849,10.148183822631802,21.398052215576197,8.722339630126951,3.37889862060547,16.2381477355957,5.83056640625,1.76078128814697,-2.9049739837646498,0.86565113067627,-3.2696685791015603,0.455745697021484,0.617361068725586,-7.408084869384769,1.18171882629395,4.8152904510498,3.38613557815552,5.5100383758544895,1.4573593139648402,6.1934928894042995,18.4607543945312,1.33089458942413,3.29233050346375,2.8876402378082298,4.40437507629395,0.998026311397552,4.27273368835449,7.6263103485107395,6.133727550506589,8.85068511962891,9.01230621337891,-6.48480224609375
sub-0092,ses-03,run-06,vicarious,LOC,45,cueH_stimH,16.3962154388428,22.228645324707,20.86594581604,16.7359485626221,26.7665328979492,24.5312576293945,20.492511749267603,28.4423999786377,19.5583992004395,5.982470035552981,14.5828046798706,24.088809967041,21.000617980957,17.8952045440674,33.0570678710938,31.508605957031197,18.9752082824707,27.994935989379897,19.675142288208,14.6834964752197,6.78080606460571,12.9083414077759,21.8424415588379,15.1302661895752,22.9218215942383,22.748327255249,21.9728736877441,17.8752708435059,5.55188655853271,1.3194608688354499,1.11110687255859,3.36569786071777,-8.776171684265138,19.3081588745117,5.799249649047849,9.774163246154789,15.214394569397,7.09506988525391,8.04231834411621,14.1337308883667,13.969745635986301,11.300434112548801
sub-0092,ses-03,run-06,vicarious,LOC,45,cueL_stimH,12.7512426376343,23.3032741546631,4.44004774093628,29.009719848632802,21.496849060058604,16.0710029602051,23.059574127197298,24.7623023986816,24.289613723754897,14.087214469909698,5.26203489303589,5.65303993225098,7.66485500335693,-1.08280467987061,10.9775133132935,5.168484210968019,7.11700534820557,-4.84995651245117,6.37944459915161,0.847319602966309,-1.43399620056152,-11.8991250991821,-24.9885311126709,-25.362609863281197,-26.7125186920166,-20.591098785400398,-18.6534786224365,-14.965343475341802,-6.416385650634769,-11.0612850189209,-5.69811248779297,-19.7043685913086,-19.2713375091553,-27.0902366638184,-15.385009765625,-46.7379951477051,-45.744075775146506,-21.7119140625,6.57344055175781,-13.6533546447754,-11.150989532470698,-0.646780014038086
sub-0092,ses-03,run-06,vicarious,LOC,45,cueH_stimM,11.352724075317399,13.8977746963501,8.453479766845701,-0.169857501983643,-3.80077266693115,0.8990578651428219,-3.7547366619110094,-2.67479658126831,15.2756433486938,-0.521226406097412,-1.0505230426788301,4.17054080963135,-5.19923543930054,8.13087844848633,17.5193843841553,12.990220069885302,13.100955009460401,5.915447235107419,4.0656270980835005,6.54740333557129,-4.89514684677124,-20.6599197387695,-13.964204788208,1.8491039276123,-7.84990930557251,-4.99308395385742,-16.6565361022949,-12.8365154266357,-17.3380012512207,-11.0845069885254,-9.961812973022461,-19.4514770507812,-5.9697360992431605,-14.502044677734402,-18.9161682128906,-19.5378379821777,-22.8061256408691,-16.9469909667969,-14.187096595764197,-13.0989933013916,-13.077754020690902,-7.668433666229251
sub-0092,ses-03,run-06,vicarious,LOC,45,cueL_stimM,-3.4009008407592796,-0.23059749603271498,-11.747200012207001,-9.413286209106449,-7.39260482788086,-10.466958999633801,-0.7984843254089359,-12.3712902069092,-22.769788742065398,-1.5251407623291,-4.692344665527339,-13.4501190185547,-10.709622383117699,-11.736342430114698,-8.24595832824707,-3.78452777862549,-6.297306060791019,0.36561775207519503,5.73754215240479,1.08072471618652,1.1429305076599099,0.0377302169799805,6.64514827728271,-7.28786849975586,-5.261329650878911,-10.1444044113159,-3.6231031417846697,-16.9138717651367,-6.64639854431152,-8.939887046813961,-15.9882078170776,-11.9994430541992,-7.64474010467529,-4.38283824920654,-10.5524110794067,1.87028288841248,-2.5260229110717796,-0.16790509223938,-14.3356685638428,-14.102179527282699,2.68785572052002,-6.665836334228519
sub-0092,ses-03,run-06,vicarious,LOC,45,cueH_stimL,32.9361534118652,44.605983734130895,43.121463775634794,34.6969184875488,44.1425895690918,51.4684371948242,41.284675598144496,43.125885009765604,34.1426162719727,35.124942779541,45.41996765136721,38.4153900146484,36.8737945556641,45.7491264343262,40.95277786254879,42.4107055664062,42.940986633300795,47.179805755615206,52.6706314086914,47.203033447265604,36.0581855773926,31.974168777465803,33.364791870117195,28.726852416992198,25.8920116424561,23.673364639282198,27.611158370971697,33.6888618469238,24.738100051879897,4.16865825653076,0.353299140930176,-1.24435234069824,2.4908294677734397,-0.19156455993652302,0.333938598632812,-3.38195037841797,-4.7552986145019505,-1.6583557128906203,-9.59363842010498,-2.04897308349609,-0.847920417785645,-1.2020568847656201
sub-0092,ses-03,run-06,vicarious,LOC,45,cueL_stimL,-10.797279357910199,-4.74567222595215,0.0605049133300781,9.5027551651001,15.527122497558599,35.807441711425795,29.727220535278303,22.091915130615202,10.068871498107901,26.046155929565398,36.9287452697754,39.3326530456543,34.9064598083496,38.16111373901371,31.0605907440186,27.7328796386719,19.4899864196777,20.328166961669897,24.3342723846436,16.7779808044434,9.14128303527832,-3.36570453643799,17.3149852752686,10.7236633300781,1.23742008209229,-7.00661420822144,-5.69368839263916,-3.47201013565063,0.44096183776855497,7.20403957366943,7.11353302001953,-10.9376049041748,1.22691345214844,-9.82907867431641,2.12881374359131,0.9385395050048829,8.3350830078125,15.700782775878901,7.46002960205078,9.33236694335938,-1.30832672119141,2.53700351715088
sub-0092,ses-03,run-06,vicarious,LOC,45,rating,-8.14767360687256,-11.709737777710002,-9.5812406539917,-8.48600578308105,-8.21588611602783,-4.62186336517334,-8.83441162109375,-6.791961669921879,-6.7907390594482395,-5.752325057983401,-4.07627868652344,-3.05023550987244,-1.3039766550064098,0.0580463409423828,-1.47314453125,-2.59779930114746,1.71008491516113,3.61956691741943,4.7713341712951705,4.25103855133057,3.7584629058837904,0.151176452636719,-1.5459233522415199,-10.6574697494507,-8.41461086273193,-13.184986114502001,-14.541003227233901,-15.6505870819092,-16.66086769104,-14.6437101364136,-17.726629257202102,-17.7714900970459,-19.694898605346697,-17.3138694763184,-19.555196762085,-23.331485748291,-19.1783123016357,-15.063770294189501,-12.4221363067627,-11.566347122192399,-15.6010227203369,-12.090494155883801
sub-0092,ses-03,run-06,vicarious,LOC,45,cue,8.544431686401369,8.03825569152832,4.8085298538208,7.132305145263669,9.30024337768555,10.011970520019501,13.9226627349854,16.3654174804688,9.3336763381958,8.71429443359375,13.900035858154302,13.195405006408699,19.9240493774414,24.1249351501465,19.2887001037598,21.0305709838867,18.2877883911133,17.2307090759277,19.4310703277588,18.576396942138697,20.625862121582,17.925666809082,11.674785614013699,8.19102478027344,10.5213565826416,5.67860507965088,6.01347303390503,9.92940139770508,7.743183135986331,6.39799022674561,0.625528931617737,4.91501140594482,1.21180129051208,-12.845862388610803,-12.282132148742699,-10.1422128677368,-4.12824726104736,-6.97198820114136,-1.8997263908386202,-9.56221389770508,-1.05667972564697,2.68681955337524
sub-0092,ses-03,run-06,vicarious,LOC,46,cueH_stimH,-1.8467845916748,-2.8518638610839804,-1.6720867156982402,8.659702301025389,-3.0408124923706095,6.0224895477294895,6.09145212173462,2.11929368972778,-9.7319974899292,-14.7114429473877,-1.71059846878052,5.88201093673706,-1.90170955657959,0.516026258468628,-3.3508958816528303,14.4041585922241,10.913047790527301,3.90608048439026,5.33109188079834,11.113676071167,8.38944721221924,8.42533016204834,9.8882532119751,13.150642395019501,21.2309455871582,19.2246685028076,18.132614135742198,17.9935989379883,0.540323257446289,-8.23556804656982,-4.96455669403076,-14.4699621200562,-3.8527374267578103,-3.31210327148438,-20.180711746215803,-0.967096090316772,-12.739269256591802,4.471763610839839,-3.1916952133178698,9.02711391448975,3.65793132781982,2.83992862701416
sub-0092,ses-03,run-06,vicarious,LOC,46,cueL_stimH,24.686582565307603,15.293687820434599,26.4023590087891,29.4747714996338,18.2233715057373,18.982318878173803,13.0730037689209,5.48980712890625,0.661922454833984,3.6928081512451203,-7.3021745681762695,-7.97641324996948,-6.1374197006225595,-1.03800940513611,-7.6398787498474094,3.4858224391937296,11.915556907653801,11.800457954406701,-10.9984073638916,-9.13459205627441,-2.13245296478271,-8.76662921905518,-12.242246627807601,-8.40022659301758,0.616822183132172,-3.85385465621948,-3.50755882263184,-7.5123386383056605,8.33475875854492,-3.75340843200684,2.3819961547851602,14.7805490493774,-2.1274662017822297,-11.194450378417999,3.7655029296875,14.155618667602502,3.0708816051483194,15.260791778564501,36.276397705078104,16.5843772888184,23.366600036621104,27.788501739502
sub-0092,ses-03,run-06,vicarious,LOC,46,cueH_stimM,8.48970413208008,10.2655534744263,1.4317302703857402,-2.2424678802490203,-4.2834038734436,-10.227410316467301,-16.9248924255371,-9.59119606018066,-3.68187475204468,-8.56806468963623,1.19540762901306,-7.54941749572754,-4.87161540985107,1.80538463592529,14.406177520752001,18.5824279785156,9.08279705047607,2.7454433441162096,7.52352237701416,-9.30189228057861,-18.1863174438477,-19.949550628662102,-16.7236595153809,-6.769118309021,-19.143997192382802,-15.292579650878901,-13.837876319885302,-25.1047210693359,-30.402198791503896,-25.507648468017603,-4.48580551147461,-14.1424827575684,-14.0117835998535,-19.3683013916016,-18.4851570129395,-27.205957412719698,-27.5682735443115,-6.221588134765621,-2.0060176849365203,1.89074897766113,1.4900627136230502,-18.8165130615234
sub-0092,ses-03,run-06,vicarious,LOC,46,cueL_stimM,-3.90591526031494,3.45139479637146,-3.65367317199707,1.57076549530029,3.00858783721924,6.274694919586179,13.9532470703125,10.4553966522217,15.3250246047974,20.5646800994873,14.8222761154175,19.2716503143311,17.668354034423803,6.35156774520874,7.579144477844241,14.6459875106812,7.1013879776001,21.7590675354004,13.656010627746598,22.520427703857397,20.179611206054698,17.8970413208008,22.1300773620605,15.513081550598098,12.651120185852099,20.3500595092773,24.443992614746104,23.455486297607397,28.5398807525635,20.9848232269287,14.415790557861301,21.4633102416992,20.2227821350098,19.9426288604736,17.7429885864258,10.9254474639893,8.35263824462891,5.410588264465329,-14.2032957077026,-20.1134071350098,-5.11617183685303,-19.1529560089111
sub-0092,ses-03,run-06,vicarious,LOC,46,cueH_stimL,9.28975009918213,10.788911819458,22.833492279052702,9.89311981201172,11.5806941986084,3.8910906314849902,10.321524620056199,15.251721382141099,4.48192691802979,2.65706849098206,16.445631027221697,16.435472488403303,10.062143325805698,25.288646697998,19.6717834472656,19.833084106445302,21.4845294952393,35.226188659668004,28.032659530639602,30.3622131347656,36.4944458007812,31.0747718811035,19.6500854492188,30.2947425842285,10.3764057159424,22.1454677581787,21.5869979858398,22.3998126983643,10.664095878601099,10.519100189209,21.3790397644043,14.8343152999878,13.387439727783198,19.8718299865723,20.0112209320068,3.71697235107422,4.54290580749512,-4.238853454589839,0.988883256912231,-1.57682800292969,5.42141342163086,-0.126640319824219
sub-0092,ses-03,run-06,vicarious,LOC,46,cueL_stimL,-14.418601989746099,-12.986909866333,11.207508087158198,-1.02956628799438,21.7017135620117,17.154518127441403,9.714193344116211,19.894968032836896,17.2288494110107,20.154850006103498,24.9083557128906,22.9131736755371,27.732114791870103,24.888360977172898,26.0588779449463,27.0367965698242,37.0991363525391,16.8889274597168,17.0274620056152,25.9293746948242,9.95651817321777,24.0516891479492,25.220378875732397,16.7579078674316,2.52192306518555,5.223388671875,4.75649070739746,9.09027481079102,10.732630729675302,14.8355293273926,32.473949432373,8.69708633422852,26.3638553619385,8.43403625488281,15.4587068557739,10.4033689498901,12.9634857177734,24.699768066406197,16.428617477417,20.2849025726318,8.55085754394531,17.324508666992198
sub-0092,ses-03,run-06,vicarious,LOC,46,rating,-7.9156198501586905,-11.9167156219482,-9.81037139892578,-9.75481033325195,-12.495618820190401,-7.25466156005859,-14.404899597167999,-11.563560485839801,-11.322124481201199,-9.09621620178223,-5.23271179199219,-3.3786311149597203,-1.8256803750991801,-0.154847621917725,-7.61354064941406,-4.6027107238769505,-5.39883804321289,-3.12150382995605,2.92410278320312,-0.7529282569885251,0.336494207382202,-2.56726932525635,-0.589866399765015,-5.797428131103519,-6.35197401046753,-10.4511661529541,-7.850989818573001,-10.6417503356934,-7.5266251564025906,-6.79083156585693,-5.7026948928833,-7.573767185211179,-10.6149778366089,-7.83303499221802,-12.8449029922485,-5.814532279968259,-8.32816123962402,-8.1155834197998,-5.45652437210083,-1.63603496551514,-2.60745429992676,-1.8451976776123
sub-0092,ses-03,run-06,vicarious,LOC,46,cue,5.91368865966797,-3.7584619522094704,0.22426795959472698,-3.55682277679443,-0.504310607910156,-2.6533794403076203,8.345494270324709,6.438073635101321,9.02938461303711,9.55430603027344,13.3841114044189,14.6348104476929,17.1467876434326,20.4955673217773,17.540225982665998,15.906640052795401,17.185569763183597,11.1336307525635,7.13804626464844,6.56298637390137,8.09300231933594,9.70980834960938,4.76871681213379,4.95106315612793,-1.90835857391357,2.6248559951782204,9.20535182952881,5.981074333190921,10.561579704284698,9.62763595581055,3.73691511154175,6.41763544082642,-1.33922696113586,-2.08990550041199,-2.33720827102661,-6.10754680633545,-7.392432689666751,-4.14061784744263,1.97673177719116,-2.3147497177124,5.68745613098145,-2.1251459121704097
sub-0092,ses-04,run-01,vicarious,LOC,279,cueH_stimH,-10.605297088623,-6.9936847686767605,-15.724916458129899,-12.413167953491199,-7.18139839172363,2.7549152374267596,-9.784017562866211,-18.1703701019287,6.77482032775879,-1.01193046569824,7.33976554870605,4.19009590148926,22.399106979370103,-6.71504783630371,12.2626171112061,7.47245597839355,-2.8511638641357404,-8.18282127380371,-7.47041893005371,0.182039260864258,-1.03170585632324,-4.48995780944824,-18.7940273284912,-16.7022304534912,-18.7478847503662,-12.726644515991199,-19.45481300354,-6.897150039672849,-23.3519992828369,-18.0231647491455,-31.2935085296631,-12.7146263122559,-10.5548095703125,-5.48558044433594,-1.20248794555664,4.05513000488281,3.55854415893555,-2.7970123291015603,-4.50914764404297,18.513427734375,13.6855926513672,7.89333343505859
sub-0092,ses-04,run-01,vicarious,LOC,279,cueL_stimH,13.9816131591797,13.0674247741699,12.3812313079834,16.350875854492198,13.277233123779302,20.347337722778303,23.276910781860398,21.9454288482666,35.56003952026371,24.627508163452102,28.325904846191396,17.632459640502898,22.5881004333496,16.9055309295654,19.376621246337898,24.2714576721191,23.3522434234619,15.170783042907699,19.4619731903076,-4.49568748474121,13.880863189697301,-0.6345815658569339,-4.53154754638672,-4.6144914627075195,8.65142250061035,12.3447790145874,4.86980247497559,17.650785446167,19.1245403289795,0.7452545166015621,3.1677913665771498,0.650638580322266,9.72384262084961,-4.28748321533203,5.1859130859375,-13.753623962402301,-5.758296966552731,-16.3838233947754,-0.7923583984375,-12.343147277832001,-12.214515686035199,-13.0091819763184
sub-0092,ses-04,run-01,vicarious,LOC,279,cueH_stimM,-15.5116729736328,-3.0511875152587904,-9.705830574035641,-4.9750862121582005,-15.261267662048303,-18.5132904052734,-19.3729839324951,-15.6265859603882,-2.41528749465942,-11.159532546997099,-0.22043704986572302,-6.389179229736331,14.2673854827881,7.1629056930542,4.79193878173828,-7.22240447998047,7.4604377746582005,-3.4825420379638703,11.6340007781982,7.31388282775879,21.4464797973633,4.26210975646973,-3.1327476501464804,0.69243049621582,-3.09947967529297,-13.768272399902301,0.05859375,-8.80374526977539,-11.561042785644501,-2.9066734313964804,-1.9647102355956998,6.850177764892581,-1.0733566284179699,-8.45005035400391,-16.4888305664062,-11.0571975708008,-4.283050537109379,-11.6602020263672,-1.91217041015625,-15.3955879211426,4.20342540740967,-6.40259218215942
sub-0092,ses-04,run-01,vicarious,LOC,279,cueL_stimM,7.145813465118411,11.6412677764893,10.7022075653076,17.842599868774396,1.6230144500732402,24.486270904541,11.625745773315401,41.5388069152832,3.53649044036865,30.670141220092802,0.49933719635009793,20.6191444396973,8.44910049438477,14.638886451721199,-2.18075561523438,14.814781188964801,-1.2281074523925801,13.542598724365199,-2.66709423065186,-9.392293930053711,1.22550964355469,-16.752098083496097,-12.4927921295166,-9.60011291503906,-11.3409748077393,-19.288724899292,-26.2639808654785,-19.2177829742432,-12.2145118713379,-5.98051452636719,-7.28407287597656,-28.361770629882802,-18.5312347412109,-16.497013092040998,-14.053647994995101,-8.644106864929201,4.42887496948242,9.8499641418457,-2.88624954223633,-2.14321136474609,5.38167953491211,-3.9123992919921897
sub-0092,ses-04,run-01,vicarious,LOC,279,cueH_stimL,26.5620517730713,3.7102401256561297,16.6523132324219,-2.45663356781006,7.38152980804443,-11.2321157455444,-22.1201992034912,-16.137567520141598,-4.2329249382019,1.0992259979248,1.37565612792969,10.736778259277301,-9.55043315887451,1.9646487236022903,2.13836145401001,0.828125,-2.10116767883301,-16.075384140014602,-22.9848232269287,-45.2764663696289,-44.039146423339794,-35.025485992431605,-32.491382598877,-7.975589752197269,-27.824363708496104,-15.1234550476074,-26.4893779754639,-17.3218193054199,-10.166221618652301,-12.1282272338867,-19.754714965820302,-0.121139526367188,-14.419532775878901,-8.053066253662111,-8.369373321533201,-2.72328567504883,-9.43540000915527,-6.12236785888672,15.5257177352905,0.436841011047363,12.256122589111301,20.647087097168
sub-0092,ses-04,run-01,vicarious,LOC,279,cueL_stimL,3.8157978057861297,19.218620300293,7.0924243927002,21.847581863403303,10.5904293060303,31.062364578247102,12.6570692062378,23.4366607666016,11.710059165954599,20.477863311767603,8.89706039428711,35.978919982910206,23.657325744628896,24.2125034332275,29.6036911010742,24.8400764465332,25.1818771362305,16.6498870849609,7.1833591461181605,12.8452701568604,-4.05353832244873,-12.8137989044189,-13.3472652435303,-24.360708236694304,-17.8201656341553,-28.668081283569304,-29.1324062347412,-34.2385940551758,-26.518684387207,-18.516393661499,-20.333286285400398,-17.104469299316403,-14.2539405822754,-16.5610275268555,-7.1487541198730495,-15.4068145751953,1.9850044250488301,-2.03006362915039,3.66156768798828,-11.150352478027301,9.49441528320312,-7.74052429199219
sub-0092,ses-04,run-01,vicarious,LOC,279,rating,6.906497955322269,7.557202339172361,8.0365686416626,13.8186283111572,13.237895965576199,12.659229278564501,12.2729930877686,10.395256042480499,11.110391616821301,12.1729230880737,13.8718795776367,15.5825138092041,18.870407104492198,15.682090759277301,14.0870361328125,11.6516571044922,11.320045471191401,15.0942831039429,5.07319831848145,6.97237682342529,0.230743408203125,-3.5905780792236297,-5.37584686279297,-5.10243940353394,-8.38264751434326,-8.49468040466309,-8.56669235229492,-4.4703054428100595,-1.22906041145325,-1.27822613716125,-2.1489620208740203,-5.945674896240231,-0.591261863708496,-5.02892112731934,-5.02041149139404,-0.421143531799316,-3.49406909942627,1.3293571472168,-2.00664520263672,5.19209289550781,1.51916122436523,2.45531558990479
sub-0092,ses-04,run-01,vicarious,LOC,279,cue,-2.46062088012695,-9.22004508972168,-1.3655776977539098,-7.851617813110349,-3.7928848266601602,-7.50644874572754,-9.228555679321289,-15.947887420654302,-14.778911590576199,-15.9656448364258,-17.0212135314941,-17.8893203735352,-12.9993553161621,-15.9457454681396,-13.614261627197301,-14.029369354247999,-15.622501373291,-10.7154846191406,-11.8122100830078,-13.9579925537109,-17.165359497070302,-17.910934448242198,-14.0983200073242,-18.665561676025398,-18.931592941284197,-20.1361351013184,-15.977291107177699,-14.710155487060499,-10.9949893951416,-10.5134544372559,-2.68668174743652,-5.72930717468262,-4.14298439025879,-4.85715103149414,-8.0711669921875,0.692462921142578,-7.999078750610349,-0.817165374755859,-3.6453199386596697,-1.06997394561768,-8.55554580688477,2.14106273651123
sub-0092,ses-04,run-01,vicarious,LOC,280,cueH_stimH,10.5955924987793,10.859006881713901,5.73542594909668,2.15013313293457,-0.406784057617188,-1.71100234985352,-4.98700332641602,7.7955818176269505,16.850276947021502,29.6889114379883,27.9927444458008,39.226631164550795,35.687812805175795,48.931224822998,46.929027557373,45.632884979248,42.570140838623,37.438545227050795,27.3268508911133,27.3040237426758,10.595142364502,12.475269317627001,5.0916023254394505,2.35234451293945,-5.947940826416019,-12.1726722717285,-23.135089874267603,-39.829551696777294,-49.7724494934082,-45.2061996459961,-39.950775146484396,-34.3078384399414,-32.2839508056641,-24.9536056518555,-24.7947273254395,-14.007438659667999,-17.3028869628906,-9.66176605224609,5.84365081787109,11.9513549804688,19.822799682617198,29.138671875
sub-0092,ses-04,run-01,vicarious,LOC,280,cueL_stimH,10.6212692260742,16.964866638183597,27.464586257934602,36.2344627380371,28.5480899810791,45.9725341796875,44.094596862793,52.3007125854492,44.935329437255895,43.130496978759794,42.4241790771484,39.343658447265604,44.905910491943395,30.8675327301025,49.6885757446289,49.925262451171896,40.0162773132324,30.5971946716309,41.626636505127,35.7620735168457,22.4848194122314,25.9843215942383,13.9036102294922,12.6631755828857,21.587329864502,15.7844696044922,7.5700511932373,8.32234573364258,3.06550979614258,-6.203155517578121,0.7894916534423829,-2.27112197875977,-4.228807449340819,-19.688373565673803,-29.067554473877,-19.4468154907227,-36.5669708251953,-26.8269233703613,-28.8810081481934,-27.2768859863281,-25.4599990844727,-17.3069953918457
sub-0092,ses-04,run-01,vicarious,LOC,280,cueH_stimM,-29.894363403320302,-33.315910339355504,-36.0609016418457,-28.2930374145508,-34.1074829101562,-21.1041221618652,-34.7160034179688,-11.1770362854004,-16.5413398742676,-11.686605453491199,-5.57395267486572,0.885350227355957,1.1206369400024399,11.4363059997559,11.8709135055542,13.826038360595698,16.307720184326197,23.276762008667003,16.5790519714355,17.0883350372314,21.0871486663818,19.8602027893066,1.15269470214844,-4.44926643371582,1.82892227172852,-5.96326446533203,-1.4248428344726598,-14.7539749145508,-9.60321807861328,-9.11385726928711,-0.728847503662109,-12.501304626464801,-12.047454833984402,-23.2599220275879,-9.57875823974609,-2.9767608642578103,-21.1390380859375,-15.9818267822266,-25.8540534973145,-7.92633819580078,-20.116590499877898,-7.63311243057251
sub-0092,ses-04,run-01,vicarious,LOC,280,cueL_stimM,13.0535564422607,1.82336616516113,20.3963985443115,5.975295543670651,22.586692810058604,11.569263458252001,27.8208084106445,15.702256202697802,26.179573059082,16.1921768188477,23.7680644989014,21.4886093139648,32.471622467041,24.408636093139602,43.6718864440918,38.443264007568395,52.3585815429688,53.1132125854492,31.790710449218803,42.459789276123,15.8281707763672,10.5536575317383,3.29526901245117,-3.8667373657226602,-16.4230461120605,-7.50945281982422,-15.156368255615199,-28.683650970459,-30.8484191894531,-26.340965270996104,-25.645378112793,-33.216094970703104,-22.6303901672363,-20.484416961669897,-16.8924999237061,-8.11127185821533,-16.0523338317871,-8.39864921569824,-20.3409824371338,-9.16582107543945,7.71661376953125,5.095977783203121
sub-0092,ses-04,run-01,vicarious,LOC,280,cueH_stimL,16.3662395477295,11.2534027099609,2.30211448669434,-1.57321977615356,-16.8904514312744,-23.867162704467802,-27.5407981872559,-15.782674789428699,-12.065347671508801,-3.91634750366211,4.08198833465576,4.4506368637085005,5.070947647094731,5.18618392944336,-1.3700361251831101,2.47649002075195,8.51776504516602,-4.23987579345703,-14.1244773864746,5.160308837890621,-14.645511627197301,-23.2245712280273,-22.2469367980957,-24.357482910156197,-14.256542205810499,-27.0833549499512,-20.935533523559602,-26.280517578125,-26.3811569213867,-16.3275299072266,-18.5148010253906,-18.359817504882802,-4.13446044921875,-12.862476348877001,4.3344841003417995,-7.75400543212891,9.47985076904297,17.9386806488037,32.90185546875,27.293331146240202,28.709451675415,36.7634124755859
sub-0092,ses-04,run-01,vicarious,LOC,280,cueL_stimL,15.499010086059599,6.320950508117679,22.130784988403303,11.7315578460693,18.2288761138916,24.5366592407227,30.1264476776123,25.0261306762695,37.417205810546896,30.464609146118196,36.623016357421896,39.31333541870121,49.7002563476562,38.7882690429688,47.3189544677734,49.915924072265604,41.7037391662598,46.4064788818359,32.0296478271484,28.388599395752,9.966596603393551,4.1799144744873,-12.412738800048801,-27.8759269714355,-44.9325561523438,-51.1093139648438,-50.0316772460938,-58.1091804504395,-60.968997955322294,-50.5441741943359,-53.225521087646506,-39.5004119873047,-31.420330047607397,-26.842224121093803,-27.9564743041992,-29.0509433746338,-20.0072402954102,-8.696483612060549,-7.8419189453125,-3.61583709716797,-0.652145385742188,-2.32638549804688
sub-0092,ses-04,run-01,vicarious,LOC,280,rating,17.678466796875,17.143602371215803,20.4843482971191,21.1171550750732,21.3103275299072,26.088636398315398,27.3834342956543,26.3512535095215,24.837303161621104,29.160371780395497,29.3007926940918,27.945116043090803,24.3827590942383,16.4452743530273,20.4859619140625,15.8052825927734,15.463996887207001,8.79415130615234,5.36071968078613,-0.27275180816650396,-9.48302841186523,-15.2151432037354,-21.0735816955566,-18.0930709838867,-22.4958305358887,-20.3797454833984,-16.2862148284912,-17.2785491943359,-14.3092098236084,-14.6233606338501,-11.058937072753901,-10.2150535583496,-6.94982671737671,-3.6902523040771498,-2.54777812957764,-2.7252159118652304,4.246080398559569,-1.97999572753906,-0.877262115478516,-2.12781238555908,0.32472419738769503,-5.61678123474121
sub-0092,ses-04,run-01,vicarious,LOC,280,cue,-10.3449459075928,-3.7366313934326203,-4.44115447998047,-3.83641815185547,-4.471221923828121,-5.7544841766357395,-11.095619201660199,-18.076248168945302,-18.7978286743164,-13.282562255859402,-20.861591339111303,-18.126430511474602,-15.964847564697301,-17.2255172729492,-18.2334480285645,-17.573074340820302,-19.8448867797852,-20.1337203979492,-17.3594589233398,-16.1353149414062,-15.792488098144501,-16.1089477539062,-16.6044311523438,-16.108173370361303,-11.6956081390381,-12.398094177246099,-6.435283660888669,-2.70512199401855,-0.602365493774414,5.28531074523926,7.76206016540527,10.936180114746099,15.099100112915002,13.7645950317383,18.5197162628174,13.530740737915002,12.356815338134801,8.51043701171875,10.8291168212891,7.4934787750244105,3.66990423202515,2.55986309051514
sub-0092,ses-04,run-01,vicarious,LOC,281,cueH_stimH,21.161819458007802,-2.3122787475585898,-9.3692626953125,-10.8615112304688,-9.43987464904785,-3.43925285339355,-0.939619064331055,-2.26762199401855,6.9325885772705105,3.8761920928955096,12.8998756408691,13.3477516174316,5.4620075225830105,8.68515205383301,10.413789749145499,-6.69938659667969,13.9965553283691,-6.00334167480469,-13.9738159179688,-2.42374992370605,-16.8233032226562,-11.3860321044922,-24.525939941406197,-15.1215209960938,-7.76908874511719,-7.64689636230469,-5.95489692687988,-13.086986541747999,-23.8299121856689,-25.2801342010498,-25.453392028808604,-29.3680267333984,-17.114990234375,-10.612567901611301,-8.34217834472656,-13.7120685577393,-3.21702194213867,-8.742641448974611,-7.3118400573730495,3.34667205810547,11.0267333984375,7.36670684814453
sub-0092,ses-04,run-01,vicarious,LOC,281,cueL_stimH,11.4430084228516,15.596416473388699,7.99049186706543,25.373804092407198,19.910100936889602,24.1909561157227,27.2192459106445,37.689460754394496,35.8871269226074,41.5296669006348,34.4714851379395,22.777490615844698,19.0297832489014,20.2230186462402,16.0787734985352,22.3246555328369,18.7204647064209,23.949752807617198,5.49966764450073,8.073681831359862,-11.026798248291,-0.614352226257324,-9.56465530395508,-12.0820322036743,14.4059295654297,5.50251579284668,10.8109474182129,-0.948774337768555,0.0290241241455078,-20.459148406982397,0.13705825805664099,-5.1598949432373,-5.68119621276855,-10.2926616668701,-22.7780742645264,-17.7126731872559,-38.3362274169922,-11.7695770263672,-14.962383270263699,-7.59648132324219,-17.6221542358398,-6.50324249267578
sub-0092,ses-04,run-01,vicarious,LOC,281,cueH_stimM,7.547551155090329,-4.37632083892822,-3.7883872985839804,0.00304698944091797,-4.11589765548706,-15.158522605896001,-18.8222599029541,-2.91779065132141,3.8490548133850098,0.37567710876464794,-2.64287662506104,7.04446792602539,3.0745418071746804,-1.0484828948974598,-3.3667116165161097,1.05804634094238,1.84190368652344,4.00516700744629,6.35049819946289,-5.834075927734379,4.879064559936519,9.264101028442381,-7.19805717468262,-4.62183570861816,-10.903673171997099,5.18006134033203,-12.226245880127001,-11.1981811523438,-8.462718963623049,-0.637466430664062,15.5259590148926,15.6177558898926,19.2422409057617,-12.4186401367188,-10.528419494628901,-13.872947692871099,2.42733764648438,4.81481170654297,-2.4798774719238303,-5.72572422027588,-2.52992010116577,-15.5930776596069
sub-0092,ses-04,run-01,vicarious,LOC,281,cueL_stimM,17.646396636962898,6.49436092376709,14.051271438598599,11.589165687561,20.5221118927002,27.7655372619629,33.953857421875,30.752067565918,33.0790176391602,19.486373901367198,20.483325958252,13.669701576232901,33.9766654968262,29.218528747558604,31.717971801757802,30.3865661621094,19.557296752929698,18.9900054931641,19.2493286132812,19.4763259887695,25.668729782104503,9.43678665161133,1.9462585449218797,-4.977439880371089,-23.5470867156982,-15.739896774292,-15.293193817138699,-29.988014221191396,-31.1796340942383,-31.532600402832,-21.7645645141602,-35.3965301513672,-41.947540283203104,-25.6406593322754,-39.323249816894496,-25.579586029052702,-35.263885498046896,-30.799198150634798,-18.960308074951197,-21.531883239746104,-4.6869621276855495,-2.95864868164062
sub-0092,ses-04,run-01,vicarious,LOC,281,cueH_stimL,11.3450145721436,19.435634613037102,-1.2102460861206101,2.47099113464355,-11.820595741272,-13.995542526245101,-4.446969032287599,-12.6852283477783,-0.0747647285461426,2.3520679473877,10.9316864013672,9.42386722564697,-5.384502410888669,-10.0244646072388,10.514048576355,-6.41550445556641,-11.839672088622999,-21.710111618042003,-36.212120056152294,-25.686725616455103,-39.9017486572266,-42.9035987854004,-31.0503578186035,-25.3395118713379,-18.9481201171875,-17.8060989379883,-11.365142822265598,-28.083866119384798,-23.872440338134798,-13.036155700683599,-19.6003112792969,-8.01095581054688,-7.37953948974609,-8.547252655029299,6.8288078308105495,0.493106842041016,5.04945945739746,18.795242309570302,16.696224212646502,7.1017770767211905,23.795047760009798,12.366797447204599
sub-0092,ses-04,run-01,vicarious,LOC,281,cueL_stimL,14.5060482025146,15.853900909423801,30.7063102722168,16.0836353302002,32.3029174804688,27.8996906280518,45.482273101806605,36.746955871581996,34.5854835510254,29.6214866638184,35.8353271484375,40.566501617431605,52.0577201843262,22.2964782714844,48.9390068054199,27.2305908203125,33.190319061279304,23.840274810791,20.9893188476562,8.97860717773438,-6.910821914672849,-13.7725467681885,-1.55351066589355,-9.42558288574219,-19.8928070068359,-23.8320007324219,-25.7405700683594,-39.273983001709,-41.264518737793004,-40.532432556152294,-37.133705139160206,-33.04736328125,-19.9997787475586,-20.6092796325684,-9.7769660949707,-13.0338687896729,-4.35978126525879,-17.688411712646502,-25.616930007934602,-12.9701271057129,-22.9840660095215,-7.576904296875
sub-0092,ses-04,run-01,vicarious,LOC,281,rating,16.887306213378903,14.4751300811768,21.2437992095947,21.1966171264648,26.1587295532227,25.8741569519043,24.2594909667969,25.259668350219698,22.5495586395264,22.776185989379897,23.7599029541016,23.095333099365202,23.3811531066895,21.5524063110352,17.0071716308594,7.06716537475586,7.13005065917969,9.481180191040039,-0.480649948120117,2.4112730026245095,-2.12696266174316,-8.74640274047852,-9.53510284423828,-7.6859860420227095,-11.850598335266099,-10.2754058837891,-10.8097724914551,-5.06328392028809,-6.35961246490479,-4.27157020568848,-3.63635158538818,-9.390687942504881,-12.240927696228,-9.216315269470211,-12.412361145019501,-5.041784286499019,-9.99775409698486,-7.29273796081543,-3.39682102203369,-1.5133585929870599,4.33464813232422,-0.907879829406738
sub-0092,ses-04,run-01,vicarious,LOC,281,cue,-3.1055793762207,2.99046516418457,4.7642326354980495,5.4238986968994105,-0.821643829345703,-3.5546226501464804,-11.7952442169189,-12.6326351165771,-17.7112445831299,-16.323833465576197,-19.23876953125,-11.0060501098633,-13.0365867614746,-19.658010482788104,-20.8630981445312,-15.651039123535199,-13.286487579345698,-10.4721832275391,-17.583740234375,-12.963165283203098,-11.6298370361328,-11.3160858154297,-3.6432342529296897,-11.972393035888699,-9.975484848022461,-9.55920791625977,-5.9145622253417995,-9.55954170227051,-8.28226852416992,-4.21844673156738,-3.83377456665039,6.4224853515625,4.17288398742676,6.0544319152832005,1.31164360046387,2.31603622436523,4.502233505249019,-0.0266323089599609,6.41595554351807,7.2521333694458,7.49444341659546,10.831277847289998
sub-0092,ses-04,run-01,vicarious,LOC,282,cueH_stimH,-2.03544998168945,-1.8242416381835902,-2.97496223449707,-3.9189777374267596,-17.7264251708984,0.773967742919922,3.9281387329101602,7.10245513916016,-4.54487991333008,19.2184200286865,25.6923046112061,9.28372955322266,14.412633895874,19.1539669036865,7.25223541259766,24.412145614624,12.009557723999,16.294469833374,11.234167098999,8.12845611572266,9.90555572509766,-4.28657913208008,2.1671562194824197,-3.14351272583008,5.265419006347661,-0.659503936767578,-1.7212200164794902,0.37046432495117204,5.19317245483398,-8.15580368041992,-9.93036270141602,2.60519790649414,0.8887863159179691,5.130950927734379,8.74980926513672,2.6067695617675803,-11.0957489013672,-0.38093948364257796,10.953727722167999,12.3484649658203,30.8636169433594,-4.52765655517578
sub-0092,ses-04,run-01,vicarious,LOC,282,cueL_stimH,27.2581787109375,31.7090492248535,49.0349349975586,51.1704025268555,49.649658203125,53.783519744873,37.7426528930664,41.0935020446777,48.8032112121582,37.018829345703104,23.7187824249268,31.4284648895264,24.0744285583496,26.5590419769287,43.430816650390604,39.671234130859396,20.7163619995117,32.912322998046896,22.5545463562012,13.4553985595703,34.7753677368164,15.7184543609619,21.1145858764648,18.219675064086896,12.8599510192871,23.3551082611084,3.00342559814453,18.2679195404053,7.81160736083984,0.0521106719970703,7.097148895263669,-7.11692810058594,-9.8143253326416,-4.51778030395508,-11.021778106689501,-13.175573348999,-16.308517456054698,-27.4065837860107,-8.48346328735352,-29.7054271697998,-14.3290557861328,-7.79190826416016
sub-0092,ses-04,run-01,vicarious,LOC,282,cueH_stimM,-21.1323013305664,-30.054401397705103,-16.25657081604,-21.4628410339355,-4.067840576171879,-12.8977928161621,-5.90551471710205,-3.93106365203857,-0.29824256896972695,-16.672260284423803,13.880594253539998,4.39118957519531,18.7073154449463,18.325260162353498,7.7922649383544895,9.02705192565918,12.0871429443359,22.5679550170898,22.5544548034668,24.5528545379639,12.3326320648193,30.2869701385498,11.7070579528809,16.665349960327102,21.073165893554698,7.49498748779297,12.142597198486301,0.9458084106445309,5.59330749511719,16.2866821289062,2.1675567626953103,7.275325775146481,0.167560577392578,-5.445415496826169,-3.1909942626953103,-5.081146240234379,-20.1977844238281,-25.8015060424805,-20.2137413024902,-14.0191707611084,-20.6010761260986,1.60075747966766
sub-0092,ses-04,run-01,vicarious,LOC,282,cueL_stimM,20.524028778076197,3.5765624046325697,-5.12843132019043,16.530836105346697,6.504389762878421,24.092294692993196,23.4825820922852,30.672874450683604,30.8693656921387,35.7265167236328,8.062962532043459,18.2829761505127,29.4084968566895,39.846736907959,6.568631172180179,33.458629608154304,23.0970268249512,45.488677978515604,29.6695766448975,20.455638885498,13.368900299072301,-10.7600631713867,6.764984130859379,1.9351730346679699,-19.888841629028303,-0.927249908447266,-16.9034786224365,-21.8649978637695,-4.7057991027832005,-3.08232879638672,-5.00208282470703,-23.8553771972656,-11.636451721191401,-10.994503021240199,-1.3277397155761699,-10.6260137557983,5.42270660400391,0.848161697387695,-16.5987377166748,-20.5522079467773,8.68766784667969,4.85247802734375
sub-0092,ses-04,run-01,vicarious,LOC,282,cueH_stimL,13.3725166320801,16.788150787353498,9.87625312805176,17.280252456665,5.65560436248779,-16.9479293823242,-9.97928237915039,-9.10064220428467,-19.909925460815398,-24.0622177124023,1.83876705169678,1.7333259582519498,-5.842681884765621,6.304683685302731,-4.63682413101196,-8.79228210449219,-1.7828483581543002,-4.08762741088867,-20.619556427002,-6.545330047607419,-11.733287811279302,-20.6151351928711,-14.5430488586426,-17.7859153747559,-16.323804855346697,-14.693544387817399,-33.4080657958984,-5.24557876586914,-17.3690490722656,-5.241058349609379,-3.4116973876953103,-15.2909393310547,2.85052490234375,9.57230377197266,-1.3966369628906203,17.613018035888697,24.032543182373,37.8817138671875,41.252799987793004,29.1524810791016,19.548166275024396,37.506599426269496
sub-0092,ses-04,run-01,vicarious,LOC,282,cueL_stimL,-2.50289225578308,18.1356811523438,3.74970626831055,9.61398124694824,33.9589653015137,14.718380928039599,21.4327793121338,18.433298110961896,29.6794700622559,20.400220870971697,26.961072921752898,28.9932174682617,23.2767543792725,24.043701171875,20.887783050537102,11.631359100341802,22.3871555328369,8.36411285400391,11.4613742828369,-2.06704330444336,-12.216926574707001,-26.2800140380859,-14.872745513916,-13.806812286377001,-25.1310501098633,-21.9442825317383,-34.5004196166992,-31.4615268707275,-28.9126625061035,-31.1340160369873,-19.341608047485398,-26.374254226684602,-29.1618461608887,-25.6627178192139,-20.9163665771484,-4.31426620483398,-3.88792037963867,3.3543872833252,8.99448394775391,3.80381393432617,9.80179595947266,13.68115234375
sub-0092,ses-04,run-01,vicarious,LOC,282,rating,5.71274566650391,10.500696182251,10.6940202713013,13.2621393203735,14.7247161865234,17.729887008667,13.339723587036099,13.530888557434098,15.338032722473098,17.005149841308597,14.5056610107422,10.2719192504883,6.50281524658203,7.41960906982422,9.35733032226562,8.089183807373049,3.7327766418457,0.997791290283203,3.39237785339355,-7.174127578735349,-5.656269073486331,-12.0689077377319,-8.70040702819824,-5.0284309387207005,-8.947733879089359,-11.4448137283325,-11.0626659393311,-6.28418779373169,-13.2978610992432,-3.12424373626709,-6.49609804153442,-7.37744426727295,-10.570566177368198,-4.84245109558105,-7.72835922241211,-5.0177726745605495,2.4979190826416002,2.85004615783691,-5.30685043334961,2.5298824310302703,-1.94460773468018,5.54317378997803
sub-0092,ses-04,run-01,vicarious,LOC,282,cue,-10.6776275634766,-5.14404296875,-11.079109191894501,-0.327995300292969,-9.0112190246582,1.5944595336914098,-9.55630111694336,-12.133281707763699,-16.2629814147949,-14.932151794433599,-15.7637329101562,-18.507549285888697,-10.7454071044922,-16.3887557983398,-18.39599609375,-12.919605255127001,-13.6850128173828,-18.0791015625,-16.7969589233398,-15.7949981689453,-15.2950286865234,-15.6430206298828,-13.198081970214801,-14.5220794677734,-9.259275436401369,-7.63610076904297,-7.14305114746094,0.819393157958984,-2.4407939910888703,-2.5337886810302703,4.73811149597168,12.8957176208496,-0.862287521362305,15.1692962646484,8.9282112121582,6.33407020568848,-1.35083389282227,10.1007041931152,2.36552906036377,2.6989097595214804,-3.5362401008605997,-3.4216890335082994
sub-0092,ses-04,run-01,vicarious,LOC,313,cueH_stimH,1.23944091796875,-6.75419044494629,-5.509479522705081,-3.70873260498047,-7.65026092529297,-3.96517372131348,-6.1531696319580105,-7.41769790649414,-1.62325477600098,-8.630954742431639,7.41788291931152,6.63529014587402,7.79263877868652,-4.21529579162598,-1.85518836975098,2.3262081146240203,-19.265094757080103,-13.1029930114746,-18.997516632080103,-5.32809638977051,1.49002647399902,1.77298545837402,-8.254489898681639,-0.858606338500977,4.534093856811519,-9.17758560180664,3.7888851165771498,8.63931846618652,-0.8331069946289059,0.583637237548828,2.78045654296875,-9.63326644897461,-10.916961669921902,-4.60270309448242,-8.268505096435549,-9.77814102172852,-14.8827056884766,-14.9867630004883,-14.214305877685499,-14.851966857910199,10.552490234375,-4.41380310058594
sub-0092,ses-04,run-01,vicarious,LOC,313,cueL_stimH,6.32633972167969,9.1114616394043,-6.48283386230469,-3.6186957359314,-10.051658630371099,-2.0263736248016397,15.4542236328125,19.1592960357666,24.112014770507802,12.610189437866199,21.834051132202102,6.61478519439697,25.3823394775391,14.011085510253901,32.0789375305176,17.7569675445557,19.894367218017603,20.2544803619385,18.3615493774414,3.59203433990479,-2.37834930419922,-2.22541236877441,-6.26725196838379,-2.13281631469727,-0.5079059600830079,3.6437664031982404,6.2661647796630895,10.8095607757568,-7.374042510986331,7.23117828369141,0.31711387634277305,7.697368621826169,-7.7851066589355495,-7.69430160522461,-0.654895782470703,-5.8991584777832005,-19.2305927276611,-20.5387344360352,-0.737957000732422,-12.7031784057617,-13.963809967041,-15.446922302246099
sub-0092,ses-04,run-01,vicarious,LOC,313,cueH_stimM,-15.815357208252001,-4.991890907287599,-2.83863258361816,-8.859538078308109,-17.8939189910889,-25.198184967041,-18.8111743927002,-8.75186157226562,-1.6266758441925002,3.01334762573242,11.122537612915002,-5.67183113098145,-6.89542484283447,-23.0478496551514,-6.15577602386475,-34.0635414123535,-9.12616539001465,-10.700021743774402,0.0977287292480469,-17.038063049316403,-16.9203414916992,-20.3419227600098,-25.0287780761719,-21.435920715332,-20.6640777587891,-17.724018096923803,-17.040950775146502,-23.3312492370605,-27.283960342407198,-12.222038269042999,-7.8517951965332005,10.090595245361301,13.299674987792999,-1.7958679199218797,-2.9638824462890603,13.1786422729492,-2.54202270507812,0.102737426757812,3.93242263793945,-1.533935546875,2.26620960235596,-2.50773763656616
sub-0092,ses-04,run-01,vicarious,LOC,313,cueL_stimM,14.423707962036099,16.684686660766598,2.7639007568359397,12.7249813079834,-3.02768325805664,-11.227518081665002,2.01624774932861,8.81068801879883,0.483630180358887,4.89096260070801,-10.747825622558599,2.6113698482513397,7.46283721923828,-4.650302410125731,-10.5679349899292,-22.169116973877,-18.6655597686768,-15.6606159210205,-5.8465480804443395,-6.291500091552731,-6.66231346130371,-18.201259613037102,-16.9637203216553,-19.5923461914062,-22.768005371093803,-7.33303070068359,-22.348434448242198,-14.7890777587891,-22.6598968505859,-16.1426887512207,-26.5924911499023,-37.340240478515604,-37.3668327331543,-33.370792388916,-21.3081073760986,-21.465196609497102,-9.6318359375,-17.731126785278303,-14.892957687377901,-30.7043018341064,-1.4385147094726598,-22.569290161132802
sub-0092,ses-04,run-01,vicarious,LOC,313,cueH_stimL,34.495174407959,17.7687664031982,28.639928817749,5.84462451934814,12.170153617858901,0.268285036087036,-9.59758186340332,-7.9826078414917,-3.26966381072998,-5.729400634765621,-20.751573562622102,-18.497756958007802,-9.94484615325928,-16.8650283813477,-18.2631015777588,-25.1790943145752,-10.370306015014599,-43.24137878417971,-42.508693695068395,-45.6021881103516,-48.194862365722706,-43.7185249328613,-41.8953895568848,-24.245050430297898,-14.142879486084,-12.5038356781006,-20.079544067382802,-21.3794784545898,-28.060604095459,-16.8955078125,-11.47900390625,-22.538528442382802,-19.484619140625,-17.006103515625,-38.5805511474609,-23.2174758911133,-21.996561050415,-20.782329559326197,-31.6814498901367,-17.901725769043,-16.9680061340332,-14.401104927063
sub-0092,ses-04,run-01,vicarious,LOC,313,cueL_stimL,9.36432456970215,14.002210617065401,12.8282079696655,19.0211124420166,11.953207015991199,13.776352882385302,8.02871990203857,6.6437473297119105,-3.3620150089263903,13.6734943389893,9.49617004394531,11.872597694397,20.982440948486303,19.461254119873,4.69990921020508,6.987920761108401,7.3646755218505895,6.7739982604980495,6.73315238952637,12.359508514404302,0.35886955261230497,-1.24920654296875,-8.99855422973633,-12.901378631591802,-27.8310604095459,-15.388195037841802,-22.442752838134798,-17.2385578155518,-2.76198768615723,-17.5908489227295,-16.8095207214355,-14.4389305114746,-28.0565490722656,-12.8314037322998,-3.18894577026367,-10.9087352752686,-9.172285079956051,-12.5175342559814,-7.070903778076169,-1.4944076538085902,5.886505126953121,5.30671691894531
sub-0092,ses-04,run-01,vicarious,LOC,313,rating,3.75428295135498,3.7072994709014906,5.53775691986084,8.871988296508789,9.76077461242676,12.777069091796902,12.6627979278564,8.60086631774902,9.80918502807617,10.630964279174801,13.1670455932617,16.877740859985398,21.1013221740723,20.6395034790039,20.1231994628906,20.0221252441406,20.3497467041016,24.3422317504883,21.2810020446777,16.761791229248,18.750942230224602,12.6992025375366,6.73744106292725,1.53604412078857,-0.603001594543457,-8.41450500488281,-8.20840358734131,-7.65431785583496,-5.25071048736572,-11.9944496154785,-11.6747779846191,-10.943239212036099,-9.12356090545654,-8.88503932952881,-7.456082344055179,-8.557445526123049,-6.37337779998779,1.7256984710693402,-3.2714176177978502,0.871158599853516,0.252565383911133,-0.110396385192871
sub-0092,ses-04,run-01,vicarious,LOC,313,cue,-8.71629905700684,-9.0861701965332,-14.321540832519501,-12.257143020629899,-9.21430587768555,-8.80462265014648,-19.4531211853027,-22.03932762146,-18.6683292388916,-17.2364807128906,-14.5683937072754,-15.3787841796875,-8.74784469604492,-5.7407112121582005,-5.90618133544922,-3.9461288452148398,-7.85450744628906,-1.9758605957031203,-3.04318237304688,-2.8239898681640603,-8.28224182128906,-11.048492431640598,-14.692359924316401,-11.330020904541,-16.322381973266598,-19.7302360534668,-21.112434387207,-30.8153896331787,-19.9189071655273,-21.2963275909424,-16.9364356994629,-14.345184326171902,-17.0291366577148,-13.6585235595703,-9.79876708984375,-9.33614730834961,-8.383176803588869,-8.54494380950928,-4.525565147399901,-3.4647235870361297,-3.4638876914977996,0.48442745208740207
sub-0092,ses-04,run-01,vicarious,LOC,314,cueH_stimH,0.572154998779297,22.3575115203857,18.2519435882568,5.5407810211181605,-7.818546295166019,2.3929805755615203,15.138954162597699,8.16434288024902,18.3724746704102,37.124183654785206,50.950111389160206,29.5919570922852,46.810218811035206,39.799476623535206,13.303993225097699,27.2838516235352,3.41446495056152,23.7687149047852,14.099891662597699,-1.79830360412598,6.90762901306152,-6.21261215209961,3.49539756774902,-4.92892074584961,-10.6758689880371,-22.7135887145996,-17.5266380310059,-31.468046188354503,-24.1226406097412,-28.2235374450684,-23.3597755432129,-19.1854419708252,-9.03143310546875,-16.4386291503906,-0.0880050659179688,-10.5922966003418,-13.2807273864746,-13.8292655944824,1.5939826965331998,12.6266479492188,25.537841796875,15.9340972900391
sub-0092,ses-04,run-01,vicarious,LOC,314,cueL_stimH,42.227958679199205,36.295654296875,49.11933898925779,47.871852874755895,57.747520446777294,53.9677658081055,41.46104049682621,44.917209625244105,42.8607597351074,50.288238525390604,18.228406906127898,41.0531120300293,22.894470214843803,3.80204391479492,-5.628520965576169,8.30103015899658,-6.50289583206177,-4.4084577560424805,-32.596096038818395,-8.81442928314209,-9.68295383453369,-0.35948657989502003,-15.412750244140598,8.84209060668945,8.09536933898926,34.0830688476562,16.8985233306885,17.4186172485352,28.9664688110352,31.6075077056885,37.915718078613295,17.981130599975604,14.2495021820068,6.00263214111328,-3.27976608276367,1.51521301269531,-23.0280246734619,-13.537233352661099,-12.277336120605499,-20.8334045410156,-23.890625,-19.003662109375
sub-0092,ses-04,run-01,vicarious,LOC,314,cueH_stimM,-10.3525352478027,-20.1294956207275,-34.594268798828104,-28.3197898864746,-36.601203918456996,-36.88429641723629,-41.3841514587402,-37.0085296630859,-17.87721824646,-29.6783142089844,-19.960470199585,-19.851129531860398,-8.3090648651123,2.7206821441650404,-26.690185546875,-1.9575901031494098,-27.273136138916,-13.919441223144501,-4.53825569152832,1.6433200836181598,-4.93765640258789,12.705482482910199,-3.94975090026855,7.61305236816406,-13.9425220489502,2.34038543701172,-4.7288703918457005,-0.112380981445312,-16.4765892028809,6.4954338073730495,6.283016204833981,12.0329742431641,17.2631530761719,-6.390300750732419,13.238372802734402,-1.25601959228516,3.85159301757812,-20.7906341552734,-11.479591369628901,-21.688835144043,-6.2675290107727095,7.04709720611572
sub-0092,ses-04,run-01,vicarious,LOC,314,cueL_stimM,13.5683584213257,22.3167877197266,27.2167148590088,13.9699363708496,16.051292419433597,22.9282169342041,24.3084449768066,42.336353302002,42.6114730834961,26.6060256958008,34.235954284668004,10.224833488464402,46.6467094421387,17.727706909179698,39.9677124023438,16.663040161132802,29.654806137085,34.8982353210449,30.1150436401367,18.8132610321045,13.634706497192399,-11.6208839416504,-18.472728729248,-6.06771087646484,-15.0656585693359,-19.6990280151367,-8.20423316955566,-13.661258697509801,-10.458232879638699,-10.333557128906198,-0.8896331787109379,1.513671875,-17.0043334960938,-9.4570198059082,-1.56562614440918,2.8765106201171897,2.0226631164550803,-4.58243942260742,-27.0921611785889,-1.1111755371093799,-5.05998229980469,-5.48725891113281
sub-0092,ses-04,run-01,vicarious,LOC,314,cueH_stimL,14.997171401977502,1.71202373504639,-8.66019344329834,11.466470718383801,-0.058788537979126,-27.0428276062012,-3.49912023544312,-27.6548671722412,-2.78433656692505,-13.344128608703599,-9.85483646392822,-2.9684247970581095,24.0636043548584,-11.4365558624268,19.7602252960205,0.008544921875,-2.53247833251953,0.520034790039062,-3.18675422668457,-8.137439727783201,6.23444366455078,1.55467224121094,-22.032543182373,-15.8002586364746,-2.13753509521484,-3.8325233459472696,-26.204210281372102,-24.119079589843803,-18.494987487793,-13.437614440917999,-9.33607482910156,10.0536804199219,15.2850189208984,22.1170082092285,25.0070457458496,28.1811027526855,34.9192428588867,36.8904266357422,44.2722854614258,29.2094192504883,26.1792697906494,26.0078201293945
sub-0092,ses-04,run-01,vicarious,LOC,314,cueL_stimL,24.6718215942383,25.7565040588379,28.030033111572298,18.9299488067627,25.835474014282198,17.5715179443359,26.7278137207031,29.8252735137939,23.8877124786377,16.0595531463623,28.0385665893555,16.8614635467529,34.044605255127,35.6488037109375,45.527458190918,22.277563095092802,36.065338134765604,35.086254119873,31.6215705871582,5.8094806671142605,9.559271812438961,-18.207187652587898,-8.51525497436523,-32.0025482177734,-37.3721771240234,-39.0965423583984,-36.4312591552734,-32.6612129211426,-32.449920654296896,-37.9184455871582,-14.3739719390869,-17.8052387237549,-34.3454208374023,-25.3678379058838,-32.6130752563477,-16.6433372497559,-23.4462890625,-15.933963775634801,-1.3522148132324199,-3.6356353759765603,-8.42588043212891,15.7411651611328
sub-0092,ses-04,run-01,vicarious,LOC,314,rating,9.23224258422852,7.444416046142581,22.8361434936523,16.416213989257802,20.3511695861816,30.0406684875488,27.642463684082,23.7827472686768,24.1159858703613,22.7565479278564,20.5087566375732,24.8841762542725,15.348682403564501,12.050758361816401,9.11801147460938,9.86201095581055,3.38689422607422,4.990272521972661,-4.935546875,-4.08306503295898,-12.1307888031006,-13.812542915344201,-13.1726179122925,-13.2263031005859,-9.39421367645264,-4.60655164718628,-5.476355075836179,-1.7839081287384,1.31725859642029,6.2391242980957005,7.45760726928711,10.5897274017334,4.3739161491394,8.8327522277832,-0.911707758903503,2.8457422256469704,-2.7056064605712904,11.665555000305199,0.0691604614257812,1.97982454299927,2.08188629150391,2.05049896240234
sub-0092,ses-04,run-01,vicarious,LOC,314,cue,-8.41285133361816,-4.49371528625488,-0.8921890258789059,7.690740585327151,4.268836975097661,8.576854705810549,-4.15447235107422,-1.5662422180175801,-4.75073623657227,-13.565898895263699,-10.1128425598145,-13.3470726013184,-20.9863243103027,-26.0456981658936,-28.0430717468262,-26.777940750122102,-27.9236679077148,-23.8315582275391,-18.0204162597656,-21.302322387695302,-11.585838317871099,-18.715652465820302,-13.4618606567383,-2.2550811767578103,-1.4432449340820301,-5.20011520385742,4.40553855895996,8.21317863464355,4.2234935760498,7.1755485534667995,7.83350944519043,14.7446136474609,13.8424015045166,11.572322845459,15.9409008026123,11.7600994110107,13.2115898132324,6.779727935791019,14.3960475921631,7.0647678375244105,15.325322151184098,-0.8879795074462891
sub-0092,ses-04,run-01,vicarious,LOC,311,cueH_stimH,24.960281372070302,25.043149948120103,5.9228000640869105,19.2869720458984,16.1156425476074,22.661790847778303,7.80204963684082,10.8829822540283,-6.3189373016357395,21.984788894653303,20.696947097778303,15.4318103790283,24.942552566528303,13.8499011993408,20.565477371215803,8.24601936340332,-0.165861129760742,1.7943439483642598,-13.561614990234402,-17.2183456420898,-5.5934734344482395,-38.498863220214794,-10.1161804199219,-23.5956649780273,-28.3112354278564,-7.716400146484379,-2.41696166992188,-5.04475402832031,-31.489320755004897,-25.4740810394287,-24.606172561645497,-31.6532039642334,-46.3246269226074,-39.532066345214794,-42.722015380859396,-17.859577178955103,-26.1442356109619,-24.5257396697998,-12.970741271972699,-6.47769927978516,7.91937255859375,13.085838317871099
sub-0092,ses-04,run-01,vicarious,LOC,311,cueL_stimH,29.6862945556641,32.5348587036133,37.146335601806605,33.7580223083496,37.4572639465332,40.210662841796896,49.624813079834006,39.941986083984396,47.7535285949707,30.317218780517603,32.835281372070305,21.0017337799072,25.4427146911621,14.9779415130615,16.6604022979736,14.994932174682601,14.9372844696045,-0.603420257568359,-20.6406154632568,-22.7182731628418,-21.7811222076416,-29.5991020202637,-10.5215110778809,-9.36399173736572,6.38484382629395,11.400133132934599,8.80402755737305,10.7325000762939,11.888292312622099,5.81878471374512,3.9001617431640603,25.299705505371104,18.1727447509766,12.3868865966797,8.18243408203125,3.58932495117188,5.439105987548831,-9.9560546875,-1.6020278930664098,-13.2564086914062,-10.616718292236301,-27.1798400878906
sub-0092,ses-04,run-01,vicarious,LOC,311,cueH_stimM,-22.124534606933604,-31.4807472229004,-36.568656921386705,-48.446128845214794,-49.983280181884794,-42.4794273376465,-51.169254302978494,-32.6122550964355,-38.4798355102539,-29.803197860717802,-10.814311981201199,-20.0611667633057,-26.4195022583008,-24.723102569580103,-13.1072034835815,-26.514112472534197,-13.4681396484375,-6.88821792602539,3.32624244689941,0.966833114624023,-4.47599601745605,-2.4564800262451203,3.9027690887451203,-19.6690273284912,-5.15720748901367,-5.18926620483398,-18.0028114318848,-16.298603057861303,-22.6863441467285,0.21909713745117199,-5.80982971191406,13.2839012145996,11.1996650695801,12.9698028564453,6.49115753173828,13.1168746948242,13.029632568359402,-6.63301086425781,-5.1000480651855495,-6.89217090606689,-7.46856164932251,0.151551008224487
sub-0092,ses-04,run-01,vicarious,LOC,311,cueL_stimM,0.47722625732421897,2.84220814704895,5.820709228515621,-2.83678507804871,8.67293357849121,-3.8485944271087598,10.9571847915649,23.981159210205103,37.8847427368164,14.1561784744263,10.4995336532593,-0.0741946697235107,15.693945884704599,19.4968376159668,22.415992736816396,5.40715789794922,-1.79394340515137,5.23313522338867,8.27885627746582,-6.2478961944580105,-23.5048332214355,-31.8604335784912,-47.81217956542971,-45.121578216552706,-50.8537063598633,-59.106903076171896,-70.3112335205078,-53.09294128417971,-56.6971855163574,-53.17961120605471,-45.827392578125,-49.244140625,-50.3117790222168,-49.972808837890604,-35.9465217590332,-24.441570281982397,-22.872129440307603,-33.5008125305176,-4.08173370361328,-21.2509765625,-0.6965103149414059,-8.69281005859375
sub-0092,ses-04,run-01,vicarious,LOC,311,cueH_stimL,11.975658416747999,-9.37946796417236,-19.8055019378662,-30.3293380737305,-17.3959674835205,-41.391021728515604,-50.143959045410206,-53.2067337036133,-44.9559669494629,-24.3979759216309,-29.059123992919897,-7.73742008209229,-18.006639480590803,-13.5120162963867,-21.3953456878662,-14.301002502441401,-14.0371532440186,-42.1105499267578,-42.446037292480504,-45.7146606445312,-52.8830986022949,-63.224525451660206,-53.848705291748,-52.2453002929688,-36.8937873840332,-32.1091651916504,-38.4462280273438,-32.9302139282227,-41.272289276123,-20.7485122680664,-18.629074096679698,-19.4620056152344,-10.175804138183599,-23.8598442077637,-14.7665138244629,11.003658294677699,0.0719680786132812,15.8197383880615,1.17228889465332,17.8859596252441,30.126880645752,31.090223312377898
sub-0092,ses-04,run-01,vicarious,LOC,311,cueL_stimL,13.3204708099365,23.236793518066396,38.65040969848629,37.86204147338871,23.615421295166,38.2998085021973,19.374662399292,28.7823886871338,36.2063140869141,27.572265625,17.0776863098145,30.3698844909668,34.4598388671875,38.804351806640604,41.5924835205078,32.2255325317383,35.4243392944336,43.316497802734396,27.1015701293945,32.385574340820305,8.74263191223145,20.107982635498,1.31768989562988,-2.3080425262451203,-10.4958038330078,-32.3305053710938,-42.697914123535206,-62.382926940918,-41.775177001953104,-45.8412971496582,-49.9838371276855,-38.9696273803711,-57.0929069519043,-32.724044799804695,-21.1614456176758,-15.2029056549072,-4.17854309082031,-12.702432632446301,-15.085584640502901,-11.6050567626953,-6.90132904052734,6.37898254394531
sub-0092,ses-04,run-01,vicarious,LOC,311,rating,7.91060924530029,16.745830535888697,16.7326049804688,23.863571166992198,28.346406936645497,32.411018371581996,31.8480739593506,31.094581604003896,29.368097305297898,28.371410369873,30.5717697143555,27.6388816833496,30.0055046081543,28.9198913574219,22.372802734375,18.2065124511719,20.4916687011719,18.970394134521502,11.9058990478516,7.89163875579834,-1.4000015258789098,-7.25437068939209,-15.4402275085449,-15.812243461608901,-17.6650428771973,-21.560728073120103,-17.905065536499,-17.594951629638697,-11.9068155288696,-13.2669315338135,-11.2495851516724,-10.960858345031701,-8.173694610595701,-8.38046836853027,-4.8383903503417995,-3.42758274078369,2.0504703521728502,3.75407218933105,1.5164413452148402,4.65951681137085,1.7496433258056598,1.55927848815918
sub-0092,ses-04,run-01,vicarious,LOC,311,cue,-10.3243045806885,-0.164878845214844,-2.08272933959961,-1.76618957519531,-4.71521377563477,-2.5404510498046897,-7.237310409545901,-10.267618179321301,-14.9950637817383,-15.7050094604492,-24.6106224060059,-21.760627746582,-21.566291809082,-23.6534538269043,-22.451335906982397,-25.4014205932617,-22.530822753906197,-24.357276916503896,-20.057991027832,-25.4842681884766,-27.4893646240234,-28.2804260253906,-22.443603515625,-15.911094665527301,-15.9018611907959,-20.8208618164062,-9.07110214233398,-3.89812469482422,-1.4040470123291,6.1765251159667995,11.2794551849365,9.42169189453125,18.197830200195302,15.9872512817383,17.295974731445302,17.029840469360398,10.154470443725598,16.5340728759766,17.486984252929698,19.3806552886963,11.3790702819824,4.59328746795654
sub-0092,ses-04,run-01,vicarious,LOC,312,cueH_stimH,-4.493186950683589,-1.58988952636719,-11.662353515625,4.3976001739502,4.07332992553711,-27.489023208618196,-12.6572360992432,-5.7922458648681605,-7.7005710601806605,12.536613464355499,15.494987487792999,2.22582054138184,24.080924987793,9.79979515075684,6.9179592132568395,9.80406761169434,-8.58863258361816,-23.9757099151611,-49.220584869384794,-56.072879791259794,-53.336063385009794,-38.145751953125,-40.1092529296875,-30.149057388305696,-36.92431640625,9.19334983825684,-34.5579986572266,-3.55540084838867,-27.7364139556885,-31.3253116607666,-57.8731918334961,-35.2389526367188,-42.082916259765604,-29.140802383422898,-33.7279586791992,-40.3244781494141,-8.25321578979492,-32.4253463745117,9.14311599731445,-10.018310546875,36.899261474609396,23.9940032958984
sub-0092,ses-04,run-01,vicarious,LOC,312,cueL_stimH,49.5598754882812,44.4195899963379,40.8390312194824,59.854156494140604,45.0010261535645,74.09266662597659,61.9411773681641,78.2282791137695,62.534152984619105,54.6941261291504,38.8419303894043,35.1104011535645,29.6923885345459,21.0748386383057,10.860559463501,-19.8284606933594,-14.4306087493896,-62.9341049194336,-52.2112884521484,-64.7819747924805,-85.6136016845703,-69.0638885498047,-37.8566436767578,-19.551477432251,2.19345855712891,6.8280315399169895,13.492626190185499,-4.20174598693848,27.6439056396484,4.91474914550781,17.9383583068848,12.7943801879883,-9.07549285888672,1.2894935607910198,-10.354434967041,-23.6957683563232,-37.943328857421896,-30.8987140655518,-22.986646652221697,-54.012603759765604,-39.7440299987793,-55.011867523193395
sub-0092,ses-04,run-01,vicarious,LOC,312,cueH_stimM,-42.81996536254879,-47.1774406433105,-58.827243804931605,-51.338077545165994,-73.8915100097656,-64.21719360351561,-79.97935485839841,-78.3769302368164,-59.779502868652294,-70.2755508422852,-29.0662822723389,-75.572639465332,-52.852577209472706,-29.8678092956543,-40.955635070800795,-44.3693771362305,-37.9323959350586,-32.9190521240234,-27.1350212097168,-43.2809371948242,-20.6158237457275,-10.0806522369385,-21.306219100952102,-23.160390853881804,-8.322996139526369,-31.7711563110352,-39.7640533447266,-25.0317726135254,-12.483856201171902,-13.9260864257812,-3.99813842773438,6.54621124267578,6.931888580322269,-0.5079345703125,2.6390380859375,6.49105072021484,-10.519775390625,-17.107521057128903,-5.586551666259769,-33.4796714782715,-16.6208076477051,-20.1975479125977
sub-0092,ses-04,run-01,vicarious,LOC,312,cueL_stimM,6.1239337921142605,19.7506084442139,13.1433048248291,12.4261798858643,24.2792453765869,18.1626243591309,18.2916145324707,36.2912940979004,21.4372711181641,36.6437339782715,55.9455146789551,14.4604034423828,19.9360637664795,17.118061065673803,33.601634979248,24.391658782959,58.647422790527294,18.5777282714844,4.335533142089839,-0.423843383789062,-27.0475368499756,-51.5717658996582,-47.049221038818395,-70.9463653564453,-75.3983840942383,-55.3247680664062,-63.358547210693395,-54.9590530395508,-36.711555480956996,-36.958976745605504,-40.751869201660206,-34.2792816162109,-26.1674461364746,-25.424312591552702,-23.1739883422852,-11.8375749588013,-1.5181503295898402,3.6030292510986297,-2.57593536376953,5.84092712402344,13.378326416015598,10.6575622558594
sub-0092,ses-04,run-01,vicarious,LOC,312,cueH_stimL,12.191287040710401,-5.77560663223267,3.88894557952881,-22.3593826293945,-4.37001991271973,-23.341661453247102,-39.601776123046896,-37.0358657836914,-18.4872550964355,-14.0991735458374,-19.708194732665998,-15.121432304382301,-25.069507598877,-18.1630935668945,-10.6206703186035,-45.156288146972706,-30.1581707000732,-53.7229537963867,-44.629035949707,-60.357536315918,-41.817298889160206,-62.252811431884794,-35.8505706787109,-33.174953460693395,-39.7572479248047,-22.3951225280762,-21.049303054809602,-18.5087356567383,-27.097820281982397,-15.2672882080078,-15.6646575927734,-4.201446533203121,7.867462158203121,13.9574508666992,37.064994812011705,53.9223442077637,48.136165618896506,64.6951065063477,83.5001220703125,52.1090621948242,77.22264099121091,60.9962577819824
sub-0092,ses-04,run-01,vicarious,LOC,312,cueL_stimL,29.665102005004897,38.1330909729004,52.3961372375488,59.9427833557129,49.339870452880895,53.523609161377,31.706130981445302,41.0950927734375,39.0138740539551,45.1581344604492,20.4385738372803,70.46026611328121,28.6507358551025,23.5887298583984,42.9582290649414,36.762790679931605,9.459470748901369,9.33404541015625,-8.15982246398926,-29.698707580566396,-49.68415832519529,-61.7608642578125,-67.9187850952148,-99.4870223999023,-98.5390243530273,-89.6201934814453,-92.0109405517578,-95.92416381835942,-58.629459381103494,-87.7379379272461,-66.1527252197266,-78.7748107910156,-68.5937042236328,-69.30374145507811,-62.41093444824221,-55.173038482665994,-46.243404388427706,-49.2074508666992,-40.263576507568395,-45.7722663879395,-6.16211700439453,-9.01963806152344
sub-0092,ses-04,run-01,vicarious,LOC,312,rating,15.0782804489136,18.078504562377898,18.9118938446045,30.2322559356689,39.009284973144496,37.4236640930176,39.191413879394496,32.5154190063477,28.010501861572298,29.7823543548584,24.3272857666016,20.3453121185303,13.374603271484402,0.8783950805664059,-3.4898681640625,-12.5012817382812,-14.4124908447266,-20.934490203857397,-31.0315284729004,-32.928268432617195,-45.2878227233887,-48.1265678405762,-55.8257865905762,-43.9589309692383,-46.359016418457,-35.2473754882812,-29.7362365722656,-27.6491260528564,-19.5118160247803,-16.3747482299805,-8.398618698120119,-16.2129020690918,-4.40568017959595,-2.16802215576172,1.67778706550598,3.2920379638671897,1.73345947265625,9.20264434814453,2.85915565490723,0.13427352905273401,5.29671859741211,-3.7653646469116198
sub-0092,ses-04,run-01,vicarious,LOC,312,cue,-9.21871757507324,1.91215515136719,2.7933311462402304,-6.90902137756348,9.05362701416016,9.46769714355469,-3.7015762329101602,-7.69312286376953,-23.5970096588135,-26.197433471679698,-31.3365154266357,-46.2687911987305,-41.7529716491699,-46.775352478027294,-42.6867065429688,-41.7874145507812,-44.700023651123,-41.9648857116699,-47.1248435974121,-37.5275115966797,-43.0390777587891,-29.3355560302734,-23.838249206543,-14.9884910583496,-3.8484992980957,1.9526557922363301,16.7700691223145,14.3844528198242,16.284690856933597,17.745273590087898,22.1719627380371,18.6504135131836,19.4204940795898,11.1430835723877,20.576923370361303,23.500511169433604,17.8215656280518,16.3417873382568,17.5529174804688,-5.574702262878421,12.736011505127001,7.37463569641113
sub-0092,ses-04,run-01,vicarious,LOC,317,cueH_stimH,0.68438720703125,2.99429321289062,0.492099761962891,12.2340564727783,10.7146110534668,1.7833366394043002,-9.0450325012207,-10.3293342590332,-0.19823074340820301,-1.4804573059081998,8.308116912841799,3.4506950378418,-0.949817657470703,-8.475452423095701,-12.031604766845698,-11.702259063720698,-23.1390266418457,-26.417837142944304,-17.7553596496582,-14.786365509033198,-15.455432891845698,-23.7563362121582,-13.374011993408198,-7.6826057434082005,-12.197986602783198,-9.6729621887207,-5.230749130249019,-2.46955108642578,-19.1717262268066,-21.0357875823975,-27.027873992919897,-11.014698028564501,-11.377693176269501,-4.1416511535644505,-13.178985595703098,-7.913349151611331,-7.49600601196289,-7.995891571044919,-0.8213882446289059,6.24338531494141,12.8620758056641,15.4196166992188
sub-0092,ses-04,run-01,vicarious,LOC,317,cueL_stimH,7.50498199462891,16.940494537353498,16.9602336883545,22.9292888641357,18.6405143737793,26.767930984497102,34.8002395629883,24.3575878143311,29.338298797607397,23.2336940765381,14.5651302337646,9.30715656280518,-0.11993160843849199,0.568484306335449,-0.45122671127319297,-7.0633258819580105,-23.532239913940398,-31.270410537719698,-38.641441345214794,-41.064094543456996,-45.1541976928711,-37.035362243652294,-19.1844711303711,-10.8594884872437,7.7056179046630895,6.78690242767334,8.68265914916992,5.86312484741211,9.25912094116211,2.0307865142822297,3.68346405029297,-3.2505702972412096,-11.8601226806641,-17.952926635742198,-20.1348514556885,-26.5391960144043,-31.3679389953613,-31.5234184265137,-29.552587509155302,-28.5269374847412,-29.2376880645752,-29.4071426391602
sub-0092,ses-04,run-01,vicarious,LOC,317,cueH_stimM,-8.54032039642334,-8.76445198059082,-27.496379852294897,-20.9158992767334,-25.9213752746582,-37.4197959899902,-27.2860641479492,-29.9600563049316,-31.735954284668,-38.159393310546896,-34.9396133422852,-42.8234252929688,-39.817596435546896,-28.782474517822298,-35.4048614501953,-32.224609375,-14.244964599609402,-19.0020923614502,-18.1663608551025,-19.0070209503174,-14.1213092803955,-12.0602149963379,-26.352285385131804,-7.34325981140137,-9.370500564575199,-21.6032314300537,-20.512554168701197,-14.4445953369141,-14.271331787109402,-14.7011985778809,-7.13040542602539,3.0447349548339804,1.51972961425781,-4.40342330932617,-7.84233093261719,-1.65049743652344,-4.297088623046879,-8.23691558837891,-7.610321044921879,-14.2309036254883,-13.7965602874756,-7.59289360046387
sub-0092,ses-04,run-01,vicarious,LOC,317,cueL_stimM,14.022909164428699,14.707286834716802,19.156795501709002,13.007061004638699,17.6039657592773,29.026563644409197,35.244667053222706,34.4426765441895,33.257125854492195,21.0267009735107,22.544506072998,24.1602458953857,22.7657108306885,20.799749374389602,24.897212982177702,19.6231155395508,14.2365264892578,10.108341217041,10.059626579284698,17.8313083648682,-3.57347297668457,-10.417865753173801,-19.7229499816895,-23.9603996276855,-14.780679702758801,-20.5131244659424,-11.5127696990967,-10.8020114898682,-12.5256996154785,-2.58716583251953,-5.28851318359375,-5.81756591796875,0.666702270507812,3.38068771362305,7.897098541259769,8.014707565307619,9.76613235473633,8.14735984802246,9.40753555297852,11.839115142822301,16.3023567199707,7.88679504394531
sub-0092,ses-04,run-01,vicarious,LOC,317,cueH_stimL,15.3317451477051,7.71595764160156,4.74777030944824,-3.52430844306946,0.406221866607666,-2.5525670051574703,-0.934360504150391,-2.0235795974731396,-7.20768260955811,-1.1680736541748,-4.54712200164795,-12.459843635559098,-10.925255775451697,-15.8711719512939,-15.345602035522498,-14.731128692627001,-14.4690351486206,-15.0928783416748,-10.7361335754395,-11.857460021972699,-21.1292343139648,-20.7591400146484,-10.668758392334,-7.47644805908203,-1.310546875,-0.0991096496582031,-3.21673583984375,-3.34969711303711,1.4504165649414098,3.9560089111328103,0.295303344726562,14.3447875976562,18.2820434570312,20.4207763671875,19.544235229492198,30.3414306640625,37.2603302001953,40.4411964416504,37.8711357116699,43.4311752319336,41.549278259277294,32.410980224609396
sub-0092,ses-04,run-01,vicarious,LOC,317,cueL_stimL,2.1225428581237797,4.05406188964844,7.4329519271850595,9.88040637969971,6.354243278503421,1.6626391410827601,2.25959944725037,8.97626876831055,4.08098983764648,11.7861232757568,10.2080869674683,11.9448947906494,14.417761802673303,8.79851722717285,15.8437442779541,5.5669116973877,3.46619319915771,6.71349334716797,-5.094840049743651,-15.2665405273438,-12.868393898010302,-16.9667682647705,-33.1673736572266,-33.7479400634766,-45.06990051269529,-41.489837646484396,-41.202239990234396,-49.893096923828104,-42.362030029296896,-39.849052429199205,-38.6853179931641,-47.209678649902294,-35.8164939880371,-41.5439338684082,-28.4588260650635,-30.1761817932129,-23.5887470245361,-37.1488037109375,-31.6759986877441,-19.146694183349602,-9.74526977539062,-17.1483001708984
sub-0092,ses-04,run-01,vicarious,LOC,317,rating,10.000111579895,13.152723312377901,15.7563581466675,23.1501274108887,25.6903228759766,23.7099685668945,24.4379768371582,24.0221481323242,19.823444366455103,17.0527954101562,17.6120491027832,13.6782474517822,8.49551391601562,5.48450469970703,3.98306274414062,-3.13885498046875,-7.353580474853519,-8.33870887756348,-9.40147018432617,-11.9563436508179,-15.998083114624,-20.336332321167,-21.9554595947266,-24.920179367065398,-21.4264297485352,-17.5970420837402,-13.2601852416992,-9.78538608551025,-7.59752750396729,-5.6457405090332005,-5.14009380340576,-5.74692726135254,-3.2944722175598105,-2.07941818237305,-5.0808162689209,-3.92619514465332,-3.6895780563354506,-0.8232650756835941,0.65792179107666,-3.50455236434937,-5.56115055084229,-4.91491985321045
sub-0092,ses-04,run-01,vicarious,LOC,317,cue,4.51910781860352,8.73468780517578,9.19586563110352,6.75129890441895,10.7640228271484,7.280048370361331,1.96290588378906,-5.011192321777339,-10.448110580444302,-11.153423309326199,-13.3140296936035,-15.712833404541,-14.500194549560499,-16.577102661132802,-16.8667945861816,-17.816940307617198,-13.257850646972699,-12.0304107666016,-9.00400543212891,-9.088623046875,-6.34913635253906,-4.77760314941406,0.604881286621094,-0.8284759521484379,5.19198989868164,5.60777282714844,6.668645858764651,10.383939743042001,13.048824310302699,7.22864532470703,16.433761596679698,17.1268749237061,15.186975479126,15.873649597167999,13.6359157562256,10.9860744476318,16.1363792419434,17.6066970825195,18.8355484008789,16.4318027496338,17.4325466156006,14.700097084045401
sub-0092,ses-04,run-01,vicarious,LOC,318,cueH_stimH,5.757465362548831,4.0754566192627,-8.51014137268066,-4.26387596130371,1.53631782531738,6.66409873962402,4.601598739624019,-18.1664772033691,20.2583446502686,1.67215538024902,11.534460067749,7.94779014587402,8.16068077087402,-12.9447975158691,-25.0990867614746,-28.9865379333496,-32.8567771911621,-32.3617820739746,-36.1017723083496,-22.8490867614746,-27.5146141052246,-15.4677467346191,-8.89938735961914,-3.3009967803955096,-0.274629592895508,6.87674522399902,2.0995121002197297,-3.44983863830566,-9.54263877868652,3.0645980834960898,-14.6814842224121,-2.23800277709961,-23.6252708435059,-18.1855697631836,-6.910125732421879,-15.855735778808599,-20.5000228881836,-19.7077369689941,-11.888370513916,-2.36132049560547,5.62690734863281,13.3781890869141
sub-0092,ses-04,run-01,vicarious,LOC,318,cueL_stimH,5.116119384765621,4.374000549316411,19.2342376708984,7.15575408935547,24.594419479370103,19.4526405334473,25.9679393768311,14.5703563690186,33.4044914245605,26.234930038452102,15.5828161239624,6.253381252288821,13.9788427352905,0.336786270141602,-4.53717851638794,-19.3238143920898,-27.2649307250977,-43.626766204834006,-49.766086578369105,-43.379734039306605,-50.882415771484396,-48.4451217651367,-29.0744972229004,-22.9205303192139,-12.6756839752197,-0.372726440429688,7.93048286437988,1.2648525238037098,11.960592269897498,8.745800018310549,-0.8845005035400391,4.51314926147461,-5.01714515686035,-2.3897476196289102,-4.92212677001953,-11.860870361328098,-14.034950256347699,-17.7661094665527,-1.76748275756836,-12.067138671875,-14.5772552490234,-29.859069824218803
sub-0092,ses-04,run-01,vicarious,LOC,318,cueH_stimM,-19.2809829711914,-28.2829513549805,-31.702678680419897,-32.5676651000977,-39.942451477050795,-30.5627288818359,-36.14463424682621,-41.6569976806641,-34.314254760742195,-36.36474609375,-33.345916748046896,-45.0832862854004,-54.4788703918457,-41.1237030029297,-47.9061393737793,-61.2645263671875,-35.539306640625,-44.3478851318359,-26.865365982055696,-44.035491943359396,-25.640792846679698,-27.4537162780762,-21.2540168762207,-19.6296882629395,-15.092123031616199,-22.3749465942383,-20.1480178833008,-29.5183944702148,-14.780632019042999,-1.74928283691406,-0.846771240234375,18.642017364502,13.914691925048801,16.7756729125977,11.6526489257812,6.18843841552734,9.7386474609375,16.039993286132802,7.33992004394531,16.955738067627,12.174060821533198,-1.05820143222809
sub-0092,ses-04,run-01,vicarious,LOC,318,cueL_stimM,-2.16356182098389,-5.7721662521362305,2.23155784606934,0.5832180976867679,-6.5316743850708,4.612977027893071,1.1904783248901398,-2.37499213218689,5.25440979003906,3.8520278930664102,1.81941509246826,5.41554594039917,15.4119520187378,-2.3746583461761497,-6.416455268859861,-8.04386329650879,-4.71319198608398,-3.42945671081543,-12.938512802124,-18.0421829223633,-27.5320224761963,-25.3605422973633,-36.6330223083496,-20.2388763427734,-29.9730052947998,-20.881158828735398,-32.357025146484396,-32.6021347045898,-16.779075622558597,-17.0537490844727,-18.3263931274414,-15.6339721679688,-22.915283203125,-13.181671142578098,-21.4311904907227,-8.71859931945801,-10.2980422973633,-2.95344734191895,-6.28028106689453,-7.34410858154297,-0.9577255249023441,3.0482635498046897
sub-0092,ses-04,run-01,vicarious,LOC,318,cueH_stimL,18.1551151275635,9.31686592102051,30.8044090270996,4.85718107223511,-8.336071014404299,-26.786006927490202,-19.466115951538104,-27.1458854675293,-12.895933151245101,-27.3094635009766,-23.747257232666,-42.1163177490234,-32.9285163879395,-38.1470718383789,-35.756294250488295,-39.2131690979004,-26.6088600158691,-42.240425109863295,-40.518638610839794,-37.893138885498,-9.14365005493164,-37.2986831665039,-26.703796386718803,-14.914192199707001,-11.1023406982422,-1.5153083801269498,-10.9473457336426,-10.8568115234375,0.7003707885742191,-3.60356903076172,-8.15243530273438,5.24079895019531,0.149818420410156,5.44663238525391,7.111907958984379,13.3694648742676,8.66912460327148,39.9494857788086,30.046607971191396,18.022640228271502,30.36692237854,21.987237930297898
sub-0092,ses-04,run-01,vicarious,LOC,318,cueL_stimL,1.04791879653931,15.636119842529302,11.552265167236301,16.2421779632568,18.2724380493164,2.5871093273162797,4.32739210128784,14.166124343872099,10.5439310073853,6.3402099609375,7.79416751861572,3.27788877487183,0.856731414794922,-7.1886310577392605,-13.306480407714801,-10.2028865814209,-18.918758392334002,-10.7295360565186,-36.809944152831996,-18.8243656158447,-38.2866554260254,-24.434982299804698,-16.7036628723145,-22.3353080749512,-18.6753425598145,-35.1189994812012,-15.103809356689501,-29.4951992034912,-29.2128410339355,-35.043548583984396,-18.1324024200439,-28.225440979003896,-30.0706787109375,-30.4361686706543,-20.7245712280273,-25.1755714416504,-20.1469841003418,-22.0828552246094,-19.7579231262207,-14.700061798095698,-16.2743301391602,-9.87289428710938
sub-0092,ses-04,run-01,vicarious,LOC,318,rating,4.08565711975098,9.10393810272217,9.53946781158447,16.3800144195557,17.7294845581055,18.826482772827102,21.3330402374268,18.8420791625977,14.607227325439501,16.3820114135742,22.6148738861084,13.410552978515598,13.460197448730499,9.17516326904297,7.614532470703121,-1.1518630981445301,-0.620201110839844,-5.13878440856934,-1.7180099487304699,-7.71024227142334,-8.40407371520996,-21.4561767578125,-16.868013381958,-18.338939666748,-22.8386535644531,-16.9285202026367,-14.191052436828599,-14.3212642669678,-9.69743633270264,-8.71807098388672,-11.9406585693359,-8.79059219360352,-9.06637382507324,-1.8612575531005902,-3.95058012008667,-0.746642112731934,-1.7935857772827102,1.46277236938477,3.37475681304932,8.06323719024658,9.1504487991333,6.544123649597171
sub-0092,ses-04,run-01,vicarious,LOC,318,cue,-8.14298629760742,-4.021728515625,0.717304229736328,4.5991039276123,6.32269287109375,7.78769302368164,2.0238189697265603,-1.20547103881836,-9.80776405334473,-4.477867126464839,-7.273983001708981,-9.95486450195312,-6.11309814453125,-12.898075103759801,-10.4524841308594,-11.709716796875,-14.605438232421902,-16.8596496582031,-14.493278503417999,-13.5895843505859,-14.2464447021484,-11.447479248046902,-10.109657287597699,-7.88877868652344,-5.10380554199219,-9.50492477416992,-2.4729118347168,3.6982269287109397,4.14626693725586,4.9676570892334,10.684621810913098,3.3662509918212904,5.69174766540527,12.5618648529053,9.066183090209961,13.4363555908203,19.274257659912102,15.399559020996099,18.404470443725604,12.121976852417,13.5728540420532,16.965259552002
sub-0092,ses-04,run-01,vicarious,LOC,3,cueH_stimH,-12.0356693267822,-3.7610855102539102,8.39262390136719,-5.5960197448730495,16.6494464874268,-10.904197692871099,-27.7362270355225,-6.81545257568359,7.9886379241943395,13.8747463226318,12.7972316741943,15.1931056976318,12.0446681976318,-2.94631385803223,-37.3954086303711,-10.530052185058599,-28.68044090271,-25.8092250823975,-22.116111755371104,-20.5738754272461,-16.528587341308597,0.714452743530273,-2.90920448303223,-2.80239295959473,6.3393459320068395,13.3891506195068,0.0470256805419922,21.746768951416,22.601417541503896,13.0094947814941,7.31920623779297,3.22395706176758,12.338489532470698,-8.26619338989258,15.2968406677246,-8.623340606689451,-24.400785446167003,-29.043151855468803,4.03008270263672,0.8082656860351559,3.91445922851562,-2.66763305664062
sub-0092,ses-04,run-01,vicarious,LOC,3,cueL_stimH,8.26833343505859,28.9521675109863,21.4889698028564,24.8706359863281,2.9107637405395494,5.0929422378539995,20.004592895507802,13.691490173339801,18.8885097503662,17.6462345123291,-3.1356303691864,-8.3720531463623,0.382195770740509,-19.681072235107397,-11.663917541503901,-15.648069381713901,18.679796218872102,14.3103609085083,5.26921224594116,-6.202937126159671,-6.310466766357419,-18.814281463623,10.0158653259277,-0.8464202880859379,7.15499114990234,3.3367166519165,17.1083393096924,12.0974636077881,5.5759792327880895,-10.545587539672901,3.77894973754883,11.782421112060499,2.52486228942871,17.337665557861303,-1.00026321411133,4.772216796875,18.6994552612305,2.0807685852050803,12.3206024169922,1.2762413024902302,-5.635005950927731,-0.66168212890625
sub-0092,ses-04,run-01,vicarious,LOC,3,cueH_stimM,9.31224822998047,-13.9899158477783,-12.6027355194092,-22.1331768035889,-11.8138771057129,-10.546555519104,-22.0863189697266,14.4137277603149,-11.9584426879883,-15.709680557251,-6.04747724533081,-19.2803115844727,-11.077014923095698,-13.288330078125,9.90369701385498,-11.5731296539307,-13.493936538696301,7.69685363769531,8.49339294433594,3.41416549682617,3.30327033996582,7.8857936859130895,1.23288726806641,2.0710906982421897,9.94298934936523,10.354076385498,16.0208778381348,8.40939331054688,-14.215812683105499,-14.8902435302734,2.29269409179688,-7.862060546875,10.5015296936035,9.85645294189453,21.689620971679698,3.1579818725585898,5.016693115234379,-9.11588287353516,-5.12834167480469,6.40970230102539,-13.436239242553699,15.1634521484375
sub-0092,ses-04,run-01,vicarious,LOC,3,cueL_stimM,3.14142799377441,18.7724876403809,-2.23725700378418,-1.53794574737549,-8.43352603912354,-2.08313488960266,5.7476711273193395,21.0064010620117,-18.2987003326416,-20.0146598815918,-2.21450328826904,-4.56131267547607,-1.4298267364502,8.25840187072754,-12.6610021591187,-26.2127304077148,-21.8871994018555,-26.5903663635254,-30.8094291687012,-14.8358421325684,-2.57858085632324,-31.965932846069304,-41.1893310546875,-38.772922515869105,-28.5533123016357,-26.107360839843803,-22.7599658966064,-42.649162292480504,-5.997455596923831,-1.8487358093261699,-13.686309814453098,-43.21125793457029,-28.105354309082,-13.1397132873535,-17.5029373168945,-11.8070516586304,-20.639591217040998,-10.1289215087891,-12.1015892028809,0.337112426757812,11.047454833984402,-5.81959533691406
sub-0092,ses-04,run-01,vicarious,LOC,3,cueH_stimL,2.88770580291748,3.1594114303588903,-23.5480461120605,-11.448993682861301,2.85440349578857,-24.236825942993196,-18.081264495849602,-13.4785842895508,5.54027557373047,-22.508670806884798,7.5984210968017605,6.55036067962646,-0.9649324417114259,-10.7307243347168,0.15695333480835,-6.629924774169919,-8.7400951385498,-37.1030921936035,-5.44349479675293,-19.080696105957,-26.038682937622102,-26.515495300293,-24.1446838378906,-21.9801940917969,-21.9885940551758,-22.356142044067397,-38.193904876709,-24.1676216125488,-21.3768844604492,-1.03188323974609,-6.0230712890625,-26.620361328125,-13.4822311401367,-19.043083190918,-11.159461975097699,-4.03841781616211,-13.013368606567399,10.878342628478999,6.36752891540527,2.5702791213989302,-8.20476531982422,8.0399227142334
sub-0092,ses-04,run-01,vicarious,LOC,3,cueL_stimL,26.2834358215332,27.5715255737305,11.2930297851562,23.464660644531197,25.358375549316396,23.9567985534668,22.4885768890381,18.219036102294897,8.27609062194824,23.3925590515137,14.730855941772498,14.9255971908569,22.1483135223389,10.4867572784424,33.4320602416992,11.143369674682601,16.4102916717529,21.013935089111303,6.22657775878906,2.6091079711914102,-7.31368160247803,-10.0984745025635,-10.173667907714801,-8.18831634521484,-22.7737197875977,-34.2584762573242,-5.43441009521484,-12.2428226470947,-15.769178390502901,-17.008472442627,-0.0950107574462891,-5.727481842041019,3.24106979370117,-13.2116279602051,2.61101150512695,12.7844085693359,2.51455688476562,9.634172439575199,-2.42800903320312,6.253459930419919,22.4444580078125,14.0906524658203
sub-0092,ses-04,run-01,vicarious,LOC,3,rating,11.007432937622099,5.42447423934937,2.11456203460693,2.0096988677978502,3.6883506774902304,6.0295524597167995,11.244255065917999,10.621293067932099,11.155652999877901,15.0561199188232,15.0376319885254,14.6392040252686,10.010009765625,11.910362243652301,13.6675415039062,17.530738830566403,12.5892753601074,13.150526046752901,12.038445472717301,9.87442779541016,5.107604026794429,5.84280633926392,3.4763765335082994,1.17398691177368,4.74299192428589,-0.764975190162659,-2.05449891090393,-3.0916719436645494,-5.9413595199585,-4.411812782287599,-3.1281790733337402,-1.7015237808227501,-0.454346656799316,0.180168151855469,2.16508293151855,-2.79389381408691,-0.527151107788086,7.12129783630371,6.551953792572019,2.0486364364624,7.49910926818848,-0.5011577606201171
sub-0092,ses-04,run-01,vicarious,LOC,3,cue,-12.0517864227295,-3.48615264892578,-3.2113494873046897,-11.3368282318115,-8.28310012817383,-13.010120391845698,-13.4189300537109,-9.57072448730469,-4.49398612976074,-7.43009185791016,-2.55449295043945,0.781650543212891,-6.02292251586914,-18.070848464965803,-10.1270332336426,-13.554737091064501,-12.8465309143066,-5.37055206298828,-7.56723785400391,-5.88800048828125,-11.9786834716797,-15.8113861083984,-18.2036514282227,-6.35316467285156,-13.106729507446301,-6.52751922607422,-14.026493072509801,-7.56844139099121,-15.721448898315401,-13.2477149963379,-1.85941505432129,-0.700456619262695,1.16164970397949,-1.7560806274414098,5.98856925964355,2.2755107879638703,0.9555950164794921,2.3269405364990203,5.35076713562012,-2.6012592315673797,-2.9934875965118395,3.17701244354248
sub-0092,ses-04,run-01,vicarious,LOC,4,cueH_stimH,6.08503723144531,-12.977180480957001,-17.004375457763697,-9.331361770629881,-4.43992042541504,-5.56402397155762,5.25054931640625,-14.536073684692399,23.101379394531197,26.040100097656197,21.1030883789062,21.3890991210938,20.0940551757812,14.9138793945312,16.3958129882812,23.518493652343803,-4.40594482421875,14.8330688476562,-18.533151626586896,-12.431455612182601,-22.7794895172119,-18.614328384399396,7.95281982421875,-7.56243705749512,4.03680419921875,-11.827329635620101,-7.753448486328121,-19.1713771820068,-22.985397338867198,-38.34458541870121,-48.0358810424805,-13.8034057617188,-13.608680725097699,-22.6776504516602,8.49600982666016,9.63954544067383,-2.27890014648438,3.6707191467285196,32.2824172973633,36.3890533447266,24.5900573730469,38.9922332763672
sub-0092,ses-04,run-01,vicarious,LOC,4,cueL_stimH,34.670379638671896,30.5273265838623,20.258592605590803,50.29411315917971,47.35270690917971,48.485233306884794,40.6618766784668,38.6099090576172,33.762298583984396,30.223270416259798,-0.22114972770214103,-13.0490274429321,-8.54575634002686,-12.873505592346199,-31.969749450683604,-14.5792150497437,-22.458971023559602,-35.314640045166,-53.167121887207,-31.2120170593262,-28.1739101409912,-0.923961639404297,-27.2201080322266,12.514139175415002,-6.05051040649414,8.55642127990723,21.6603183746338,5.90864562988281,2.1728057861328103,23.4941940307617,13.9586925506592,-6.1330242156982395,2.5912227630615203,-9.12019157409668,-15.546049118042,-15.198892593383801,-8.31143188476562,-22.0300121307373,-28.8455619812012,-47.356231689453104,-20.175457000732397,-33.7324371337891
sub-0092,ses-04,run-01,vicarious,LOC,4,cueH_stimM,0.858495712280273,-40.1007308959961,-19.0490226745605,-7.03758335113525,-19.6198348999023,-33.0424003601074,-14.3238000869751,-16.6818161010742,-13.050969123840302,-23.8086051940918,-25.693387985229503,-23.5224418640137,-0.95141863822937,-30.805641174316396,-12.6322822570801,-35.3071060180664,-18.558029174804698,-13.126075744628901,-7.96317577362061,-17.8566303253174,-4.578699111938481,10.6777038574219,3.72826385498047,8.68677711486816,5.0835456848144505,-2.9691543579101602,-0.8080596923828121,-4.807167053222661,11.6454467773438,-3.6578407287597696,-1.45195007324219,6.860782623291019,-13.628532409667999,-0.404209136962891,-2.01110076904297,-8.33790588378906,-11.3750610351562,-28.1781959533691,-0.375209808349609,-20.713270187377898,-14.7892322540283,-16.1147384643555
sub-0092,ses-04,run-01,vicarious,LOC,4,cueL_stimM,10.784984588622999,20.742511749267603,8.30466842651367,0.715802192687988,-15.205263137817399,11.6466226577759,1.24121284484863,24.161142349243196,9.241640090942381,31.5130767822266,14.972188949584998,20.3286228179932,21.3703308105469,21.5444526672363,26.9144096374512,14.589305877685499,41.3799438476562,-1.4528312683105502,11.3960399627686,-14.753623962402301,-25.313535690307603,-36.1386108398438,-37.015830993652294,-38.5814628601074,-54.261268615722706,-39.069099426269496,-45.7151870727539,-38.2095718383789,-33.2997894287109,-12.243419647216802,-0.0825271606445312,-19.641845703125,-28.5393218994141,-31.049129486084,-15.048694610595698,8.03252792358398,-13.900306701660199,-6.20853233337402,-12.635467529296902,-29.357328414917003,-5.2544441223144505,4.576690673828121
sub-0092,ses-04,run-01,vicarious,LOC,4,cueH_stimL,-1.59272074699402,-19.3726501464844,-24.6943054199219,-1.7759025096893302,-24.214044570922898,-34.809268951416,-20.786800384521502,-8.99709510803223,-8.91315937042236,-31.652019500732397,-29.2197380065918,-11.151665687561,-14.374865531921401,-32.9382476806641,-26.217256546020497,-19.1883869171143,-4.20723342895508,-22.729871749877898,-24.201599121093803,-19.0345191955566,-23.375303268432603,-27.976448059082,-29.722158432006804,-28.9997062683105,-13.594844818115199,-21.2290153503418,-22.1554069519043,-31.2968349456787,-34.5888519287109,-24.615821838378896,2.2576141357421897,6.376068115234379,11.301658630371099,-5.64743423461914,16.2854347229004,4.62237548828125,16.9618453979492,61.081672668457,51.863166809082,0.19817161560058602,22.5771598815918,-7.84554195404053
sub-0092,ses-04,run-01,vicarious,LOC,4,cueL_stimL,41.257270812988295,17.716379165649396,30.7320251464844,33.7926902770996,5.762945175170901,46.513912200927706,25.2339191436768,31.091405868530302,31.0434036254883,33.5497207641602,37.2645301818848,36.8661994934082,23.773319244384798,19.822320938110398,34.904129028320305,25.116756439209,27.733863830566396,21.599536895752,12.138408660888699,-19.979213714599602,-35.898162841796896,-33.037448883056605,-35.939361572265604,-36.462188720703104,-33.118927001953104,-54.848297119140604,-38.2743377685547,-29.9945240020752,-14.147298812866199,-23.366882324218803,-26.640283584594698,-26.578687667846697,-6.6341552734375,-29.8044452667236,-15.9996604919434,-21.3741569519043,-11.1016597747803,-26.930179595947298,10.569114685058599,2.20177459716797,4.04204559326172,7.482940673828121
sub-0092,ses-04,run-01,vicarious,LOC,4,rating,14.9862766265869,8.67935276031494,20.537906646728498,26.555305480957,33.4845809936523,32.30859375,27.171045303344698,30.3061599731445,25.9728145599365,16.913742065429698,24.7008934020996,23.564811706543,19.8505935668945,16.3354797363281,9.02813720703125,4.89474868774414,5.646465301513669,4.344182968139649,-3.86420822143555,-0.46657752990722706,-12.512698173522901,-15.6914777755737,-12.4648084640503,-10.7024345397949,-5.73673057556152,-7.786218166351321,3.15563297271729,6.07047891616821,6.7085270881652805,9.75716686248779,1.4327597618103,6.369384288787839,4.43833303451538,8.20353698730469,2.6057982444763197,2.78209400177002,3.4604282379150404,5.49233055114746,-5.33309555053711,7.54366302490234,2.28664112091064,-1.47986030578613
sub-0092,ses-04,run-01,vicarious,LOC,4,cue,-1.783935546875,-6.75556945800781,1.6137886047363301,0.7188701629638671,5.30804061889648,0.728481292724609,-12.6444149017334,-8.739833831787111,-15.093137741088901,-25.6736373901367,-30.890846252441396,-26.4980545043945,-36.025993347168004,-29.273414611816396,-27.178918838501,-30.5884475708008,-31.6175346374512,-34.1152877807617,-35.0250091552734,-31.7679138183594,-22.541564941406197,-19.956787109375,-8.38211822509766,0.664764404296875,-15.0449676513672,-1.2845420837402302,6.15865707397461,7.03875923156738,0.34220504760742204,8.91108131408691,2.78671836853027,6.63102722167969,12.4923572540283,6.9801139831542995,13.440931320190401,4.42603492736816,4.0934944152832005,11.7585353851318,13.9756669998169,8.90449333190918,7.11947250366211,6.05066013336182
sub-0092,ses-04,run-01,vicarious,LOC,45,cueH_stimH,8.572925567626951,7.10428619384766,-1.59573936462402,10.7719459533691,13.991405487060499,11.396820068359402,-2.84963989257812,-15.5111408233643,-9.42447090148926,-3.72476196289062,3.61166381835938,10.2432556152344,1.4353942871093797,2.63729858398438,5.838348388671879,-4.642852783203121,-26.4848957061768,-13.9139728546143,-10.9693927764893,-14.3408527374268,-5.7058429718017605,-29.9132404327393,-21.4252033233643,-16.4162921905518,-16.7933673858643,-14.9537677764893,-9.46390151977539,-17.4488201141357,-25.2123107910156,-16.4272747039795,-33.000534057617195,-11.618640899658198,-24.725456237793,-8.77235794067383,-16.1731243133545,-11.452198028564501,-15.6362476348877,-18.6157722473145,-13.394432067871099,-11.6187210083008,8.2203369140625,-0.189186096191406
sub-0092,ses-04,run-01,vicarious,LOC,45,cueL_stimH,17.1841888427734,15.4531517028809,17.9822044372559,19.1219329833984,19.12473487854,20.1810531616211,23.134639739990202,20.467128753662102,23.180320739746104,23.849908828735398,13.162713050842301,5.67215442657471,7.83241748809814,-1.67662954330444,9.31608772277832,21.557498931884798,10.476433753967301,2.44014549255371,-5.992745876312259,-19.9659214019775,-22.802364349365202,-29.1130485534668,-5.664434432983401,-17.161180496215803,2.6268939971923797,5.641352653503421,1.4728107452392598,5.78863525390625,8.45169067382812,6.617462158203121,4.80333137512207,10.6382732391357,17.688669204711896,16.0688629150391,13.483158111572301,-6.87192153930664,-8.71392822265625,-14.674335479736301,-1.68191909790039,-4.76153564453125,-10.1184768676758,-23.698463439941396
sub-0092,ses-04,run-01,vicarious,LOC,45,cueH_stimM,-22.0069847106934,-21.1799716949463,-30.3835525512695,-20.3446102142334,-32.921173095703104,-24.0496425628662,-23.8908538818359,-16.9058418273926,-14.4233741760254,-17.2935523986816,-12.8280391693115,-25.835159301757802,-19.1112022399902,-15.4769344329834,-17.3590126037598,-15.167613983154302,-4.0524406433105495,-5.19463539123535,-13.6079435348511,-4.35933876037598,-8.13558769226074,-14.584535598754899,-24.6918087005615,-11.951179504394501,-7.6345500946044895,-7.25234603881836,-11.3632011413574,-11.5335693359375,-4.16889953613281,-3.03836441040039,-3.5576210021972696,3.8842620849609397,2.4854278564453103,13.6631622314453,-1.31938171386719,-4.101463317871089,3.82684326171875,-4.45983123779297,-0.514694213867188,-12.258472442627001,4.569880962371831,0.784276008605957
sub-0092,ses-04,run-01,vicarious,LOC,45,cueL_stimM,26.2582168579102,24.7454776763916,24.2558670043945,7.34391117095947,4.06023406982422,12.2353363037109,23.0906295776367,17.9922027587891,12.9256925582886,6.43509578704834,-4.23996162414551,4.22825145721436,3.8781280517578103,13.1165323257446,1.8357477188110398,-0.667362213134766,-4.68755531311035,-6.1543064117431605,-10.143442153930698,-18.761127471923803,-7.7445964813232395,-13.400962829589801,-37.248588562011705,-31.840553283691396,-38.524932861328104,-33.281990051269496,-23.868192672729503,-22.701387405395497,-19.4815826416016,-17.8477096557617,-15.1560668945312,-27.548889160156197,-13.5465545654297,-16.8122177124023,-8.174411773681639,-8.96076393127441,-2.33407211303711,0.12334442138671901,4.34292221069336,1.9828605651855502,14.494651794433599,8.1510009765625
sub-0092,ses-04,run-01,vicarious,LOC,45,cueH_stimL,19.3529777526855,9.06294059753418,5.27030038833618,-20.7835998535156,-9.611565589904789,-19.1738376617432,-17.749423980712898,-20.5174522399902,-10.6064929962158,-11.488600730896001,0.311332702636719,1.9157772064209,3.7343978881835898,13.1506099700928,1.68326759338379,4.154205322265621,-2.9397430419921897,-20.958431243896502,-22.658384323120103,-24.1077041625977,-26.2347984313965,-37.9917144775391,-16.669654846191403,-16.929763793945302,-22.428907394409197,-12.348777770996099,-16.3017311096191,-9.10332870483398,-10.2826843261719,5.15013122558594,5.671539306640621,-9.04684448242188,-9.16921997070312,-15.001686096191401,-4.374610900878911,5.59540557861328,1.76829719543457,1.8181858062744098,11.2446622848511,2.8340291976928698,8.27275657653809,4.85568904876709
sub-0092,ses-04,run-01,vicarious,LOC,45,cueL_stimL,3.28985500335693,20.523567199707,12.028858184814501,10.3318729400635,11.553813934326199,6.677043914794919,9.5213737487793,-2.47482705116272,7.1476750373840305,13.641247749328599,16.9414749145508,30.062120437622102,30.6489639282227,32.0283546447754,34.222194671630895,37.813728332519496,24.9526481628418,39.2652626037598,31.7795391082764,23.1236591339111,8.11669826507568,9.47257614135742,0.83563232421875,-13.593568801879899,-16.7611713409424,-23.973558425903303,-31.681077957153303,-41.837982177734396,-31.2525615692139,-32.019683837890604,-27.795825958252,-25.8027038574219,-28.3100528717041,-27.4270362854004,-15.0027503967285,-18.758865356445302,-7.46559715270996,-24.3448810577393,-10.2756462097168,-22.2574806213379,0.7574539184570309,-9.0196533203125
sub-0092,ses-04,run-01,vicarious,LOC,45,rating,8.138477325439451,8.78728580474854,8.30433082580566,7.33032989501953,11.272510528564501,8.54396057128906,12.119503021240199,12.165890693664599,12.7473850250244,10.5154895782471,15.670063018798801,17.3098640441895,18.1409225463867,15.5791015625,12.988861083984402,13.969978332519501,9.32160949707031,14.203850746154801,6.6025886535644505,2.10677623748779,2.66086769104004,-7.08936214447021,-12.364839553833,-11.4553966522217,-13.4879150390625,-13.9575548171997,-13.750101089477502,-7.74671745300293,-9.60577011108398,-7.94049310684204,-13.0620813369751,-10.4727163314819,-9.08681678771973,-6.47207260131836,-7.35207080841064,-3.67794799804688,-2.73706150054932,-1.29073905944824,2.0324287414550803,2.07596683502197,2.07473945617676,-1.3118257522583001
sub-0092,ses-04,run-01,vicarious,LOC,45,cue,3.02834701538086,-1.41454887390137,0.613735198974609,-1.8087863922119098,-2.3925628662109397,-0.0323600769042969,-5.47062683105469,-5.02405548095703,-5.91777038574219,-7.78134536743164,-2.18072128295898,-6.55089569091797,-2.65790176391602,-5.93821716308594,-6.65085601806641,-4.73604965209961,-2.47851943969727,-2.5690536499023398,-3.4776763916015603,-0.652740478515625,-8.98448181152344,-4.23301696777344,-6.24560546875,-8.63939666748047,-8.06877326965332,-12.651416778564501,-3.70022201538086,-1.43970108032227,2.0029449462890603,-3.06595993041992,3.8383502960205096,8.335386276245119,5.7963981628417995,7.74050331115723,0.89207649230957,3.49252319335938,1.91038703918457,10.190744400024402,6.359561920166019,7.643567085266111,3.9347586631774902,7.4112052917480495
sub-0092,ses-04,run-01,vicarious,LOC,46,cueH_stimH,6.5359001159667995,9.39220428466797,-0.7865829467773441,-9.51238441467285,-8.2042407989502,-3.6567420959472696,-7.724735260009769,2.2303352355957,9.8676643371582,21.6679573059082,22.8701057434082,25.327877044677702,25.875484466552702,18.543926239013697,9.0065803527832,1.8602180480956998,0.42552566528320296,-4.27807998657227,-9.8049430847168,-10.2197380065918,-3.0019645690918,-20.862567901611303,-17.3120231628418,-15.191173553466802,-19.1569938659668,-8.562023162841799,-22.109718322753896,-17.6997375488281,-30.8899078369141,-43.507495880127,-45.4181938171387,-20.550613403320302,-21.786376953125,-15.4542503356934,-0.700138092041016,-12.543785095214801,-6.99109649658203,-11.7953453063965,-4.40967178344727,7.04213714599609,18.9432373046875,9.49941253662109
sub-0092,ses-04,run-01,vicarious,LOC,46,cueL_stimH,19.9807662963867,27.1412925720215,21.649803161621104,20.8227138519287,29.0077228546143,35.291557312011705,33.0578193664551,26.378442764282198,47.5790863037109,37.467109680175795,21.314151763915998,18.358600616455103,9.86023712158203,2.2433238029480003,9.53209114074707,-1.14892768859863,-1.21489572525024,-26.4798202514648,-22.577772140502898,-26.5874729156494,-10.812244415283198,2.94368171691895,-4.45104217529297,4.65817451477051,7.810794830322269,13.616546630859402,10.440927505493198,7.0358772277832005,10.2043342590332,4.16228485107422,2.25233268737793,-6.40557670593262,-1.02816772460938,-7.30083465576172,-4.651031494140621,-9.33622741699219,-13.211612701416,-17.8083820343018,-15.855804443359402,-19.770450592040998,-8.69109344482422,-16.357200622558597
sub-0092,ses-04,run-01,vicarious,LOC,46,cueH_stimM,-19.3204517364502,-24.281555175781197,-18.00710105896,-26.2991943359375,-29.8894195556641,-22.619552612304698,-23.093858718872102,-31.7092971801758,-22.035301208496104,-16.943231582641598,-18.6717529296875,-27.7318115234375,-15.090476989746099,-11.8245677947998,-21.687385559082,-14.483247756958,-3.5504112243652304,-14.665782928466802,-7.47271060943604,-11.6133060455322,-5.96141242980957,10.3017463684082,-6.92835807800293,-14.9649829864502,-4.174720764160161,-10.1977691650391,-7.57868194580078,-3.3002357482910196,-6.7578620910644505,-5.91786956787109,-0.914676666259766,14.0469818115234,9.64416885375977,0.8108291625976559,-2.0687713623046897,-4.41154479980469,-18.5984497070312,-19.1715469360352,-11.607791900634801,-29.128826141357397,-4.19102191925049,-15.333743095397901
sub-0092,ses-04,run-01,vicarious,LOC,46,cueL_stimM,-7.9704709053039595,7.477360725402829,0.312969207763672,3.80616235733032,6.33435201644897,22.3760147094727,-2.73388004302979,9.12231731414795,23.080345153808604,21.739198684692397,19.5022201538086,19.0999908447266,12.608924865722699,26.8469619750977,13.9989328384399,15.044837951660199,30.439962387085,12.880651473999,1.33369636535645,1.95346450805664,-5.28803062438965,-27.9795246124268,-22.079345703125,-23.4926910400391,-30.0847053527832,-24.1934661865234,-35.070999145507805,-19.010944366455103,-23.3526229858398,-23.705451965332,-20.6395797729492,-23.2378234863281,-24.924808502197298,-5.54096221923828,-1.4480972290039098,-4.36021423339844,-6.4826164245605495,-3.8480339050293,-6.10515594482422,-8.93122100830078,2.00865936279297,0.312149047851562
sub-0092,ses-04,run-01,vicarious,LOC,46,cueH_stimL,2.20377397537231,1.99080181121826,7.17737007141113,7.30146598815918,0.24667787551879897,-25.531774520874,-11.2977476119995,-18.0256500244141,-7.4269061088562,-16.4143867492676,-0.48662185668945296,-14.2103052139282,-11.2983112335205,-9.13453578948975,-5.3723444938659695,-0.664615631103516,6.3130989074707005,-16.782543182373,-6.73868179321289,-19.6624641418457,-7.219036102294919,-13.4819602966309,-20.653636932373,-20.2278518676758,-21.416671752929698,-17.289363861084002,-26.256042480468803,-19.2473373413086,-25.260494232177702,-4.80876159667969,-17.1374359130859,-11.9566650390625,-7.39705657958984,5.49794769287109,10.2682800292969,14.5597991943359,16.5671310424805,31.408876419067397,26.2488670349121,32.4733200073242,38.010063171386705,33.4259262084961
sub-0092,ses-04,run-01,vicarious,LOC,46,cueL_stimL,10.1533689498901,18.907001495361303,10.131834030151401,21.599912643432603,22.268198013305696,19.4300174713135,23.4996032714844,26.3311252593994,24.5364818572998,25.9826316833496,28.6254825592041,33.896701812744105,23.5247421264648,26.9619026184082,26.575950622558604,23.280366897582997,20.2825298309326,5.50743865966797,-1.12136650085449,-9.94523239135742,-19.8817386627197,-18.881334304809602,-32.525218963623,-37.493953704834,-35.238353729248,-47.987232208252,-48.141773223877,-50.471466064453104,-48.42192077636721,-42.8493003845215,-39.381050109863295,-44.026641845703104,-36.8855476379395,-46.387912750244105,-34.0682754516602,-45.7370758056641,-37.815216064453104,-35.5807113647461,-14.8237152099609,-22.1014709472656,-18.7645568847656,-13.6989593505859
sub-0092,ses-04,run-01,vicarious,LOC,46,rating,9.3532133102417,17.6215858459473,16.843242645263697,24.552902221679698,28.130863189697298,25.047733306884798,23.2160949707031,23.973083496093803,24.095922470092802,25.810298919677702,26.552183151245103,23.2497482299805,18.242847442627,18.2352294921875,18.1576843261719,11.190074920654302,3.99100112915039,-0.8206195831298829,-1.70831489562988,-7.24727535247803,-9.45806980133057,-17.6772842407227,-12.084076881408699,-17.535255432128903,-18.621723175048803,-17.8015823364258,-12.2426843643188,-7.36514806747437,-5.14111614227295,-7.20672416687012,-5.2827644348144505,-6.70737361907959,-2.13131809234619,1.33882331848145,-0.382449865341187,1.68963146209717,-2.0064945220947297,1.56330871582031,-4.6261625289917,0.34055995941162104,0.0506181716918945,-0.200926780700684
sub-0092,ses-04,run-01,vicarious,LOC,46,cue,-3.5776939392089804,-0.36492919921875,3.76070022583008,5.08852005004883,7.517513275146481,7.30313873291016,-0.545082092285156,-6.9889640808105495,-9.94682502746582,-7.907367706298831,-17.348857879638697,-17.5191383361816,-16.4134559631348,-19.3515625,-13.693206787109402,-19.9732131958008,-22.2160530090332,-22.9902420043945,-22.2495040893555,-23.6120452880859,-22.2299423217773,-19.5598297119141,-10.7863922119141,-8.54430770874023,-3.97092819213867,-7.71985626220703,0.7442398071289059,-0.791599273681641,0.314262390136719,3.28791999816895,9.91950035095215,6.61114311218262,10.8315334320068,10.5386180877686,11.469877243042,11.807493209838901,14.452657699584998,14.0518474578857,15.3738298416138,8.65235137939453,15.9622058868408,14.726975440978999
sub-0092,ses-04,run-02,cognitive,LOC,279,cueH_stimH,12.895133972167999,7.6574211120605495,13.3776588439941,-3.07162952423096,7.0525197982788095,-2.5265417098999,6.08795833587646,8.68592739105225,-0.19490051269531197,10.957882881164599,7.70387268066406,-17.3088684082031,8.1507511138916,-3.72688484191895,13.210841178894,-9.61531829833984,0.22507858276367199,3.4085111618042006,5.71750354766846,11.253512382507301,13.241935729980499,8.245312690734862,23.7908821105957,15.3877487182617,14.3920040130615,29.3493347167969,17.610183715820302,21.8939743041992,9.33414363861084,26.4534645080566,15.326408386230499,23.4198703765869,10.2604932785034,16.8202991485596,5.40374326705933,2.71444416046143,12.073016166687,14.783655166626,8.45889282226562,9.40081405639648,-4.85700559616089,8.01703262329102
sub-0092,ses-04,run-02,cognitive,LOC,279,cueL_stimH,-5.06957244873047,10.7287330627441,12.203838348388699,10.4400930404663,9.53306579589844,-4.95776414871216,-0.9333453178405758,-0.932765960693359,7.2886238098144505,4.04758644104004,-1.37246668338776,1.58811378479004,9.72121334075928,3.90756154060364,13.3635425567627,23.596914291381804,12.5902462005615,12.789613723754899,1.8784370422363301,7.474323272705081,4.13493824005127,-11.953852653503402,14.0867223739624,9.71537113189697,19.9182662963867,4.92577457427979,-6.3721923828125,18.485683441162102,12.594916343689,18.248092651367198,18.459642410278303,22.4785461425781,19.207405090332,5.91522216796875,4.02898359298706,-5.05854988098145,8.46552085876465,-5.59688568115234,4.188951492309569,5.067439556121831,-3.64190936088562,-5.91456079483032
sub-0092,ses-04,run-02,cognitive,LOC,279,cueH_stimM,-6.807782173156741,-7.316124439239499,-11.695894241333,8.135007858276369,4.68424797058105,9.44229316711426,10.943443298339801,7.515628814697269,-8.20216274261475,5.78809261322021,11.831737518310499,17.7099647521973,17.590866088867198,7.90926074981689,16.465501785278303,16.121629714965803,18.8960456848145,21.694993972778303,13.2129383087158,17.114793777465803,11.531787872314501,22.108812332153303,17.746711730957,18.1389274597168,28.2254295349121,16.5517826080322,30.5733528137207,17.1301879882812,3.36418724060059,5.4095344543457005,-3.05164337158203,6.894793510437009,1.20119762420654,1.3825159072876,-10.8376874923706,-7.87985897064209,-7.606201171875,-4.2074470520019505,-18.494457244873,5.7337155342102095,-11.166797637939501,-12.566680908203098
sub-0092,ses-04,run-02,cognitive,LOC,279,cueL_stimM,-3.99676513671875,-12.067188262939501,-19.8231143951416,-1.5823655128478997,-17.5429420471191,1.9165267944335902,-21.342170715332,-19.7842025756836,-12.1096677780151,-11.700870513916,-18.9616928100586,-0.746631622314453,-18.093391418457,-20.258558273315398,-0.535830497741699,-16.9237422943115,-5.26251220703125,-19.5606594085693,7.430059432983401,-3.0498716831207298,16.0961875915527,5.11301326751709,14.2909412384033,21.908630371093803,32.817962646484396,20.285945892334002,26.987751007080103,17.9540939331055,30.922004699707,21.518310546875,23.362468719482397,8.25904369354248,14.714994430542,2.2862377166748,5.611462593078611,6.38507747650146,-0.38026809692382796,-8.98529815673828,6.51155281066895,-4.0777907371521005,8.27312564849854,2.91919660568237
sub-0092,ses-04,run-02,cognitive,LOC,279,cueH_stimL,-4.65955400466919,5.21720027923584,12.192725181579599,9.878461837768551,22.636432647705103,13.331066131591802,9.896055221557619,9.76540470123291,11.8538722991943,9.591020584106449,17.7285404205322,18.5409145355225,13.5947742462158,5.07810115814209,7.279760837554929,3.03605818748474,9.41639423370361,14.804579734802198,19.773662567138697,25.6906814575195,25.1487083435059,26.974651336669897,27.1649169921875,37.9921455383301,36.2608871459961,31.799201965332,37.041557312011705,31.3383102416992,41.454006195068395,19.128086090087898,24.762371063232397,24.5832443237305,14.7746524810791,9.24630355834961,14.961181640625,6.74925231933594,-4.5919485092163095,-3.88181686401367,-3.41067409515381,-2.01674938201904,-2.42584943771362,-9.54209136962891
sub-0092,ses-04,run-02,cognitive,LOC,279,cueL_stimL,-2.83000946044922,-4.50665760040283,-10.5636835098267,0.43603348731994607,-5.94306230545044,15.4885673522949,6.84260559082031,6.57483768463135,12.342780113220199,8.70534133911133,6.2658896446228,13.3788719177246,18.2352180480957,31.0719318389893,27.083364486694304,26.882614135742198,28.368675231933604,23.2465381622314,37.979400634765604,23.065818786621104,26.9640579223633,15.006742477417,13.2357616424561,12.2645721435547,23.529203414917003,-0.989166259765625,5.02567338943481,-7.46778106689453,-0.822531700134277,-11.1941070556641,-9.01541709899902,-9.11530685424805,-25.014236450195302,-19.6976356506348,-25.6388626098633,-6.516057968139651,-24.7719841003418,-4.20458984375,0.35246372222900396,-11.249530792236301,-6.7755851745605495,-3.54181170463562
sub-0092,ses-04,run-02,cognitive,LOC,279,rating,4.41861915588379,0.656959533691406,0.5890207290649411,2.8256864547729506,7.0698881149292,1.56525230407715,4.35599136352539,3.76447868347168,6.63682556152344,1.91149711608887,4.66549015045166,7.2481217384338406,8.56076812744141,13.114272117614698,13.433830261230499,16.9286270141602,14.51087474823,22.5710620880127,17.0654716491699,16.420269012451197,16.1153469085693,9.85266494750977,13.9375972747803,12.0522880554199,11.347330093383801,12.6578807830811,12.266475677490199,10.682400703430199,11.167398452758801,8.58807277679443,13.330944061279302,9.39681339263916,15.1921539306641,11.3116989135742,11.108543395996099,8.52923202514648,6.3395791053772,4.79130744934082,6.41507434844971,4.01117467880249,0.959511518478394,2.6826772689819305
sub-0092,ses-04,run-02,cognitive,LOC,279,cue,-5.05947208404541,-1.8593111038208001,-7.18550872802734,-6.67556285858154,-10.3781614303589,-7.46929168701172,-8.5733699798584,-5.48047637939453,-7.834698677062991,-5.39369201660156,-4.53389167785645,-4.99456024169922,-4.79478454589844,-5.11370086669922,-0.488637924194336,-2.51545333862305,3.2046470642089804,-0.656951904296875,2.89317893981934,-2.36809539794922,0.0969071388244629,1.08480072021484,-5.60627555847168,3.60089826583862,-5.8403224945068395,-3.1021676063537598,-4.8210945129394505,-1.41205310821533,-1.6895208358764602,0.0735852718353271,-10.1079702377319,-8.55572986602783,-6.23429536819458,-1.58099436759949,-3.05855941772461,-7.59630346298218,-9.53340911865234,-13.788428306579599,-10.379114151001,-5.87695407867432,-6.59467077255249,0.981932878494263
sub-0092,ses-04,run-02,cognitive,LOC,280,cueH_stimH,4.65054988861084,11.3620185852051,7.43764925003052,-1.3650741577148402,4.63865375518799,0.42798614501953103,4.76622581481934,-3.1785507202148398,17.071456909179698,22.217239379882802,16.501361846923803,23.8769340515137,0.680307388305664,10.064210891723599,2.46970796585083,9.0818567276001,-0.39456987380981395,4.7175436019897505,7.923077583312991,15.1737728118896,18.9490814208984,19.3193092346191,23.4567089080811,13.677530288696301,22.2644729614258,14.8546714782715,26.109375,24.296920776367198,31.0589599609375,35.1432418823242,27.7355422973633,22.8112297058105,20.010395050048803,30.6205730438232,16.2627201080322,26.435401916503896,11.1357479095459,13.947925567627001,2.48780059814453,-4.93257474899292,-7.39920520782471,-10.6186037063599
sub-0092,ses-04,run-02,cognitive,LOC,280,cueL_stimH,-19.2167739868164,-6.3216080665588406,-10.474034309387198,-7.58643293380737,14.005626678466802,6.03562164306641,3.6824359893798797,5.6195173263549805,-1.36269474029541,5.99178695678711,3.93265151977539,20.4723587036133,18.8059158325195,11.438307762146001,20.7813949584961,6.80649137496948,18.0238094329834,9.33169651031494,17.0224075317383,-0.38103771209716797,-4.1438570022583,-1.85677766799927,-0.319633483886719,-1.1150817871093799,0.459357261657715,4.515637397766111,7.46790313720703,14.3193359375,14.3065700531006,13.045127868652301,18.4185180664062,6.5512170791626,11.785858154296902,12.4547462463379,2.24473857879639,4.71418142318726,-11.688117980957001,-5.73009490966797,-15.6864366531372,-0.300954818725586,7.16908693313599,3.4715361595153795
sub-0092,ses-04,run-02,cognitive,LOC,280,cueH_stimM,4.21177577972412,1.69353973865509,9.26787281036377,0.5174049139022829,9.448957443237301,10.56662940979,7.60274267196655,0.512105464935303,17.1641826629639,15.1890087127686,25.5661296844482,22.138069152832,38.036369323730504,23.651969909668,23.824878692627,27.797779083252,28.001636505127,29.285816192627,23.127853393554698,32.143726348877,30.399341583252,30.371021270752,41.758056640625,28.8907146453857,32.787693023681605,28.5053977966309,31.5750389099121,29.4784240722656,33.5422210693359,21.6279277801514,13.492652893066401,14.4490098953247,8.233386993408201,10.0445127487183,3.5289306640625,-6.97323989868164,-6.66455078125,-7.315433502197269,-3.15790939331055,-7.98050498962402,-17.8384704589844,-15.09752368927
sub-0092,ses-04,run-02,cognitive,LOC,280,cueL_stimM,-8.495510101318361,-12.584352493286099,-9.748678207397461,-28.0412616729736,-17.5042896270752,-17.107795715332,-20.126144409179698,-20.0097274780273,-13.825403213501,-28.4590721130371,-12.4517498016357,0.358954429626465,2.05969905853271,18.3599319458008,1.85974311828613,0.000524282455444336,-7.5094199180603,-11.4882106781006,1.2169616222381598,12.605658531189,8.59561252593994,13.189510345459,9.83398151397705,22.776670455932603,17.4708671569824,28.751834869384798,29.110408782959,23.316696166992198,41.3764038085938,29.820411682128896,30.1604385375977,23.4778900146484,14.243766784667999,9.11439609527588,8.78441619873047,19.785062789917,19.961360931396502,28.768070220947298,8.86015319824219,4.1796669960022,7.45324945449829,-2.19303321838379
sub-0092,ses-04,run-02,cognitive,LOC,280,cueH_stimL,16.3659591674805,22.5479946136475,24.7858028411865,27.3437194824219,23.1754474639893,38.298027038574205,34.353000640869105,42.3949546813965,33.7621726989746,51.2546310424805,31.8527145385742,35.7007904052734,26.2848434448242,30.6144847869873,30.6671714782715,21.8404941558838,28.281274795532198,14.807464599609402,26.236036300659197,32.0217819213867,32.476974487304695,30.491458892822298,27.039836883544897,41.468334197998,40.549346923828104,38.7367553710938,48.9206695556641,57.792163848877,36.9582557678223,50.7481689453125,54.3222045898438,48.1977767944336,28.6122207641602,38.6173133850098,29.324764251709,30.671504974365202,16.8780078887939,15.502428054809599,-1.19714832305908,-1.05149877071381,-6.2328801155090305,3.19188690185547
sub-0092,ses-04,run-02,cognitive,LOC,280,cueL_stimL,0.283344268798828,-19.513019561767603,-9.81821060180664,-20.187677383422898,-5.391846179962161,0.908063888549805,11.2886066436768,16.8214550018311,13.891990661621099,13.945574760437,23.2769832611084,23.1979293823242,32.134063720703104,38.9020957946777,38.2048797607422,34.8816299438477,38.2382202148438,38.6254768371582,44.334442138671896,35.689788818359396,41.174385070800795,31.5415210723877,25.211666107177702,18.2252597808838,7.595148086547849,-7.20688343048096,-18.553424835205103,-11.695075988769501,-22.1498336791992,-37.510009765625,-35.520721435546896,-45.0288314819336,-27.954322814941396,-40.5511932373047,-35.853233337402294,-34.473381042480504,-45.7043380737305,-32.223922729492195,-37.802986145019496,-24.1274108886719,-24.3789749145508,-18.354934692382802
sub-0092,ses-04,run-02,cognitive,LOC,280,rating,4.7442798614502,7.8492116928100595,6.5286540985107395,9.697267532348631,8.16889095306396,2.7858905792236297,4.938817977905269,6.6585369110107395,6.51298522949219,11.5231170654297,10.6301765441895,9.409360885620119,10.3263740539551,12.709075927734402,13.6887359619141,12.016658782959,13.445177078247099,9.2866907119751,11.8324851989746,12.681555747985803,15.936616897583,12.463982582092301,17.985397338867198,10.959268569946301,13.8750886917114,14.9968929290771,17.2701740264893,16.5314922332764,14.709267616272,13.4515132904053,3.9180450439453103,10.3426666259766,10.8020992279053,8.87529754638672,13.240382194519,6.79723787307739,7.77846431732178,1.6124397516250601,0.833760023117065,-1.8686494827270501,2.89370822906494,2.5384955406188996
sub-0092,ses-04,run-02,cognitive,LOC,280,cue,-5.97288703918457,-3.39460897445679,-0.300466775894165,-6.2237453460693395,-8.4491662979126,-12.971155166626,-12.950462341308599,-12.537244796752901,-8.99354076385498,-8.52761268615723,3.1738739013671897,1.42407608032227,-2.0239715576171897,0.04754638671875,-7.21273040771484,-1.3684768676757801,-1.8124618530273402,1.8772778511047399,3.8012104034423797,2.7785263061523398,4.68052291870117,3.7344398498535196,10.599994659423801,4.5849099159240705,5.03159713745117,-0.8186181783676151,0.29062175750732394,-8.520290374755861,4.05129814147949,-5.83726596832275,-7.164373397827151,-9.679436683654789,-10.5058860778809,-16.401739120483402,-14.1243200302124,-8.81519985198975,-12.396949768066401,-11.612017631530799,-13.5252742767334,-16.8772583007812,-7.441988945007321,-8.263294219970701
sub-0092,ses-04,run-02,cognitive,LOC,281,cueH_stimH,13.978137016296401,8.33949661254883,7.66678285598755,9.30164623260498,13.679178237915002,5.906812191009519,10.196739196777301,1.7140035629272499,-4.66593360900879,10.8341579437256,6.660424709320071,18.6025829315186,4.74503898620605,6.96573257446289,6.293010711669919,14.3174171447754,0.046320915222167997,5.42268896102905,5.147918701171879,29.467525482177702,4.25258207321167,33.4699020385742,18.6695194244385,27.2317752838135,27.6765785217285,23.545001983642603,25.9332008361816,20.2770137786865,21.1058788299561,36.2224731445312,40.822265625,28.3372745513916,16.371559143066403,24.7043952941895,15.954532623291,22.087949752807603,2.34339714050293,36.7538261413574,10.7553539276123,17.779832839965803,7.8393239974975595,9.92409515380859
sub-0092,ses-04,run-02,cognitive,LOC,281,cueL_stimH,9.61703491210938,-1.14956855773926,23.2316741943359,10.4588842391968,-2.7945098876953103,-11.0596370697021,-1.5327342748642,22.8227233886719,21.892915725707997,8.2303466796875,18.8064594268799,22.470153808593803,4.56966876983643,11.509596824646001,36.0206069946289,32.022327423095696,31.8490390777588,24.0327415466309,18.7881088256836,0.0062303543090820295,22.9003219604492,4.14272165298462,14.488544464111301,11.9608659744263,23.199403762817397,22.2278842926025,6.808868408203121,11.122661590576199,14.436641693115199,37.788337707519496,15.6939373016357,14.6643829345703,5.20207214355469,4.75929307937622,-8.130589485168459,-8.651698112487791,-2.9950437545776403,-3.44359588623047,-2.65809726715088,-1.57590007781982,5.539904594421389,-7.37721347808838
sub-0092,ses-04,run-02,cognitive,LOC,281,cueH_stimM,-14.0607309341431,-14.193319320678699,-1.50781226158142,16.7847080230713,17.542892456054698,5.71012830734253,0.676352024078369,-8.15559673309326,7.99406099319458,14.4054317474365,24.2942199707031,14.003410339355499,23.5461444854736,13.8311100006104,17.2593688964844,22.8218688964844,41.6399803161621,34.7625389099121,38.458091735839794,32.0133934020996,37.470054626464794,26.2909832000732,38.261543273925795,22.6108016967773,37.4887351989746,34.868049621581996,43.0110397338867,40.491386413574205,25.8219890594482,23.5527038574219,19.9948043823242,16.0145053863525,13.325946807861301,4.91077995300293,15.9409780502319,-7.832195281982419,-3.6834716796875,1.07209777832031,1.93583679199219,-4.847572326660161,-4.99182367324829,-7.30175256729126
sub-0092,ses-04,run-02,cognitive,LOC,281,cueL_stimM,-11.229095458984402,-6.7832145690917995,-7.14405822753906,-21.634895324707,-0.952065229415894,-20.2942428588867,-10.5693101882935,-15.3493394851685,-21.143705368042,-19.1974086761475,-11.862682342529302,11.6587429046631,10.134559631347699,-14.8087921142578,-10.9423503875732,-1.6354825496673602,-0.29133176803588895,7.98244380950928,-6.53702640533447,6.24078226089478,3.61706113815308,21.0169715881348,7.229083061218259,11.4011173248291,0.557717323303223,7.169952392578121,37.371284484863295,28.0240993499756,26.8460845947266,22.4069290161133,25.5734710693359,8.413759231567381,32.025558471679695,3.0753221511840803,11.1446857452393,7.4261302947998,-11.364524841308599,1.6606063842773402,4.85097551345825,0.506805419921875,-1.79005146026611,3.7425661087036097
sub-0092,ses-04,run-02,cognitive,LOC,281,cueH_stimL,-1.3655979633331299,2.27524042129517,-3.81681180000305,14.3232011795044,24.2471618652344,15.7249765396118,5.88456106185913,7.77297115325928,2.3191471099853502,13.020488739013699,20.3482723236084,21.3410873413086,20.655969619751,16.4511547088623,22.5176811218262,24.168167114257802,30.619510650634798,20.4424667358398,28.7047939300537,41.228569030761705,33.8982315063477,42.8544425964355,49.6950607299805,59.4919013977051,46.458168029785206,40.2635154724121,50.3831100463867,47.1531982421875,25.0862121582031,37.232635498046896,25.0620517730713,18.751350402832,15.1282567977905,35.0680770874023,15.887908935546902,30.6672668457031,10.2987194061279,11.0129909515381,1.5342297554016102,-7.95773983001709,-11.9549617767334,-6.637248992919919
sub-0092,ses-04,run-02,cognitive,LOC,281,cueL_stimL,2.9436149597168,-4.07604503631592,-3.2374739646911603,-0.513506650924683,-7.846004486083981,8.00472164154053,12.0255517959595,-6.52486276626587,2.56972742080688,10.8099536895752,9.27614212036133,42.1554756164551,28.030593872070302,34.111213684081996,48.2099456787109,44.3556060791016,32.3655471801758,30.3558712005615,38.009956359863295,36.87392044067379,40.7584800720215,26.296743392944304,23.2304630279541,19.498977661132802,20.7525691986084,1.17341566085815,-7.0474147796630895,-6.311151504516599,6.46563959121704,-19.9381256103516,-17.5840358734131,-17.2623615264893,-16.2537956237793,-33.6687202453613,-27.2701110839844,-31.53830909729,-7.564815521240231,-2.8160858154296897,-0.867794036865234,-17.7665519714355,-17.8032455444336,-13.4988250732422
sub-0092,ses-04,run-02,cognitive,LOC,281,rating,7.19236183166504,9.63445472717285,3.0243988037109397,9.941290855407711,12.0753784179688,14.186901092529302,16.6834812164307,12.208526611328098,9.50245666503906,8.819456100463869,4.50992965698242,11.8582763671875,16.703369140625,17.9379386901855,16.0115280151367,10.3148889541626,13.3079833984375,21.28537940979,18.4584369659424,20.3891429901123,16.6800689697266,9.03940677642822,15.0383996963501,14.9132299423218,22.550767898559602,19.030960083007802,19.4299621582031,16.376878738403303,17.373041152954098,17.1683521270752,15.357828140258801,11.0543270111084,14.287340164184599,11.631175994872999,8.86526298522949,9.76000690460205,8.86057758331299,7.87398719787598,4.5860424041748,12.076122283935499,6.68508148193359,5.824538230896
sub-0092,ses-04,run-02,cognitive,LOC,281,cue,4.13996028900146,5.0282692909240705,0.707656979560852,-5.69480991363525,-9.51084518432617,-10.1310138702393,-15.4148006439209,-9.299318313598631,-7.499173164367679,-1.42055797576904,-5.14202690124512,-3.4532852172851602,-1.94121932983398,-0.9882583618164059,-0.0148334503173828,4.64037704467773,5.07071208953857,5.16814517974854,-1.13819885253906,2.77245330810547,4.70609521865845,5.15239906311035,-2.43089485168457,5.5728855133056605,4.31048679351807,-5.06552505493164,6.48872375488281,3.4338932037353502,-1.06009435653687,-6.1305980682373,-8.823057174682619,-5.91933631896973,-13.5731363296509,-11.5647745132446,-2.9151039123535196,-0.7155395746231079,-9.031534194946289,-16.3344573974609,-7.578997611999509,-3.3972721099853502,3.04474663734436,-0.24004256725311302
sub-0092,ses-04,run-02,cognitive,LOC,282,cueH_stimH,24.388839721679698,22.8731842041016,31.8419017791748,21.6905002593994,27.7822189331055,17.3027591705322,27.8853740692139,26.5776252746582,-1.65274858474731,17.6280899047852,16.8443450927734,0.21323013305664104,-0.844122886657715,-4.7004337310791,4.29045248031616,-9.19101715087891,4.18530893325806,-11.8700408935547,3.30337142944336,-4.9124813079834,0.54843807220459,-1.6063299179077102,9.17071914672852,0.7847671508789059,17.078302383422898,17.6921615600586,5.094979286193849,18.249097824096697,20.7447204589844,11.888702392578098,8.98278045654297,8.825273513793949,0.674943923950195,-7.2035408020019505,-4.59463119506836,-15.982773780822802,0.0500507354736328,-15.256849288940401,-14.0277709960938,-11.126111030578599,-14.234823226928699,-16.5320167541504
sub-0092,ses-04,run-02,cognitive,LOC,282,cueL_stimH,7.371548652648929,2.31620931625366,7.46135711669922,12.8302335739136,-7.08508586883545,-16.2004432678223,-2.4939355850219704,-9.99065589904785,-9.5405969619751,-13.3424530029297,7.745135307312009,-15.1679744720459,4.11061811447144,4.01246690750122,-8.205015182495119,-0.431884765625,-3.69454669952393,19.7969799041748,-2.7656469345092796,-6.180188179016111,-17.3738288879395,2.07871007919312,-14.9745216369629,-2.70803260803223,-2.9733486175537096,14.533825874328599,3.1336669921875,-1.57410144805908,12.7171363830566,10.1668128967285,8.96673965454102,-1.68733930587769,15.7759208679199,3.91021680831909,-28.976238250732397,-6.307538032531741,-4.26043796539307,-9.19136810302734,-9.51370239257812,-8.7127513885498,11.725341796875,-11.779692649841301
sub-0092,ses-04,run-02,cognitive,LOC,282,cueH_stimM,-11.3381900787354,-23.5714817047119,-31.1835536956787,-19.7166519165039,-26.6508445739746,-1.05912637710571,-9.886434555053711,-7.972426891326901,-22.6789474487305,23.8110198974609,5.93787384033203,13.106555938720698,-3.4491543769836404,26.3408603668213,8.04390144348145,20.676471710205103,-1.8118176460266102,14.857623100280799,5.98164558410645,32.7790107727051,8.47871589660645,19.745807647705103,20.0687217712402,20.424880981445302,12.7830076217651,20.3425979614258,30.6073341369629,20.5298976898193,11.9622716903687,2.01727294921875,-2.4114837646484397,8.5136661529541,-7.9857463836669895,-4.73960494995117,-22.4045524597168,-33.163864135742195,-28.79541015625,-11.724550247192399,-9.88792991638184,-15.5312347412109,-39.468208312988295,-26.316993713378896
sub-0092,ses-04,run-02,cognitive,LOC,282,cueL_stimM,0.545600891113281,-26.43532371521,-5.341819763183589,-18.104528427124,-2.02019476890564,-16.058738708496097,-12.4277677536011,0.7635288238525391,-10.5275459289551,7.481858253479,-19.1273231506348,14.609992027282699,2.40114879608154,4.073463439941411,-20.835134506225604,-8.121506690979,-1.1264619827270501,-13.1576929092407,4.57746171951294,-3.4437379837036097,16.529296875,-4.52551603317261,9.41905117034912,15.311030387878402,29.6003494262695,13.8552398681641,21.227115631103498,2.8037309646606405,29.6417026519775,33.6369667053223,14.450653076171902,22.4453506469727,5.61877155303955,1.65859508514404,-5.36684036254883,-8.26795864105225,1.1578674316406201,-14.9302520751953,16.767398834228498,-19.3661708831787,-5.7865715026855495,-3.67817449569702
sub-0092,ses-04,run-02,cognitive,LOC,282,cueH_stimL,2.7690069675445597,3.9439582824707,16.0935554504395,15.954835891723599,14.4959192276001,29.5926303863525,30.1456565856934,32.9990768432617,25.4438076019287,10.781586647033699,31.496591567993196,-0.5475382804870611,7.7595720291137695,9.006265640258789,-7.91856384277344,16.445182800293,0.11141014099121099,10.492780685424801,11.041600227356,29.1602439880371,18.1635589599609,41.23948287963871,28.339378356933604,36.09425735473629,31.046850204467802,29.2964878082275,24.2802848815918,34.4434204101562,33.520339965820305,19.4071292877197,34.3823661804199,16.2407321929932,18.1447639465332,16.236888885498,12.697244644165002,9.29271697998047,15.2766122817993,-0.6702585220336911,4.73460626602173,-4.21278667449951,22.3659992218018,-4.98375701904297
sub-0092,ses-04,run-02,cognitive,LOC,282,cueL_stimL,-16.6906433105469,-10.2653093338013,-26.4742584228516,-14.461168289184599,-21.6195011138916,-7.19117307662964,7.6217513084411594,-6.106249809265139,11.4913873672485,27.255678176879897,25.3885898590088,12.983850479126,23.272310256957997,32.4166297912598,31.7237358093262,32.5423011779785,34.238677978515604,45.7721138000488,15.801994323730499,33.3581161499023,18.6919021606445,17.5578098297119,8.74265098571777,13.644645690917999,-1.44614219665527,-16.370512008667,-17.874319076538104,-16.203590393066403,-9.63415908813477,-20.6058788299561,-19.158216476440398,-27.138015747070302,-28.338697433471697,-19.7682476043701,-19.9842147827148,-35.017585754394496,-42.204383850097706,-19.350387573242198,-25.0313529968262,-16.3118553161621,-17.679275512695302,-16.1059417724609
sub-0092,ses-04,run-02,cognitive,LOC,282,rating,4.950109481811519,6.1232595443725595,2.55402374267578,7.447917938232419,6.813482284545901,8.277040481567381,3.3110980987548797,1.6457901000976598,6.1705322265625,6.2043285369873,3.3336238861083998,0.61975622177124,6.583336353301999,2.6322250366210898,4.0841064453125,9.177145004272461,3.8890867233276403,5.577632904052731,1.43237733840942,4.52993965148926,11.829603195190401,12.9251232147217,9.11543273925781,10.9362077713013,16.6471080780029,15.2824392318726,15.707750320434599,14.7347412109375,18.0787963867188,13.497068405151401,10.0662517547607,5.11016702651978,14.411022186279302,6.20198726654053,10.1938133239746,13.3619060516357,11.286069869995101,6.78261661529541,3.2098178863525404,1.70366513729095,5.45221138000488,-0.94400691986084
sub-0092,ses-04,run-02,cognitive,LOC,282,cue,-6.27174377441406,-8.86094665527344,-9.25386142730713,-16.3411464691162,-3.13589096069336,-11.551794052124,-13.1742849349976,-7.3425197601318395,-9.95124340057373,-5.1301383972167995,-13.9548683166504,8.770069122314451,-3.33047485351562,-6.01774597167969,-0.451112747192383,-5.190773010253911,-5.25376796722412,0.234130859375,-1.6826400756835902,-0.0815658569335938,0.9286346435546879,0.7901382446289059,-1.3146572113037098,6.75495100021362,-1.4366524219512902,-3.01238059997559,-1.49368572235107,6.22283267974854,-6.5335202217102095,-0.639706373214722,-14.2317314147949,-5.59702730178833,-18.7736186981201,-15.753999710083,-15.420202255249,-14.597887039184599,-6.63757038116455,-16.201030731201197,-11.9178819656372,-13.2483367919922,-1.8018615245819098,2.84106016159058
sub-0092,ses-04,run-02,cognitive,LOC,313,cueH_stimH,7.94065189361572,12.2799873352051,-1.33240556716919,13.5495452880859,16.5693092346191,8.12818908691406,4.633098125457759,13.595752716064501,14.7019367218018,19.8773155212402,26.7855949401855,21.6583938598633,36.111656188964794,33.929855346679695,45.6430549621582,26.157341003418,51.186897277832,53.754467010498,58.151828765869105,63.7668876647949,51.7973976135254,64.8487396240234,21.748313903808604,35.6286964416504,24.0211505889893,24.0997467041016,8.41409206390381,11.067623138427699,-3.4222526550293,-8.46192169189453,-8.27677917480469,9.92850112915039,1.9090719223022499,5.290881156921389,0.5128068923950201,-3.8553295135498,11.1657609939575,20.5776405334473,9.553792953491211,0.384308815002441,-7.80181360244751,-4.54946184158325
sub-0092,ses-04,run-02,cognitive,LOC,313,cueL_stimH,22.487606048584,13.968242645263699,9.141594886779789,4.68101406097412,-1.17094898223877,3.52125835418701,-0.248634576797485,8.79951286315918,14.2367267608643,15.566584587097198,32.512752532959,11.620008468627901,29.9240455627441,44.2389030456543,45.156520843505895,49.3929290771484,40.083713531494105,50.242862701415994,41.2904014587402,35.0417976379395,47.480621337890604,39.4972381591797,29.972713470459,29.17724609375,18.528450012207,15.209345817565902,15.134510040283198,3.08543586730957,2.44734668731689,1.2209959030151398,-11.6726961135864,-0.685021877288818,-14.8936767578125,-4.33960628509521,-15.299234390258801,-6.8424787521362305,1.16536140441895,-10.8466796875,-7.81960391998291,8.75094318389893,5.06874465942383,-8.13668155670166
sub-0092,ses-04,run-02,cognitive,LOC,313,cueH_stimM,-6.7160148620605495,-0.6389100551605219,-15.535141944885302,3.61884522438049,7.32032012939453,1.5007960796356201,-2.07857990264893,11.0601282119751,3.7643027305602996,20.8490219116211,14.5300579071045,26.2207145690918,37.777286529541,21.798517227172898,27.5707359313965,29.9423179626465,47.3744430541992,28.2723960876465,34.5944175720215,26.6088218688965,39.012752532959,11.8169479370117,33.1034164428711,25.563898086547898,28.9753570556641,20.586757659912102,19.0052642822266,19.103572845459002,14.0528154373169,2.87664794921875,4.413330078125,-5.59120178222656,2.1966352462768604,-6.17498588562012,-12.2260637283325,1.8881778717041,-2.7734375,-16.9873085021973,-9.847944259643551,2.1785101890563996,-12.978106498718299,-2.58577156066895
sub-0092,ses-04,run-02,cognitive,LOC,313,cueL_stimM,-1.79892921447754,7.39563083648682,-10.2148895263672,4.72092723846436,15.2666101455688,5.41553497314453,-9.26821136474609,-5.85639095306396,9.407594680786131,13.2557125091553,7.0040779113769505,25.807260513305696,23.4480628967285,7.16069221496582,16.328435897827102,21.5425624847412,34.9069328308105,25.663284301757802,31.002853393554698,13.2531280517578,13.1913528442383,5.94731950759888,9.13829040527344,0.849218368530273,0.647634506225586,14.017724037170401,7.60538578033447,12.998043060302699,0.583791732788086,6.34159088134766,0.44332122802734397,-14.8117218017578,-8.21101951599121,17.5425491333008,15.7090091705322,9.44625282287598,13.0125274658203,9.58052062988281,11.0156564712524,6.4551506042480495,7.3063859939575195,6.0181679725647
sub-0092,ses-04,run-02,cognitive,LOC,313,cueH_stimL,-2.93872427940369,7.79522943496704,-13.569861412048303,-11.0403337478638,3.79966497421265,-7.49779176712036,-4.26920700073242,-2.33745551109314,-4.79418563842773,5.11039733886719,18.356050491333,14.921852111816401,32.2091445922852,28.126808166503896,29.1674308776855,37.1271514892578,14.9448843002319,33.928035736084,36.1768379211426,36.105232238769496,35.7850189208984,16.598747253418,18.6854972839355,16.471412658691403,16.692440032959002,0.516408920288086,17.8404502868652,-4.993797302246089,6.45218372344971,-20.3001441955566,-1.9213924407959,-25.8192977905273,-4.12761402130127,-12.8940162658691,10.292175292968802,-1.08425903320312,-9.115865707397461,-2.0051212310791002,-3.4771203994751,-3.68526935577393,3.0170044898986803,9.1268310546875
sub-0092,ses-04,run-02,cognitive,LOC,313,cueL_stimL,24.4825744628906,12.8052101135254,18.838304519653303,33.759552001953104,35.925872802734396,35.5511894226074,21.2974834442139,27.9867858886719,24.1298522949219,16.915630340576197,39.899955749511705,38.3851928710938,38.3066864013672,48.3487892150879,34.620944976806605,39.5546722412109,27.1540374755859,22.7466087341309,43.231719970703104,30.9324626922607,26.562818527221697,6.873931884765621,9.614786148071289,9.78117847442627,21.0679321289062,14.689075469970698,16.0993614196777,5.26391124725342,-6.61804103851318,-2.4281368255615203,-17.4245109558105,-11.945415496826199,-26.569616317749,-27.472225189209,-23.8254699707031,-25.1771926879883,-16.7032337188721,-7.47527313232422,-2.4798831939697297,-15.379275321960401,-10.9955635070801,-1.3737070560455302
sub-0092,ses-04,run-02,cognitive,LOC,313,rating,4.8171682357788095,8.2122802734375,7.57585906982422,9.74025249481201,14.0609130859375,8.91423416137695,13.723670959472699,12.3707370758057,9.29820251464844,13.6586856842041,13.6989040374756,10.999526023864698,19.0815315246582,12.649110794067399,14.946624755859402,14.7073230743408,18.0890274047852,16.8319091796875,17.909347534179698,14.675917625427198,6.92062950134277,6.03554725646973,-0.0130205154418945,0.396777153015137,2.53264331817627,4.489550590515139,5.24249839782715,5.48026323318481,5.6479778289794895,3.28022289276123,11.3167476654053,5.6448836326599094,7.36200714111328,4.29804372787476,4.38028621673584,1.00720739364624,2.4802405834198,1.35172462463379,-0.943668127059937,2.69683480262756,-1.91580927371979,0.852522194385529
sub-0092,ses-04,run-02,cognitive,LOC,313,cue,6.30204105377197,14.9256200790405,12.766167640686,10.647666931152301,1.72713947296143,3.57470798492432,-2.4166865348815896,1.79384517669678,-4.09154415130615,7.286102294921879,4.84307289123535,10.1211280822754,4.65340805053711,7.56085968017578,4.33143043518066,7.51532173156738,7.24324607849121,10.963435173034698,6.44598579406738,6.34837341308594,8.68596649169922,-0.24941062927246102,0.400089263916016,-3.2462215423583998,0.655453324317932,2.26803588867188,4.40050983428955,3.89066028594971,5.1248273849487305,-4.06878757476807,-4.76758193969727,-3.6267137527465803,-2.66658592224121,0.44935822486877397,-7.7019510269165,-4.99082946777344,-6.6821002960205105,-13.514322280883801,-6.75761365890503,-3.3861045837402304,2.64718532562256,12.189002037048303
sub-0092,ses-04,run-02,cognitive,LOC,314,cueH_stimH,9.79908657073975,14.750740051269501,23.716375350952102,15.166354179382301,3.2135815620422403,-3.90621852874756,9.42492294311523,34.9115028381348,9.855658531188961,27.3141746520996,39.1129188537598,20.8611812591553,23.6427345275879,8.9050235748291,10.231830596923801,18.415939331054698,7.61577701568604,20.3321971893311,-16.9026985168457,10.8663692474365,-11.719162940978999,19.3206558227539,3.9484205245971697,16.5537643432617,7.748836517333981,1.01715564727783,12.6295576095581,17.0942497253418,32.3456840515137,32.1129722595215,33.412937164306605,19.2013664245605,24.219903945922898,27.599760055542003,27.156969070434602,26.2057590484619,-2.3828506469726602,14.925856590271001,0.00472450256347656,9.19231224060059,-22.443380355835,2.55542898178101
sub-0092,ses-04,run-02,cognitive,LOC,314,cueL_stimH,5.18501758575439,-2.1683101654052703,21.9024982452393,6.6712360382080105,-4.60388946533203,11.8744783401489,-2.19162917137146,3.09115195274353,11.5150909423828,1.9531946182251,8.1563196182251,9.4062385559082,12.4657936096191,7.89570188522339,16.6633148193359,13.9381160736084,8.22363376617432,5.390728950500491,19.716459274292,13.8636026382446,12.7458019256592,2.9646024703979506,24.02392578125,8.29794597625732,14.677265167236301,30.516773223877,12.2870330810547,24.3396320343018,14.8103199005127,26.3760108947754,7.61794710159302,-14.8135719299316,11.318531036377001,14.161258697509801,-11.158423423767099,13.0613746643066,-15.7373743057251,-15.85888671875,-19.849689483642603,7.587115287780759,0.751726627349854,-2.6090748310089102
sub-0092,ses-04,run-02,cognitive,LOC,314,cueH_stimM,3.05401182174683,15.012226104736301,7.58780765533447,-8.498195648193361,-7.6341233253479,2.16801738739014,-3.77317905426025,-7.897883415222171,10.8592681884766,15.4416046142578,18.9716472625732,12.7894802093506,28.8815135955811,10.4339866638184,27.780445098877,33.6545906066895,21.8098640441895,12.0959930419922,31.3528327941895,20.080858230590803,40.5703620910645,31.8000984191895,34.6931762695312,23.089797973632802,24.6042823791504,35.174652099609396,32.6177825927734,44.587974548339794,27.367267608642603,40.632785797119105,23.945739746093803,17.687385559082,-2.78565406799316,19.8388938903809,-14.987865447997999,-20.940870285034197,-16.7333984375,13.348252296447802,26.480247497558604,23.0837936401367,18.753675460815398,2.1400947570800803
sub-0092,ses-04,run-02,cognitive,LOC,314,cueL_stimM,-37.116119384765604,-41.6036262512207,-33.0589408874512,-34.564182281494105,-32.4356079101562,-30.924430847168,-24.7110996246338,-19.374835968017603,-8.34635829925537,-18.2827415466309,-17.115118026733402,-14.6342830657959,-1.3625078201293899,-23.176118850707997,-13.143469810485803,-6.61234331130981,-4.88253927230835,-7.43395280838013,-13.3277130126953,14.4754304885864,12.412950515747099,7.317448616027829,1.5332498550415001,25.8846244812012,10.6867303848267,19.735631942749,28.3205127716064,26.3137321472168,19.900192260742198,20.8415756225586,19.0373153686523,16.485237121582,2.88107013702393,13.0293216705322,1.1729621887207,-2.5187320709228502,-1.14698791503906,-4.749755859375,-4.13634490966797,1.11481142044067,-13.429344177246099,-17.097806930542
sub-0092,ses-04,run-02,cognitive,LOC,314,cueH_stimL,5.10127210617065,-5.01198148727417,14.799801826477099,3.55201697349548,-0.729477882385254,8.60372734069824,8.58348560333252,21.591768264770497,15.3427314758301,13.349483489990199,27.4065132141113,19.1395111083984,6.479793548583981,35.831226348877,13.0035247802734,13.176061630249,8.66489219665527,13.284446716308599,22.9677391052246,10.7249870300293,26.8893966674805,16.849781036377,29.0739765167236,25.8537158966064,40.537361145019496,44.74833679199221,36.606388092041,47.75048828125,34.780632019043004,37.0126495361328,43.641517639160206,33.007579803466804,12.1446752548218,13.2339744567871,-2.24828052520752,10.1104316711426,11.569576263427699,0.5027151107788089,-4.35361576080322,-14.063282012939501,-15.7378196716309,-16.0065498352051
sub-0092,ses-04,run-02,cognitive,LOC,314,cueL_stimL,9.86063003540039,14.3591985702515,9.94133377075195,-2.2769775390625,0.109496593475342,-4.79462385177612,10.6759357452393,-3.69416379928589,13.720212936401401,4.34829378128052,14.615557670593299,26.7693786621094,24.9814758300781,38.4350471496582,34.885528564453104,39.672393798828104,47.7212905883789,53.7443733215332,66.79331207275389,50.664436340332,51.577274322509794,41.5571060180664,41.874809265136705,37.4335060119629,18.2036972045898,8.36745262145996,-0.6175785064697271,9.91448974609375,-9.2498140335083,-5.44828605651855,-34.3863296508789,-27.5071239471436,-19.371902465820302,-23.2218456268311,-19.3866806030273,-19.0251293182373,0.8103427886962891,-21.0763092041016,0.8208646774291991,-27.521121978759798,4.85071563720703,-12.49742603302
sub-0092,ses-04,run-02,cognitive,LOC,314,rating,2.37139415740967,2.8145723342895494,8.25896167755127,0.763568878173828,6.437627792358401,2.19330215454102,1.65020751953125,-0.325662612915039,2.31130981445312,-2.22382545471191,-0.5229291915893549,-6.7198052406311,-4.4880576133728,-1.3562459945678702,-2.4136962890625,2.77279186248779,-1.3776912689209,-3.2582616806030296,3.46417999267578,5.772034168243411,12.2753496170044,9.58459854125977,11.9412269592285,16.1207389831543,14.3306312561035,16.605545043945302,14.644989967346199,17.5631122589111,13.6359539031982,19.6418704986572,20.012050628662102,15.525899887084998,14.229618072509801,11.4262475967407,12.341251373291,12.929262161254899,9.39614582061768,11.4659881591797,7.17342376708984,4.29749202728271,10.3389863967896,1.09255599975586
sub-0092,ses-04,run-02,cognitive,LOC,314,cue,-4.8619499206542995,-6.5479598045349094,-9.961113929748539,-8.7773265838623,-22.8482856750488,-19.041225433349602,-14.337215423584,-11.9998435974121,-12.466311454772901,-14.8043899536133,-8.73542976379395,-4.49696350097656,-5.54662322998047,-10.178039550781198,-10.017677307128901,-1.4973564147949199,-1.13564872741699,-0.534433841705322,-0.0286331176757812,0.362503051757812,-5.008191108703611,-0.401340484619141,-2.3224058151245095,-0.523662567138672,-3.14358401298523,-2.0105528831481903,0.77287483215332,-7.19402837753296,-7.85081672668457,-6.2435626983642605,-14.474236488342301,-6.24265623092651,-10.625145912170401,-10.1878633499146,-14.2822589874268,-15.852394104003901,-9.60646438598633,-16.7100925445557,-18.2903366088867,-12.4330196380615,-12.438725471496598,-12.4190826416016
sub-0092,ses-04,run-02,cognitive,LOC,311,cueH_stimH,6.72027397155762,19.360530853271502,3.0212287902832,9.44092082977295,-0.672383308410645,17.882869720459002,3.11695146560669,20.2395629882812,15.901771545410199,24.880681991577102,41.7868194580078,39.173828125,49.606815338134794,35.2867088317871,52.758338928222706,49.796077728271506,55.796348571777294,53.684543609619105,66.91977691650389,47.16191101074221,53.4401359558105,57.156494140625,37.90016555786129,23.7488479614258,23.116653442382802,23.3928146362305,24.5370826721191,12.211790084838901,16.9809150695801,8.75074768066406,11.330360412597699,15.9659109115601,3.3330640792846697,6.65676498413086,10.2246627807617,-3.92682552337646,-4.73720169067383,-4.24159336090088,5.032440185546879,-0.8602089881896969,-8.967360496521,-12.0627117156982
sub-0092,ses-04,run-02,cognitive,LOC,311,cueL_stimH,-3.6315879821777304,-2.38415145874023,3.3530101776123,17.158428192138697,5.87361621856689,-5.715256690979,-16.6863651275635,4.36381673812866,14.5539608001709,12.221716880798303,30.3777027130127,27.0828971862793,26.8131923675537,40.914665222168004,45.163902282714794,53.173526763915994,56.2079048156738,59.284358978271506,56.6383857727051,51.239501953125,50.6822624206543,40.326286315918004,27.761167526245103,26.1674270629883,14.4822521209717,7.163387298583981,1.5592269897460902,-12.9568090438843,-5.4430103302002,-18.8466682434082,-28.440387725830103,-34.2781105041504,-28.460958480835,-19.531085968017603,-35.921318054199205,-36.3052825927734,-14.288726806640598,-20.041748046875,-27.7738037109375,-10.0764579772949,-12.4676036834717,-23.0569019317627
sub-0092,ses-04,run-02,cognitive,LOC,311,cueH_stimM,-1.38040447235107,-1.34879374504089,-18.480806350708,-9.33780288696289,-9.55258369445801,-1.42289924621582,-6.54055643081665,-2.44941473007202,7.91800355911255,22.6885795593262,28.726697921752898,33.170787811279304,21.072200775146502,37.7556495666504,31.2158088684082,39.2100715637207,51.0114631652832,48.3329963684082,42.5341682434082,47.8605842590332,56.7073822021484,41.8815803527832,36.1982421875,40.2917251586914,33.6278419494629,40.0558013916016,29.300392150878896,21.712499618530302,20.3370094299316,12.2771606445312,-8.83135223388672,-9.16521644592285,-13.812135696411099,-18.9275302886963,-39.1232109069824,-45.3754539489746,-32.81298828125,-10.789407730102502,-21.090482711792,-13.6815576553345,-8.0041971206665,-3.60820579528809
sub-0092,ses-04,run-02,cognitive,LOC,311,cueL_stimM,-1.4486465454101598,-3.99262428283691,-9.75721740722656,-14.176971435546902,-10.4725351333618,-29.931457519531197,-27.6506080627441,-23.9940910339355,-23.5237731933594,-0.306419372558594,8.261448860168459,28.419288635253896,14.6675157546997,12.3433666229248,22.089187622070302,32.5516128540039,20.0479431152344,24.818754196167003,42.5035438537598,22.421411514282198,28.406679153442397,21.8368091583252,31.8727874755859,10.9936971664429,18.653030395507802,22.2375640869141,15.985130310058599,8.25841331481934,10.836874008178699,9.698972702026369,2.3338775634765603,-17.0005855560303,2.56409072875977,18.711238861084002,-5.884692192077639,-7.847979545593259,-5.1876335144042995,-12.125007629394501,3.06862735748291,4.08975172042847,-6.45226287841797,1.34728384017944
sub-0092,ses-04,run-02,cognitive,LOC,311,cueH_stimL,10.101257324218802,-6.42650032043457,-1.3540718555450402,1.5277602672576898,5.93363380432129,5.66905975341797,4.59503316879272,10.2762937545776,18.2440032958984,8.79281616210938,32.8740921020508,42.349067687988295,43.4024238586426,50.3560676574707,49.882686614990206,57.1832504272461,48.1827507019043,56.582332611084006,53.286075592040994,71.9416732788086,66.6370315551758,47.053043365478494,42.95378112792971,53.888275146484396,50.618980407714794,40.3978843688965,50.8460807800293,41.8754463195801,42.4320182800293,21.2141284942627,17.0138301849365,8.619264602661131,20.592876434326197,6.05923080444336,16.2702884674072,11.9809722900391,2.18391370773315,2.02625179290771,-7.4127779006958,-5.68175745010376,10.720069885253901,17.809944152832
sub-0092,ses-04,run-02,cognitive,LOC,311,cueL_stimL,4.3468742370605495,6.655133247375491,-3.55540323257446,3.50998950004578,-2.50340700149536,5.5025730133056605,7.2295126914978,6.51574373245239,7.2469363212585405,6.198880195617679,2.86258411407471,27.161746978759798,40.0204086303711,43.5280075073242,40.1352043151855,43.220428466796896,23.258115768432603,26.185592651367198,40.664134979248,32.6543998718262,38.868824005127,42.6114158630371,41.092098236084,43.3307075500488,16.9886837005615,5.0116434097289995,17.4783935546875,-3.3722658157348597,-10.2420701980591,-13.7442150115967,-28.0109977722168,-27.3621826171875,-41.242866516113295,-39.593677520752,-50.492073059082,-43.5346832275391,-19.933490753173803,-16.9661483764648,-19.5339450836182,-21.3817672729492,-20.379959106445302,-20.4595699310303
sub-0092,ses-04,run-02,cognitive,LOC,311,rating,0.0802421569824219,4.164581298828121,5.966556549072269,3.90959644317627,7.181811332702639,6.28691864013672,7.56633186340332,2.7332096099853502,2.34823608398438,-2.81306266784668,-1.85523319244385,-1.4411301612853997,3.61955833435059,3.00875759124756,5.9906005859375,-0.957794189453125,3.0115203857421897,9.50758361816406,4.43796253204346,4.46459817886353,0.725048661231995,1.05319952964783,-2.7552537918090803,5.31106758117676,4.125370502471919,7.405804634094241,6.92591094970703,6.27403926849365,10.3356170654297,9.34107208251953,9.75863933563232,11.450401306152301,15.6994800567627,9.77955913543701,4.55841398239136,5.15644407272339,6.70199060440063,3.44683408737183,-2.98355579376221,-2.51030731201172,-2.96592879295349,-7.6254677772522
sub-0092,ses-04,run-02,cognitive,LOC,311,cue,4.66554832458496,2.05948495864868,-1.05709671974182,-4.91538143157959,-8.37810611724854,-9.195028305053711,-17.3313064575195,-6.29585456848145,-11.648702621460002,-10.419851303100598,-7.2328205108642605,-4.4054450988769505,-4.5800895690917995,-2.08465576171875,-2.6929035186767596,4.0933723449707005,4.324029922485351,10.3716411590576,0.584976196289062,-0.303367614746094,6.1669425964355495,4.19116401672363,-0.0705490112304688,7.40728998184204,-1.2435052394866901,1.60962796211243,3.84223556518555,-0.244978904724121,2.26126170158386,0.0748295783996582,-5.98439598083496,-10.2853469848633,-11.5870838165283,-7.92758512496948,-6.204036712646481,-7.75250482559204,-10.093034744262699,-13.754246711731,-15.156213760376,-5.0938835144042995,-8.801267623901369,-4.3379602432251
sub-0092,ses-04,run-02,cognitive,LOC,312,cueH_stimH,6.271380424499509,20.0613174438477,39.8061065673828,8.84267902374268,0.9360990524291991,5.35316467285156,38.53831100463871,8.33278274536133,34.4381523132324,15.7090587615967,41.857856750488295,22.718772888183604,17.6399765014648,15.1092309951782,54.91943359375,33.3307495117188,-6.849115371704099,20.00514793396,41.5475273132324,-9.3184289932251,4.9032487869262695,2.7480506896972696,-10.777834892272901,1.5148220062255902,-18.34521484375,-18.8961486816406,-13.217159271240199,9.82727336883545,15.909778594970698,9.34676551818848,10.21826171875,9.3082218170166,36.172248840331996,26.126880645752,27.2800216674805,4.94294023513794,19.8329639434814,20.3672981262207,23.10400390625,-1.08869934082031,6.320636749267581,-8.70635604858398
sub-0092,ses-04,run-02,cognitive,LOC,312,cueL_stimH,-28.8416213989258,-12.158217430114698,1.02844381332397,-18.038883209228498,3.5303938388824503,-11.593022346496598,-1.963982462883,15.3743209838867,16.7809524536133,20.9278564453125,-1.3975465297699,0.875653266906738,23.906991958618196,24.5957183837891,14.573955535888699,4.06137371063232,28.690715789794897,33.608650207519496,10.338773727417001,7.32991218566895,5.4862756729126,-20.5037784576416,-9.79391956329346,-25.062786102294897,-29.967969894409197,-19.176204681396502,-24.5075607299805,6.04608345031738,-11.975338935852099,-13.619023323059098,-19.2603740692139,-5.673404693603519,-11.747417449951199,-0.30228471755981395,-30.312156677246104,-22.0560989379883,-27.6664657592773,-15.7130661010742,-22.036912918090803,-14.150288581848098,15.3721752166748,3.8708610534668
sub-0092,ses-04,run-02,cognitive,LOC,312,cueH_stimM,-4.36492443084717,-9.249307632446289,-9.88061141967773,-0.9501197338104251,-27.2333450317383,2.7232069969177206,-9.89891052246094,-4.22710800170898,1.86625671386719,15.697235107421902,20.240280151367198,14.0452423095703,30.6808776855469,23.3858985900879,26.717847824096697,22.203931808471697,10.205394744873,27.478345870971697,12.800609588622999,12.927074432372999,10.328685760498,20.498853683471697,11.269423484802198,6.330096244812009,20.3685531616211,30.365188598632802,6.84960842132568,-3.56620502471924,18.755702972412102,-20.8704662322998,-8.35983276367188,-3.3032894134521498,-12.380889892578098,-6.114068984985349,-6.22986507415771,-40.108547210693395,-38.064697265625,16.6885147094727,18.754840850830103,0.763785362243652,-0.45136809349060103,18.1963138580322
sub-0092,ses-04,run-02,cognitive,LOC,312,cueL_stimM,-24.3747386932373,-45.1768569946289,-27.519071578979503,-41.4629020690918,-57.585842132568395,-30.1629447937012,-32.7308578491211,-20.9520053863525,-27.114601135253896,-6.91760110855103,-15.292564392089801,-4.84922122955322,-0.82459831237793,11.384386062622099,-9.08256435394287,6.31347465515137,-4.8351297378539995,-3.72310996055603,13.794001579284698,12.104959487915002,19.714511871337898,4.98311233520508,-7.219744682312009,3.5517196655273398,4.45326709747314,2.91563653945923,31.8938140869141,19.5186805725098,11.277602195739698,-7.13024139404297,-10.6523284912109,-1.8146438598632801,-12.724222183227502,-2.55322551727295,-3.8809146881103502,-37.8763275146484,-29.5193138122559,-23.2193908691406,-23.2646179199219,-24.6006374359131,-24.780630111694304,-29.7487850189209
sub-0092,ses-04,run-02,cognitive,LOC,312,cueH_stimL,10.3156147003174,13.3056793212891,10.1372871398926,4.69212007522583,16.9098052978516,4.599143981933589,24.978561401367198,24.735595703125,11.6661319732666,14.2715167999268,23.419702529907198,22.0381679534912,34.3396148681641,33.446765899658196,43.229808807373,26.5952529907227,39.0353851318359,28.7112693786621,24.4410972595215,29.347095489502,40.5848731994629,14.581153869628901,1.89479637145996,22.263626098632802,48.6335639953613,19.3323059082031,43.1885185241699,51.134578704834006,28.471708297729503,13.654920578002901,24.1821784973145,19.6473655700684,26.793746948242198,12.970516204834,3.5091953277587904,0.44687652587890603,-8.07305908203125,21.9684238433838,1.53489971160889,1.12658846378326,11.648417472839402,-17.741069793701197
sub-0092,ses-04,run-02,cognitive,LOC,312,cueL_stimL,51.930118560790994,34.642868041992195,12.577923774719201,45.386653900146506,21.071514129638697,9.004560470581051,0.0225687026977539,-8.18735885620117,18.3129043579102,38.6864471435547,34.205940246581996,28.256620407104503,58.169059753418,49.3797454833984,42.7592658996582,33.6665077209473,48.386390686035206,44.4088859558105,63.413059234619105,40.6094360351562,49.959346771240206,25.909622192382802,15.9684886932373,6.094268798828121,-5.0976891517639205,-18.6558837890625,-32.6075401306152,-49.593505859375,-39.2447547912598,-67.9655685424805,-76.66851806640621,-72.6381530761719,-71.4706726074219,-67.0410614013672,-79.8145446777344,-63.96611022949221,-53.5716972351074,-66.9954833984375,-43.7922210693359,-38.01475143432621,-41.4725494384766,-39.888862609863295
sub-0092,ses-04,run-02,cognitive,LOC,312,rating,-2.5244607925415,4.81936931610107,7.18669128417969,7.32857894897461,15.1980314254761,1.72871971130371,0.165067672729492,5.6687107086181605,-0.313247680664062,-6.30257511138916,-10.5874805450439,-14.4101114273071,-13.8884181976318,-11.892502784728999,-9.49717712402344,-6.588298797607419,-6.148977756500241,-8.72423267364502,-14.241551399231,-8.35085868835449,-0.975544810295105,-4.936254501342769,8.82674407958984,12.7312774658203,12.634745597839402,14.849639892578098,27.4288272857666,22.6546840667725,25.467727661132802,18.6023178100586,18.409646987915,15.2120780944824,22.7047233581543,11.291807174682601,13.8721141815186,14.809556961059599,10.4551877975464,3.27096939086914,7.727838516235349,-0.485745310783386,-0.540151596069336,2.3240959644317596
sub-0092,ses-04,run-02,cognitive,LOC,312,cue,-12.6383142471313,-5.53231048583984,-16.019485473632802,-16.4648361206055,-21.877643585205103,-31.240083694457997,-30.7063293457031,-30.7117805480957,-30.880538940429698,-30.175111770629897,-23.1616039276123,-17.0910263061523,-24.682743072509798,-18.604866027832,-19.780826568603498,-7.55141830444336,-11.494807243347198,-7.87637758255005,-6.690740585327151,-18.3340950012207,-9.404805183410641,-8.29777526855469,-0.324014663696289,5.02299690246582,-7.12237215042114,-3.10096907615662,-2.8693447113037096,-18.181640625,-18.5116119384766,-19.9705123901367,-25.1468772888184,-28.3606491088867,-32.375045776367195,-24.918710708618196,-24.9685497283936,-23.964397430419897,-22.3113861083984,-22.5897216796875,-19.5545616149902,-30.286090850830103,-10.7778635025024,-0.22749388217926
sub-0092,ses-04,run-02,cognitive,LOC,317,cueH_stimH,8.82896137237549,7.9594841003417995,0.39806795120239297,5.71174192428589,6.5034675598144505,0.21944141387939498,1.17080545425415,3.05663013458252,-0.566319942474365,2.71259355545044,2.02156400680542,5.33449172973633,-0.750884056091309,0.765735626220703,0.6164705753326422,4.72332525253296,5.1248836517334,4.34491872787476,2.05666923522949,3.91779470443726,2.32131290435791,8.52412700653076,2.5268135070800803,6.56819629669189,9.57154655456543,11.9142532348633,4.66762828826904,10.2769412994385,6.537409782409671,12.952064514160199,18.9353408813477,8.16849422454834,13.0915813446045,11.8040714263916,2.7485322952270494,5.04569482803345,-0.18108844757080103,15.7071371078491,9.17133045196533,-2.75890159606934,-0.42996859550476096,-2.10575342178345
sub-0092,ses-04,run-02,cognitive,LOC,317,cueL_stimH,-1.63585186004639,4.58831787109375,8.75788307189941,-11.465339660644501,-4.1080584526062,0.7680308818817142,5.14728546142578,4.11437511444092,15.106395721435499,7.3712911605835,1.163534283638,10.8045206069946,12.2810344696045,14.349744796752901,15.5413398742676,16.5497779846191,-1.1142766475677501,3.2238395214080797,-6.80073356628418,-7.75516223907471,0.994345664978027,-1.42288494110107,3.04329204559326,-1.42209529876709,-0.769008636474609,-7.40186405181885,-3.4237060546875,9.74423789978027,5.635329723358151,14.0413970947266,5.39288425445557,8.58895111083984,-4.40127182006836,-0.9465689659118649,-3.2887630462646498,-11.559784889221199,-0.318710327148438,-4.749488830566411,3.63585758209229,-13.8361053466797,-6.72434043884277,-8.55702590942383
sub-0092,ses-04,run-02,cognitive,LOC,317,cueH_stimM,-3.7601280212402304,2.06065678596497,-7.9117727279663095,2.0708384513855003,1.55670785903931,-2.80452656745911,4.20543956756592,2.93526649475098,6.549487113952639,4.06529188156128,3.8841090202331503,-2.82357311248779,1.06387710571289,-3.7211108207702597,-3.1632657051086404,1.05023431777954,9.95917510986328,13.8098821640015,15.585638999939,10.6565628051758,7.35932064056396,4.7572660446167,15.2730102539062,24.103782653808604,36.51051712036129,25.5911750793457,25.3573150634766,19.5332279205322,7.164340019226071,12.228485107421902,8.33798980712891,9.52960300445557,1.4249782562255902,-2.2200870513916002,-13.394249916076697,-16.2746200561523,-14.0606689453125,-3.0980339050293,0.699493408203125,-2.1662225723266597,-10.799761772155799,-4.78876495361328
sub-0092,ses-04,run-02,cognitive,LOC,317,cueL_stimM,-10.756263732910199,-7.09733772277832,-7.461364269256589,-9.12117385864258,-18.149112701415998,-14.543725013732901,-17.206966400146502,-10.774721145629899,-14.985485076904302,-19.4838924407959,-17.7013320922852,-20.9371337890625,-20.8305511474609,-21.8036918640137,-17.2324199676514,-3.71652126312256,-6.07920265197754,-1.5505449771881101,14.6475124359131,7.96237754821777,17.9866886138916,4.42493057250977,12.639146804809599,13.337685585022,19.564283370971697,11.9702911376953,28.9869232177734,22.170473098754897,18.3694152832031,21.4695949554443,13.5500640869141,18.2716369628906,19.3801116943359,4.601510047912599,7.0241227149963406,3.36638450622559,-15.6792640686035,-7.72206878662109,-3.9442310333252,-6.3895769119262695,-2.95418071746826,-1.29688835144043
sub-0092,ses-04,run-02,cognitive,LOC,317,cueH_stimL,22.4955558776855,13.400745391845698,35.8672943115234,32.3655662536621,29.7552433013916,28.1704998016357,22.2189254760742,25.6542854309082,33.095973968505895,35.218147277831996,26.5190315246582,29.7359256744385,27.853614807128896,15.246603012084998,26.5669059753418,22.265802383422898,24.2099723815918,15.729270935058599,13.1866188049316,18.8619689941406,16.8839950561523,15.7145214080811,12.758151054382301,26.4358978271484,23.423402786254897,22.0246887207031,28.6517143249512,40.257843017578104,32.8478202819824,36.623870849609396,23.3110084533691,33.821052551269496,25.3550109863281,25.814109802246104,5.91622161865234,15.2064971923828,10.560968399047901,5.16263294219971,6.440264701843259,2.89265727996826,-4.68898916244507,-7.48590087890625
sub-0092,ses-04,run-02,cognitive,LOC,317,cueL_stimL,22.085670471191396,16.4679393768311,14.7797794342041,15.0305938720703,21.9605522155762,18.844310760498,3.5564184188842796,5.50393533706665,8.232362747192381,2.93777990341187,13.737380027771001,25.363182067871104,19.9637508392334,27.061950683593803,23.596092224121104,28.1767406463623,27.490781784057603,24.9344158172607,38.592155456543004,32.636276245117195,23.638404846191396,13.470640182495101,15.1764850616455,5.12880659103394,6.92822694778442,-7.10126066207886,-17.2434616088867,-20.798023223877,-28.6847610473633,-38.291801452636705,-34.0088729858398,-40.61328125,-43.1845474243164,-47.10713195800779,-34.2466506958008,-23.1299858093262,-22.548067092895497,-20.665206909179698,-20.568500518798803,-21.1928462982178,-20.7407493591309,-22.799493789672898
sub-0092,ses-04,run-02,cognitive,LOC,317,rating,-0.37879180908203103,0.46268272399902294,-1.4421091079711899,1.2790107727050801,2.65474796295166,3.67609405517578,4.46917343139648,2.4020233154296897,0.9743804931640621,-1.9437351226806598,-0.7398452758789059,-2.62536239624023,1.27287340164185,-1.7807321548461899,-0.42446136474609397,-3.33934497833252,-4.6338191032409695,-2.69479846954346,-3.1041383743286097,0.9500480890274051,-1.41665399074554,0.17887878417968803,0.39192676544189503,3.81421160697937,7.51749086380005,8.1833963394165,8.33992958068848,8.873941421508789,9.37255954742432,11.271585464477502,10.668935775756802,9.35086822509766,7.5861101150512695,2.62262773513794,2.3830943107605003,2.69768333435059,0.0722951889038086,-2.67560577392578,-3.2931144237518297,-6.052170753479,-2.0345253944397,0.3837563097476961
sub-0092,ses-04,run-02,cognitive,LOC,317,cue,0.6500043869018549,-3.07015562057495,-7.28226518630981,-10.7383852005005,-10.753239631652802,-12.687829017639197,-8.09931755065918,-7.35583400726318,-9.17712306976318,-4.337982177734379,-7.53246307373047,-7.477497100830081,-2.1108818054199197,-1.0988845825195301,-1.6368026733398402,0.8308429718017579,2.0925655364990203,-0.39326286315917997,0.134233474731445,-1.41188049316406,2.76062059402466,6.68852996826172,9.00119781494141,8.29714965820312,5.185203552246089,5.530056953430179,3.50792646408081,3.7239837646484397,0.8000801205635071,-4.00424671173096,-6.89156627655029,-7.628423690795901,-13.6023597717285,-14.213153839111301,-13.5450220108032,-10.345319747924801,-13.1990222930908,-15.3162269592285,-5.12391996383667,-4.67454147338867,-6.34014129638672,-1.84366130828857
sub-0092,ses-04,run-02,cognitive,LOC,318,cueH_stimH,-16.0254707336426,3.62685775756836,3.56890153884888,10.737964630127001,1.38711261749268,0.516323089599609,-3.19075155258179,10.7983818054199,8.74037551879883,22.8777160644531,36.580394744873,20.0984382629395,22.688850402832,29.9557151794434,18.9864273071289,9.95354652404785,16.6510620117188,15.7558917999268,16.7860946655273,12.861823081970199,-2.62468576431274,4.37813091278076,-14.626171112060499,-19.4990386962891,-30.287429809570302,-21.4125804901123,-30.105676651001,-20.175951004028303,-15.6262149810791,-14.351358413696301,6.905670166015621,-3.9235782623291002,-9.4427433013916,-11.223575592041,-0.992453575134277,12.5463447570801,17.0444507598877,7.76020288467407,6.86581993103027,-0.9928994178771969,5.00700569152832,10.039542198181199
sub-0092,ses-04,run-02,cognitive,LOC,318,cueL_stimH,-26.3101463317871,-1.01807451248169,-9.35001182556152,-12.9811725616455,-11.7854690551758,-10.6971559524536,-6.39682388305664,-1.31643199920654,2.7372009754180895,1.9939247369766202,7.077185153961179,9.57184791564941,9.76456069946289,5.05675983428955,11.2086267471313,17.3680553436279,17.973802566528303,11.8978805541992,11.521980285644501,1.65155220031738,-3.5862884521484397,-10.2024345397949,-19.6706809997559,-31.685958862304698,-37.1027679443359,-27.1978416442871,-33.0958251953125,-32.2490768432617,-26.4901180267334,-20.5842208862305,-18.285959243774396,-17.976026535034197,-24.2184906005859,-16.618537902832,-15.955536842346199,-23.409654617309602,-9.34061336517334,-29.499832153320302,-17.8616504669189,-17.122980117797898,7.65761995315552,-10.765819549560499
sub-0092,ses-04,run-02,cognitive,LOC,318,cueH_stimM,-11.867527961731,-10.5601844787598,-22.5143013000488,-0.964391112327576,-9.64988994598389,5.781436920166019,-0.690512657165527,-5.06831359863281,5.669034004211429,9.0634880065918,10.5770387649536,4.32190275192261,13.562513351440401,2.7353882789611803,14.2223854064941,12.4613990783691,13.1681861877441,2.9487004280090297,10.0802955627441,-3.0010089874267596,1.17672777175903,3.0903019905090297,-3.6983699798583998,10.3780565261841,4.189012527465819,4.76608657836914,-1.66934680938721,5.44126033782959,1.03960990905762,11.4898433685303,-5.155670166015621,-9.275125503540039,-9.074399948120119,-17.4408054351807,-19.928676605224602,-27.3298416137695,-30.95751953125,-11.416540145874,-14.92578125,-11.4824304580688,-12.6970567703247,-7.33258485794067
sub-0092,ses-04,run-02,cognitive,LOC,318,cueL_stimM,4.812585830688481,-9.36746788024902,-7.5571756362915,-0.658172130584717,-7.1503400802612305,3.63950729370117,-13.945408821106,-5.3119158744812,-10.1746301651001,-6.074713230133059,-1.2738995552063,3.44758272171021,-0.47001171112060497,5.31145763397217,-2.2116146087646498,6.5687160491943395,-4.6574378013610795,-5.77188634872437,9.63367080688477,-4.44874715805054,-4.1058678627014205,-24.6944046020508,-15.4723539352417,-13.1875696182251,-17.0178661346436,-15.7399559020996,-3.83714771270752,-9.00461006164551,-8.793286323547362,-7.44066619873047,2.7093124389648398,-13.3323268890381,-9.17836761474609,-9.92852878570557,-7.1644983291626,-12.4392795562744,-4.331504821777339,-1.7885513305664098,-2.85294818878174,-15.630373001098599,-15.545763969421401,-26.0513935089111
sub-0092,ses-04,run-02,cognitive,LOC,318,cueH_stimL,10.5043439865112,29.5442543029785,18.7880897521973,-1.06015729904175,21.763700485229503,13.2016868591309,17.753791809082,-2.03528332710266,13.035541534423801,31.2042255401611,0.0702108144760132,8.03920269012451,21.3007926940918,22.8863468170166,22.3789958953857,12.1101427078247,7.51896142959595,12.932874679565401,-5.04868173599243,-0.55845832824707,16.2812175750732,-2.40505790710449,3.28181838989258,-17.5226631164551,-3.86152076721191,-22.052608489990202,-10.2819929122925,-6.32704162597656,-4.1770191192627,-13.7206497192383,-13.254508972167999,-7.62195110321045,-6.9958381652832005,0.519008636474609,10.2068023681641,5.05846405029297,7.99959659576416,4.768407821655269,1.84824275970459,-0.689425706863403,15.004559516906701,10.4767532348633
sub-0092,ses-04,run-02,cognitive,LOC,318,cueL_stimL,30.2746410369873,29.8072147369385,24.058250427246104,22.7764110565186,32.8932456970215,30.3917808532715,7.44905757904053,0.9498262405395509,11.6430673599243,2.78812885284424,11.4695339202881,16.3883209228516,32.6054458618164,19.6487998962402,21.498294830322298,23.051876068115202,21.266799926757802,22.5322151184082,15.9450969696045,15.868371009826697,17.0573444366455,11.9333953857422,14.9502906799316,-2.99140238761902,12.3795585632324,-9.9455623626709,-14.1580171585083,-15.769108772277802,-20.3665142059326,-24.7291412353516,-42.060600280761705,-45.7010154724121,-48.7621994018555,-45.6376266479492,-50.4565505981445,-44.8271636962891,-47.1487045288086,-49.421234130859396,-34.106861114502,-23.912328720092802,-35.263847351074205,-26.035762786865202
sub-0092,ses-04,run-02,cognitive,LOC,318,rating,5.19754219055176,2.8781347274780296,6.11659049987793,7.7831506729126,12.0837669372559,12.3320980072021,11.380237579345698,6.72088623046875,9.94532775878906,9.70774841308594,8.00033473968506,7.61833953857422,4.9791522026062,-2.50730037689209,1.29893493652344,0.13647842407226599,-4.95159673690796,-1.4599609375,-4.79342269897461,-6.36454725265503,-3.76674938201904,-6.811110496521,-7.2417106628417995,-4.09908580780029,-1.74947595596313,1.27442932128906,2.6593265533447297,1.59016454219818,-0.9106755256652829,-1.19737958908081,0.720108985900879,-4.69131278991699,0.12156867980957002,-5.4021463394165,-3.9136199951171897,-0.764550685882568,-3.29454112052917,-6.234797477722171,-1.46707940101624,-3.16623592376709,-2.5895204544067405,-0.6269031167030329
sub-0092,ses-04,run-02,cognitive,LOC,318,cue,0.400960922241211,1.42094373703003,0.861161708831787,-3.77745246887207,-17.2561416625977,-13.049436569213901,-16.8582725524902,-12.3362503051758,-17.0975742340088,-12.1858367919922,-19.411329269409197,-11.7629814147949,-12.296085357666,-11.7406158447266,-9.18352317810059,-5.7727336883544895,-7.96482086181641,-7.851788520812991,0.35551261901855497,-10.4123878479004,-3.78825950622559,-8.73826217651367,0.423458099365234,-4.8963479995727495,-2.3457252979278596,3.31175684928894,2.79970645904541,-0.86583137512207,-8.30017471313477,-11.5857343673706,-12.9505348205566,-18.2404193878174,-11.693309783935499,-12.3468780517578,-10.040779113769501,-3.17648601531982,-3.88498306274414,-6.5228786468505895,-1.5912108421325701,-4.06679153442383,-2.3192086219787598,0.704712748527527
sub-0092,ses-04,run-02,cognitive,LOC,3,cueH_stimH,12.251471519470199,1.7254524230956998,11.3498363494873,8.896501541137699,3.4730372428894003,15.870995521545401,7.7596149444580105,24.4217014312744,-1.6365680694580098,3.24849128723145,2.20748901367188,14.4319067001343,26.2894821166992,32.6060562133789,41.6992645263672,45.0587005615234,37.874603271484396,46.445140838623,45.298221588134794,29.275598526001,45.2980804443359,44.7337226867676,33.1027488708496,10.8263282775879,26.6761779785156,23.943962097168,7.13416290283203,10.536310195922901,16.4510898590088,-3.03892707824707,15.646331787109402,12.3892507553101,18.000820159912102,14.1147813796997,-10.9908266067505,-1.6849074363708503,7.2652268409729,15.8411350250244,17.0988845825195,15.9908866882324,0.319426774978638,3.2758560180664102
sub-0092,ses-04,run-02,cognitive,LOC,3,cueL_stimH,8.35118198394775,20.9207515716553,10.651554107666,-1.6111371517181399,1.3742918968200701,-2.65136003494263,12.222372055053699,14.0152912139893,-3.18681144714355,10.9752979278564,4.08034324645996,17.4057865142822,7.24410581588745,24.1145324707031,32.0126266479492,42.033485412597706,50.363010406494105,49.929962158203104,35.1102256774902,45.8287506103516,46.2762985229492,45.877067565918,47.61054992675779,30.759769439697298,16.2655639648438,8.80743789672852,25.1980285644531,16.7984867095947,22.804729461669897,-4.38420581817627,-9.14674758911133,-11.0227203369141,-13.2282867431641,-6.41087865829468,-5.62411880493164,-5.01572322845459,0.718985557556152,11.5846633911133,-6.2657155990600595,-8.527782440185549,-5.43266201019287,1.46922922134399
sub-0092,ses-04,run-02,cognitive,LOC,3,cueH_stimM,6.61165428161621,2.6622903347015403,-1.15010344982147,23.1188087463379,9.79247093200684,15.2925968170166,19.684406280517603,5.54708480834961,19.956672668457,26.468624114990202,29.5219020843506,34.6409530639648,46.4099311828613,31.5262565612793,47.5981521606445,56.9453201293945,59.0767974853516,43.909309387207,33.833751678466804,37.518684387206996,21.7404899597168,17.5178318023682,48.079383850097706,42.6226692199707,31.6635437011719,21.752874374389602,9.092222213745119,-3.95590782165527,-11.098560333252001,-7.0440387725830105,-0.728485107421875,3.95572185516357,17.272071838378903,-5.474849700927731,-23.2068252563477,-8.56867790222168,-23.5426025390625,-3.87547874450684,8.18302726745605,29.9825973510742,4.32745361328125,-21.0038528442383
sub-0092,ses-04,run-02,cognitive,LOC,3,cueL_stimM,-28.7251377105713,-24.549442291259798,-3.64892625808716,-22.1539134979248,-30.1328430175781,-10.6399173736572,-10.058444023132301,-1.75161075592041,-14.470778465271001,-0.997605800628662,2.83099794387817,16.8005867004395,1.34609317779541,-10.2920818328857,7.99020767211914,14.421635627746598,5.604547500610349,18.964490890502898,23.159500122070302,17.1705589294434,23.598064422607397,21.623563766479503,6.3143606185913095,22.4077682495117,23.5481262207031,-4.752220153808589,7.9164867401123,9.60564613342285,-15.0215101242065,5.11008644104004,-7.319610595703121,1.47264099121094,6.95300531387329,12.069543838501,21.5663757324219,-1.2404899597168,3.20868682861328,-0.318588256835938,-5.47902965545654,-3.14190626144409,19.543136596679698,9.05603790283203
sub-0092,ses-04,run-02,cognitive,LOC,3,cueH_stimL,-0.46442699432372997,-29.7707328796387,-28.726379394531197,4.28601026535034,10.8097372055054,1.6211223602294902,-14.5914993286133,-3.0933518409729,-13.9339141845703,-10.684308052063,16.598453521728498,3.80947613716125,4.078941345214839,2.9333300590515097,22.2401504516602,40.8464317321777,32.851428985595696,53.4600715637207,26.8103904724121,41.960151672363295,49.160037994384794,43.198974609375,33.5589065551758,21.8257904052734,20.1900882720947,3.6190223693847696,24.6451530456543,8.71289825439453,-9.49942016601562,2.16865348815918,-3.1296834945678698,-12.660746574401902,-19.6128196716309,-24.65159034729,-4.40915298461914,-11.53955078125,7.349994659423831,1.13730049133301,11.064638137817399,1.47329246997833,-1.68739819526672,-3.13875198364258
sub-0092,ses-04,run-02,cognitive,LOC,3,cueL_stimL,-0.905315399169922,12.204216003417999,-6.434091091156009,21.95703125,24.341871261596697,37.5471801757812,-3.12869787216187,19.5637493133545,22.398269653320302,14.230504989624,15.9925708770752,37.801841735839794,46.8729934692383,25.4375267028809,36.7450370788574,25.34716796875,29.818017959594698,9.17810821533203,34.0277671813965,24.5205459594727,16.1973571777344,11.752477645874,12.8464813232422,19.1520957946777,17.6372241973877,24.0362529754639,29.8397216796875,31.232105255127,14.1214599609375,-3.76011848449707,0.47193527221679704,-7.2069988250732395,0.368618011474609,-11.552497863769501,-15.327239990234402,-13.072978973388699,1.97694396972656,0.71453857421875,-8.110218048095701,2.3446626663208,-7.23379898071289,-23.2600955963135
sub-0092,ses-04,run-02,cognitive,LOC,3,rating,2.5587377548217796,5.4016628265380895,7.10138607025146,10.159950256347699,12.775824546814,11.187599182128901,15.439094543457001,6.10103797912598,4.729034423828121,5.356597900390621,2.43087673187256,11.9629955291748,15.653754234314,21.790306091308604,14.098175048828098,11.0421657562256,19.7109622955322,21.815320968627898,11.4803733825684,17.754482269287102,17.6029987335205,15.345794677734402,9.76810073852539,15.102313995361301,15.281719207763699,11.958611488342301,14.185752868652301,15.5205793380737,21.111890792846697,22.270221710205103,22.4632186889648,20.710016250610398,22.331253051757802,15.854255676269501,8.94809150695801,18.791912078857397,10.422749519348098,8.89983177185059,4.08650732040405,6.60166835784912,6.232782363891599,10.526406288147
sub-0092,ses-04,run-02,cognitive,LOC,3,cue,-0.650254249572754,-9.08277702331543,0.980066001415253,-1.99764156341553,-3.2600507736206095,-4.7298288345336905,-3.9780244827270494,-3.9994277954101602,-4.53992652893066,-2.75188541412354,-8.59510612487793,-8.442150115966799,-0.75909423828125,-0.8315658569335941,-3.13054275512695,-0.504964828491211,-1.5725784301757801,-9.72557353973389,-7.73313903808594,-10.0677795410156,0.58931303024292,-3.4734439849853502,-2.6761474609375,-3.2889890670776403,-2.9876906871795694,0.934460639953613,-4.66229629516602,0.959025382995605,5.205322265625,4.36047744750977,3.84039306640625,-10.639639854431199,2.50438737869263,-12.716249465942399,-1.26739978790283,-9.46209812164307,-9.96847343444824,-11.8241119384766,-10.290388107299801,0.611804008483887,6.34450244903564,17.890972137451197
sub-0092,ses-04,run-02,cognitive,LOC,4,cueH_stimH,18.140691757202102,12.815732955932601,10.7441558837891,10.799913406372099,1.9282064437866202,9.170515060424801,11.956850051879899,17.5016555786133,-26.852041244506804,-1.4894104003906203,29.8931446075439,29.340011596679698,17.6548137664795,7.078167915344241,18.8268756866455,2.15630173683167,-14.414752006530799,18.045963287353498,-29.080717086792003,-2.9631502628326403,-8.54351043701172,-19.102838516235398,-1.46948623657227,-13.40269947052,0.0194969177246094,-16.8307723999023,14.9077367782593,-2.29869365692139,5.09258651733398,-3.3377895355224596,16.9640808105469,5.05104732513428,-7.13979339599609,9.0059928894043,-8.76094436645508,2.2618651390075697,-13.6364583969116,4.40044260025024,-12.400502204895,-3.4326753616332994,-20.8212490081787,-3.38044118881226
sub-0092,ses-04,run-02,cognitive,LOC,4,cueL_stimH,-16.3926849365234,-17.9986972808838,0.701396465301514,-18.2762546539307,-8.11215877532959,-8.03211879730225,-27.2324562072754,-4.88557910919189,4.18085956573486,-0.5495352149009699,-8.67138671875,2.5594429969787598,6.82511568069458,12.4934616088867,11.118554115295401,14.5628051757812,2.8294878005981405,6.5353832244873,12.4897994995117,-12.8612794876099,-11.205738067627001,-11.468578338622999,12.669130325317399,-18.267520904540998,-8.39100742340088,-22.688961029052702,-15.133308410644501,10.959465026855499,-3.4045372009277304,-39.510799407959,-17.9427242279053,-21.991392135620103,-1.98733139038086,-29.5859355926514,-31.0955467224121,-6.6551609039306605,-29.8338508605957,-30.055534362793,-14.790130615234402,1.59084796905518,11.571448326110803,-18.537389755249
sub-0092,ses-04,run-02,cognitive,LOC,4,cueH_stimM,-1.75227069854736,-14.160116195678699,-19.9925899505615,-7.13361263275146,1.28409004211426,-9.434326171875,-35.677032470703104,-4.67301750183105,-13.3504123687744,-22.9129333496094,2.77896618843079,5.24337482452393,3.4725546836852996,10.2492303848267,-0.527108192443848,7.76866912841797,5.81481218338013,-14.641001701355,-2.21656131744385,-25.3055534362793,9.16063690185547,-2.98548221588135,12.8973808288574,4.88554286956787,8.67710590362549,12.179258346557601,31.618034362793,16.899593353271502,24.764644622802702,6.59564399719238,-2.4109725952148398,-5.5481891632080105,-10.9862632751465,-11.4400882720947,-29.9378719329834,-27.7356967926025,-42.31982421875,-27.8252468109131,42.879554748535206,5.1225690841674805,8.85616588592529,-7.28021669387817
sub-0092,ses-04,run-02,cognitive,LOC,4,cueL_stimM,-21.5738162994385,-23.4984493255615,-30.5410861968994,-37.825553894043004,-14.237685203552198,-12.599167823791499,-20.9995517730713,-16.099319458007802,-24.3349990844727,-16.4816017150879,-4.001013278961181,-5.07751178741455,-5.63904571533203,-14.5393333435059,-4.29559516906738,-29.3183059692383,-4.6951642036438,-19.440465927124,-5.8444719314575195,35.0759086608887,5.72385215759277,7.265306949615481,-1.51837635040283,5.95246696472168,-8.29279232025146,1.05802011489868,4.32302284240723,11.4232521057129,-2.13111972808838,-0.763336181640625,10.735107421875,-16.9174385070801,-19.006206512451197,-6.57142448425293,-16.7063140869141,-53.0315132141113,-30.0056304931641,-28.0515823364258,-40.2645111083984,-32.6173782348633,-7.048428535461429,-20.5495223999023
sub-0092,ses-04,run-02,cognitive,LOC,4,cueH_stimL,8.36850070953369,-14.3209476470947,24.5437278747559,-7.18236637115479,9.10914421081543,20.113225936889602,8.295140266418459,35.573616027831996,15.672724723815902,29.1624050140381,7.55975151062012,5.41514348983765,21.0333480834961,-12.0742473602295,22.5262088775635,8.12525939941406,-2.55385875701904,-0.360377788543701,-26.290800094604503,11.5430564880371,0.937788963317871,-7.77370166778564,-0.231354713439941,11.873270034789998,25.7176780700684,-3.6833648681640603,27.1401443481445,13.581512451171902,15.8003187179565,12.001202583313,15.789632797241199,33.1837692260742,13.888916015625,11.300724029541,3.7411375045776403,28.478713989257802,-5.90515851974487,-8.90731811523438,-15.350449562072802,9.20556640625,-4.08753204345703,9.16356658935547
sub-0092,ses-04,run-02,cognitive,LOC,4,cueL_stimL,7.9962043762207005,27.2585716247559,9.367128372192381,-2.08655524253845,33.2207527160645,-2.0581607818603502,18.3133106231689,-2.2857470512390097,5.8836956024169895,12.544900894165002,7.405582427978519,38.5665893554688,24.304973602294897,25.8185634613037,36.217903137206996,36.0569839477539,51.526271820068395,30.9703254699707,9.22706031799316,43.2672462463379,32.9484672546387,44.4529876708984,14.1604957580566,-0.0839653015136719,4.87415027618408,-14.675799369812,-22.6788177490234,-18.4283218383789,-39.851657867431605,-49.3099784851074,-44.6655426025391,-56.9910278320312,-58.0195808410645,-27.977125167846697,-28.6389541625977,-27.0637855529785,-27.922664642334,-31.1157760620117,-21.3439254760742,-23.1048698425293,-2.9042854309082,-3.65959668159485
sub-0092,ses-04,run-02,cognitive,LOC,4,rating,5.29504203796387,1.9042253494262702,0.0861711502075195,-1.35355091094971,0.882918357849121,-3.30119895935059,-2.7277679443359397,-5.402095794677731,-0.631668090820312,-5.50743293762207,-11.2707271575928,-15.6359262466431,-8.93036365509033,-4.10198020935059,-11.988067626953098,-0.0749979019165039,-5.83604383468628,-5.2965803146362305,-13.4784507751465,-14.283459663391099,-10.730833053588901,-8.02884197235107,-10.223294258117699,-4.890178203582759,-0.7157337665557858,4.05198287963867,-1.2022914886474598,1.67828154563904,-0.585654020309448,-2.74168848991394,-4.75726890563965,0.0472202301025391,2.26489925384521,-4.49545907974243,4.06817579269409,-1.6162633895874,1.5111005306243899,2.1381425857543896,-10.5041131973267,-3.83130645751953,3.66397619247437,-1.8655014038085902
sub-0092,ses-04,run-02,cognitive,LOC,4,cue,-12.697208404541,-17.8206748962402,-27.238622665405302,-24.606435775756804,-32.4915809631348,-24.960638046264602,-14.9192066192627,-15.2478284835815,-20.3056602478027,-13.4532642364502,-2.25972175598145,-4.09455871582031,-1.51707458496094,-2.55035400390625,-10.2530479431152,-10.1462459564209,-3.76731014251709,-3.07486534118652,-4.59743881225586,-2.8920860290527304,-10.207548141479501,-0.41119956970214794,-0.10979461669921901,-4.45841598510742,2.11760473251343,5.664263725280759,8.37056922912598,2.0578861236572297,-2.5236449241638197,-1.89154100418091,-20.7358150482178,-12.6279783248901,-24.048267364502,-23.4929389953613,-16.6170310974121,-18.78342628479,-18.6313972473145,-15.9477052688599,-11.410926818847699,-25.3580665588379,-19.2292098999023,-3.11609506607056
sub-0092,ses-04,run-02,cognitive,LOC,45,cueH_stimH,6.60451316833496,4.473846435546879,8.98562622070312,0.40708160400390603,-3.39865016937256,3.7459921836852996,0.0564846992492676,4.86172866821289,12.0062503814697,7.8823347091674805,13.1975440979004,20.5639038085938,27.086124420166,29.2856369018555,42.185791015625,22.763122558593803,45.1676712036133,35.0721969604492,47.8299903869629,43.093292236328104,34.719699859619105,36.2188568115234,26.369556427002,25.5319881439209,24.6581077575684,21.0598754882812,23.2684535980225,20.827594757080103,21.297410964965803,17.88645362854,21.182582855224602,23.3279304504395,11.7192163467407,14.918453216552699,9.9256706237793,2.22685813903809,12.613231658935499,7.84273242950439,12.3916177749634,13.230181694030799,-2.8661413192749,2.27355003356934
sub-0092,ses-04,run-02,cognitive,LOC,45,cueL_stimH,6.50736904144287,9.6305046081543,16.8567523956299,4.40681409835815,-1.76060342788696,-7.8268108367919895,-3.1054487228393595,9.76575088500977,14.575793266296401,13.7509441375732,29.141521453857397,11.3121347427368,30.0299339294434,38.137420654296896,45.299690246582,47.2169418334961,48.84053039550779,46.7961273193359,44.993011474609396,34.7487640380859,22.8955764770508,37.625,31.2501792907715,28.614261627197298,15.364906311035199,7.48425579071045,6.85578918457031,-1.3981637954711899,3.2721543312072794,3.19674301147461,-2.2062640190124503,-14.954342842102099,-9.27487182617188,-9.34774589538574,-5.56670475006104,-8.58736991882324,1.6579303741455098,-0.299293518066406,-6.940790176391599,-2.51056289672852,-2.17968416213989,-5.109610557556151
sub-0092,ses-04,run-02,cognitive,LOC,45,cueH_stimM,-11.369588851928699,-0.697087287902832,-8.00166893005371,0.654819488525391,9.6109619140625,4.03846168518066,8.94461250305176,15.8843488693237,10.9542560577393,24.280912399292003,20.8142719268799,39.4160118103027,31.802738189697298,33.179595947265604,40.3201026916504,52.535438537597706,52.699745178222706,48.402626037597706,46.944252014160206,45.234535217285206,51.954627990722706,38.235633850097706,35.569374084472706,49.15617370605471,36.7877540588379,37.1846923828125,28.3771667480469,18.964008331298803,9.91823768615723,-7.0082302093505895,-6.7313232421875,-6.23989486694336,-18.1984748840332,-16.1091938018799,-35.8536148071289,-32.2135162353516,-32.093017578125,-9.52985000610352,-9.3055362701416,4.66115522384644,-2.94388151168823,1.9204177856445301
sub-0092,ses-04,run-02,cognitive,LOC,45,cueL_stimM,-8.53969192504883,-4.45765686035156,-10.6402101516724,6.147620677948001,-11.2279396057129,-7.3175144195556605,-24.4414501190186,-13.8622303009033,-14.023948669433599,-1.81328725814819,-6.728671073913571,12.4346055984497,0.135377883911133,3.5263996124267596,-2.09320116043091,5.46201133728027,18.1842956542969,9.379557609558109,15.6129570007324,17.2194652557373,23.4821128845215,19.5508251190186,25.6986083984375,22.3909530639648,24.0260200500488,18.7765426635742,27.5917892456055,25.816104888916,15.0836334228516,9.75715637207031,15.3765716552734,3.50737571716309,0.776001930236816,6.0904068946838406,-0.517578125,6.43166637420654,1.3318176269531201,-4.83141326904297,7.36754703521729,1.99731063842773,12.5975875854492,7.33464813232422
sub-0092,ses-04,run-02,cognitive,LOC,45,cueH_stimL,-4.04326725006104,7.30214977264404,-11.1561794281006,-8.59115505218506,13.8787326812744,-0.516266345977783,1.1171340942382801,2.7637891769409197,3.06727743148804,12.633565902710002,33.7190933227539,14.718433380127001,30.8639945983887,37.5280914306641,36.666652679443395,45.63896179199221,38.4676475524902,43.5184936523438,47.13105773925779,41.5956153869629,47.9492721557617,27.249191284179698,46.898433685302706,39.6283950805664,38.3136787414551,31.773807525634798,28.8817291259766,34.442737579345696,34.1820068359375,20.303485870361303,15.815166473388699,8.28366088867188,18.874065399169897,10.9790191650391,15.848139762878402,11.7208824157715,9.382364273071289,9.75374698638916,6.59657382965088,-7.37984561920166,9.02616882324219,9.56539154052734
sub-0092,ses-04,run-02,cognitive,LOC,45,cueL_stimL,7.621307373046879,10.8840341567993,-1.6401681900024399,17.2029094696045,10.3525857925415,21.605859756469698,18.1268424987793,25.306194305419897,26.283014297485398,20.922199249267603,24.4577484130859,44.7058906555176,36.124839782714794,44.252956390380895,43.2502098083496,42.861045837402294,24.1231803894043,37.140529632568395,50.3577766418457,36.082447052002,35.824733734130895,26.5926895141602,22.0529975891113,14.5727958679199,17.8211841583252,10.094215393066401,10.7727317810059,-2.13092708587646,-7.849637031555179,-5.24844646453857,-17.7451057434082,-20.748638153076197,-31.9070129394531,-25.508409500122102,-22.198265075683604,-18.456148147583,-18.1230392456055,-0.614402770996094,-7.4974479675292995,-2.9680938720703103,-10.3916015625,-11.282684326171902
sub-0092,ses-04,run-02,cognitive,LOC,45,rating,2.8825721740722696,1.63214302062988,4.21938800811768,4.55823421478271,10.6906604766846,10.3480911254883,10.5000438690186,8.546764373779299,8.18476867675781,8.07903289794922,12.114845275878901,13.546134948730499,17.024217605590803,20.0061340332031,20.263542175293,25.0328102111816,20.4799423217773,26.3686180114746,20.468914031982397,20.8792285919189,20.146408081054698,14.3235321044922,14.035806655883801,14.7743396759033,19.7096939086914,22.2014484405518,20.473587036132802,19.6144580841064,18.6611919403076,20.1142463684082,21.406078338623,19.197698593139602,16.8151588439941,14.537244796752901,12.9537620544434,12.7278537750244,10.3323755264282,7.70963478088379,4.19511365890503,4.6904149055481,0.9214855432510379,3.05982375144958
sub-0092,ses-04,run-02,cognitive,LOC,45,cue,0.0367546081542969,1.90323448181152,2.1297869682312,-6.26527881622314,-13.332408905029302,-8.86622619628906,-6.1932063102722195,-7.93607902526855,-5.5601482391357395,-3.5720853805542006,-6.39794731140137,-4.360923767089839,-1.3434219360351598,-0.538978576660156,-0.27685546875,2.8113365173339804,1.20094108581543,-0.46121883392334,-1.1993312835693402,-1.8441390991210902,-2.52911138534546,0.598541259765625,-0.19479751586914104,-0.15488529205322302,-3.73935079574585,-3.29950356483459,-1.5831794738769498,0.976444244384766,-4.32177972793579,-7.72370958328247,-12.4095916748047,-10.187917709350598,-10.4433565139771,-5.4713454246521,-12.2626056671143,-2.69534635543823,-7.08835315704346,-16.213764190673803,-8.43164539337158,-5.70085000991821,1.6326999664306598,6.95909023284912
sub-0092,ses-04,run-02,cognitive,LOC,46,cueH_stimH,-6.68739318847656,-0.494472503662109,2.21973991394043,2.1035394668579097,5.25323104858398,-5.21905136108398,2.4339075088501,11.121255874633801,7.7511286735534695,14.723438262939501,43.9792900085449,16.2331886291504,13.0519704818726,10.1284427642822,18.9172801971436,15.532327651977502,-8.53890037536621,-3.98831272125244,-2.1419706344604497,-8.22494506835938,-3.13692712783813,5.45149803161621,-2.32483673095703,-10.286336898803699,-14.2123546600342,-5.415985107421879,7.05509471893311,9.68117046356201,0.8366317749023441,14.8357887268066,14.770973205566401,9.38683032989502,27.1130905151367,17.9894866943359,4.62400150299072,24.860534667968803,14.234248161315902,13.3556604385376,9.23968505859375,-0.867597579956055,-12.4016370773315,6.89084005355835
sub-0092,ses-04,run-02,cognitive,LOC,46,cueL_stimH,-19.809391021728498,-18.0699844360352,-6.18604946136475,-8.62235736846924,-0.0581755638122559,-1.9694852828979499,2.462890625,-9.468446731567381,6.21514701843262,-1.3820426464080802,5.630398750305179,-0.36010408401489297,3.47897100448608,-0.5470902919769289,-16.7457294464111,-0.00317001342773438,4.11444234848022,13.7800712585449,15.9356861114502,-6.75026893615723,-14.3203392028809,2.5292949676513703,-3.9353313446044904,-18.704294204711896,-12.9785709381104,-7.03749179840088,-1.18263244628906,-9.85207843780518,-10.9478397369385,0.35762691497802707,-0.37985897064209,-15.5947818756104,-4.380340576171879,1.00734090805054,-12.616771697997999,-7.848462104797361,-8.07153987884521,-21.6785583496094,-18.551628112793,1.9981164932251,14.8040924072266,6.64277124404907
sub-0092,ses-04,run-02,cognitive,LOC,46,cueH_stimM,20.8718490600586,4.20224571228027,5.23865413665771,3.11394262313843,-1.7680358886718797,9.43898010253906,5.00435733795166,-0.00587427616119385,6.1087327003479,12.8739461898804,6.20817470550537,19.6172828674316,17.9298210144043,22.7613315582275,16.255859375,23.87255859375,7.670413970947269,14.080322265625,15.513427734375,8.35181045532227,20.1638202667236,10.7607421875,24.7261085510254,19.7852249145508,26.5042610168457,22.3279857635498,24.042818069457997,27.9972496032715,22.8180313110352,17.4085731506348,10.250099182128901,-4.312974929809569,3.92489242553711,-14.993883132934599,-15.5060558319092,-20.3948669433594,-13.58642578125,26.7065868377686,19.437292098999,17.2231025695801,14.4942092895508,25.2975997924805
sub-0092,ses-04,run-02,cognitive,LOC,46,cueL_stimM,-18.3135051727295,-22.1988525390625,-19.1493606567383,-18.7347946166992,-8.64651679992676,-13.050901412963901,-7.146418571472171,-6.0213418006897,-16.0991554260254,-20.6402282714844,-18.756515502929698,-12.172830581665002,-4.66275882720947,9.80779933929443,-0.353625774383545,-12.3398275375366,-10.7521915435791,-15.266115188598599,6.85672998428345,15.319348335266099,9.82118225097656,-8.043750762939451,5.4799599647522,16.474929809570302,3.8363008499145494,-2.1045942306518604,11.5833835601807,10.201434135437,15.865486145019501,15.8669967651367,20.3714294433594,10.8375701904297,3.81628322601318,2.5915775299072297,-2.94872188568115,-12.763398170471199,-0.0888328552246094,4.48583984375,3.9749116897582994,-15.7213401794434,-1.7757463455200202,-24.304931640625
sub-0092,ses-04,run-02,cognitive,LOC,46,cueH_stimL,15.9320583343506,14.968692779541,14.3213415145874,0.317401885986328,7.4209904670715305,27.3100776672363,29.643383026123,23.8758926391602,19.5611972808838,33.804840087890604,22.8768615722656,28.4170074462891,23.648395538330103,30.9020042419434,18.6414184570312,6.91988277435303,3.8429722785949703,10.6823997497559,-7.9527449607849094,12.011976242065401,7.3973894119262695,1.7573070526123,10.7676525115967,10.459360122680698,17.773456573486303,8.62232208251953,25.7707138061523,30.3726997375488,31.9805374145508,31.962287902832,25.5940437316895,32.8853759765625,18.1984901428223,27.212081909179698,21.2341747283936,31.5812797546387,18.5049152374268,14.707948684692399,-6.6157932281494105,-7.56479549407959,-3.404869556427,4.11149597167969
sub-0092,ses-04,run-02,cognitive,LOC,46,cueL_stimL,34.4081039428711,22.048583984375,9.37212085723877,13.5768775939941,13.9286670684814,3.46168422698975,2.5673949718475297,0.0917890071868896,2.74214458465576,-2.52381563186646,-14.7475748062134,15.693239212036099,23.6584091186523,21.3029289245605,35.8253936767578,36.849514007568395,30.4049453735352,34.7002105712891,34.910511016845696,25.6438674926758,29.5052547454834,25.4872856140137,30.953182220459,2.8779666423797594,4.40620470046997,-2.54169130325317,-3.50162410736084,-16.6421756744385,-28.865909576416,-32.754890441894496,-41.474678039550795,-38.222892761230504,-37.486259460449205,-43.6895751953125,-37.2400054931641,-40.7856025695801,-32.189910888671896,-33.6558609008789,-22.1584396362305,-19.4150276184082,-27.4971199035645,-12.9843530654907
sub-0092,ses-04,run-02,cognitive,LOC,46,rating,4.90865135192871,9.85534286499023,12.204448699951199,11.513936996460002,10.1509265899658,9.36143493652344,10.7784938812256,3.2297687530517596,8.59454345703125,5.36505126953125,0.69593620300293,-1.15463447570801,0.26696252822876004,0.16700744628906197,3.55068969726562,2.3892459869384797,-2.2872934341430695,-0.31925296783447304,2.4782495498657204,1.65210008621216,6.7161359786987305,3.8805482387542702,6.13854217529297,2.0356998443603502,11.8549518585205,11.234601020813,10.3765068054199,14.8802013397217,9.24678039550781,7.297717094421389,6.2422771453857395,6.53045558929443,8.44124603271484,4.12598752975464,5.3843240737915,5.75516796112061,1.8195896148681598,-2.4322531223297097,0.310131788253784,-2.36662340164185,4.18101215362549,3.2188196182251
sub-0092,ses-04,run-02,cognitive,LOC,46,cue,-1.41258525848389,0.5772504806518549,3.4023485183715803,-6.288946151733401,-13.273702621460002,-15.466214179992699,-17.6091613769531,-18.794563293457,-14.1329708099365,-10.0299701690674,-10.567693710327099,-9.92625045776367,-5.990985870361331,-6.63150787353516,-6.7969455718994105,-3.9006919860839804,-0.8099956512451171,0.11080455780029301,5.16408157348633,-3.05829620361328,1.4140310287475601,-0.688421249389648,1.83703422546387,-3.8913784027099596,-3.1991937160491903,-2.33143186569214,2.5156807899475098,-1.08231353759766,-3.9561986923217796,-3.7401528358459504,-8.122119903564451,-7.21569919586182,-10.959002494812,-17.057373046875,-16.2410449981689,-6.47437953948975,-5.5522956848144505,-12.7471914291382,-12.8745632171631,-20.1557922363281,-10.7112827301025,-4.93624258041382
sub-0092,ses-04,run-03,pain,LOC,279,cueH_stimH,-16.2871494293213,-18.0122146606445,-20.716194152832,-39.350547790527294,-38.6916656494141,-30.941781997680696,-27.2288436889648,-29.449836730957,-25.227840423584,-27.608665466308604,-29.4851894378662,-43.1536636352539,-29.344684600830103,-33.636672973632805,-45.070560455322294,-39.695198059081996,-72.32415771484379,-80.10633850097659,-59.1847610473633,-58.608245849609396,-51.8898239135742,-62.9950103759766,-61.127601623535206,-49.013587951660206,-55.3320465087891,-41.5541839599609,-27.3284931182861,-30.2366790771484,-42.0589256286621,-45.563926696777294,-42.047538757324205,-37.680473327636705,-45.533805847168,-23.561603546142603,-29.1498908996582,-21.1980895996094,-24.2161045074463,-12.235989570617699,-27.360061645507802,-11.267538070678699,-27.185173034668,-21.3547458648682
sub-0092,ses-04,run-03,pain,LOC,279,cueL_stimH,-20.4253215789795,-11.263936042785598,-12.4849300384521,-35.4266204833984,-5.929866790771481,-20.1979484558105,-14.9336490631104,-26.743919372558604,-23.8138637542725,-29.3828659057617,-18.6391277313232,-20.9831695556641,-12.3223114013672,-15.2737321853638,-22.1162109375,-26.525089263916,-24.049375534057603,-21.303298950195302,-34.4429588317871,-32.7040634155273,-27.3533573150635,-30.802698135376,-33.8783798217773,-22.155366897582997,-24.2602348327637,-15.182411193847699,-11.8556575775146,-12.227558135986301,-10.048452377319302,-23.4367561340332,-9.67046737670898,-7.5491046905517605,8.80591583251953,-1.62618446350098,8.30565643310547,13.3291969299316,24.564508438110398,15.2666893005371,20.1709136962891,9.55149841308594,8.144641876220701,16.9921913146973
sub-0092,ses-04,run-03,pain,LOC,279,cueH_stimM,6.49906253814697,3.72587418556213,12.79798412323,9.60197067260742,3.62976837158203,6.58318328857422,9.08447647094727,13.8140621185303,-5.775640487670901,4.74346446990967,-3.2536649703979506,-10.0018157958984,-21.544090270996104,-7.16957521438599,-7.59262561798096,-4.89161109924316,4.28523445129395,-16.2985992431641,-19.4721450805664,-17.717088699340803,-27.3686408996582,-28.3637771606445,-35.88779830932621,-38.6742553710938,-56.1037406921387,-18.3613319396973,-38.750701904296896,-23.0786952972412,-19.831693649292,-9.74260997772217,-12.839087486267099,-9.64354705810547,1.56799125671387,1.8353958129882801,10.543493270874,6.334234237670901,-1.68490028381348,12.714611053466802,13.431529998779302,11.5875396728516,7.095523834228519,2.1982879638671897
sub-0092,ses-04,run-03,pain,LOC,279,cueL_stimM,-8.94777011871338,-10.958532333374,-22.916931152343803,-2.9417266845703103,-22.569898605346697,-23.594074249267603,-29.9569091796875,-31.1665573120117,-44.46147155761721,-40.0202980041504,-30.1538276672363,-42.1672592163086,-46.9271430969238,-58.78742980957029,-61.732292175293,-68.4711532592773,-74.2919387817383,-91.3668212890625,-85.5247268676758,-67.72629547119139,-86.74200439453121,-83.848014831543,-80.86241149902341,-74.66453552246091,-64.2182540893555,-61.2524337768555,-37.30894088745121,-39.523628234863295,-19.0757846832275,-22.435672760009798,-35.531341552734396,-32.057525634765604,-11.535924911499,-22.995681762695302,-20.0274047851562,-3.4929256439208998,-5.10019874572754,6.21768760681152,-8.12033843994141,11.147308349609402,-1.30859375,13.1257476806641
sub-0092,ses-04,run-03,pain,LOC,279,cueH_stimL,-20.5237121582031,-5.53957462310791,-18.625997543335,-18.845890045165998,-26.4600105285645,-40.358180999755895,-29.0671882629395,-27.2597713470459,-26.332515716552702,-26.4406394958496,-31.5283088684082,-34.8431396484375,-48.1332511901855,-48.2561569213867,-41.7816581726074,-37.0972099304199,-47.569183349609396,-44.3366012573242,-42.9658279418945,-62.2789459228516,-47.94160461425779,-48.7828369140625,-55.45304870605471,-43.599029541015604,-36.8780174255371,-42.222129821777294,-36.14756393432621,-45.5259475708008,-26.4705600738525,-25.784793853759798,-18.1420574188232,2.98129272460938,2.25252819061279,19.7017097473145,27.605651855468803,27.039659500122102,36.4025382995605,28.6927661895752,30.982479095459,29.9225387573242,22.8521423339844,25.4927062988281
sub-0092,ses-04,run-03,pain,LOC,279,cueL_stimL,6.30271816253662,10.313558578491199,-2.1309795379638703,-7.00419616699219,9.39368438720703,-9.1088752746582,-8.28376770019531,-6.006549835205081,-5.044837951660161,-10.7146577835083,-16.4214286804199,-9.468099594116211,7.3390994071960405,6.62774562835693,12.3838052749634,-13.1576080322266,-26.907283782959,-28.0793628692627,-32.8705177307129,-37.0622215270996,-56.267662048339794,-52.650276184082,-56.7399368286133,-40.6758308410645,-24.497182846069304,-26.009078979492198,-24.4168167114258,-20.9061222076416,-14.059934616088901,-8.827691078186039,-4.30349159240723,-7.32019233703613,2.3607540130615203,6.4984245300292995,6.5554313659667995,14.7660064697266,20.7934875488281,26.794334411621104,25.0208015441895,11.292366027832001,7.84853744506836,6.7056179046630895
sub-0092,ses-04,run-03,pain,LOC,279,rating,0.896864891052246,-1.7985200881958001,2.39075970649719,-6.2979564666748,2.5597684383392303,-6.87535858154297,-1.6766195297241202,-6.52586555480957,-6.14697694778442,-6.068371772766111,-4.45535755157471,-4.470459938049321,-5.719791412353519,1.98945617675781,-4.14520263671875,5.737689971923831,2.12442779541016,4.519471168518071,2.8761548995971697,4.793232440948491,0.680108070373535,-2.5786685943603502,-5.51908254623413,-10.1718626022339,-13.683623313903801,-17.9105854034424,-8.882988929748539,-10.8860502243042,-10.2419738769531,-5.5518102645874,-11.1251468658447,-13.3010959625244,-17.1567420959473,-13.466552734375,-14.980891227722198,-14.970552444458,-11.701273918151902,-10.1185188293457,-15.783067703247099,-15.1670370101929,-13.0021553039551,-13.0747814178467
sub-0092,ses-04,run-03,pain,LOC,279,cue,-3.66110229492188,-6.36579704284668,-4.07010459899902,-5.050132751464839,1.0199508666992199,-4.35818099975586,0.271713256835938,-7.2368049621582005,0.795251846313477,3.16273880004883,10.307964324951199,5.419719696044919,5.300317764282231,10.7342414855957,11.124009132385302,11.328250885009801,12.811521530151401,6.18224334716797,13.855262756347699,14.381378173828098,14.2917327880859,9.82862854003906,9.37590789794922,8.35767364501953,0.9587421417236329,-3.1194782257080096,2.1827754974365203,-5.80477237701416,0.9077224731445309,1.51826059818268,6.1210222244262695,-0.576578140258789,3.4520435333252,5.38111448287964,7.75643539428711,14.5398921966553,12.451542854309098,13.921932220459,9.334160804748539,9.24683094024658,2.60350131988525,1.2720756530761699
sub-0092,ses-04,run-03,pain,LOC,280,cueH_stimH,11.782998085022,3.5966644287109397,-6.47734069824219,-21.025812149047898,-18.0670890808105,-20.382343292236303,-15.2484836578369,-13.2484827041626,-6.5435471534729,7.171654224395749,8.063441276550291,5.57427167892456,-12.775351524353,0.26358604431152305,-16.346752166748,-15.8537654876709,-43.205291748046896,-60.1273803710938,-51.428737640380895,-51.3956985473633,-53.5986557006836,-56.27604675292971,-55.196563720703104,-52.2501068115234,-45.0063400268555,-41.03196334838871,-42.0135498046875,-37.3992919921875,-30.1062526702881,-37.77587890625,-28.7375869750977,-14.2748050689697,-30.813591003418,-19.4303016662598,-10.4565391540527,-19.1748962402344,1.9387512207031203,-5.43741226196289,-1.7802352905273402,-1.4619464874267598,-0.830279350280762,-0.6369647979736329
sub-0092,ses-04,run-03,pain,LOC,280,cueL_stimH,-31.9852485656738,-35.0791816711426,-38.2328987121582,-30.555725097656197,-41.3604965209961,-29.198184967041,-46.0105590820312,-54.2807960510254,-36.3450965881348,-31.4703540802002,-24.069288253784197,-21.544189453125,-14.516593933105499,-19.160230636596697,-17.940731048584002,-21.3732318878174,-19.385677337646502,-25.7020568847656,-20.9813194274902,-40.4656944274902,-44.893306732177706,-43.792964935302706,-45.914302825927706,-51.9986572265625,-43.257476806640604,-36.7555656433105,-17.0485954284668,-14.7703247070312,-13.286384582519501,-13.8065128326416,-10.775829315185499,3.6345443725585898,-0.60163688659668,24.604026794433604,20.2259769439697,19.1747360229492,28.7518482208252,24.601852416992198,31.2539215087891,25.6225700378418,40.259559631347706,26.668588638305696
sub-0092,ses-04,run-03,pain,LOC,280,cueH_stimM,9.09970378875732,6.8759469985961905,7.251789093017581,4.47813034057617,-5.21516418457031,2.15098762512207,27.296428680419897,3.2147874832153303,20.4419059753418,-7.64667510986328,-5.50211620330811,-18.4639835357666,-5.20324850082397,-3.59899854660034,-4.29557323455811,-6.10924530029297,6.31904172897339,-14.620546340942399,-24.4421501159668,-20.1637554168701,-26.9928035736084,-27.7305374145508,-38.089485168456996,-45.015010833740206,-45.329750061035206,-41.9293212890625,-47.295082092285206,-47.65422058105471,-39.211097717285206,-33.165153503418004,-16.0225925445557,-4.74691963195801,-4.500343322753911,2.65971565246582,9.92116546630859,21.56272315979,26.8540115356445,21.0095748901367,19.391666412353498,11.838775634765598,5.0821533203125,5.639530181884769
sub-0092,ses-04,run-03,pain,LOC,280,cueL_stimM,-11.692649841308599,-11.8082056045532,-20.391300201415998,-20.090705871582,-21.222637176513697,-26.5247631072998,-37.625919342041,-19.208042144775398,-37.3104972839355,-25.349250793457,-24.6551151275635,-31.4366645812988,-33.69677734375,-42.277839660644496,-58.325111389160206,-63.5674896240234,-66.2743377685547,-76.96685791015621,-68.5064163208008,-64.9693450927734,-63.2949371337891,-65.48095703125,-69.60546875,-65.98193359375,-51.834228515625,-55.249267578125,-34.755889892578104,-29.5723876953125,-25.558425903320302,-12.1310176849365,-13.6145820617676,-19.4990272521973,-1.3696384429931598,1.94433689117432,13.1979503631592,24.644123077392603,10.9110450744629,15.003753662109402,28.602458953857397,20.1301651000977,17.822708129882802,13.0346069335938
sub-0092,ses-04,run-03,pain,LOC,280,cueH_stimL,-15.0618810653687,-18.3520622253418,-3.03167724609375,-19.0067234039307,-27.2040138244629,-26.844659805297898,-34.573024749755895,-36.3722915649414,-36.262855529785206,-34.349700927734396,-35.3069458007812,-39.228263854980504,-43.988410949707,-55.7957229614258,-41.517982482910206,-47.0468673706055,-49.4305000305176,-46.6242141723633,-48.586143493652294,-50.040035247802706,-46.329719543457,-54.411441802978494,-55.967472076415994,-55.0541000366211,-50.9283447265625,-54.226806640625,-49.038360595703104,-42.0677490234375,-40.1022491455078,-17.627721786499,-4.12349319458008,6.0289592742919895,23.9086799621582,43.3072357177734,44.4938430786133,52.4679756164551,54.1356391906738,54.1983489990234,51.1288719177246,40.55126953125,45.576629638671896,19.7918090820312
sub-0092,ses-04,run-03,pain,LOC,280,cueL_stimL,14.1986570358276,14.7778835296631,14.307762145996099,20.4722290039062,4.47093963623047,0.8042831420898441,6.65621185302734,-9.57522583007812,-0.17081928253173803,6.998953342437741,-0.389678955078125,-3.02853775024414,-6.067461967468259,-15.240141868591301,-10.038914680481,-32.791473388671896,-31.0080070495605,-41.532688140869105,-43.701633453369105,-62.6663131713867,-55.634761810302706,-53.970874786377,-63.9523696899414,-49.6174163818359,-35.5894432067871,-41.2947959899902,-35.901515960693395,-30.3177795410156,-22.6106643676758,-13.321780204772901,6.329533576965329,7.4850139617919895,15.661262512207001,44.0009689331055,33.8599281311035,34.768951416015604,25.4540481567383,29.2019233703613,29.479984283447298,23.355587005615202,28.149112701416,18.5922241210938
sub-0092,ses-04,run-03,pain,LOC,280,rating,-3.9982891082763703,-0.5030803680419921,-6.544036865234379,-7.17863655090332,-9.00312042236328,-13.196216583252001,-7.96055507659912,-13.5497398376465,-4.82605934143066,-9.516961097717289,1.86801600456238,-3.4588737487793,-1.8532180786132801,-1.7659988403320301,1.86285400390625,5.6547355651855495,4.7800121307373,8.407520294189451,0.6979176998138431,1.5928373336791999,-4.45550584793091,-5.21115732192993,-8.144275665283201,-7.91269302368164,-7.26656723022461,-14.5771312713623,-11.876415252685499,-14.354879379272498,-12.9861345291138,-9.950751304626461,-9.89029693603516,-15.249805450439501,-12.3470516204834,-14.726354598999,-15.780164718627901,-14.4710702896118,-11.942755699157699,-10.106104850769,-9.5859489440918,-9.47311496734619,-9.13758945465088,-12.5223064422607
sub-0092,ses-04,run-03,pain,LOC,280,cue,-16.438087463378903,-8.30391120910645,-7.5266227722167995,-6.20482063293457,-1.9508972167968797,-1.76870155334473,3.8899154663085898,2.65630722045898,15.3522796630859,12.900543212890598,25.135423660278303,15.4490413665771,26.132265090942397,20.9941711425781,20.9951801300049,18.676702499389602,20.7691688537598,20.599201202392603,17.455501556396502,18.263229370117198,12.5438842773438,13.6624603271484,12.4775848388672,8.34900283813477,14.2372436523438,10.7814674377441,1.57555770874023,-1.5440702438354499,-0.501117706298828,5.80176115036011,6.69270896911621,-1.8180103302002,10.8357543945312,13.313304901122999,19.4417667388916,14.1778469085693,20.6289291381836,11.758818626403801,7.947631359100339,8.65457248687744,-0.17488384246826197,-2.7974910736083998
sub-0092,ses-04,run-03,pain,LOC,281,cueH_stimH,3.5444488525390603,3.7498950958252,-8.22798919677734,-14.1428165435791,-14.566324234008801,-19.1370887756348,-15.475482940673801,-16.0824584960938,-12.946636199951199,-19.647380828857397,-3.6834669113159197,-23.189760208129897,-17.1543502807617,-7.43180370330811,-20.513967514038104,-1.76113510131836,-41.4617919921875,-56.9493942260742,-52.6156005859375,-35.32749557495121,-53.794132232665994,-39.9404296875,-47.6988525390625,-46.2937088012695,-47.5112380981445,-44.6860504150391,-42.7968864440918,-26.7418098449707,-30.725328445434602,-44.5908279418945,-31.5843181610107,-17.3291816711426,-25.813133239746104,-2.96440887451172,-6.61589050292969,-2.48098754882812,12.513282775878901,18.2976608276367,5.24228382110596,13.1915225982666,10.8545789718628,6.72912788391113
sub-0092,ses-04,run-03,pain,LOC,281,cueL_stimH,-33.217536926269496,-27.971355438232397,-48.0042839050293,-36.6717376708984,-31.3778076171875,-11.238973617553699,-46.9223403930664,-37.5735855102539,-40.0105133056641,-40.4004707336426,-36.9976577758789,-12.149290084838901,-6.924800872802731,-13.5545711517334,-19.2943229675293,-22.0091438293457,-28.1016273498535,-19.418016433715803,-15.369119644165002,-40.166015625,-38.5087890625,-37.993408203125,-37.34228515625,-52.274444580078104,-20.5161972045898,-22.581483840942397,-4.38912773132324,-11.1595878601074,-28.9121990203857,-20.9996128082275,-11.8843479156494,8.50372314453125,12.4905643463135,23.2062835693359,28.2513427734375,20.4363098144531,16.9108772277832,22.0495529174805,28.5422668457031,32.052253723144496,24.3968391418457,24.7994384765625
sub-0092,ses-04,run-03,pain,LOC,281,cueH_stimM,-8.75210666656494,-16.7791767120361,-0.7606582641601559,-3.4067268371582,-12.5142822265625,-16.1342144012451,-10.142650604248,-10.3580808639526,-10.578096389770499,-7.23979091644287,-6.58746147155762,-21.595657348632802,-10.8750553131104,-22.789058685302702,-10.8152713775635,-13.0133228302002,-17.3372097015381,4.186571121215819,-25.613824844360398,-34.9037094116211,-35.8259506225586,-34.5245361328125,-36.3609733581543,-34.89697265625,-41.2690887451172,-40.6044464111328,-40.428581237793004,-33.034431457519496,-35.4784545898438,-26.930076599121104,-29.573043823242198,-21.499952316284197,-20.6511821746826,-8.436923980712889,-2.88284301757812,-1.4913825988769498,10.633769989013699,13.983436584472699,7.40730285644531,6.740997314453121,-6.13741683959961,-7.219280242919919
sub-0092,ses-04,run-03,pain,LOC,281,cueL_stimM,-9.47891044616699,-22.8484916687012,-14.973050117492699,-17.946796417236303,-8.77156257629395,-19.504831314086896,-46.201507568359396,-28.616043090820302,-51.1093406677246,-41.5821304321289,-31.8292751312256,-19.639879226684602,-26.989299774169897,-41.1975555419922,-42.001312255859396,-46.4863624572754,-64.6795196533203,-77.5537490844727,-65.6585159301758,-55.31977844238279,-62.016227722168,-66.23513793945311,-67.00320434570311,-65.34255981445311,-52.572540283203104,-53.860137939453104,-38.5391387939453,-30.831958770752,-22.7507839202881,-20.4703979492188,-17.702684402465803,-25.5312519073486,-7.62834930419922,-4.65764713287354,7.51037883758545,20.0011196136475,15.4614810943604,10.9475154876709,24.2488861083984,16.7461547851562,17.8071899414062,17.8587341308594
sub-0092,ses-04,run-03,pain,LOC,281,cueH_stimL,6.7181711196899405,-15.2539663314819,-5.50272417068481,-16.5463466644287,-22.792972564697298,-25.4861869812012,-29.022388458252,-28.1601505279541,-30.197692871093803,-22.5357093811035,-33.0930786132812,-51.0826263427734,-54.2234878540039,-37.59840774536129,-43.244991302490206,-47.0803375244141,-51.5949172973633,-50.745967864990206,-49.518440246582,-47.496555328369105,-52.3691253662109,-58.4229507446289,-51.7240676879883,-61.36982727050779,-49.2399368286133,-46.84423828125,-34.381912231445305,-42.95732116699221,-47.1692428588867,-25.909727096557603,-16.242479324340803,9.15185165405273,9.01032257080078,16.3519973754883,38.153564453125,43.1626205444336,39.530815124511705,53.9009017944336,40.7522430419922,42.0382080078125,21.5528717041016,42.4649658203125
sub-0092,ses-04,run-03,pain,LOC,281,cueL_stimL,6.2638111114502,1.14264965057373,-7.23748779296875,11.2668991088867,1.31745910644531,-3.8311309814453103,-12.214813232421902,-17.4112243652344,-21.1367073059082,-15.141599655151401,-23.4679489135742,-18.288162231445302,-16.8399333953857,-14.3652095794678,-16.0492095947266,-16.609375,-29.869083404541,-52.7918548583984,-33.003952026367195,-47.7879524230957,-55.699371337890604,-69.2238235473633,-77.2378845214844,-60.8467483520508,-24.634231567382802,-37.3295135498047,-36.3078842163086,-25.094612121582,-16.4938926696777,-10.4974794387817,12.1990270614624,-0.394929885864258,6.504131317138669,18.9392471313477,17.499832153320302,26.801071166992198,22.6317825317383,39.085262298584,25.9337425231934,20.0496196746826,16.3305416107178,15.303480148315401
sub-0092,ses-04,run-03,pain,LOC,281,rating,-1.3138303756713898,1.73321008682251,-4.4808464050292995,-0.816350698471069,-2.80486083030701,-2.67279052734375,-2.4219217300415,-3.60096645355225,-6.56848382949829,-9.5328483581543,-1.93589448928833,-4.127410888671879,-4.15267562866211,-2.59625625610352,-6.35455322265625,3.47910690307617,2.61558723449707,5.9519510269165,4.742164611816411,5.84322786331177,-3.75218868255615,-1.00751829147339,-3.0667510032653795,-4.1100959777832005,-10.163966178894,-11.0766096115112,-6.9329109191894505,-9.77609443664551,-8.50079727172852,-9.31008815765381,-7.9958667755127,-15.031064987182601,-13.4152994155884,-13.709588050842301,-16.9026393890381,-15.105339050292999,-8.72787189483643,-9.17524433135986,-6.555321216583249,-8.45706272125244,-6.52259874343872,-7.35609436035156
sub-0092,ses-04,run-03,pain,LOC,281,cue,-13.023067474365199,-16.8088455200195,-6.230167388916019,-7.795658111572269,-6.297454833984379,-5.05668640136719,-3.12216567993164,-2.82609748840332,-0.0729084014892578,2.4776058197021498,11.5508480072021,6.0967731475830105,14.8841800689697,12.4713544845581,16.8234024047852,18.148874282836896,15.4599895477295,14.5116577148438,10.405700683593802,18.9916381835938,14.1630249023438,9.37361907958984,8.457935333251951,-0.8066024780273441,-2.50385475158691,0.538581848144531,-3.0054340362548797,-2.4931392669677703,-2.6142826080322297,2.2629361152648904,2.24429225921631,8.85817718505859,-0.413057327270508,6.81186580657959,23.8504238128662,16.7267360687256,12.7170000076294,17.4487037658691,21.192064285278303,18.069370269775398,12.8203840255737,4.92361831665039
sub-0092,ses-04,run-03,pain,LOC,282,cueH_stimH,-5.52942180633545,2.9832172393798797,-8.24169921875,-21.0998630523682,-29.7145881652832,-28.0815944671631,-25.1098194122314,-12.494222640991199,-17.2031936645508,5.125134468078611,-13.561464309692399,-0.29941129684448203,-6.03913879394531,-8.42668724060059,-31.054716110229503,-35.005313873291,-60.3973236083984,-57.8491401672363,-56.751792907714794,-38.883975982666,-38.569587707519496,-54.8890037536621,-44.700355529785206,-40.025794982910206,-37.6747055053711,-33.201812744140604,-24.144977569580103,-5.48158073425293,-20.4326248168945,-20.2605361938477,-37.070884704589794,8.3321590423584,-16.2782516479492,-20.9777450561523,-21.256271362304698,-12.76708984375,-11.196674346923801,-4.6660213470459,-10.2209053039551,-6.25735092163086,-34.453948974609396,-17.108688354492198
sub-0092,ses-04,run-03,pain,LOC,282,cueL_stimH,-30.2526798248291,-38.208797454834,-32.0716552734375,-40.0296745300293,-41.05421829223629,-39.4059906005859,-32.266819000244105,-41.9084930419922,-31.3513488769531,-38.425506591796896,-24.984489440918,-16.2696132659912,-4.82075691223145,6.60511589050293,-12.123309135437,-10.267639160156198,6.78487396240234,-4.61786842346191,5.5188159942627,-8.667848587036131,-25.264087677002,-12.213258743286099,-34.3513679504395,-26.625415802002,-21.9348297119141,-15.3636016845703,-11.0951709747314,0.22906875610351604,18.8703498840332,-21.3231563568115,23.4217739105225,1.58805847167969,21.563346862793,19.028657913208,49.7441520690918,38.75632858276371,24.7793655395508,22.8857345581055,31.7430114746094,35.668117523193395,40.6861572265625,44.5454330444336
sub-0092,ses-04,run-03,pain,LOC,282,cueH_stimM,11.5722599029541,-6.46334314346313,4.35466051101685,4.56957244873047,-1.76210021972656,-2.3232173919677703,1.1944503784179699,-0.28217983245849604,-6.19770622253418,-10.3855466842651,-12.3343152999878,-18.1584320068359,-10.786338806152301,-4.313133239746089,-10.323957443237301,0.921685218811035,-2.8474671840667702,-12.897647857666,-5.5515632629394505,-24.389991760253896,-27.0591011047363,-32.914749145507805,-15.582557678222699,-36.127571105956996,-43.786003112793,-34.3991088867188,-41.3151245117188,-49.17585754394529,-15.7570037841797,-1.66845703125,-12.4098901748657,5.1986579895019505,5.19291687011719,-0.282722473144531,11.718599319458,7.257940292358401,23.715461730957,17.9747695922852,5.60789489746094,-14.3243408203125,-17.7413635253906,-13.268180847167999
sub-0092,ses-04,run-03,pain,LOC,282,cueL_stimM,-13.3429622650146,-14.477333068847699,-45.772220611572294,-15.867002487182601,-36.748008728027294,-24.1175346374512,-39.0478668212891,-28.418479919433604,-45.127571105957,-51.1627082824707,-34.388050079345696,-22.292940139770497,-40.3975830078125,-44.299930572509794,-48.0769653320312,-58.0634422302246,-55.829963684082,-82.729736328125,-52.863285064697294,-80.8400344848633,-49.496124267578104,-45.9641304016113,-50.3925971984863,-53.0764350891113,-29.607105255127,-27.4148445129395,-25.6203460693359,-24.2660026550293,11.769203186035199,25.2376689910889,16.9114360809326,-3.46420288085938,29.118726730346697,22.922966003418,16.3547744750977,24.342082977294897,24.839313507080103,3.3624267578125,26.7041282653809,35.836174011230504,3.02960205078125,11.8795318603516
sub-0092,ses-04,run-03,pain,LOC,282,cueH_stimL,-19.1037311553955,0.359030246734619,-12.7759141921997,-15.588348388671902,-28.4181213378906,-20.277166366577102,-30.8846378326416,-34.938083648681605,-29.4645919799805,-36.9225463867188,-40.2818145751953,-37.5007820129395,-27.2792911529541,-52.942630767822294,-48.9498519897461,-59.3278732299805,-45.7356185913086,-61.095176696777294,-55.3124198913574,-59.535926818847706,-57.550254821777294,-56.8768310546875,-59.3979606628418,-51.869781494140604,-46.908477783203104,-45.2922554016113,-48.7052993774414,-55.7237777709961,-23.919700622558604,4.03159141540527,-14.055604934692399,38.3419799804688,28.217969894409197,47.6921272277832,49.846988677978494,26.128829956054698,60.393894195556605,48.748077392578104,61.5196647644043,31.718391418457,37.4699859619141,20.629074096679698
sub-0092,ses-04,run-03,pain,LOC,282,cueL_stimL,-2.7960393428802504,11.8505306243896,12.6158771514893,-13.434783935546902,22.2740631103516,-2.1017875671386697,-2.5097846984863303,10.426490783691401,-17.6082916259766,-2.1155376434326203,-14.3512277603149,-15.6645498275757,-18.432596206665,-16.5459327697754,-11.9517078399658,-32.99755859375,-17.828525543212898,-38.181396484375,-35.920417785644496,-47.385406494140604,-67.7233428955078,-61.9764938354492,-52.5578956604004,-52.9660415649414,-30.786119461059602,-27.373214721679698,-29.4855041503906,-14.4230079650879,0.45916748046875,-6.60518550872803,-0.915863990783691,12.622962951660199,20.905647277832,30.6191787719727,16.16162109375,14.3116455078125,30.0420951843262,7.149333953857419,31.955781936645497,6.33329772949219,14.5442695617676,6.61966896057129
sub-0092,ses-04,run-03,pain,LOC,282,rating,4.936522483825679,3.8507885932922403,-3.8952269554138197,-11.1706981658936,-5.40964794158936,-14.9779491424561,-16.558464050293,-17.897575378418,-12.3395462036133,-18.848064422607397,-18.8165016174316,-17.912799835205103,-20.734058380127,-18.1937484741211,-11.943084716796902,-6.587554931640621,-6.4190559387207005,-6.54107904434204,-9.58271217346191,-2.65067434310913,-7.39765167236328,-7.724097728729251,-4.26578426361084,-5.170174598693849,-0.0607690811157227,-12.6195783615112,-3.42357850074768,-2.9827940464019798,-12.1128215789795,-8.26250743865967,-9.48222732543945,-14.5688533782959,-10.0505590438843,-17.2933959960938,-9.52782154083252,-12.572044372558599,-11.153062820434599,-9.127645492553711,-7.67236232757568,-10.812008857727099,-5.31389093399048,-10.3358573913574
sub-0092,ses-04,run-03,pain,LOC,282,cue,-12.010505676269501,-5.94094276428223,-7.05475616455078,-1.69855117797852,-6.93833923339844,-11.6701374053955,-7.55351448059082,-5.3989086151123,5.3960857391357395,2.08034324645996,8.74124717712402,13.316497802734402,14.9515695571899,28.903274536132802,11.795245170593299,17.3492259979248,25.8353805541992,22.934322357177702,30.2503776550293,21.0109558105469,31.7482604980469,21.4109497070312,22.929569244384798,23.4677391052246,16.762029647827102,22.6069030761719,13.0896644592285,14.9280910491943,10.2867374420166,12.548032760620101,10.0736808776855,7.13377380371094,6.47154903411865,18.5560264587402,21.214288711547898,18.3700008392334,25.0331630706787,16.790504455566403,21.794092178344698,7.52621221542358,5.9114055633544895,0.480422973632812
sub-0092,ses-04,run-03,pain,LOC,313,cueH_stimH,-16.979759216308597,-17.506649017334002,-16.1010055541992,-36.1408233642578,-54.6288261413574,-45.1253051757812,-45.6451644897461,-41.7663345336914,-29.873159408569304,-33.229850769043004,-47.5797119140625,-23.488904953002898,-51.834896087646506,-47.30607604980471,-51.751014709472706,-70.4021759033203,-83.62120056152341,-108.206314086914,-106.54653930664101,-111.83184814453101,-125.65008544921899,-116.705688476562,-116.826560974121,-130.430526733398,-124.17884063720699,-95.1593399047852,-82.0021209716797,-67.5093231201172,-81.7241134643555,-73.92271423339841,-67.8813323974609,-61.406463623046896,-46.16215515136721,-31.1041641235352,-18.0757217407227,-20.924072265625,-34.626293182373,-24.6550788879395,-14.6068668365479,-23.472942352294897,-24.6979598999023,-11.052375793457001
sub-0092,ses-04,run-03,pain,LOC,313,cueL_stimH,-44.648441314697294,-28.6161422729492,-31.3254089355469,-37.322303771972706,-20.450616836547898,-21.9767684936523,-26.201162338256804,-22.2065124511719,-27.9893989562988,-17.339544296264602,-32.929256439209,-7.587233543396,-7.97805023193359,-26.324462890625,-18.5219688415527,-16.3214721679688,-28.972614288330103,-17.9630012512207,-47.295036315918,-43.4423141479492,-60.8179244995117,-53.9280319213867,-68.4021530151367,-58.6605758666992,-49.0142974853516,-48.6138381958008,-54.11857604980471,-54.8543701171875,-42.427951812744105,-32.1318511962891,-23.798681259155302,-10.6730995178223,-11.7357025146484,-4.8853588104248,-12.969705581665002,-1.81111717224121,-6.27602577209473,-5.59723663330078,5.72509765625,0.616981506347656,8.70967102050781,13.2299385070801
sub-0092,ses-04,run-03,pain,LOC,313,cueH_stimM,12.6567478179932,13.2880001068115,18.6603851318359,13.481678009033198,13.165412902832001,13.3176441192627,27.7864112854004,13.6540470123291,-0.472870349884033,17.0655117034912,0.7916970252990719,-23.9318504333496,3.58875417709351,-5.55578184127808,-22.552621841430696,-19.9155044555664,-7.68520975112915,-26.522855758667003,-35.3861427307129,-24.3482475280762,-31.8503074645996,-38.929313659668004,-54.073272705078104,-48.0167083740234,-51.890266418457,-37.367271423339794,-47.9121170043945,-43.700111389160206,-41.2244873046875,-36.1092376708984,-28.996206283569304,-33.9236335754395,-20.5997352600098,-22.501022338867198,-14.499620437622099,-17.536413192749,9.40974235534668,-1.4123916625976598,15.191246032714801,14.8939208984375,0.827335357666016,3.88703536987305
sub-0092,ses-04,run-03,pain,LOC,313,cueL_stimM,-7.71144104003906,0.12623405456543,-27.568861007690398,-5.2645769119262695,-21.3273830413818,-25.7120685577393,-42.21533203125,-57.7212905883789,-56.37422180175779,-58.4932174682617,-62.8511276245117,-65.828369140625,-63.7557220458984,-68.7569198608398,-70.6928176879883,-97.8134002685547,-103.72160339355499,-122.427452087402,-116.983070373535,-99.1591033935547,-118.810859680176,-119.37926483154301,-116.20824432373001,-115.17748260498001,-109.34960174560499,-94.6088333129883,-79.14610290527341,-87.1185150146484,-58.6459808349609,-50.854042053222706,-49.39726257324221,-49.2423896789551,-43.6696624755859,-38.281898498535206,-35.687896728515604,-34.899177551269496,-12.273153305053699,0.0426177978515625,2.2560806274414102,1.844482421875,-8.76446533203125,-6.93048095703125
sub-0092,ses-04,run-03,pain,LOC,313,cueH_stimL,-10.590812683105499,4.70539093017578,-15.544159889221199,-21.282341003418,-20.3119525909424,-20.142978668212898,-43.69902038574221,-48.7327003479004,-50.554508209228494,-53.064914703369105,-49.4705200195312,-42.1321029663086,-66.1779403686523,-51.531887054443395,-78.6914596557617,-65.5022430419922,-67.2892608642578,-68.78818511962889,-72.64244079589841,-91.2102279663086,-90.6823959350586,-93.8055953979492,-104.14006042480499,-101.875534057617,-86.7078475952148,-87.51685333251949,-65.0239410400391,-78.0673828125,-71.03453063964841,-55.657630920410206,-52.77763366699221,-28.6343841552734,-8.5462474822998,-0.5577754974365229,18.3868141174316,8.00695037841797,20.172138214111303,21.792528152465803,30.2643661499023,39.896553039550795,27.8434143066406,18.354690551757802
sub-0092,ses-04,run-03,pain,LOC,313,cueL_stimL,21.8233108520508,27.2740879058838,24.0707702636719,2.8694000244140603,-9.17916107177734,6.37586975097656,1.72564697265625,-11.3336448669434,-5.91531944274902,-7.01216840744019,-1.5237140655517598,9.67605113983154,-1.3527145385742199,12.4793853759766,6.626089572906491,-21.6858253479004,-30.286190032959,-34.105216979980504,-46.34834289550779,-52.256927490234396,-62.26054382324221,-67.1776657104492,-74.3358993530273,-56.2684936523438,-37.0315551757812,-42.446460723877,-22.5920257568359,-12.1862287521362,-15.1133060455322,-6.331955909729,-11.860882759094201,-10.429206848144501,-2.35640144348145,-3.3298721313476602,2.6368637084960898,9.7769775390625,8.66444778442383,7.93571472167969,22.483179092407198,6.0339527130127,6.96842384338379,7.52143859863281
sub-0092,ses-04,run-03,pain,LOC,313,rating,1.1285457611084,2.0434379577636697,3.7114503383636497,-3.71196675300598,-1.8339300155639602,-6.666583061218259,-8.33278179168701,-4.419836044311519,1.25224113464355,-0.562697410583496,-1.07389056682587,-5.58915233612061,-1.75948715209961,3.44973754882812,10.7833251953125,15.594898223877001,14.3698463439941,15.209835052490199,13.4910011291504,8.55611610412598,10.6698961257935,2.3311710357666002,-7.57363033294678,-9.24340724945068,-11.445666313171401,-10.7704076766968,-10.8565835952759,-13.332613945007301,-17.2948513031006,-13.6763381958008,-19.410774230957,-12.543172836303699,-15.381214141845698,-16.363216400146502,-15.894056320190401,-18.0758743286133,-6.205744743347171,-19.0828018188477,-15.348773956298801,-15.7678680419922,-9.05908203125,-8.998701095581051
sub-0092,ses-04,run-03,pain,LOC,313,cue,-7.079961776733401,-2.5407123565673797,-4.04976463317871,0.149778366088867,-5.340538024902339,-0.576442718505859,-7.38190460205078,-4.63301467895508,4.63323974609375,13.6151599884033,14.500150680542,22.0482959747314,26.673294067382802,19.919542312622102,23.9364128112793,14.068939208984402,18.0363998413086,14.3921165466309,16.388839721679698,5.08232116699219,12.1465606689453,1.30928802490234,-2.3512191772460898,1.9904861450195301,-7.1195583343505895,-10.117919921875,-12.686027526855499,-19.130685806274396,-17.2656879425049,-6.03043985366821,-17.3365325927734,-24.8038444519043,-8.965107917785641,-7.9762396812439,-2.81709098815918,7.3497200012207005,8.1539306640625,3.5402612686157204,2.5843682289123504,2.9395971298217796,-4.82221031188965,-6.54247760772705
sub-0092,ses-04,run-03,pain,LOC,314,cueH_stimH,-20.289794921875,4.30852317810059,-13.074928283691401,-25.087305068969698,-22.131145477294897,-18.193414688110398,-21.5521087646484,-11.562986373901401,-0.826659202575684,3.6880021095275897,3.1745758056640603,3.6578578948974596,6.2879123687744105,-14.747030258178699,-5.78469514846802,-6.978118896484379,-50.6646957397461,-34.3661041259766,-55.193634033203104,-27.1265335083008,-47.3170318603516,-60.117702484130895,-52.3680305480957,-56.169857025146506,-58.66828918457029,-38.1708984375,-41.7795829772949,-43.4038696289062,-38.163047790527294,-42.2906379699707,-30.0577659606934,-22.415002822876,-9.75574493408203,-13.9653930664062,-0.0458145141601562,-6.60435485839844,10.7621536254883,-10.434396743774402,7.03575992584229,-10.6043357849121,2.31240653991699,-13.7193279266357
sub-0092,ses-04,run-03,pain,LOC,314,cueL_stimH,-33.0661125183105,3.98286247253418,-21.2846794128418,-20.514841079711896,-18.0703239440918,-6.27405548095703,-38.052894592285206,-19.736293792724602,-26.067020416259798,-30.188940048217802,-29.915607452392603,4.06564521789551,-3.71391487121582,-4.71149063110352,-16.809642791748,1.04758834838867,-15.337024688720698,-25.7826805114746,-12.216371536254899,-52.3619918823242,-40.852363586425795,-37.058296203613295,-34.0896682739258,-44.3248977661133,-32.4508056640625,-25.162498474121104,2.70335006713867,-11.545921325683599,-1.7653865814209,-8.56604385375977,-23.211072921752898,6.28067779541016,-4.2407112121582005,22.4489479064941,10.588218688964801,12.3171653747559,-13.074613571167,6.37117004394531,-1.1786193847656201,6.302974700927731,20.724544525146502,14.400886535644501
sub-0092,ses-04,run-03,pain,LOC,314,cueH_stimM,2.4236879348754905,3.63662195205688,0.756766319274902,8.49482917785645,9.83378601074219,9.93229675292969,40.081748962402294,20.8733291625977,25.8475494384766,14.975318908691401,-12.964130401611301,-9.96400260925293,-13.697847366333,-16.718280792236303,-7.8699655532836905,-1.4699192047119098,30.2473163604736,-0.5061931610107421,-0.697710037231445,6.2111501693725595,-20.100673675537102,5.71147060394287,-18.154052734375,-18.881462097168,-25.5817222595215,-11.893575668334998,-43.5919075012207,-34.6749687194824,-24.5438957214355,-20.1749420166016,-27.828378677368196,-21.1914329528809,-28.5980415344238,-19.7977180480957,-3.23671913146973,15.1103858947754,39.2290000915527,14.3528442382812,16.458274841308597,20.843460083007802,17.6288986206055,4.86941146850586
sub-0092,ses-04,run-03,pain,LOC,314,cueL_stimM,9.14500141143799,23.335426330566396,-2.36893343925476,-8.887688636779789,9.30839252471924,-18.2959423065186,-1.15712738037109,-29.8438510894775,3.89413452148438,-15.3462419509888,-14.008038520813,17.269645690918,-6.5606584548950195,-19.278110504150398,-43.720489501953104,-20.4490966796875,-44.4476203918457,-38.9077110290527,-51.6559944152832,-39.036834716796896,-52.70317077636721,-33.6334915161133,-66.9591064453125,-55.5182418823242,-36.746894836425795,-35.0425491333008,-64.5809173583984,-29.7747077941895,-23.061586380004897,-14.0658569335938,-23.244234085082997,-20.8467712402344,-13.8359851837158,12.2479658126831,14.06871509552,9.94607162475586,8.574436187744139,23.040748596191396,43.3604850769043,28.044548034668,19.265426635742198,11.0542755126953
sub-0092,ses-04,run-03,pain,LOC,314,cueH_stimL,0.0512981414794922,16.5535202026367,-2.68103790283203,-9.092854499816891,-3.94222450256348,-13.975843429565401,-40.7838134765625,-34.3182411193848,-23.9486141204834,-42.298164367675795,-21.452671051025398,-10.6792488098145,-9.99228286743164,-25.6866989135742,-31.951963424682603,-31.467248916626,-23.4362106323242,-27.411231994628896,-31.2742614746094,-34.159046173095696,-46.376438140869105,-45.181880950927706,-46.2085762023926,-64.27878570556639,-23.0511779785156,-40.968452453613295,-43.256103515625,-47.4554977416992,-36.223213195800795,-24.686599731445302,-41.358428955078104,0.868932723999023,2.61237907409668,-4.593579292297361,33.471668243408196,39.875396728515604,63.6546478271484,48.6078987121582,40.684043884277294,15.870155334472699,39.875457763671896,12.400665283203098
sub-0092,ses-04,run-03,pain,LOC,314,cueL_stimL,7.25492286682129,2.2835521697998,32.887336730956996,16.802833557128903,24.5744781494141,15.788578033447301,6.626338958740231,26.480455398559602,27.9603996276855,9.31142807006836,19.932258605957,2.58960223197937,8.4813060760498,10.529729843139599,5.211891174316411,-1.12984848022461,-9.66528701782227,-39.672538757324205,-44.460910797119105,-38.301910400390604,-49.2326889038086,-70.74913024902341,-36.792549133300795,-27.616153717041,-19.351665496826197,-13.250972747802699,-8.14981079101562,-24.985670089721697,6.03446769714355,-17.0458183288574,-3.6652250289917006,-10.2470111846924,12.8047142028809,24.8709144592285,32.115242004394496,29.463623046875,18.646503448486303,20.6753234863281,27.9431667327881,16.1125240325928,7.05837440490723,15.3055095672607
sub-0092,ses-04,run-03,pain,LOC,314,rating,7.2443323135376,7.14465522766113,-1.17619204521179,-2.65628051757812,-5.849743843078611,-1.3281555175781201,-13.0590143203735,-13.0531482696533,-11.353433609008801,-14.059704780578599,-9.90631675720215,-17.6298522949219,-16.806297302246097,-13.9911651611328,-16.0349426269531,-11.580467224121099,-6.5252685546875,-14.3410968780518,-15.0931711196899,-18.2205753326416,-16.9254550933838,-15.487419128417999,-18.199996948242198,-8.085568428039549,-13.7618398666382,-17.3020286560059,-17.859695434570302,-20.9246864318848,-14.356415748596199,-21.494764328002898,-10.4513521194458,-17.3069686889648,-18.780517578125,-17.4386806488037,-18.5093212127686,-15.642554283142099,-12.016019821167,-11.524759292602502,-8.06753349304199,-8.17393970489502,-9.3387565612793,-14.761617660522498
sub-0092,ses-04,run-03,pain,LOC,314,cue,-13.9475612640381,-4.99657440185547,-3.1058750152587904,-7.7599582672119105,-3.05908203125,-2.44740104675293,-12.9465675354004,-7.27463531494141,-8.26423072814941,2.28791427612305,6.4949779510498,1.95862197875977,7.3592643737792995,0.5961322784423829,19.179790496826197,3.82847213745117,11.0835819244385,14.233428955078098,11.387359619140598,13.5637664794922,14.5055389404297,14.6298217773438,21.2464981079102,24.015254974365202,20.252981185913104,27.649114608764602,21.1866760253906,23.838369369506804,19.3953247070312,24.5691928863525,10.1857128143311,14.0824222564697,19.672399520874,19.2093620300293,26.3713779449463,29.9871139526367,10.8071556091309,17.870342254638697,22.073751449585,0.47472333908081105,4.21542167663574,-2.80090236663818
sub-0092,ses-04,run-03,pain,LOC,311,cueH_stimH,-30.634786605835,-32.5655899047852,-40.987480163574205,-59.3565521240234,-49.9460220336914,-51.8534164428711,-23.1812725067139,-35.0515937805176,-40.7864227294922,-32.4578056335449,-19.281795501709002,-25.8875045776367,-32.448005676269496,-46.6750335693359,-60.347007751464794,-70.60540771484379,-89.5457992553711,-108.17350769043001,-94.4773178100586,-85.0708923339844,-91.13519287109379,-95.10913848876949,-90.2658309936523,-88.4639739990234,-86.6962661743164,-75.21995544433591,-70.6314239501953,-60.83122253417971,-73.22569274902341,-83.0216979980469,-67.62393188476561,-43.802669525146506,-48.0230598449707,-32.1112442016602,-30.2825050354004,-32.3792572021484,-27.4087352752686,-32.7531356811523,-23.6316261291504,-23.1244430541992,-23.1937599182129,-37.6104583740234
sub-0092,ses-04,run-03,pain,LOC,311,cueL_stimH,-48.425296783447294,-33.0910034179688,-31.274368286132802,-50.6697883605957,-38.845363616943395,-42.4355926513672,-35.860877990722706,-41.881401062011705,-31.4292297363281,-31.992301940918,-21.864686965942397,-11.480072975158699,-5.477664947509769,-11.991207122802699,-22.033321380615202,-20.55881690979,-39.1093978881836,-25.4805335998535,-35.3370971679688,-62.247829437255895,-64.60086059570311,-52.737823486328104,-53.684112548828104,-49.608673095703104,-51.61408996582029,-38.0655059814453,-39.150382995605504,-28.2398834228516,-9.66660118103027,-16.1464538574219,-13.832679748535199,-14.423597335815401,-12.754129409789998,-7.57540130615234,-2.99901485443115,4.510168075561519,0.696437835693359,3.7975921630859397,-6.63059997558594,0.979381561279297,-1.52657508850098,0.7477340698242191
sub-0092,ses-04,run-03,pain,LOC,311,cueH_stimM,23.707715988159197,10.5751914978027,24.078050613403303,36.018257141113295,7.37345123291016,11.873373031616199,5.72400665283203,6.15904188156128,8.48269653320312,13.229373931884801,12.7116785049438,-10.7742481231689,-21.4207878112793,3.54568386077881,-18.663005828857397,-11.105224609375,-0.8753886222839359,-22.3098678588867,-16.7882347106934,-15.1508054733276,-23.4037742614746,-24.3149566650391,-39.081626892089794,-32.774547576904304,-60.054103851318395,-38.7767562866211,-45.795501708984396,-50.8357620239258,-51.437416076660206,-35.8886566162109,-37.3185997009277,-38.6531219482422,-33.2789154052734,-29.9139194488525,-23.6431522369385,-0.545284271240234,14.370857238769501,19.3286972045898,20.4907493591309,17.6036224365234,23.5685882568359,15.0739059448242
sub-0092,ses-04,run-03,pain,LOC,311,cueL_stimM,5.1702566146850595,1.3753242492675801,-6.175750732421879,-14.924823760986301,-12.350423812866199,-16.6223030090332,-22.117612838745103,-19.5268383026123,-28.964275360107397,-21.8419189453125,-21.4600811004639,-21.552806854248,-32.6383590698242,-50.1465034484863,-57.1476554870605,-76.72711181640621,-85.99343872070308,-105.849922180176,-85.8153839111328,-81.7362060546875,-92.0366973876953,-88.2473907470703,-97.4267425537109,-87.6797637939453,-82.1551055908203,-79.10626220703121,-66.16351318359379,-78.5774612426758,-47.3073654174805,-46.720130920410206,-54.5440864562988,-46.6360015869141,-33.542160034179695,-25.110130310058604,-30.991174697876,-12.8620071411133,-5.565128326416019,-4.78952407836914,-4.63759994506836,11.625648498535199,3.6099090576171897,-9.26048278808594
sub-0092,ses-04,run-03,pain,LOC,311,cueH_stimL,-11.235782623291,-3.5626235008239706,-23.0515823364258,-20.5942306518555,-25.9724292755127,-44.1365966796875,-52.1279067993164,-53.2039108276367,-50.0310478210449,-57.2191047668457,-64.3878021240234,-46.994834899902294,-45.5712776184082,-52.467380523681605,-47.431358337402294,-57.982505798339794,-46.6293334960938,-56.0709915161133,-59.69438171386721,-65.99249267578121,-60.301918029785206,-61.09855651855471,-63.2665023803711,-80.6507568359375,-63.3516235351562,-71.70343017578121,-68.23907470703121,-80.9635696411133,-91.6083221435547,-87.4679336547852,-82.77345275878909,-45.1679840087891,-27.764818191528303,-10.766258239746099,9.763223648071289,4.247125625610351,38.3051872253418,27.612901687622102,37.414764404296896,38.227867126464794,42.2745361328125,13.249755859375
sub-0092,ses-04,run-03,pain,LOC,311,cueL_stimL,29.346115112304698,15.4751138687134,10.5808639526367,12.479576110839801,1.22208404541016,13.5163993835449,17.0605545043945,13.7869071960449,15.848872184753402,6.96510887145996,7.42895317077637,8.23881721496582,0.28523349761962896,7.71482086181641,-0.0221667289733887,-13.8177404403687,-24.4947662353516,-40.8580932617188,-45.4762115478516,-61.6592216491699,-65.4059371948242,-74.3193740844727,-70.39585876464841,-60.586498260498,-31.605375289917003,-41.4827423095703,-33.751579284668004,-33.2229156494141,-11.7364330291748,-14.9426956176758,-0.32936954498291,-1.3372859954834,3.19324493408203,1.21669769287109,13.6643943786621,9.36582946777344,18.130443572998,20.824462890625,12.806732177734402,16.103887557983402,11.3804454803467,-2.04198455810547
sub-0092,ses-04,run-03,pain,LOC,311,rating,4.75082778930664,8.0241870880127,6.6611442565917995,-1.79127550125122,1.32206654548645,-6.26326465606689,-14.453704833984402,-16.4598560333252,-10.560544967651401,-14.932514190673801,-15.7178859710693,-11.784236907959,-11.4590110778809,-12.085319519042999,-3.77584838867188,0.781558990478516,0.5861797332763671,4.74035692214966,-2.05359435081482,-3.6339573860168497,-11.3249568939209,-22.1819000244141,-21.6850509643555,-25.6227531433105,-26.7484836578369,-36.6012115478516,-30.4105052947998,-29.9337844848633,-32.071018218994105,-27.937400817871104,-28.924917221069304,-25.782203674316396,-21.1274318695068,-22.1499671936035,-25.4566307067871,-21.813293457031197,-20.369535446167,-19.894863128662102,-17.9386005401611,-16.2359447479248,-16.6132831573486,-15.477436065673801
sub-0092,ses-04,run-03,pain,LOC,311,cue,-6.4247531890869105,1.61456298828125,-0.836681365966797,1.9640216827392598,-3.67898559570312,-2.84522819519043,-7.22669219970703,-7.56510162353516,-0.282863616943359,4.97925186157227,9.3143253326416,22.4760398864746,18.8457355499268,27.717552185058604,21.353839874267603,18.1343364715576,19.567592620849602,11.542346954345698,20.2340927124023,18.0409851074219,15.563568115234402,8.74916839599609,6.88802719116211,6.75242614746094,3.57102584838867,7.388492584228519,13.6308422088623,9.13959789276123,11.445348739624,18.401226043701197,16.5846462249756,16.503482818603498,24.444499969482397,29.6615333557129,25.394771575927702,27.069938659668,24.0859870910645,16.253925323486303,9.91476440429688,8.267271041870119,2.3090934753418,-2.69798374176025
sub-0092,ses-04,run-03,pain,LOC,312,cueH_stimH,7.1960763931274405,-19.788888931274396,-10.306282043457001,-35.948280334472706,-34.1978073120117,-16.975975036621097,-10.3234357833862,-8.15852737426758,10.5700387954712,11.6885986328125,15.8293876647949,9.333147048950199,2.2973747253418,3.88331985473633,-8.002902984619139,-11.8563995361328,-28.7302742004395,-27.6016960144043,-35.3014793395996,-36.030517578125,-47.4436836242676,-69.31106567382811,-28.9691524505615,-50.6484527587891,-55.7113227844238,-46.372428894043,-43.414337158203104,-26.3674011230469,-29.301643371582,-36.305671691894496,-30.1538944244385,-8.32376861572266,-3.8640518188476602,13.6712036132812,15.2553977966309,11.1357879638672,20.038120269775398,14.0468139648438,17.957935333252,21.0672588348389,10.2441883087158,14.5211448669434
sub-0092,ses-04,run-03,pain,LOC,312,cueL_stimH,-9.19871997833252,-6.929998397827151,-29.1768264770508,-52.0854377746582,-53.0785446166992,-33.6143188476562,-69.70361328125,-22.783039093017603,-49.1542091369629,-48.7548675537109,-37.1844444274902,-23.125696182251,-53.1434478759766,2.04438018798828,-23.068683624267603,2.4455318450927703,-7.13980865478516,-6.91654968261719,-8.623973846435549,-33.9308471679688,-42.7328491210938,-43.0639038085938,-5.492374420166019,-41.7025756835938,-21.2616806030273,-28.3617763519287,-14.131742477417,-1.4580249786377,30.0599021911621,-20.1025886535645,19.4257640838623,21.540746688842802,34.871658325195305,39.4037208557129,50.513099670410206,46.848297119140604,42.168769836425795,28.3470840454102,13.5536041259766,11.7805328369141,15.842733383178699,20.202411651611303
sub-0092,ses-04,run-03,pain,LOC,312,cueH_stimM,16.743064880371097,0.12311959266662599,-6.98567771911621,-12.2857723236084,1.16331481933594,16.9191551208496,11.031646728515598,10.018159866332999,19.4266605377197,9.8782434463501,-41.698127746581996,-19.6519832611084,-5.78018760681152,-27.762422561645497,-12.6670818328857,10.49587059021,21.526954650878896,-4.430442810058589,-5.20674133300781,-12.8319568634033,-18.9247665405273,-4.642273902893071,-15.7041912078857,-32.3233642578125,-47.2922286987305,-24.7873134613037,-52.737579345703104,-45.316375732421896,-33.4882278442383,-19.7779846191406,-32.480945587158196,-5.2562255859375,-11.6025657653809,18.526807785034197,33.333347320556605,27.924396514892603,40.281063079834,43.70166015625,38.2015342712402,33.1330413818359,4.98743438720703,10.0189552307129
sub-0092,ses-04,run-03,pain,LOC,312,cueL_stimM,20.639575958252,13.7981843948364,7.945123195648191,18.5284805297852,38.4299964904785,29.6229515075684,14.059907913208,12.627253532409698,5.56453895568848,-8.92733764648438,-19.7857875823975,-25.7977867126465,-28.0509300231934,-47.5039138793945,-41.8709716796875,-57.441986083984396,-55.7771224975586,-52.695377349853494,-43.2044677734375,-25.1513519287109,-34.8248977661133,-20.252872467040998,-25.674989700317397,-48.8522338867188,-26.962587356567397,-49.2894897460938,-36.1831207275391,-46.8428611755371,-6.81214141845703,-8.08983421325684,9.9476318359375,-13.9085540771484,32.9784164428711,33.1923027038574,42.1823234558105,42.0712890625,48.0545120239258,55.344566345214794,71.9026641845703,60.449058532714794,44.371734619140604,34.726409912109396
sub-0092,ses-04,run-03,pain,LOC,312,cueH_stimL,-13.435754776001,-15.3893327713013,-6.35353565216064,-12.373781204223599,7.21036720275879,-12.749185562133801,-30.1309299468994,-28.909378051757802,-38.846923828125,-62.43339538574221,-19.659847259521502,-54.6237983703613,-24.611303329467802,-61.48381042480471,-45.979164123535206,-42.793037414550795,-27.751293182373,-44.149810791015604,-42.416007995605504,-36.3347396850586,-53.514892578125,-39.92626953125,-42.251708984375,-66.0627899169922,-33.9132766723633,-47.1950073242188,-55.02522277832029,-45.2560691833496,-42.038825988769496,-36.220695495605504,-26.4627532958984,26.5654449462891,38.0309066772461,79.3777847290039,79.6804962158203,83.43373107910159,101.119110107422,68.011116027832,95.57705688476558,90.6304702758789,72.8945007324219,47.5767669677734
sub-0092,ses-04,run-03,pain,LOC,312,cueL_stimL,-8.62025928497314,-7.33115386962891,-6.01170539855957,14.8792037963867,-20.178581237793,-21.575191497802702,23.284484863281197,9.60974884033203,9.67944622039795,9.89786148071289,10.6635417938232,-4.19219970703125,9.17391109466553,4.45290470123291,17.9267311096191,0.22276973724365198,-16.4773845672607,-37.0785980224609,-68.0422744750977,-66.780517578125,-82.2912139892578,-93.14157104492192,-85.5709228515625,-48.706451416015604,-81.42002868652341,-51.0940818786621,-39.4691734313965,-34.011585235595696,1.86975479125977,-9.31219482421875,-6.41472721099854,4.834869384765621,19.9263534545898,43.361083984375,48.467586517334006,50.20341491699221,28.776901245117198,51.762733459472706,19.637716293335,27.222841262817397,2.3347339630127,2.77225112915039
sub-0092,ses-04,run-03,pain,LOC,312,rating,4.14935111999512,10.0056800842285,-1.0774872303009,4.69150447845459,-5.158634662628169,-2.9327392578125,-15.8764553070068,-6.47374057769775,-7.1889181137085,-2.68177604675293,4.71947860717773,-0.774216651916504,-1.56955337524414,0.44195556640625,0.8363037109375,13.1635208129883,13.292186737060499,8.728305816650389,6.76861667633057,1.42807960510254,2.49154186248779,-8.43269538879395,-7.38604974746704,-5.5064601898193395,-10.876834869384801,-12.888936996460002,-11.971055984497099,-5.6223468780517605,-6.2323784828186,-2.2827749252319305,0.6323843002319339,-6.12328338623047,-2.59521341323853,-12.5278606414795,-8.90563011169434,-6.45322513580322,-6.13576602935791,-2.4696836471557595,-0.884794116020203,-7.858374118804929,-7.101312637329099,-7.62268924713135
sub-0092,ses-04,run-03,pain,LOC,312,cue,-13.043249130249,2.51900291442871,-6.45304870605469,-7.85610008239746,4.153175354003911,-1.1396083831787098,-6.12120819091797,4.1766185760498,2.3704280853271498,17.420711517334002,15.5353260040283,28.6352558135986,26.7940139770508,30.8825626373291,28.3204231262207,21.5626735687256,21.6625022888184,11.6115188598633,23.5127830505371,25.347595214843803,3.4141998291015603,16.3924407958984,19.7137413024902,19.5641479492188,32.6643676757812,26.111614227294897,27.006067276001,28.6099510192871,23.752382278442397,28.8375091552734,18.3107223510742,10.622140884399402,27.682662963867198,5.962002754211429,17.3286247253418,20.1875820159912,15.4314384460449,16.444889068603498,26.264047622680696,0.6518142223358149,-1.1363840103149399,4.405664443969731
sub-0092,ses-04,run-03,pain,LOC,317,cueH_stimH,-28.405771255493196,-35.3197631835938,-42.807403564453104,-49.4100685119629,-48.670082092285206,-35.62156295776371,-21.361770629882802,-25.4382858276367,-26.7041931152344,-35.2243881225586,-39.3649787902832,-42.873847961425795,-34.4868774414062,-33.710578918456996,-38.435546875,-46.267616271972706,-72.80894470214841,-81.4835891723633,-76.36256408691409,-78.11293029785159,-71.2606430053711,-79.14109802246091,-76.07513427734379,-67.2447357177734,-68.274040222168,-55.2412338256836,-48.021656036377,-45.0515670776367,-53.5369720458984,-55.527069091796896,-45.6664543151855,-30.8092346191406,-31.172828674316396,-26.543949127197298,-32.3229103088379,-17.6269378662109,-28.4607086181641,-27.931188583374,-13.745738983154302,-23.679628372192397,-21.6273384094238,-23.3786468505859
sub-0092,ses-04,run-03,pain,LOC,317,cueL_stimH,-9.6928825378418,-17.2833938598633,-9.1113805770874,-18.054780960083,-3.1765193939208998,-4.90484428405762,-12.2023191452026,-16.286479949951197,-26.1554107666016,-20.4796752929688,-18.033260345459002,-8.48409271240234,-9.646013259887699,-12.4813060760498,-10.8139095306396,-14.620677947997999,-26.4307041168213,-21.923231124877898,-33.1767959594727,-26.4837913513184,-38.80039596557621,-44.7839202880859,-39.44919967651371,-42.14573287963871,-28.5116176605225,-29.1462345123291,-27.5836563110352,-29.209741592407198,1.0566349029541,-0.1175537109375,9.515504837036131,8.841634750366211,12.357442855834998,9.095479965209961,7.384796142578121,21.174118041992198,19.0965480804443,17.6145248413086,18.9383544921875,11.390613555908198,5.42527961730957,18.5780181884766
sub-0092,ses-04,run-03,pain,LOC,317,cueH_stimM,4.71281480789185,2.49704146385193,11.921740531921401,9.674848556518551,-2.4832611083984397,4.55443954467773,6.193607330322269,9.21448040008545,3.4659457206726096,2.09592437744141,6.11620426177979,-0.560062408447266,4.80431413650513,2.46257448196411,4.7336368560791,9.22754859924316,-3.1211922168731703,-6.298358917236331,-3.91863059997559,-21.6469020843506,-13.303948402404801,-15.0131492614746,-31.489770889282198,-33.440155029296896,-43.6781692504883,-29.4748382568359,-29.153434753418,-35.9728240966797,-25.416423797607397,-18.6865234375,-13.137114524841301,-7.64225196838379,-10.2373733520508,0.297630310058594,-2.15308570861816,-2.64047241210938,6.6686286926269505,10.0994071960449,3.6253776550293,-1.52006530761719,-0.844867706298828,1.5866279602050801
sub-0092,ses-04,run-03,pain,LOC,317,cueL_stimM,-3.15926456451416,2.0202445983886697,-4.87528610229492,-4.0254831314086905,-12.835168838501,-15.8580169677734,-28.893140792846697,-19.494665145874,-24.4345054626465,-31.0943298339844,-37.4290809631348,-40.7709846496582,-37.012359619140604,-60.9804077148438,-56.354820251464794,-64.617057800293,-73.0712661743164,-79.30723571777341,-76.0243301391602,-63.819297790527294,-59.024139404296896,-70.69288635253909,-65.4675445556641,-69.9023590087891,-67.3805084228516,-64.9476470947266,-63.3895416259766,-53.531623840332,-35.74745559692379,-34.399284362793004,-40.274330139160206,-28.2876472473145,-20.466129302978498,-20.4056930541992,-8.74473094940186,14.727159500122099,8.80372428894043,0.49418449401855497,4.45175552368164,14.8080177307129,12.5764007568359,2.8963775634765603
sub-0092,ses-04,run-03,pain,LOC,317,cueH_stimL,-6.43388366699219,-7.38526248931885,-10.0228853225708,-15.3787841796875,-12.735552787780799,-27.6690673828125,-22.645381927490202,-24.814132690429698,-26.958555221557603,-39.57899856567379,-39.825408935546896,-42.653289794921896,-44.16719055175779,-45.7309646606445,-48.983768463134794,-42.2891235351562,-55.1431541442871,-52.7334060668945,-61.27595520019529,-57.3422317504883,-56.6318435668945,-60.1445541381836,-55.323036193847706,-69.27462768554689,-57.376190185546896,-65.9857330322266,-54.6533355712891,-57.0107498168945,-50.9915962219238,-46.988639831543,-20.2682285308838,-6.4905281066894505,10.0931978225708,16.1863479614258,24.4561920166016,40.006340026855504,42.885261535644496,49.5183792114258,37.7184066772461,49.0323257446289,33.550323486328104,29.0256042480469
sub-0092,ses-04,run-03,pain,LOC,317,cueL_stimL,10.8261098861694,-5.1259651184082005,-6.70930480957031,6.55542755126953,-1.45417785644531,-2.63442993164062,3.34414291381836,3.86514282226562,3.60830974578857,4.19990634918213,4.697762489318849,7.712360382080081,7.13182258605957,-15.280313491821301,-1.5282369852066002,-22.3647994995117,-23.406497955322298,-29.723316192627,-44.5021286010742,-48.5445327758789,-49.1991577148438,-56.47001647949221,-48.6222076416016,-37.186683654785206,-25.632682800293,-26.2048530578613,-21.629051208496104,-16.8497352600098,-9.14840030670166,-8.91242504119873,-1.0376558303833001,-0.0273151397705078,0.591358184814453,12.3887138366699,17.5868034362793,39.4355010986328,24.5011100769043,28.955223083496104,16.4086055755615,11.478046417236301,8.94274139404297,12.1660766601562
sub-0092,ses-04,run-03,pain,LOC,317,rating,-0.247685432434082,-7.34017562866211,-6.12970304489136,-12.9828052520752,-14.5635280609131,-15.9549551010132,-17.3496475219727,-15.6432781219482,-16.0370140075684,-17.444534301757802,-16.1795272827148,-13.075563430786099,-12.609447479247999,-14.3658599853516,-14.871673583984402,-7.25722503662109,-9.69959831237793,-12.2585735321045,-10.5185918807983,-13.264259338378901,-20.3858470916748,-21.1286582946777,-23.6930274963379,-25.7358512878418,-21.341960906982397,-25.9267845153809,-23.727685928344698,-25.679876327514602,-26.6349983215332,-20.326858520507802,-22.2382984161377,-18.346960067749,-21.4612789154053,-19.302810668945302,-18.2703742980957,-17.9052410125732,-16.2832946777344,-14.517948150634801,-13.205108642578098,-13.1942358016968,-10.3775005340576,-10.901947975158699
sub-0092,ses-04,run-03,pain,LOC,317,cue,-1.70581245422363,-5.28802680969238,-5.38025093078613,-2.69241333007812,-3.07644653320312,-5.89621734619141,0.9304122924804691,4.3718986511230495,10.716941833496099,14.945665359497099,21.7403030395508,17.3925704956055,19.5347080230713,19.4493560791016,14.4197483062744,17.160579681396502,15.4913864135742,11.085609436035199,13.7708740234375,16.2997894287109,9.55836486816406,7.62711334228516,7.038509368896481,4.989501953125,9.61887168884277,8.010730743408201,15.6277027130127,8.71511268615723,10.446523666381802,11.112225532531701,10.3317394256592,10.8316097259521,13.825315475463901,16.4852638244629,17.8106155395508,11.8869190216064,8.21212673187256,5.804256439208981,2.4504952430725098,5.2727365493774405,3.4917659759521498,6.529950141906741
sub-0092,ses-04,run-03,pain,LOC,318,cueH_stimH,-17.9766159057617,-15.963184356689501,-13.465934753417999,-38.4345855712891,-38.2318572998047,-24.2943458557129,-21.9682941436768,-35.663825988769496,-24.887615203857397,-5.51385259628296,-16.414894104003903,-25.958017349243196,-20.6306838989258,-10.9077978134155,-23.990243911743196,-25.5174293518066,-40.4683609008789,-67.8570404052734,-58.9256591796875,-60.0422134399414,-54.1974983215332,-68.3649826049805,-71.5795593261719,-67.4442901611328,-66.1440353393555,-54.474212646484396,-54.56098937988279,-58.130973815918,-51.3564224243164,-47.18803405761721,-50.05558776855471,-22.8964138031006,-33.9279823303223,-29.3560523986816,-15.554180145263699,-11.1714324951172,1.9237556457519498,-0.0386867523193359,-18.6650924682617,-8.73643112182617,-6.55861473083496,-12.058824539184599
sub-0092,ses-04,run-03,pain,LOC,318,cueL_stimH,-32.2385025024414,-16.687593460083,-29.2567710876465,-33.0862998962402,-19.4267044067383,-22.9317970275879,-35.973072052002,-38.9600257873535,-42.2278900146484,-30.9712028503418,-20.3577785491943,-3.4406304359436,23.7044563293457,11.772457122802699,1.20531558990479,2.42174911499023,-2.8170986175537096,2.56397247314453,0.9824142456054691,-4.76012420654297,-18.0285491943359,-13.4494476318359,-22.5801830291748,-22.6578197479248,-16.790752410888697,4.18022727966309,-5.20217514038086,-1.04887199401855,24.4047412872314,23.167406082153303,23.2942943572998,20.8269958496094,27.1923446655273,24.187025070190398,37.534694671630895,19.7491245269775,17.1999530792236,18.1574592590332,5.81065368652344,14.0659637451172,0.873590469360352,2.0803747177124
sub-0092,ses-04,run-03,pain,LOC,318,cueH_stimM,10.4658641815186,9.93790817260742,9.872255325317381,11.7490558624268,5.52481842041016,4.47263526916504,22.196716308593803,18.8167972564697,19.153734207153303,2.9473991394043,-5.01908683776855,5.05862045288086,-14.086273193359402,-6.115111827850339,2.3480987548828103,3.7698779106140097,-1.8346090316772499,-6.78898620605469,6.777095794677731,-13.568483352661099,-3.4674596786499,-15.0619478225708,-28.8979988098145,-44.948902130127,-40.443489074706996,-51.0878219604492,-34.2474784851074,-30.423204421997102,-27.842592239379897,5.66568756103516,-11.7399654388428,2.6095161437988303,-2.92572021484375,-4.417259216308589,8.16419792175293,18.6274471282959,11.8143882751465,16.2207908630371,12.5967597961426,5.24110412597656,-5.269752502441411,-1.7608261108398402
sub-0092,ses-04,run-03,pain,LOC,318,cueL_stimM,8.62351322174072,0.9997282028198241,4.34806537628174,-1.04480934143066,-3.98995542526245,-17.175514221191403,-34.2837066650391,-38.037239074706996,-34.8624038696289,-30.1760177612305,-31.068279266357397,-36.741870880127,-44.35673522949221,-53.468910217285206,-51.1774673461914,-56.4125900268555,-69.5462265014648,-55.314979553222706,-52.6205520629883,-45.7599411010742,-32.416267395019496,-33.6301116943359,-41.8569183349609,-45.2734222412109,-45.5478363037109,-41.6965179443359,-37.693550109863295,-43.534694671630895,-16.3899040222168,-15.7837333679199,-19.645206451415998,-10.0710182189941,12.258472442627001,11.0590400695801,17.38108253479,47.1813354492188,37.704254150390604,27.339679718017603,39.681957244873,43.0891799926758,21.8595275878906,19.3032531738281
sub-0092,ses-04,run-03,pain,LOC,318,cueH_stimL,12.122928619384801,16.8614807128906,-0.16325777769088698,-0.214616775512695,-12.466506004333501,-27.947374343872102,-31.4193000793457,-34.580398559570305,-22.250131607055696,-32.085525512695305,-11.824937820434599,-35.375114440918004,-46.9146957397461,-34.891433715820305,-33.2327651977539,-40.2786903381348,-42.783882141113295,-40.4586029052734,-44.9802474975586,-34.0821762084961,-41.610191345214794,-36.503700256347706,-46.9198684692383,-50.478668212890604,-35.013069152831996,-44.2985687255859,-54.8164749145508,-46.7633285522461,-34.237087249755895,-21.655330657959,-4.68146133422852,30.719768524169897,20.397388458252,44.413150787353494,35.5649261474609,50.1992797851562,57.6391258239746,54.491119384765604,44.7714424133301,39.327568054199205,43.182891845703104,21.826965332031197
sub-0092,ses-04,run-03,pain,LOC,318,cueL_stimL,6.125319480896,-3.44343090057373,-2.8385677337646498,-12.749359130859402,-16.0566711425781,3.58513259887695,3.83864212036133,20.4143371582031,11.3917417526245,13.613844871521001,14.7987480163574,21.243585586547898,3.50344371795654,10.146848678588901,3.59044551849365,-3.50105476379395,-10.3009672164917,-32.800788879394496,-36.1251945495605,-40.988582611084,-65.66256713867189,-71.77685546875,-56.4292678833008,-31.0422763824463,-37.323493957519496,-25.8403587341309,-17.331722259521502,-12.622809410095199,4.44388961791992,0.6222858428955079,-2.66529941558838,18.1142463684082,18.0543174743652,22.4633407592773,36.8230781555176,29.462570190429698,33.704597473144496,34.0700721740723,33.825553894043004,31.1749782562256,24.6191234588623,18.0923347473145
sub-0092,ses-04,run-03,pain,LOC,318,rating,0.265445709228516,-1.56474590301514,-4.9197039604187,-7.48239517211914,-6.690991401672361,-9.3650369644165,-10.657018661499,-7.04663848876953,-3.80337524414062,-4.00475215911865,-0.687374114990234,6.48466300964355,5.28582000732422,6.63750457763672,7.0531005859375,9.47738265991211,11.6966037750244,12.5313053131104,2.9737238883972203,5.543368339538571,-1.68967580795288,-7.00738668441772,-10.7975387573242,-10.6736850738525,-13.010658264160199,-13.833963394165002,-7.3376789093017605,-12.587589263916,-14.906609535217301,-11.57994556427,-11.291229248046902,-12.2903099060059,-11.956785202026401,-12.3673763275146,-13.547970771789599,-11.6987218856812,-14.4528722763062,-4.4974861145019505,-8.32688426971436,-6.4627423286438,-3.24166965484619,-10.0061912536621
sub-0092,ses-04,run-03,pain,LOC,318,cue,-4.74777030944824,-2.99463844299316,-1.0836105346679699,2.27304077148438,2.18543243408203,0.470523834228516,4.464454650878911,13.0096797943115,15.6074466705322,19.2341232299805,23.189514160156197,26.613883972168,22.3831939697266,23.792541503906197,16.9029541015625,7.52466583251953,0.864536285400391,6.46207046508789,7.924442291259769,9.96456909179688,10.1328582763672,6.589599609375,8.97382736206055,9.13866806030273,11.366127014160199,10.063882827758801,13.5416202545166,12.0837297439575,14.077490806579599,16.4179000854492,3.6126747131347696,9.1943302154541,10.5547828674316,5.4240837097167995,16.8594951629639,23.3732891082764,13.961291313171401,14.9313478469849,15.706801414489698,8.62941932678223,5.51012325286865,9.6432523727417
sub-0092,ses-04,run-03,pain,LOC,3,cueH_stimH,-12.6768016815186,-7.02958869934082,-10.0024719238281,-39.81103515625,-46.9251556396484,-20.7680282592773,-16.7328395843506,-5.97174310684204,-30.961223602294897,-34.540153503418004,-39.480888366699205,-54.995944976806605,-44.9145278930664,-46.711841583252,-73.8821792602539,-69.699836730957,-111.408157348633,-122.074897766113,-141.293838500977,-140.206253051758,-128.67219543457,-124.81307983398399,-150.317138671875,-125.86434173584,-120.13140869140601,-98.7359161376953,-79.7231063842773,-55.178009033203104,-79.969108581543,-73.67950439453121,-74.0664367675781,-45.71244812011721,-29.090530395507802,-31.9987449645996,-40.2275276184082,-25.5524597167969,-28.7679615020752,-28.8638916015625,-20.5124740600586,-29.203397750854503,-30.9488716125488,-19.650297164917
sub-0092,ses-04,run-03,pain,LOC,3,cueL_stimH,-19.046277999877898,-14.6636219024658,-16.797815322876,-4.1096076965332005,-15.1579055786133,-0.23634624481201197,15.7406692504883,-17.5444431304932,-10.5866947174072,-3.3688478469848597,-7.41208839416504,3.6843824386596697,2.3471870422363303,-14.0328760147095,-18.602191925048803,-18.999870300293,-22.8641414642334,-29.5323753356934,-32.9114761352539,-41.4211578369141,-33.010940551757805,-50.18159484863279,-38.7995147705078,-40.3059234619141,-30.2723407745361,-27.8161544799805,-23.996952056884798,-35.867668151855504,2.7613544464111297,7.00868034362793,5.26403045654297,-9.37679481506348,-11.5125904083252,-5.34597396850586,-12.960435867309599,-5.8070583343505895,-10.5229549407959,4.17955017089844,0.519424438476562,-3.66324996948242,0.694362640380859,3.57339096069336
sub-0092,ses-04,run-03,pain,LOC,3,cueH_stimM,9.03177356719971,9.45174026489258,20.976840972900398,29.8718910217285,28.129173278808604,11.913978576660199,-0.48974609375,35.0710830688477,10.107318878173801,15.277862548828098,9.56181716918945,-25.0252361297607,-9.938436508178711,-18.9903259277344,-17.3233737945557,-3.2909514904022203,-20.944158554077102,-26.198694229126,-25.0930366516113,-2.1732063293457,-13.341407775878901,-22.503002166748,-22.5694961547852,-26.4586391448975,-44.5158462524414,-31.8501167297363,-16.3209934234619,-13.295934677124,-9.86708068847656,-8.102358818054201,3.36033344268799,-5.52236175537109,-24.4551944732666,-9.22499084472656,-23.885032653808604,-5.19571876525879,10.2559928894043,8.74707412719727,13.6886405944824,9.5006103515625,-1.7100448608398402,-1.0213623046875
sub-0092,ses-04,run-03,pain,LOC,3,cueL_stimM,19.373893737793,8.140063285827638,13.3308553695679,17.1860218048096,-4.12675428390503,-32.981979370117195,-26.7113094329834,-25.9730911254883,-38.689445495605504,-30.882205963134798,-42.7220497131348,-59.646266937255895,-69.5734710693359,-56.07136535644529,-79.3344345092773,-82.9626159667969,-93.92169189453121,-104.09035491943399,-126.238143920898,-108.786552429199,-93.0807113647461,-102.62564086914101,-109.70205688476601,-92.7440338134766,-100.41812133789101,-93.2901763916016,-62.998291015625,-74.1571273803711,-31.8844680786133,-29.747705459594698,-36.5912857055664,-36.105400085449205,-24.0250244140625,-25.8893165588379,-21.7024097442627,-10.0277881622314,9.56914520263672,1.94853210449219,0.49169921875,21.3844947814941,-0.618270874023438,4.79490661621094
sub-0092,ses-04,run-03,pain,LOC,3,cueH_stimL,-8.09547805786133,-14.7797346115112,-12.3789119720459,-24.7214336395264,-19.494031906127898,-14.8517189025879,-37.496490478515604,-28.0669803619385,-40.558502197265604,-17.51220703125,-52.0308418273926,-46.9663009643555,-38.5701103210449,-49.5843276977539,-50.9362716674805,-51.9019050598145,-50.2655563354492,-64.04812622070311,-70.3977355957031,-84.3891067504883,-68.06124877929689,-70.634407043457,-92.86837768554692,-71.9956893920898,-57.9633560180664,-56.43623352050779,-40.7371826171875,-44.7470359802246,-54.459358215332,-48.1494369506836,-23.2197093963623,-13.0476741790771,-2.9001436233520494,-2.2848291397094704,21.278434753418,18.357707977294897,23.049901962280302,12.9540863037109,33.113796234130895,18.3543395996094,31.8188781738281,18.9559173583984
sub-0092,ses-04,run-03,pain,LOC,3,cueL_stimL,26.402297973632802,8.18475437164307,-3.1501083374023398,18.8349227905273,22.879753112793,22.3734130859375,2.45618057250977,-1.3113365173339802,3.6794719696044904,-18.6214237213135,-9.79766273498535,-4.8979392051696795,-2.4466323852539102,-8.67830562591553,-1.88212585449219,-0.918951034545898,-24.155542373657198,-19.840202331543,-22.905460357666,-47.275520324707,-39.7099952697754,-39.882316589355504,-53.3957328796387,-49.097583770752,-38.3025894165039,-43.826629638671896,-13.9388599395752,-7.576354503631589,-3.62027645111084,8.66082191467285,2.65316772460938,-11.7576122283936,-19.0441741943359,-4.03170394897461,-4.4939460754394505,11.3458251953125,12.3454055786133,15.0974769592285,10.619386672973599,2.43452644348145,15.520357131958,1.6213893890380902
sub-0092,ses-04,run-03,pain,LOC,3,rating,2.4114933013916002,6.37248945236206,-2.4629027843475297,-5.78672027587891,-5.60975122451782,-8.54172325134277,-8.684658050537111,-8.71997928619385,-9.24081993103027,-5.1224193572998,-8.59757804870605,-9.73637104034424,-3.8225860595703103,-8.17561340332031,-6.166473388671879,2.43585586547852,1.22832107543945,4.38089513778687,3.3467388153076203,-2.23902416229248,-2.46202850341797,-6.10077619552612,-6.104303359985349,-6.8047981262207005,-5.54916954040527,-12.1827831268311,-13.5009098052979,-7.662715911865231,-6.66178226470947,-11.359869956970199,-11.468036651611301,-8.06970596313477,-10.072837829589801,-6.530095100402829,-8.96585464477539,-5.155766010284419,-10.268122673034698,-13.5496482849121,-16.4990844726562,-11.5678005218506,-14.5481014251709,-8.05153369903564
sub-0092,ses-04,run-03,pain,LOC,3,cue,1.65235710144043,-8.798337936401369,0.16093444824218803,-0.8781147003173829,-2.16536712646484,-6.64978218078613,-12.710636138916,-0.720123291015625,-0.427120208740234,10.3395843505859,12.2950782775879,8.183995246887209,7.1288557052612305,12.9464559555054,5.71628856658936,4.155479431152339,7.4798088073730495,3.6426239013671897,5.32221984863281,4.105987548828121,-1.7923889160156203,6.099029541015621,-6.77127838134766,-0.7228851318359379,-6.55868148803711,-8.10409736633301,-5.09691905975342,-2.4222745895385698,-4.49367380142212,-15.611053466796902,-11.517791748046902,-9.71834659576416,-26.7883644104004,-10.932142257690401,-5.94532775878906,-0.15231704711914099,6.94499397277832,1.36709976196289,-11.7683582305908,1.6430826187133798,-1.6131668090820301,-7.16843509674072
sub-0092,ses-04,run-03,pain,LOC,4,cueH_stimH,-18.0971050262451,8.7039737701416,-25.774719238281197,-11.532825469970698,-37.2465667724609,-21.240327835083,9.50698280334473,-13.7591896057129,-6.569354057312009,-1.74499034881592,8.26485538482666,5.26668167114258,13.3661651611328,-6.2437105178833,-31.291744232177702,-27.6977920532227,-38.382804870605504,-54.822914123535206,-61.7697525024414,-46.036563873290994,-59.0897102355957,-87.8802337646484,-64.84371948242189,-75.14349365234379,-66.47146606445311,-41.7117042541504,-51.020225524902294,-54.3106842041016,-44.1048812866211,-45.9718551635742,-6.115362167358401,-6.55732917785645,-8.3442211151123,-8.31067276000977,0.894481658935547,-9.56541442871094,-16.191020965576197,-0.0141735076904297,-11.3680772781372,0.0732612609863281,-5.763238906860349,-14.3056697845459
sub-0092,ses-04,run-03,pain,LOC,4,cueL_stimH,-22.082473754882802,-13.856215476989698,-17.491722106933597,-20.2967224121094,-34.2059669494629,-17.0366249084473,-23.455402374267603,-15.6330738067627,-3.8741168975830096,-18.324687957763697,-15.005687713622999,-0.330711841583252,-2.24746322631836,-19.4315242767334,8.649717330932619,-12.9548606872559,-11.0148773193359,-20.9773921966553,-15.9698829650879,-35.739463806152294,-10.9251346588135,-45.946495056152294,-29.3548183441162,-27.1483974456787,-25.512252807617198,-13.671630859375,-0.889179229736328,-7.39810943603516,16.1797561645508,6.8252277374267605,3.17287063598633,9.76081466674805,4.90936279296875,21.2053337097168,6.591412544250491,-10.999858856201199,8.44574356079102,2.0242805480957,0.11370849609375,10.819934844970698,-7.79386901855469,-20.109310150146502
sub-0092,ses-04,run-03,pain,LOC,4,cueH_stimM,6.13254880905151,-5.47808408737183,-25.9439582824707,-7.82294464111328,-17.311447143554698,10.316701889038098,9.73707962036133,2.2781763076782204,8.754482269287111,2.7902278900146498,-15.104330062866199,-23.3633708953857,5.06649589538574,-22.7507019042969,12.212659835815401,14.913799285888699,-8.41915321350098,-13.9852619171143,-34.105545043945305,10.6759338378906,-9.95912170410156,-27.1195125579834,-36.3406639099121,-35.4773712158203,-24.889554977417003,-13.5758419036865,-45.3006057739258,-43.9518890380859,-27.4286212921143,1.61317253112793,-11.7905683517456,8.81230926513672,-0.43352127075195296,-13.513275146484402,3.7621402740478502,29.5041313171387,25.1895313262939,22.4922142028809,17.206371307373,13.7055206298828,10.462703704834,10.618415832519501
sub-0092,ses-04,run-03,pain,LOC,4,cueL_stimM,29.0777435302734,34.228927612304695,21.3263339996338,12.4195041656494,24.1813888549805,-18.7553272247314,-17.9907855987549,-9.81499481201172,14.218936920166,5.20235252380371,-13.3330783843994,-13.436028480529801,-21.9205703735352,-28.1584205627441,-36.9859008789062,-49.066764831543,-57.204925537109396,-51.3550834655762,-39.6637954711914,-51.022346496582,-49.1880226135254,-28.8992519378662,-51.22529602050779,-62.79402160644529,-58.95796203613279,-25.4185390472412,-37.3097381591797,-34.2250137329102,-20.1332511901855,-3.69131088256836,-24.691026687622102,-26.4922065734863,-18.076862335205103,5.21509456634521,15.5963582992554,29.9101238250732,12.3573055267334,7.53820037841797,36.6803398132324,3.8484115600585898,-9.10316467285156,-1.01847839355469
sub-0092,ses-04,run-03,pain,LOC,4,cueH_stimL,1.51021909713745,7.11006259918213,7.60666131973267,-12.9604911804199,-33.982799530029304,-3.4077935218811,-38.5581932067871,-24.3241786956787,-15.0718822479248,-22.3572731018066,-22.4002113342285,-24.867650985717802,-30.809106826782198,-7.0946683883667,-25.1850528717041,-27.459659576416,-48.912567138671896,-33.8869285583496,-51.318885803222706,-37.453376770019496,-34.0055160522461,-27.9569072723389,-36.3722915649414,-37.8620376586914,-24.3212699890137,-35.362876892089794,-30.641647338867198,-30.0339660644531,-44.5903434753418,-17.8344459533691,4.87292671203613,41.517669677734396,35.805091857910206,44.104866027832,57.819221496582,46.999237060546896,47.2008171081543,63.344352722168,55.39253234863279,41.540740966796896,52.41658020019529,-10.4945068359375
sub-0092,ses-04,run-03,pain,LOC,4,cueL_stimL,13.4974308013916,9.79261016845703,-4.75342559814453,-4.07008361816406,-5.60932159423828,-0.35178756713867204,0.0274505615234375,22.033348083496104,4.973785400390621,-16.8157653808594,16.5497665405273,13.742506980896001,7.85785913467407,-3.8443889617919904,-7.23457145690918,-28.4157028198242,-17.471904754638697,-46.457733154296896,-55.0869255065918,-50.239444732665994,-57.6644439697266,-59.1470756530762,-65.28517913818361,-35.1894760131836,-23.7319526672363,-31.9573402404785,-16.4477005004883,-1.9346237182617199,9.986738204956051,-9.77814769744873,8.264284133911131,28.1149387359619,7.81245613098145,30.312374114990202,33.2010154724121,35.8418731689453,9.46722030639648,28.8026428222656,20.9239120483398,25.8377380371094,13.5341243743896,-0.528553009033203
sub-0092,ses-04,run-03,pain,LOC,4,rating,2.11738681793213,4.40303182601929,8.412242889404299,4.7226858139038095,-2.23948073387146,1.4240608215331998,-2.8588457107543905,-1.6701803207397499,2.26383113861084,-0.877058506011963,4.9294261932373,3.64993286132812,7.389034271240231,3.1273765563964804,14.0592651367188,7.36055755615234,6.76336860656738,7.57830047607422,4.32151126861572,-2.13136386871338,-3.12027549743652,-8.34030914306641,-13.924175262451199,-4.30893135070801,-2.62198352813721,-6.006028175354,-0.353701114654541,-1.40019392967224,-2.61385941505432,-7.053924560546879,0.0005350112915039059,-7.21847915649414,-8.66201019287109,-6.192302703857419,-10.3800296783447,-4.191480636596681,-0.6283159255981451,-11.9351444244385,-11.3428153991699,-1.1119297742843601,1.91549205780029,-10.300513267517099
sub-0092,ses-04,run-03,pain,LOC,4,cue,0.864986419677734,0.118892669677734,-3.20383071899414,1.0929965972900402,0.20613098144531197,3.5222225189208998,6.943416595458981,6.338312149047849,0.8021392822265621,14.8378963470459,15.5994453430176,17.0155868530273,16.396043777465803,15.282106399536099,6.78402328491211,9.54875373840332,12.144510269165002,14.6891441345215,7.461334228515621,12.0122528076172,7.50056457519531,5.00452423095703,17.0821952819824,7.9135246276855495,9.83783531188965,9.8786678314209,14.235494613647498,24.201663970947298,9.14052677154541,8.57273769378662,-0.363959312438965,-3.45783615112305,0.26899623870849604,11.027947425842301,10.562263488769501,12.7075634002686,6.889713287353519,4.24763202667236,17.0276851654053,3.90241599082947,-5.033361434936519,3.2456283569335898
sub-0092,ses-04,run-03,pain,LOC,45,cueH_stimH,-33.678024291992195,-24.537864685058604,-39.6725463867188,-55.560970306396506,-49.0911064147949,-49.619022369384794,-48.074333190918,-38.1163558959961,-44.1225700378418,-39.1318244934082,-60.8567047119141,-57.2902297973633,-61.683563232421896,-59.3275032043457,-66.1983184814453,-68.33151245117189,-100.21647644043001,-123.043876647949,-110.805068969727,-109.49276733398399,-98.4551773071289,-108.78021240234399,-113.273208618164,-99.4354400634766,-105.53483581543001,-92.3024444580078,-79.2021408081055,-72.127197265625,-76.3257293701172,-76.5310516357422,-71.33843994140621,-66.11891937255861,-60.1135787963867,-40.3826789855957,-46.4778442382812,-32.248367309570305,-48.7210540771484,-38.3953971862793,-39.683135986328104,-37.0997085571289,-40.2000961303711,-45.947601318359396
sub-0092,ses-04,run-03,pain,LOC,45,cueL_stimH,-11.0189428329468,-13.0492038726807,-15.8884334564209,-17.227516174316403,-3.46111106872559,5.67874622344971,-2.43341064453125,-10.9674396514893,-3.2870807647705096,-5.1174201965332005,-8.53750038146973,2.92227268218994,3.07382774353027,1.5095500946044902,-5.16746425628662,-12.4307613372803,-28.4853820800781,-30.439327239990202,-33.8393592834473,-39.778404235839794,-45.2757797241211,-55.1164779663086,-45.5273666381836,-36.0245018005371,-41.9815063476562,-21.6558952331543,-32.7853317260742,-30.199417114257802,-8.81102752685547,-9.673440933227539,-4.343711853027339,-7.8295783996582005,-4.67822456359863,-10.355567932128901,4.416251182556151,3.9636459350585898,-1.21377754211426,9.26224136352539,17.3201751708984,12.3893089294434,14.578405380249,22.8214950561523
sub-0092,ses-04,run-03,pain,LOC,45,cueH_stimM,22.914005279541,18.0290451049805,27.865125656127898,21.9345321655273,33.3822860717773,20.449762344360398,17.5774345397949,16.9014358520508,11.908540725708,8.26797294616699,-1.95343852043152,-9.878679275512699,-7.526813507080081,2.01368427276611,-14.553253173828098,-2.88513898849487,-14.5029945373535,-14.644449234008801,-15.156888961792,-27.085979461669897,-21.2092227935791,-33.9143218994141,-30.533527374267603,-38.5779876708984,-43.44685363769529,-33.5090522766113,-52.4109878540039,-39.3952026367188,-44.040210723877,-21.1507968902588,-23.0944137573242,-17.72971534729,-12.8332424163818,-12.406740188598599,-6.235332489013669,0.662086486816406,11.2996311187744,22.5793571472168,23.7998046875,20.402389526367198,11.335880279541,11.127296447753901
sub-0092,ses-04,run-03,pain,LOC,45,cueL_stimM,2.1461949348449703,8.05833148956299,-6.88376808166504,1.5467453002929699,-17.2077503204346,-27.3421630859375,-40.9746513366699,-33.983146667480504,-32.2807235717773,-36.473690032959,-42.880035400390604,-56.21138000488279,-63.489585876464794,-70.7500534057617,-78.1775207519531,-89.46835327148442,-99.93011474609379,-105.833847045898,-109.79871368408199,-110.62907409668001,-104.002960205078,-107.830551147461,-107.343002319336,-103.153793334961,-94.7205657958984,-81.15501403808591,-78.2055740356445,-72.1978302001953,-49.535758972168,-39.4261436462402,-49.130950927734396,-56.4975776672363,-42.049285888671896,-37.249748229980504,-19.6292762756348,-4.9842414855957005,-6.9793186187744105,-5.3805027008056605,-0.499053955078125,10.7969017028809,-6.104095458984379,-5.83351135253906
sub-0092,ses-04,run-03,pain,LOC,45,cueH_stimL,-19.7075824737549,-14.2910003662109,-23.440851211547898,-20.690845489502,-33.6711769104004,-48.8091888427734,-39.252449035644496,-45.4913558959961,-44.355808258056605,-39.7107391357422,-51.954952239990206,-55.1659355163574,-52.5543556213379,-58.325889587402294,-46.4238967895508,-52.294807434082,-56.4521331787109,-46.253173828125,-70.6261444091797,-73.11863708496091,-69.644157409668,-78.3723678588867,-77.28216552734379,-77.7597885131836,-65.65740966796879,-73.83103942871091,-85.7712478637695,-75.6981964111328,-62.7182540893555,-55.796024322509794,-49.234466552734396,-15.742567062377901,-6.498751640319821,-5.11658191680908,11.9312753677368,12.4051666259766,20.2621154785156,27.367130279541,28.179832458496104,35.8147735595703,39.3479766845703,29.7044525146484
sub-0092,ses-04,run-03,pain,LOC,45,cueL_stimL,36.7702293395996,9.05355167388916,13.743404388427699,8.28592681884766,6.18370056152344,-1.2453727722168,7.086063385009769,1.97781753540039,-1.17917060852051,-12.0559616088867,2.23692560195923,1.50353908538818,-0.0977864265441895,3.3411889076232897,1.2666320800781201,-22.052860260009798,-24.892536163330103,-30.772630691528303,-43.15776062011721,-66.0186614990234,-69.1637420654297,-67.5689239501953,-76.3519287109375,-57.4094429016113,-35.213096618652294,-42.4012222290039,-31.700138092041,-24.362890243530302,-11.6172485351562,-8.28474998474121,10.827336311340302,3.55160903930664,-10.1031742095947,9.1980094909668,16.0563049316406,22.452804565429698,32.0956420898438,16.1681976318359,18.453687667846697,19.210262298584002,8.68561172485352,7.0971508026123
sub-0092,ses-04,run-03,pain,LOC,45,rating,3.95773792266846,3.79420852661133,4.102429866790771,-6.71314334869385,-5.91331481933594,-11.9300870895386,-12.008908271789599,-11.537122726440401,-8.288881301879881,-10.3355407714844,-8.0675106048584,-7.26566028594971,-3.8366661071777304,-2.57827758789062,-3.5968017578125,4.96662902832031,3.7065372467041002,5.3641529083252,1.9207737445831299,0.16162204742431602,-2.8329453468322794,-9.81200695037842,-17.428167343139602,-21.775243759155302,-20.4440765380859,-24.0581455230713,-20.687702178955103,-22.7961368560791,-24.868656158447298,-22.9288673400879,-21.812034606933604,-19.7617340087891,-17.3439788818359,-18.4885330200195,-21.6821441650391,-13.908885955810499,-17.389816284179698,-15.2235813140869,-22.400499343872102,-15.8596792221069,-15.3161010742188,-17.0032444000244
sub-0092,ses-04,run-03,pain,LOC,45,cue,-0.10845375061035199,-2.0333271026611297,2.62835693359375,2.52365112304688,-2.16861724853516,-0.6495952606201171,-7.0678386688232395,-3.1555213928222696,4.69995498657227,13.0989017486572,17.702161788940398,19.0862426757812,21.9159812927246,21.460428237915,18.546087265014602,16.0910549163818,19.398859024047898,12.739875793457001,17.1806678771973,21.380294799804698,20.7391510009766,9.90003204345703,9.62863159179688,10.5003814697266,5.584320068359379,-1.44412803649902,7.62339019775391,0.93919849395752,3.2742977142333998,4.12836694717407,-0.44819736480712896,0.10298347473144502,-0.599085807800293,8.74140357971191,14.338775634765598,11.281774520874,11.5902452468872,1.5387058258056598,-0.778807640075684,3.80643057823181,-6.207927703857419,3.52719593048096
sub-0092,ses-04,run-03,pain,LOC,46,cueH_stimH,13.7064695358276,21.3262577056885,3.36420440673828,-7.663700103759769,-4.14613342285156,-3.03919315338135,-1.1075158119201698,-4.7519383430481,-3.0721225738525404,-3.61806774139404,12.245973587036099,-3.7783617973327597,-11.4612293243408,-2.13240814208984,-19.486402511596697,-11.0970802307129,-28.022924423217802,-55.763916015625,-24.1380958557129,-17.488990783691403,-16.9903717041016,-19.9258880615234,-35.884429931640604,-42.7086791992188,-20.566614151001,-18.296955108642603,-19.8511562347412,-18.604091644287102,-18.7573928833008,-20.2430267333984,-7.84860610961914,-1.65735054016113,0.7786407470703121,14.297752380371099,21.3418273925781,23.923538208007802,13.148956298828098,15.8299922943115,14.0549468994141,9.158708572387699,0.176862716674805,4.11633110046387
sub-0092,ses-04,run-03,pain,LOC,46,cueL_stimH,-17.3341903686523,-22.876314163207997,-28.9143981933594,-13.2027368545532,-24.8914947509766,-33.355541229248,-34.4168739318848,-41.2168846130371,-37.195549011230504,-34.705032348632805,-26.6828079223633,-22.150463104248,-4.48113059997559,-25.185447692871104,-22.089731216430696,-31.5791339874268,-27.9363441467285,-24.692440032959,-42.7309341430664,-47.709388732910206,-50.036659240722706,-49.244911193847706,-64.14975738525389,-53.925331115722706,-30.9425773620605,-4.62199401855469,1.00070381164551,11.8838062286377,14.8199729919434,-5.540435791015621,6.90414810180664,19.829833984375,24.5171070098877,37.366859436035206,46.7503776550293,27.8431453704834,13.4180564880371,9.03133773803711,17.5873718261719,17.7108039855957,21.0476360321045,26.603275299072298
sub-0092,ses-04,run-03,pain,LOC,46,cueH_stimM,14.623938560485803,5.49196338653564,12.953861236572301,2.1436767578125,2.8175048828125,9.53667449951172,35.6060943603516,32.2564468383789,30.8127880096436,10.1798057556152,-8.61630535125732,-18.3735637664795,-12.952840805053699,-6.608282566070559,-4.25496959686279,-16.436111450195302,-7.59288120269775,-8.696605682373049,-30.6101379394531,-25.7791366577148,-22.648498535156197,-26.5674324035645,-45.818443298339794,-48.3966064453125,-32.8673324584961,-36.8399887084961,-39.928886413574205,-33.6105728149414,-12.6201725006104,-4.061834335327149,-14.920417785644501,6.22159576416016,0.8011455535888671,0.1177978515625,2.04134750366211,31.739805221557603,19.352493286132802,22.2329292297363,11.711456298828098,3.64657592773438,14.0370025634766,0.297492980957031
sub-0092,ses-04,run-03,pain,LOC,46,cueL_stimM,-26.3655948638916,-4.83662939071655,-0.7814704179763791,-7.84658336639404,-2.9538545608520494,-10.485933303832999,-16.0764579772949,-0.127275466918945,-4.37472152709961,-17.8569774627686,-23.1096458435059,-18.1572380065918,-41.6306571960449,-43.6789360046387,-52.2932357788086,-74.3500671386719,-67.3291473388672,-82.3133544921875,-51.277652740478494,-52.075927734375,-42.8804702758789,-44.308624267578104,-44.006866455078104,-52.650062561035206,-31.9942321777344,-29.2707214355469,-18.375560760498,-25.273117065429698,-0.643608093261719,-4.61167907714844,5.3447151184082005,10.5176029205322,15.8585987091064,18.8275833129883,43.130733489990206,54.177619934082,31.510679244995103,35.957122802734396,50.46623229980471,51.871368408203104,19.3087768554688,26.751022338867198
sub-0092,ses-04,run-03,pain,LOC,46,cueH_stimL,-11.262470245361301,8.02715682983398,-0.0972015857696533,-5.2260160446167,-9.43843173980713,-20.0086441040039,-35.245979309081996,-41.6037826538086,-41.8309288024902,-29.1342506408691,-43.6754341125488,-60.944187164306605,-49.0162353515625,-55.8931350708008,-44.5336990356445,-58.395790100097706,-42.644447326660206,-54.9662857055664,-30.951025009155302,-38.8885269165039,-49.5676193237305,-53.0662727355957,-66.05474853515621,-67.811767578125,-52.089447021484396,-50.196815490722706,-53.4133071899414,-53.854164123535206,-39.6926879882812,-6.79185485839844,5.7441310882568395,27.9101829528809,32.7085952758789,44.7720413208008,59.267333984375,56.997200012207,71.26397705078121,60.6455612182617,52.0822677612305,49.4275588989258,39.8764190673828,30.6280517578125
sub-0092,ses-04,run-03,pain,LOC,46,cueL_stimL,-5.03063488006592,-7.16010284423828,-5.86132621765137,5.439239501953121,1.4923324584960902,-6.396663665771481,27.048900604248,13.020957946777301,9.00607872009277,7.18123865127563,13.815225601196301,-5.40906620025635,-2.63197040557861,-11.5987091064453,-14.7851886749268,-26.810117721557603,-26.305603027343803,-33.8133125305176,-36.9329261779785,-49.74617004394529,-46.01518249511721,-53.4208488464355,-37.292724609375,-38.7664222717285,-24.994150161743196,-23.6113204956055,-23.061111450195302,-13.1619338989258,-4.416845321655269,4.162872314453121,10.3437967300415,18.9827613830566,23.974197387695302,31.1373481750488,33.633575439453104,30.5260162353516,25.0876541137695,32.3465614318848,20.305757522583,21.498409271240202,22.3625755310059,20.453433990478498
sub-0092,ses-04,run-03,pain,LOC,46,rating,-2.3483266830444305,-6.111599922180179,-7.772732734680179,-12.578852653503402,-15.546269416809098,-16.2301864624023,-16.995952606201197,-13.930928230285598,-15.5980377197266,-14.2027168273926,-5.1286244392395,-9.66654109954834,-8.688991546630861,-6.81533050537109,-6.4293212890625,-1.9133987426757801,-2.28590202331543,-4.22947072982788,-5.24456977844238,-6.82045221328735,-16.7816772460938,-8.961038589477539,-13.2406768798828,-13.258182525634801,-15.3686304092407,-17.463508605957,-17.555492401123,-17.5667381286621,-14.120153427124,-9.5256872177124,-10.0555286407471,-12.9013576507568,-15.8696231842041,-20.8751068115234,-17.664096832275398,-12.8325881958008,-12.5467519760132,-6.542819023132321,-7.8820333480835,-9.704545974731449,-8.63702392578125,-9.23703289031982
sub-0092,ses-04,run-03,pain,LOC,46,cue,-14.2079124450684,-8.20587730407715,-1.19942474365234,-0.6862106323242191,-0.348175048828125,-6.029729843139651,1.59652328491211,5.804927825927731,16.3381843566895,19.136074066162102,26.439687728881804,24.1866626739502,20.120380401611303,23.1580791473389,20.3661041259766,16.9415073394775,18.7789688110352,13.962032318115199,12.5833396911621,16.534225463867198,10.7705535888672,10.4776763916016,12.9856224060059,8.78147506713867,9.94558906555176,9.42350959777832,11.7711429595947,2.26168918609619,6.48391246795654,9.40060234069824,7.32368278503418,5.286096572875981,-0.0158252716064453,9.96233081817627,17.7843627929688,7.14113998413086,6.239047050476071,10.8598728179932,9.4736328125,9.13475227355957,11.484476089477502,-4.9163236618042
sub-0092,ses-04,run-04,pain,LOC,279,cueH_stimH,-2.62127685546875,-1.98391342163086,-3.2136383056640603,-2.4715690612793,-16.1196670532227,-12.807702064514197,-15.317586898803699,-9.61626815795898,-27.4056205749512,-12.897308349609402,-31.871522903442397,-26.3196868896484,-24.0705242156982,-23.836462020874,-31.9706649780273,-39.019260406494105,-30.813961029052702,-19.58225440979,-33.6504554748535,-20.2298545837402,-25.3678302764893,-16.9499244689941,-10.3520851135254,-4.35543012619019,10.1577949523926,25.3557624816895,33.7896041870117,31.1704368591309,37.9147186279297,39.0435028076172,20.9621982574463,23.8802185058594,12.429817199707001,24.468505859375,34.6824073791504,23.237102508544897,20.216968536377,27.8822021484375,0.366759300231934,21.087070465087898,23.614755630493196,-0.38564300537109397
sub-0092,ses-04,run-04,pain,LOC,279,cueL_stimH,6.0908031463623,-1.86009883880615,5.311439514160161,-19.527812957763697,-25.4034805297852,-21.9841384887695,-22.4451179504395,-29.7502098083496,-30.1814746856689,-32.1377639770508,-55.6081886291504,-29.3739967346191,-33.264572143554695,-26.828853607177702,-33.2492523193359,-29.381614685058604,-28.439769744873,-17.8050422668457,-5.58654594421387,-27.4371223449707,-12.8149738311768,-38.643482208252,-37.1595306396484,-30.001262664794897,-25.0219039916992,-4.25324249267578,9.63700485229492,25.13134765625,21.9671115875244,34.467819213867195,36.6599349975586,29.050128936767603,28.9851417541504,34.0663833618164,25.3527755737305,10.2877540588379,30.7216110229492,9.8941707611084,30.1492347717285,17.2120208740234,27.5901718139648,16.93896484375
sub-0092,ses-04,run-04,pain,LOC,279,cueH_stimM,4.49320983886719,6.248371124267581,-8.29573822021484,-12.3307304382324,-20.767822265625,-3.97020530700684,-15.2987747192383,-18.327100753784197,-28.1694831848145,-10.7378406524658,-19.3230266571045,-21.938846588134798,-14.0977935791016,-17.466896057128903,-2.81462430953979,-2.73478507995605,16.462867736816403,13.692174911499,6.55539846420288,24.66819190979,14.2823801040649,27.948322296142603,15.2759742736816,21.617145538330103,10.6327209472656,7.7462911605835,10.3429594039917,-6.26774787902832,20.3519439697266,-0.194138526916504,3.3292694091796897,7.3559074401855495,-20.1632385253906,3.6955509185791002,-14.535587310791,-11.936786651611301,-11.575489044189501,-2.8419952392578103,-3.9217071533203103,-11.4388008117676,-21.5939598083496,-12.780942916870101
sub-0092,ses-04,run-04,pain,LOC,279,cueL_stimM,11.120887756347699,17.1210021972656,24.7285346984863,23.095905303955103,29.791479110717802,-6.7905101776123,15.6642093658447,5.186278343200679,4.981116771698,8.74618244171143,-5.95159816741943,-10.786984443664599,-5.70162105560303,-13.1201782226562,3.8248276710510294,-4.43192481994629,12.6976566314697,-15.4081287384033,-0.873183727264404,-9.89217758178711,-0.827118873596191,-10.2016973495483,-10.474836349487301,-1.2531881332397499,-4.76574325561523,1.3442153930664098,-2.30694317817688,-8.55140590667725,-0.0767097473144531,8.697704315185549,-4.14130878448486,12.735050201416,-1.89171123504639,7.9484767913818395,-8.41059017181396,9.417844772338869,-8.60841178894043,-0.0132970809936523,-8.37253761291504,1.45599555969238,2.7385101318359397,-12.7413005828857
sub-0092,ses-04,run-04,pain,LOC,279,cueH_stimL,-1.9848742485046398,-5.821075439453121,-16.301326751709002,-9.273908615112301,-20.7351894378662,-10.5293388366699,-10.231332778930698,-0.741562128067017,-4.632789611816411,6.899667263031009,-8.12524795532227,-5.829410552978519,5.5274143218994105,-13.6072044372559,-4.67282295227051,-17.0151119232178,-17.134078979492198,-20.5789394378662,-25.5953350067139,-24.7615261077881,-15.148765563964801,-26.1435050964355,-19.801326751709002,-20.057308197021502,-20.316097259521502,-12.7904624938965,-2.8322629928588903,-1.67037296295166,-19.9260940551758,-1.9323034286499,-10.641695976257301,-9.00515747070312,-12.9818563461304,-15.055561065673801,-5.53408050537109,-21.197767257690398,-14.960147857666,-19.1026782989502,-12.736026763916,-20.755172729492198,-23.3064613342285,-27.9663600921631
sub-0092,ses-04,run-04,pain,LOC,279,cueL_stimL,-5.55437898635864,-4.100982666015621,1.68198013305664,-2.19637298583984,-5.80016326904297,0.572254180908203,-9.90544319152832,-0.0292329788208008,-19.9698162078857,4.7143049240112305,-16.5159702301025,-8.01597213745117,-19.7699565887451,-18.038494110107397,-30.578414916992198,-41.7126693725586,-37.4394111633301,-35.8613929748535,-28.2427806854248,-39.9076080322266,-21.863561630249,-39.762996673584,-20.018346786499,-13.0291433334351,-4.024121761322021,3.70289421081543,6.854802131652829,16.4831047058105,15.1933650970459,13.5924463272095,2.8204145431518595,22.582311630249,1.28940486907959,15.1343297958374,2.9405479431152304,4.80370140075684,-0.7607097625732421,15.780155181884801,-1.98094177246094,11.833240509033198,6.849185943603519,10.4680328369141
sub-0092,ses-04,run-04,pain,LOC,279,rating,-3.71842813491821,-5.2590126991272,-4.7610969543457005,-11.6524438858032,-10.5124855041504,-13.3694267272949,-11.1742477416992,-9.30385875701904,-8.36981582641602,-8.58029174804688,0.0943489074707031,1.4260063171386699,-1.8688430786132801,0.81890869140625,5.36749267578125,8.28936386108398,9.79928112030029,6.47659778594971,0.85096263885498,-4.5168557167053205,-3.3734078407287598,-4.80483102798462,-8.107410430908201,-6.92434930801392,-9.44641590118408,-11.7646036148071,-11.4695606231689,-13.2431545257568,-14.462277412414599,-9.67094898223877,-8.59670734405518,-6.3799142837524405,-3.5755431652069105,-6.04160213470459,-5.65253353118896,-5.37526798248291,-11.328653335571301,-10.371065139770499,-14.450434684753402,-14.3845300674438,-15.3482112884521,-17.696359634399396
sub-0092,ses-04,run-04,pain,LOC,279,cue,-1.5549116134643601,0.9192533493041991,-3.2295475006103502,7.98324203491211,3.6363372802734397,6.3932590484619105,14.3744831085205,13.5088758468628,10.4451541900635,16.9556884765625,16.2283554077148,17.4245624542236,21.904237747192397,21.4731216430664,18.8133239746094,8.017429351806639,12.7783050537109,7.11032867431641,8.58616638183594,3.1678924560546897,-0.0727157592773438,-2.77251052856445,-4.54738903045654,-2.90727090835571,2.8274335861206095,3.02678298950195,3.56678056716919,10.513610839843802,12.504753112792999,14.718542098999,20.836227416992198,11.6583766937256,6.62660789489746,1.88987159729004,-1.60138320922852,-3.96537494659424,-5.40667533874512,-8.25525569915771,-1.28728652000427,-7.560153007507321,-2.76988792419434,-8.30104446411133
sub-0092,ses-04,run-04,pain,LOC,280,cueH_stimH,-26.8616580963135,-31.873050689697298,-36.5173568725586,-38.3628082275391,-30.8569717407227,-40.129367828369105,-38.6996459960938,-42.210777282714794,-36.3366546630859,-25.5217685699463,-40.1981086730957,-41.1036033630371,-31.7141819000244,-16.183423995971697,-24.5468368530273,-20.5556583404541,-4.87076616287231,-4.9385404586792,8.53642463684082,15.8836755752563,25.300048828125,36.6964111328125,38.2449989318848,35.2187957763672,50.4807357788086,63.4383773803711,51.2893676757812,49.2192611694336,43.9832077026367,36.506072998046896,39.7588653564453,35.34788131713871,40.942558288574205,40.673187255859396,40.132137298584,31.658990859985398,35.093883514404304,42.6026763916016,28.9971218109131,44.441680908203104,52.1802368164062,37.522369384765604
sub-0092,ses-04,run-04,pain,LOC,280,cueL_stimH,-30.2446117401123,-34.0442085266113,-21.1284255981445,-65.1631011962891,-53.472412109375,-56.3975486755371,-63.7648124694824,-66.7328262329102,-73.1430206298828,-63.495849609375,-64.9668655395508,-46.46211242675779,-67.25167846679689,-56.1796798706055,-74.379524230957,-68.12911987304689,-62.4064712524414,-42.0424766540527,-37.616725921630895,-31.509595870971697,-22.8598613739014,-11.616640090942399,-19.1930618286133,-7.9095196723938,2.61949253082275,23.235778808593803,36.4563140869141,31.1005516052246,36.271369934081996,45.5132904052734,35.6045684814453,25.8992481231689,20.342319488525398,6.95722770690918,2.94463348388672,-4.210357666015621,4.97972297668457,-2.8100357055664102,2.6441631317138703,5.42630767822266,5.325660705566411,1.74385070800781
sub-0092,ses-04,run-04,pain,LOC,280,cueH_stimM,0.7133255004882809,-1.3746414184570301,-9.41277313232422,-11.461231231689501,-19.479415893554698,-13.649615287780799,0.9847311973571781,-1.0504937171936,-7.127972602844241,-5.2603034973144505,-16.936597824096697,-19.8390960693359,-10.6600637435913,12.6475353240967,21.303066253662102,7.46591663360596,21.6179466247559,27.7836589813232,38.545581817627,36.5409812927246,31.1291522979736,18.988454818725604,24.995559692382802,18.8384094238281,22.427480697631804,4.2382230758667,-6.46142292022705,-0.793500900268555,-5.453387260437009,-11.233893394470199,-9.74575805664062,-8.28496360778809,-0.19659423828125,-1.6131763458252,10.496807098388699,-4.24578475952148,14.3910522460938,-2.2256317138671897,0.299163818359375,-6.48805999755859,-4.55193138122559,-5.458099365234379
sub-0092,ses-04,run-04,pain,LOC,280,cueL_stimM,29.8022994995117,26.2129821777344,43.675384521484396,33.271739959716804,38.982139587402294,14.460165977478,15.355039596557601,23.3097991943359,13.2996053695679,0.7623262405395509,2.76073670387268,6.29030990600586,-6.3999919891357395,-2.4226865768432595,6.904473781585691,1.77846884727478,9.284284591674801,-2.28047370910645,-3.59340906143188,6.925668239593509,-7.9754924774169895,-17.3294506072998,-12.436274528503402,-26.749397277832,-12.4374904632568,-7.83907604217529,9.39497375488281,5.33228015899658,7.8133373260498,11.9253826141357,9.17817306518555,11.102489471435499,11.961787223815902,0.678540229797363,13.485210418701199,-5.2050313949585005,-0.672956466674805,-9.75123405456543,-5.147300720214839,-25.6665191650391,-3.63695526123047,-4.71798324584961
sub-0092,ses-04,run-04,pain,LOC,280,cueH_stimL,21.4848117828369,11.179971694946301,-0.14669895172119102,-12.334342956542999,-8.20473098754883,-9.958005905151369,-9.13304042816162,-9.57998085021973,10.0992889404297,-8.05850887298584,15.6705160140991,6.21825647354126,6.82529449462891,6.49055051803589,7.11586856842041,6.7568645477294895,0.0619516372680664,-3.77416014671326,-20.403766632080103,-21.4039573669434,-32.6879539489746,-27.9882507324219,-29.5738220214844,-21.5494537353516,-12.6883096694946,-21.8188629150391,-12.5626668930054,-13.2665319442749,-22.834459304809602,-5.34724712371826,-11.4152050018311,-2.57281112670898,-6.27510833740234,-2.99292945861816,-0.0831699371337891,-10.4391937255859,-12.7189846038818,-17.9441528320312,-14.416618347167999,-4.09349060058594,-15.9398994445801,-12.5718097686768
sub-0092,ses-04,run-04,pain,LOC,280,cueL_stimL,11.119354248046902,45.918701171875,15.788227081298801,28.7974472045898,16.0589904785156,6.14692497253418,17.652702331543,14.029038429260302,-6.11995553970337,11.4276180267334,0.0338034629821777,-8.57756996154785,-14.255097389221199,-22.4261474609375,-27.6875152587891,-36.15321731567379,-35.9927101135254,-33.892822265625,-25.7277183532715,-35.8145980834961,-35.942955017089794,-25.8678894042969,-13.205160140991199,-10.2467565536499,-8.50104522705078,9.303521156311039,16.3723392486572,36.4795265197754,16.9011573791504,22.376733779907198,24.105690002441396,19.0736770629883,15.5151195526123,10.5367965698242,17.9169616699219,9.895708084106449,25.7579536437988,15.3218669891357,17.391769409179698,15.0218925476074,20.5673904418945,33.670944213867195
sub-0092,ses-04,run-04,pain,LOC,280,rating,3.15682458877563,3.07595705986023,-0.691738843917847,-3.41474580764771,-0.5617990493774411,-2.37329912185669,-2.6617627143859903,-3.4121580123901403,-4.52985095977783,-3.22305297851562,3.12934494018555,3.5159797668457,5.705535888671879,7.913055419921879,14.356300354003901,18.8064804077148,13.7170896530151,15.413920402526902,13.8683300018311,11.772310256958,9.11529445648193,9.9726619720459,7.85997438430786,0.8492379188537601,0.13271951675415,4.23738288879395,-1.46953058242798,1.31984710693359,4.05917930603027,5.031166076660161,1.72442293167114,1.1504106521606399,1.65380334854126,3.3240575790405296,2.90359783172607,-4.20607566833496,-5.90835046768188,-12.4752655029297,-17.9105186462402,-15.7399005889893,-17.268020629882802,-16.913307189941403
sub-0092,ses-04,run-04,pain,LOC,280,cue,-0.264549255371094,4.08487510681152,1.1192207336425801,0.579738616943359,5.51801300048828,-0.479080200195312,7.63398313522339,5.91817855834961,12.085106849670401,15.652549743652301,19.1368579864502,18.931453704834002,22.8970069885254,27.8723640441895,24.590360641479503,17.216136932373,21.467819213867198,23.3005523681641,14.4059448242188,9.91474914550781,-1.121826171875,-9.24026870727539,-6.655094146728519,-17.382757186889602,-11.0727825164795,-15.4393396377563,-9.23138809204102,-5.4012966156005895,7.17548418045044,7.719372749328611,4.6379189491272,7.77219581604004,-4.095069885253911,-6.21907711029053,-15.408954620361301,-23.448913574218803,-17.508277893066403,-24.4073085784912,-21.475561141967802,-27.8834667205811,-23.2204475402832,-21.1780395507812
sub-0092,ses-04,run-04,pain,LOC,281,cueH_stimH,-9.89226531982422,-3.6009979248046897,-20.1682205200195,-13.900146484375,-27.5899658203125,-26.2173900604248,-33.3730850219727,-32.115734100341804,-15.997529029846199,-14.2346935272217,-26.7470188140869,-41.665012359619105,-25.1640090942383,-18.7577285766602,-23.9513454437256,-23.102880477905302,-8.29653644561768,-5.72874116897583,-20.3625984191895,3.9495303630828897,-9.15120887756348,-1.05790710449219,15.312995910644501,11.655824661254899,39.6029281616211,51.7529983520508,39.356681823730504,58.091335296630895,39.089385986328104,55.077178955078104,43.3959350585938,32.181037902831996,43.228607177734396,26.304590225219698,30.548082351684602,25.1519260406494,35.568183898925795,19.7420043945312,36.794715881347706,44.6533088684082,24.8847007751465,41.813232421875
sub-0092,ses-04,run-04,pain,LOC,281,cueL_stimH,8.75880432128906,-18.137315750122102,-3.70803833007812,-16.0867309570312,-31.737737655639602,-35.397979736328104,-40.957099914550795,-31.576478958129897,-44.4560661315918,-39.589752197265604,-43.0704345703125,-47.97802734375,-66.1137847900391,-49.2483520507812,-61.4049301147461,-54.8487777709961,-66.5935897827148,-56.818717956543,-25.2245025634766,-26.006666183471697,-41.047615051269496,-37.263710021972706,-37.4617195129395,-28.871208190918,-37.5612373352051,-26.2526168823242,7.5832834243774405,6.6674089431762695,19.754753112793,30.4812507629395,20.464878082275398,3.5764131546020494,7.404009819030759,11.3606624603271,22.978624343872102,-6.791378021240231,-0.649423599243164,11.486873626709,-2.9062290191650404,10.4413757324219,15.1287097930908,9.26252555847168
sub-0092,ses-04,run-04,pain,LOC,281,cueH_stimM,-1.68476867675781,-10.3663368225098,-26.3035354614258,-25.191957473754897,-24.6950302124023,-12.8860445022583,-24.7695960998535,-7.705920219421389,-25.7332611083984,-19.594617843627898,-20.596134185790998,-22.1787376403809,-35.563385009765604,-12.365859031677198,-4.98335218429565,-8.99318885803223,28.465816497802702,24.8254013061523,34.4523506164551,33.0273780822754,12.7896995544434,8.616392135620119,22.193355560302702,22.5938320159912,12.3968677520752,12.2162017822266,-4.61061191558838,-18.9029846191406,-10.705340385437,-16.614967346191403,-0.41859626770019503,-9.19228553771973,-18.627618789672898,-7.2751140594482395,-9.41674041748047,-7.03981018066406,-1.01225662231445,4.93212890625,2.07769775390625,-2.70455551147461,0.238739013671875,-0.865001678466797
sub-0092,ses-04,run-04,pain,LOC,281,cueL_stimM,22.3994064331055,19.1923141479492,14.8949871063232,19.157537460327102,24.231201171875,-1.35048198699951,-6.090261936187741,8.20326519012451,-5.43633270263672,-20.7701683044434,-5.704636096954349,-13.498086929321301,-7.48432922363281,-15.1487331390381,-9.64851188659668,-8.82820129394531,-1.03911781311035,-10.6366405487061,-16.1800403594971,-16.8138294219971,-17.5231781005859,-13.072413444519,-37.3445625305176,-32.0859756469727,-27.961009979248,-15.5582361221313,-11.701003074646001,-11.114452362060499,-15.0039920806885,2.25292015075684,-2.0411224365234397,-1.56211853027344,0.923579216003418,10.7762546539307,-11.2270965576172,5.165413856506349,-1.27650547027588,-11.115363121032699,-10.392096519470199,-8.01905059814453,3.58585929870605,-10.410192489624
sub-0092,ses-04,run-04,pain,LOC,281,cueH_stimL,8.537867546081541,6.26070833206177,-13.9692707061768,-21.0564556121826,-24.388803482055696,-12.3260841369629,-8.62511444091797,-10.4533720016479,-0.18343293666839602,-23.034368515014602,-7.90139293670654,-18.752244949340803,-5.86474466323853,-3.29830408096313,4.936798095703121,-10.0895833969116,-10.055645942688,-17.723680496215803,-25.671094894409197,-29.75390625,-12.7830657958984,-29.7167015075684,-35.6122703552246,-32.2548484802246,-32.8670310974121,-31.0683250427246,-22.523790359497102,-33.520904541015604,-25.118595123291,-29.7154846191406,-23.9078750610352,-13.168067932128901,-11.7815980911255,-26.5990524291992,-26.6443767547607,-35.9179534912109,-23.2774295806885,-14.781715393066401,-16.7788352966309,-8.49836730957031,-16.9368915557861,-10.593534469604501
sub-0092,ses-04,run-04,pain,LOC,281,cueL_stimL,-3.77307748794556,10.8840484619141,16.4139823913574,7.75145721435547,13.217823028564501,7.53902244567871,0.36002731323242204,-4.3489499092102095,-20.2602005004883,-22.5913906097412,-30.0376987457275,-27.4734535217285,-19.978557586669897,-39.450592041015604,-44.3443183898926,-41.698455810546896,-50.511848449707,-45.629753112793,-39.509712219238295,-40.986423492431605,-34.6104774475098,-44.66560363769529,-34.708770751953104,-34.5274505615234,-22.8385887145996,-13.327625274658198,-3.6132640838623,5.12594795227051,12.728661537170401,2.8987712860107404,8.512270927429201,2.16603851318359,-0.5262737274169921,-0.268260955810547,6.11758804321289,-2.15845680236816,7.01531982421875,0.369832992553711,12.5142345428467,-8.83002853393555,5.65951156616211,-1.86883544921875
sub-0092,ses-04,run-04,pain,LOC,281,rating,-3.9553852081298797,-10.772681236267099,-9.009359359741211,-6.9457688331604,-8.007754325866701,-12.2464094161987,-12.4992160797119,-6.1009626388549805,-12.278933525085401,-6.1944465637207005,-9.08562850952148,-11.3781394958496,-13.538799285888699,-12.260284423828098,-8.98083114624023,-6.71779441833496,-8.230348587036131,-6.493008613586429,-8.93598175048828,-8.44494152069092,-17.8410243988037,-13.6126613616943,-16.0690841674805,-17.1182479858398,-17.602668762207,-13.829909324646001,-15.1208648681641,-20.0189418792725,-17.5750045776367,-21.763719558715803,-13.0082483291626,-18.387674331665,-16.4325923919678,-11.5744295120239,-10.993185043334998,-14.225597381591802,-17.1610717773438,-16.935489654540998,-23.200809478759798,-23.1305656433105,-16.141178131103498,-19.196710586547898
sub-0092,ses-04,run-04,pain,LOC,281,cue,3.99971199035645,3.5878944396972696,8.92398834228516,8.89660263061523,10.1146545410156,21.0493316650391,16.2232055664062,27.4131259918213,25.8287467956543,19.1598224639893,30.2429008483887,27.5736465454102,32.5525283813477,32.1235198974609,30.8633193969727,23.686988830566396,21.424240112304698,33.0962448120117,25.3981094360352,18.3440246582031,18.5729446411133,10.1050338745117,11.682594299316401,11.2075452804565,13.0987129211426,10.358295440673801,9.02209186553955,25.9717102050781,32.473068237304695,23.411491394043,20.4033164978027,12.8848171234131,6.953369140625,1.31002998352051,-3.9845008850097696,-7.0386042594909695,-2.9391303062439,-6.3281764984130895,-2.06031274795532,-12.6573314666748,-10.3690052032471,-12.1927938461304
sub-0092,ses-04,run-04,pain,LOC,282,cueH_stimH,-17.0076789855957,-33.747711181640604,-44.48796081542971,-40.8268280029297,-62.039234161377,-36.446769714355504,-31.690574645996104,-28.050121307373,-27.1663131713867,-46.1889801025391,-38.1109275817871,-19.2299766540527,-16.5111598968506,20.2753524780273,16.5261726379395,34.756008148193395,39.2785034179688,27.981752395629897,46.8256607055664,28.2213916778564,39.287544250488295,50.6225357055664,61.411769866943395,79.11676025390621,102.02683258056601,103.161293029785,96.39293670654301,84.5068054199219,74.38829040527341,84.94342041015621,81.4484329223633,73.0372009277344,50.18107604980471,66.72640991210939,60.057743072509794,46.9011154174805,47.6574516296387,64.6126251220703,34.530563354492195,35.870758056640604,41.292045593261705,29.1703796386719
sub-0092,ses-04,run-04,pain,LOC,282,cueL_stimH,24.8361549377441,26.715404510498,23.0282516479492,5.6579475402832005,-34.9254341125488,-16.3014049530029,-36.898250579834,-36.9612236022949,-49.086849212646506,-34.208816528320305,-38.650539398193395,-18.2705402374268,-21.9454345703125,-29.7277679443359,-28.7994499206543,-27.0950756072998,-35.864433288574205,-21.2605934143066,22.876878738403303,7.211688995361331,10.576313018798801,17.4334373474121,3.6148729324340803,25.295644760131804,26.852087020874,38.1083374023438,56.9825210571289,67.9319381713867,56.6959381103516,58.4354133605957,52.886993408203104,38.4859161376953,19.9473152160645,28.733928680419897,28.901683807373,10.6607704162598,30.044893264770497,17.8427696228027,25.9351634979248,14.824277877807601,31.477647781372102,-4.92024230957031
sub-0092,ses-04,run-04,pain,LOC,282,cueH_stimM,-10.4159393310547,-7.29492950439453,-43.47831726074221,-39.9510650634766,-50.9490165710449,-14.006700515747099,-50.0816421508789,-20.9721927642822,-24.335750579834,-17.932758331298803,-39.373817443847706,-38.2728500366211,-22.2682571411133,-24.1938095092773,-0.0933623313903809,-7.37708330154419,4.628043174743651,17.3460350036621,39.139553070068395,39.6706199645996,27.8606986999512,18.739238739013697,2.102952003479,32.277400970459,24.2084846496582,16.119499206543,-5.8680095672607395,8.54122352600098,20.981517791748,-3.02836322784424,16.3709754943848,19.6392974853516,-34.2203521728516,-6.4265041351318395,-10.745269775390598,0.00922012329101562,-17.6386108398438,0.131439208984375,-5.54673767089844,-3.16989517211914,-12.498424530029302,-11.1112575531006
sub-0092,ses-04,run-04,pain,LOC,282,cueL_stimM,-5.62847137451172,20.3905334472656,15.4662609100342,7.26504898071289,22.185958862304698,-20.3190422058105,-11.054685592651401,-7.81559419631958,-13.548299789428699,14.9219207763672,-9.10539722442627,-8.15209293365479,-11.4232425689697,-25.118091583252,5.52485227584839,-5.38346862792969,6.0403881072998,-16.632209777832,-6.992019176483151,-11.489307403564501,-1.5260114669799798,-4.781471252441411,-18.0001449584961,-13.626102447509801,-6.38093376159668,-11.5666046142578,-8.47507381439209,-19.5037841796875,-3.5993537902832,-8.81392669677734,0.516828536987305,-3.42848014831543,-13.049295425415002,1.66276359558105,-13.703086853027301,0.187422752380371,-21.41921043396,-5.10702133178711,-6.839420318603519,-5.48250961303711,-4.61504554748535,-4.25545883178711
sub-0092,ses-04,run-04,pain,LOC,282,cueH_stimL,-14.879720687866199,-14.006578445434599,-16.703060150146502,-9.500444412231449,-14.032247543334998,-6.79920864105225,-19.7167892456055,-6.92277193069458,-22.686767578125,-15.3430166244507,-9.97592353820801,-15.1151580810547,7.46084213256836,-27.930234909057603,6.20131015777588,-2.8866357803344704,22.4483642578125,5.3788013458252,4.53576612472534,-10.2854442596436,-8.07674407958984,-8.8100700378418,-11.6858005523682,-16.9254550933838,-15.688394546508801,-24.3067436218262,-8.08646583557129,-12.103703498840302,-5.2901105880737305,-24.257192611694304,-12.571136474609402,0.497798919677734,-5.2010440826416,-8.25747871398926,-13.3560047149658,-12.6699733734131,-25.269678115844698,-24.495897293090803,-18.5963287353516,-32.088821411132805,-15.9824562072754,-28.602651596069304
sub-0092,ses-04,run-04,pain,LOC,282,cueL_stimL,4.94564294815063,1.67648792266846,7.1639518737792995,9.83016204833984,1.99660873413086,-13.181888580322301,6.443570137023929,2.2101020812988303,-29.192455291748,9.13283920288086,-34.9819755554199,-23.480005264282198,-39.9585571289062,-28.669212341308604,-55.034332275390604,-47.6333808898926,-37.3975677490234,-52.834407806396506,-40.949775695800795,-50.727565765380895,-47.76383972167971,-31.276062011718803,-23.2566986083984,-23.329216003418,-13.1889038085938,4.8390207290649405,10.9752140045166,20.485519409179698,23.576599121093803,32.2366943359375,-9.20684814453125,24.964082717895497,-2.87382221221924,10.6106433868408,7.55777359008789,20.699068069458,18.1560020446777,12.2552318572998,-3.79346466064453,3.3070831298828103,10.2896156311035,10.4705047607422
sub-0092,ses-04,run-04,pain,LOC,282,rating,0.469326853752136,-6.39684963226318,-4.60134363174438,-12.272953033447301,-12.348287582397498,-11.9083499908447,-16.6655597686768,-10.0397682189941,-22.4486770629883,-19.9958610534668,-14.6858711242676,-14.5748634338379,-18.940315246582,-22.427185058593803,-17.7406311035156,-7.45623779296875,-4.31354808807373,-5.65010166168213,-6.71768951416016,-5.09775924682617,-14.853274345397901,-10.5928058624268,-8.94514083862305,-10.1517009735107,-13.335000991821301,-12.284915924072301,-20.142253875732397,-18.0727157592773,-21.478858947753896,-10.5860252380371,-14.308246612548801,-18.2265033721924,-15.6434326171875,-12.262803077697802,-18.4710311889648,-13.4585609436035,-15.4895725250244,-22.705020904541,-28.5896148681641,-23.0039596557617,-24.291130065918,-23.977352142334
sub-0092,ses-04,run-04,pain,LOC,282,cue,7.79517364501953,11.461561203002901,14.597660064697301,19.9868240356445,28.5263748168945,20.8308181762695,22.439931869506804,30.278341293335,23.791725158691396,31.4790935516357,35.5654754638672,30.4116611480713,36.4924964904785,35.530509948730504,31.8604564666748,25.438602447509798,35.2261619567871,27.1234130859375,41.4441909790039,31.081100463867198,32.813995361328104,23.4011421203613,20.5271110534668,19.1441879272461,26.912452697753896,25.251441955566396,28.827173233032198,34.6433639526367,26.0064868927002,29.1896572113037,25.1912002563477,15.908214569091802,18.8384990692139,12.8722724914551,-0.33704853057861306,-8.31458854675293,0.6322126388549799,-2.6732172966003396,-3.47098016738892,-10.633535385131802,-21.5213966369629,-11.3071994781494
sub-0092,ses-04,run-04,pain,LOC,313,cueH_stimH,-29.3821487426758,-27.6227378845215,-37.502006530761705,-22.8186225891113,-22.913375854492198,-27.4424324035645,-20.8127708435059,-29.554279327392603,-34.140369415283196,-28.6109313964844,-39.5106811523438,-45.6388053894043,-34.573005676269496,-29.6435470581055,-27.730094909668,-35.2286338806152,-14.122311592102099,8.409182548522951,11.3230676651001,-2.78017044067383,19.554370880127,16.4725494384766,27.9611835479736,41.5127067565918,47.236644744873,65.64284515380861,58.28327941894529,47.472320556640604,59.3106460571289,56.714561462402294,38.824470520019496,42.56589889526371,18.6211204528809,42.1523551940918,35.676918029785206,17.1184959411621,13.9525566101074,20.4698181152344,2.5188512802124,4.24457168579102,19.8549423217773,7.79844665527344
sub-0092,ses-04,run-04,pain,LOC,313,cueL_stimH,7.924899101257321,-7.80499362945557,9.77281951904297,-30.9509468078613,-26.5709953308105,-33.204742431640604,-36.6173553466797,-30.3394508361816,-50.0696487426758,-35.0401382446289,-38.5205726623535,-37.6724395751953,-40.4957237243652,-38.252166748046896,-49.0966567993164,-51.6528434753418,-51.6222724914551,-48.7760353088379,-20.270786285400398,-20.8507080078125,3.32436656951904,-11.9642086029053,-16.1587791442871,-7.59575605392456,8.5773754119873,19.032306671142603,32.0736122131348,50.887542724609396,58.0637397766113,49.295726776123,51.2750244140625,30.4468154907227,24.458251953125,23.2526683807373,25.2202415466309,18.1789855957031,12.6950416564941,0.7835178375244141,16.3920001983643,4.20069885253906,37.7701835632324,11.432003021240199
sub-0092,ses-04,run-04,pain,LOC,313,cueH_stimM,0.617073059082031,-6.1458740234375,-30.2989692687988,-31.2753467559814,-24.1641540527344,-13.6059017181396,-22.6650085449219,-36.6724891662598,-27.0951461791992,-14.9019336700439,-32.3293266296387,-49.2928810119629,-25.605472564697298,-11.762351989746099,-8.73394775390625,1.3775320053100601,2.56840991973877,1.31764268875122,17.9690380096436,25.443000793457,20.2963485717773,19.980901718139602,4.77471446990967,25.4989185333252,22.9409236907959,11.655320167541499,7.479037284851071,11.0266628265381,8.115902900695799,-4.70985794067383,24.3640975952148,11.9696807861328,-3.6173210144043,7.99712944030762,0.255767822265625,4.67918395996094,-10.3092498779297,9.97129821777344,5.33601379394531,-4.079254150390621,-0.38814163208007796,6.27753448486328
sub-0092,ses-04,run-04,pain,LOC,313,cueL_stimM,7.8206062316894505,20.702278137207,24.376770019531197,4.3608512878417995,15.005809783935499,-1.22176456451416,15.0382966995239,-24.8927383422852,-10.8134756088257,-3.45534610748291,-9.164468765258789,-11.333661079406701,-15.2311477661133,-4.11188268661499,-1.32681202888489,0.172613620758057,2.30022764205933,-5.55543422698975,-15.6938962936401,-2.31493759155273,-9.934572219848631,-12.4196195602417,-12.35498046875,-14.8193454742432,-5.579364776611331,-9.051248550415039,-17.1427783966064,-15.922025680542,-21.808185577392603,4.68528366088867,-13.135230064392099,14.303387641906701,5.43516063690186,5.783016204833981,-2.1896162033081104,20.8249340057373,18.8214797973633,12.4468421936035,2.5955829620361297,-17.8630867004395,7.62188529968262,1.08687591552734
sub-0092,ses-04,run-04,pain,LOC,313,cueH_stimL,15.8896579742432,16.7396507263184,-2.3916606903076203,4.73169898986816,-9.21238899230957,1.8278398513793899,-7.443780899047849,-11.1692705154419,-10.5180416107178,-13.4790687561035,-18.2354946136475,-23.5681972503662,-23.0039329528809,-9.57175064086914,-4.02924633026123,-0.880712509155273,-17.4972305297852,-16.6203174591064,-8.70998573303223,-19.5020027160645,-24.7091464996338,-37.57590866088871,-30.4262161254883,-36.1868667602539,-36.8071060180664,-19.3715553283691,-20.6763286590576,-18.992855072021502,-11.5483818054199,-15.791880607605,-18.119670867919897,-17.4316654205322,-16.749778747558597,-18.340557098388697,-2.9791889190673797,-20.179752349853498,-11.423133850097699,-15.356180191039998,-4.53377914428711,-12.5989990234375,-12.3631267547607,-30.914474487304698
sub-0092,ses-04,run-04,pain,LOC,313,cueL_stimL,-4.98591470718384,4.31473636627197,6.5711841583252,9.09526062011719,7.54997253417969,8.40952491760254,18.949348449707,13.134019851684599,-4.69679975509644,-3.56928682327271,-11.3619117736816,-23.4410209655762,-18.6324558258057,-26.2625885009766,-32.751091003418004,-45.331428527832,-27.101680755615202,-29.3443412780762,-33.142551422119105,-26.4841690063477,-34.7153816223145,-19.3063106536865,-31.9300880432129,-29.6437644958496,-3.0212597846984903,0.498059272766113,-15.908818244934098,-5.7050051689147905,7.45362758636475,10.5938510894775,18.3586139678955,22.9214744567871,-4.03031921386719,-9.06827926635742,-3.47836589813232,3.86472702026367,11.2137546539307,23.0293292999268,2.6899452209472696,5.364906311035161,-3.28775405883789,5.44712829589844
sub-0092,ses-04,run-04,pain,LOC,313,rating,-3.94728422164917,-2.5749397277832,-1.4416041374206499,-4.7538137435913095,-3.19331336021423,2.6009511947631805,-0.323257923126221,7.52264595031738,0.7664718627929691,2.77989959716797,7.1430778503417995,8.61016464233398,9.92127990722656,10.3146667480469,15.660884857177699,21.698419570922898,16.7779884338379,15.628577232360803,9.11102676391602,9.19424819946289,2.34236288070679,0.842866241931915,-8.45375728607178,-6.23513460159302,-2.2538485527038596,-11.4117183685303,-13.434356689453098,-15.4095640182495,-21.544185638427702,-20.929397583007802,-20.308734893798803,-27.1465530395508,-18.7680549621582,-22.2934265136719,-25.665504455566396,-19.890428543090803,-23.3308639526367,-25.5155029296875,-27.532913208007802,-27.3678760528564,-24.431827545166,-23.942481994628896
sub-0092,ses-04,run-04,pain,LOC,313,cue,10.5085926055908,9.8670654296875,13.3900413513184,15.926929473877001,18.3586349487305,19.3786582946777,23.503421783447298,29.284587860107397,25.126300811767603,27.8847923278809,29.988033294677702,34.1171188354492,33.242507934570305,36.050727844238295,28.1491527557373,26.723030090332,26.2925453186035,24.4959564208984,25.1620254516602,19.2970886230469,10.3075103759766,-2.18807220458984,3.5071496963501,5.202661514282231,8.58475685119629,-2.61447048187256,5.81752157211304,11.1001453399658,17.3461513519287,14.663444519042999,13.3229560852051,10.479164123535199,7.3637409210205105,0.0440101623535156,-5.01863574981689,-5.591076850891111,-1.6082057952880902,-0.5147113800048829,5.54867315292358,1.5273699760437,-10.418643951416,-2.08364725112915
sub-0092,ses-04,run-04,pain,LOC,314,cueH_stimH,-0.36912727355957003,-8.92947387695312,-14.216602325439501,-14.3360176086426,-27.8519554138184,-31.2328605651855,-25.241943359375,-40.3759536743164,-41.5513153076172,-31.3695049285889,-43.262424468994105,-45.11555480957029,-50.333770751953104,-33.6932563781738,-16.4859981536865,-15.932708740234402,-25.3878860473633,-37.9924812316895,-36.8867149353027,-40.7111663818359,-19.728557586669897,-2.18934011459351,-3.85593152046204,-8.36812782287598,21.0924453735352,24.647155761718803,29.370294570922898,30.258621215820302,6.4904489517211905,-2.56644630432129,21.0632724761963,21.582298278808604,4.15214157104492,16.0408668518066,16.6023330688477,11.834938049316401,6.32374572753906,20.772750854492198,6.37289047241211,18.6079425811768,40.959259033203104,18.9389495849609
sub-0092,ses-04,run-04,pain,LOC,314,cueL_stimH,-15.159924507141099,-17.3161926269531,-22.3836975097656,-22.945915222168,-46.9786491394043,-42.993473052978494,-53.9632377624512,-48.9229011535645,-63.5594329833984,-70.123893737793,-71.9886093139648,-67.9969100952148,-70.3741149902344,-71.4004669189453,-82.4111022949219,-89.2194366455078,-78.3481979370117,-61.613899230957,-55.038360595703104,-64.0338516235352,-52.2160453796387,-36.6408348083496,-45.650184631347706,-41.497100830078104,-45.1573143005371,-21.9427642822266,1.72481918334961,-5.14889049530029,27.4271507263184,27.255479812622102,35.0435104370117,24.2736740112305,21.305698394775398,29.5102233886719,10.997682571411099,6.79081249237061,5.3475170135498,9.817239761352539,5.6587429046630895,-2.76172828674316,-15.9708423614502,-3.1494903564453103
sub-0092,ses-04,run-04,pain,LOC,314,cueH_stimM,3.04080200195312,-2.6876258850097696,-5.14817810058594,-20.9013290405273,-5.07072067260742,-5.14916610717773,-4.19121265411377,-1.5190114974975601,-4.1611447334289595,-2.8174114227294904,-22.9969158172607,-13.6458034515381,-4.951684951782231,2.09128093719482,-3.49692344665527,-3.9083700180053698,13.016222000122099,-2.7892458438873304,5.5456218719482395,22.3643798828125,9.00974941253662,4.40260601043701,-2.71312808990479,-0.763880729675293,8.62008953094482,-16.0905628204346,-26.6013832092285,-1.71179008483887,-8.04379463195801,-16.9574317932129,-9.64830017089844,-3.45209884643555,1.80543327331543,-25.718027114868196,-1.6101379394531203,-3.00163650512695,0.01641845703125,2.7175140380859397,2.6884918212890603,-8.94681930541992,-4.617279052734379,-15.4632987976074
sub-0092,ses-04,run-04,pain,LOC,314,cueL_stimM,-23.6994552612305,-16.5971298217773,10.445676803588901,-1.1660327911377,8.8798885345459,2.27422618865967,11.863600730896001,3.12892055511475,19.2896327972412,3.54154682159424,13.0632972717285,-5.58059358596802,8.17200374603271,-2.76474380493164,3.08443069458008,-0.00531339645385742,-0.9349765777587891,-9.06524181365967,-11.3052921295166,-18.2278060913086,-11.366816520690902,-13.7941989898682,-12.5142765045166,-23.4916877746582,-8.10785484313965,-18.375644683837898,0.48417186737060497,-1.69803380966187,-4.559301376342769,3.36886596679688,-3.8967838287353502,14.154449462890598,2.96968936920166,13.0164966583252,13.833037376403801,-10.195743560791,-2.630446434021,23.2042503356934,25.7051620483398,0.755153656005859,16.119085311889602,6.488101959228519
sub-0092,ses-04,run-04,pain,LOC,314,cueH_stimL,-3.6391620635986297,-2.5149941444397004,-12.9455661773682,-7.561941623687741,0.139060974121094,5.9952068328857395,-9.943483352661131,-11.529420852661099,-10.143254280090302,-15.720907211303699,-7.42825746536255,-14.0768623352051,3.2791576385498,-6.55089664459229,-1.20413970947266,5.4087810516357395,0.060124397277832003,-15.6825122833252,-17.1538486480713,-28.18017578125,-19.5506916046143,-8.0204029083252,-40.1472396850586,-20.0678558349609,-35.490139007568395,-31.893457412719698,-18.773416519165,-18.5012092590332,-21.487674713134798,-9.37952518463135,-22.034107208252,-22.090341567993196,0.805850982666016,-12.875387191772498,-1.00228118896484,-12.739166259765598,14.1216697692871,-4.410858154296879,-9.68192672729492,-12.354583740234402,-17.2807445526123,-4.89987373352051
sub-0092,ses-04,run-04,pain,LOC,314,cueL_stimL,-0.28555822372436496,6.900403022766111,-5.83927726745605,13.174156188964801,14.191722869872999,-11.714111328125,-0.367691040039062,-9.581296920776369,-0.975474834442139,6.3557834625244105,-22.1210784912109,-2.30813789367676,-17.095069885253903,-22.9346485137939,-30.5616073608398,-20.9871559143066,-23.069049835205103,-19.313739776611303,-20.653247833252,-36.1148452758789,-35.630710601806605,-30.396057128906197,-11.211185455322301,-34.0436019897461,-14.0173511505127,-16.2075691223145,-2.88142204284668,17.7795791625977,0.0131375789642334,-14.2897491455078,1.18297004699707,-9.60754013061523,-24.1451072692871,6.01996040344238,16.4454231262207,16.5619335174561,7.60587501525879,9.441366195678711,5.4050407409667995,9.92108535766602,-0.0825881958007812,15.7299346923828
sub-0092,ses-04,run-04,pain,LOC,314,rating,0.8755605220794681,7.370075225830081,0.7194068431854251,1.72021150588989,-2.05229616165161,-1.69913053512573,-2.4062876701355003,-8.151975631713869,-0.9020967483520509,-5.33649635314941,-4.75848388671875,-4.419189453125,-2.6391754150390603,-6.816375732421879,-6.64993667602539,-2.9105110168457,-3.6998119354248,-0.927608489990234,-3.28609037399292,-5.34911823272705,-6.63688468933105,-7.85745000839233,-2.99750542640686,-2.12088918685913,-5.485600471496579,-2.57633829116821,-4.72423028945923,3.33696746826172,3.70031070709229,6.0725412368774405,5.3335685729980495,6.82881164550781,6.945630073547361,6.31764698028564,5.51025485992432,8.536852836608888,4.68711042404175,2.3913183212280296,-5.665218353271481,-0.6282939910888671,2.28765869140625,-2.49679946899414
sub-0092,ses-04,run-04,pain,LOC,314,cue,0.10797309875488302,3.5243368148803698,-2.4637088775634797,1.1896667480468799,-0.508052825927734,-0.45088291168212896,1.6935262680053702,5.143664360046389,2.6138296127319305,3.30926609039307,11.2841024398804,14.5552558898926,11.1116409301758,18.2191848754883,19.9007034301758,12.387577056884801,12.6694755554199,8.57240295410156,16.334739685058597,22.2341003417969,18.518928527832,17.6746444702148,15.785925865173303,8.742541313171388,21.8826580047607,11.5308923721313,14.0793542861938,19.6842994689941,26.023120880127,20.606887817382802,17.9462661743164,13.969820022583,6.9792766571044895,9.283708572387699,9.31999206542969,-4.89008283615112,0.24215412139892603,-2.28583812713623,-5.72821140289307,-9.83298587799072,-9.24377346038818,-9.279072761535641
sub-0092,ses-04,run-04,pain,LOC,311,cueH_stimH,-43.71150207519529,-40.7939338684082,-40.2010040283203,-48.305999755859396,-49.3753433227539,-55.4928398132324,-56.7591781616211,-38.795402526855504,-33.4640502929688,-37.444976806640604,-43.795494079589794,-45.976688385009794,-35.779716491699205,-30.5103034973145,-56.4517135620117,-56.292728424072294,-21.379903793335,-6.26976776123047,11.029620170593299,11.5403432846069,43.0497436523438,41.935245513916,48.871734619140604,62.851436614990206,74.5754318237305,76.8845443725586,71.1258926391602,77.9954833984375,64.59336090087889,75.3810272216797,39.6292953491211,29.7729759216309,7.56800842285156,39.640106201171896,27.0283050537109,16.6712036132812,-3.6312408447265603,22.0871887207031,23.089900970459,41.290275573730504,48.7686920166016,28.5572204589844
sub-0092,ses-04,run-04,pain,LOC,311,cueL_stimH,-0.818522453308105,-20.185878753662102,-1.62721252441406,-28.117916107177702,-36.306735992431605,-34.070892333984396,-53.9371566772461,-50.170036315918,-55.6710090637207,-40.39589309692379,-35.73569869995121,-43.2153244018555,-28.7272624969482,-32.9810981750488,-53.862190246582,-46.7110481262207,-50.0341720581055,-34.1960830688477,-19.6232414245605,-0.18074035644531197,6.03096580505371,1.98465442657471,-21.203998565673803,10.739368438720698,8.45415592193604,53.388057708740206,64.0012664794922,81.5902633666992,83.2247085571289,88.92642211914058,73.1516189575195,50.745719909668,48.212364196777294,46.2881088256836,41.1753540039062,35.4471397399902,33.7711410522461,11.257692337036099,25.752197265625,15.517406463622999,28.0597763061523,25.0285835266113
sub-0092,ses-04,run-04,pain,LOC,311,cueH_stimM,0.9708328247070309,-13.1439666748047,-33.235198974609396,-34.9578247070312,-42.3899536132812,-44.262054443359396,-49.974735260009794,-47.624870300293,-60.045005798339794,-27.243347167968803,-48.850772857665994,-49.2296333312988,-37.64210891723629,-20.710712432861303,-15.629598617553699,-12.1507930755615,-5.5657753944397,12.2364139556885,16.0281143188477,10.714241981506301,26.371656417846697,27.371274948120103,28.1333351135254,36.0152740478516,26.824842453002898,21.1636753082275,6.708904266357419,-4.4606876373291,9.43649482727051,-0.7341642379760741,2.1292095184326203,-4.27032279968262,-26.7213459014893,-15.4365062713623,-5.962284088134769,-13.9875068664551,-32.7347373962402,-14.116668701171902,-22.7109680175781,-14.801952362060499,-23.7994556427002,-12.9221515655518
sub-0092,ses-04,run-04,pain,LOC,311,cueL_stimM,-24.2374420166016,-22.644577026367198,-41.950897216796896,-18.374742507934602,-22.523633956909197,-23.2887153625488,-1.9036009311676,-31.2547397613525,-34.653018951416,-33.1806793212891,-21.826614379882802,-20.4705924987793,-29.373756408691396,-8.48575019836426,-7.05800914764404,1.44887447357178,3.49202919006348,5.86537885665894,10.542917251586902,1.72297430038452,10.1818084716797,-5.93934869766235,-16.2401161193848,-13.5575685501099,-26.7819423675537,-5.7060718536377,-20.1672267913818,-35.6185150146484,-22.968444824218803,-8.87018585205078,-10.1251649856567,8.24053001403809,6.71652793884277,28.2319488525391,2.8372640609741198,12.6749105453491,-4.181236267089839,6.608975410461429,-13.7136650085449,3.86548614501953,1.45058631896973,7.92909049987793
sub-0092,ses-04,run-04,pain,LOC,311,cueH_stimL,7.53843784332275,-9.8427619934082,-24.563304901123,-33.535984039306605,-61.888523101806605,-46.0428886413574,-51.2169799804688,-54.11579895019529,-55.1652221679688,-41.767784118652294,-46.19343566894529,-38.075897216796896,-34.2811241149902,-26.9403419494629,-28.903734207153303,-25.3812599182129,-25.5592727661133,-49.6529541015625,-58.5674171447754,-54.6727981567383,-47.402774810790994,-56.1220626831055,-58.6042709350586,-76.195442199707,-79.0322341918945,-78.3232498168945,-48.8681106567383,-40.2456169128418,-48.875518798828104,-36.5390663146973,-25.3214321136475,-25.7358779907227,-27.862693786621104,-25.674249649047898,-37.5972747802734,-33.3514022827148,-45.358001708984396,-47.1867599487305,-41.4992179870605,-50.02998352050779,-42.546379089355504,-42.380363464355504
sub-0092,ses-04,run-04,pain,LOC,311,cueL_stimL,-17.2299194335938,-9.4008092880249,-1.13259506225586,-3.7704086303710898,-7.220500946044919,-18.8919372558594,7.1473293304443395,-9.21166515350342,-30.1143283843994,-22.382337570190398,-28.6926765441895,-25.4257030487061,-22.4169235229492,-28.2021045684814,-41.536838531494105,-50.2753028869629,-46.87675476074221,-42.8111572265625,-22.104202270507802,-46.818294525146506,-51.5628662109375,-45.674560546875,-37.4842071533203,-33.9032821655273,-17.46164894104,-17.870990753173803,6.682439804077151,0.539584159851074,-7.7113351821899405,4.36948204040527,3.5897331237793,25.0319938659668,2.55743026733398,9.7755126953125,2.8517484664917006,1.09852981567383,11.506837844848599,21.1307983398438,22.836624145507802,3.2916831970214804,17.078922271728498,-1.7079162597656203
sub-0092,ses-04,run-04,pain,LOC,311,rating,-4.28422069549561,-12.945025444030799,-11.8601484298706,-12.0796680450439,-13.330092430114698,-15.1138744354248,-12.174806594848599,-12.0153141021729,-11.846396446228,-13.667049407959,-6.50547790527344,-7.66179656982422,-0.47423171997070296,1.78985595703125,6.657405853271481,7.7455329895019505,2.8667802810668905,-0.026331901550293,-0.7294639945030209,-8.966062545776369,-9.80811786651611,-16.8693695068359,-24.6741790771484,-20.3486099243164,-23.1498012542725,-19.0140476226807,-22.257858276367198,-25.331520080566396,-30.0547904968262,-29.8827228546143,-32.327365875244105,-30.339237213134798,-20.0993938446045,-24.5006122589111,-22.0449066162109,-16.1065330505371,-19.6934204101562,-21.9950218200684,-23.9491996765137,-22.1511535644531,-22.2875022888184,-23.8190479278564
sub-0092,ses-04,run-04,pain,LOC,311,cue,7.63696098327637,6.48152923583984,1.2023887634277302,5.32635116577148,1.3053016662597698,9.202188491821289,17.8554916381836,26.062231063842802,32.7075996398926,36.03515625,33.7678871154785,34.4165687561035,42.2969970703125,46.174720764160206,50.2791595458984,38.67970657348629,43.0291938781738,48.246177673339794,40.9756469726562,41.5159912109375,36.1707534790039,33.117874145507805,34.411651611328104,33.7955131530762,28.8219337463379,14.911153793334998,25.573978424072298,33.2868309020996,37.7836456298828,39.4519805908203,36.78342819213871,31.5138244628906,27.002815246582,20.116275787353498,11.1405296325684,4.47655487060547,2.9772200584411603,-3.040358543396,-7.45394039154053,-13.2812919616699,-13.9028835296631,-18.013992309570302
sub-0092,ses-04,run-04,pain,LOC,312,cueH_stimH,-18.8959636688232,-23.2820129394531,-32.8651962280273,-29.6727504730225,-43.9979476928711,-63.0736885070801,-65.9535369873047,-70.6043472290039,-56.486534118652294,-61.6410713195801,-71.5681686401367,-60.10685729980471,-46.3413619995117,-15.3501453399658,-29.3630695343018,-28.8007831573486,16.0200366973877,7.96061372756958,21.586124420166,13.601216316223098,36.292308807373,35.729400634765604,44.5081443786621,48.43000793457029,58.8319435119629,67.360710144043,62.6217842102051,57.72200012207029,49.265228271484396,60.153602600097706,49.5864067077637,28.119531631469698,26.758342742919897,63.73262023925779,40.3719711303711,38.658943176269496,28.5587310791016,41.7145538330078,36.8867416381836,53.6922454833984,72.1001968383789,68.83682250976561
sub-0092,ses-04,run-04,pain,LOC,312,cueL_stimH,-55.2364158630371,-4.75006628036499,-12.890167236328098,-42.905544281005895,-57.5136642456055,-51.0062484741211,-57.3865737915039,-62.191532135009794,-87.83444213867192,-66.6263427734375,-75.0744171142578,-48.5669364929199,-74.3061828613281,-80.5493621826172,-80.39027404785159,-81.245979309082,-70.9947967529297,-44.5478706359863,-47.848705291748,-31.473217010498,-19.7752418518066,-26.3058071136475,-31.3356990814209,-34.1867904663086,-33.968334197998,-11.854255676269501,15.212214469909698,20.857595443725604,30.4976615905762,49.677921295165994,62.7879791259766,30.558063507080103,13.0777435302734,29.171066284179698,22.1917743682861,17.7747268676758,28.5740051269531,-3.06302261352539,21.9836921691895,20.3178977966309,28.277347564697298,-13.196582794189501
sub-0092,ses-04,run-04,pain,LOC,312,cueH_stimM,18.6786727905273,17.183448791503903,7.34679412841797,-5.8377571105957005,-29.691448211669897,-20.95849609375,-40.132514953613295,-18.7209320068359,-40.982517242431605,-42.2105827331543,-37.0897178649902,-44.5848159790039,-15.7578983306885,1.11038017272949,26.640081405639602,19.0027847290039,42.0719108581543,32.607448577880895,52.2630958557129,78.0157165527344,34.3969230651855,45.977535247802706,33.315807342529304,30.3531818389893,59.5174407958984,9.64056491851807,-16.2148303985596,4.28122520446777,-1.15267086029053,-0.6008853912353521,16.2721824645996,26.024229049682603,8.532260894775389,4.83092308044434,10.4825897216797,19.404697418212898,26.061462402343803,15.678619384765598,14.1780548095703,-3.07219314575195,-18.698810577392603,-14.8440628051758
sub-0092,ses-04,run-04,pain,LOC,312,cueL_stimM,-11.063854217529302,-38.9256553649902,-17.4671478271484,-23.7053546905518,-19.9745597839355,-30.6757965087891,0.251387119293213,-21.214645385742198,-20.5553569793701,-25.0199489593506,7.7232151031494105,-4.15869235992432,-15.7984142303467,-4.41588068008423,31.923385620117198,-2.20860862731934,-0.390960693359375,-20.538221359252898,-15.5732479095459,-19.628957748413104,-8.451442718505861,-9.56442260742188,-25.1076488494873,-44.766529083252,-46.837646484375,-28.221014022827102,-23.881685256957997,-41.54726028442379,-23.6149559020996,-9.09955406188965,-3.72280311584473,9.7100133895874,-7.36793994903564,4.78788471221924,34.8714179992676,23.138469696044897,35.1024971008301,16.2578125,42.427341461181605,19.807025909423803,7.70835113525391,-11.275918960571301
sub-0092,ses-04,run-04,pain,LOC,312,cueH_stimL,-14.536233901977502,-26.7002143859863,-45.12419128417971,-73.6402893066406,-49.1985206604004,-35.012619018554695,-53.2363510131836,-45.159854888915994,-43.4148483276367,-49.501800537109396,-32.597507476806605,-45.08552551269529,-24.934162139892603,-46.7561569213867,-21.916893005371104,-37.132438659668004,-42.847747802734396,-47.790618896484396,-40.83717727661129,-52.8009376525879,-56.3036117553711,-60.037281036377,-85.3030014038086,-76.9381408691406,-65.63295745849611,-79.9182357788086,-61.3842163085938,-67.6923828125,-84.9002990722656,-55.118556976318395,-38.9876708984375,-22.121166229248,-25.2460441589355,-9.19676780700684,-14.7787837982178,-11.0943946838379,-17.570684432983402,-35.262504577636705,-24.111743927002,-16.064285278320302,-35.7720794677734,-22.1563529968262
sub-0092,ses-04,run-04,pain,LOC,312,cueL_stimL,-11.3709802627563,9.11279201507568,-12.042173385620101,30.710182189941396,3.41579055786133,-5.9521484375,-19.397563934326197,-5.51595497131348,-53.723239898681605,-31.706470489502,-35.153434753418004,-30.3501415252686,-35.5598373413086,-42.7092742919922,-54.74568176269529,-52.2700691223145,-14.2648410797119,-8.65902805328369,-17.6021575927734,-10.984510421752901,-46.522491455078104,-21.3735847473145,-16.960168838501,-34.913787841796896,-49.4518508911133,-30.262004852294897,-28.7621574401855,-7.53090381622314,-28.5766448974609,-1.9656291007995599,-2.9288272857666002,11.1466236114502,22.2716751098633,15.5605792999268,4.088172912597661,18.3142700195312,36.906578063964794,6.4626350402832005,12.2310523986816,-4.95980453491211,4.87924575805664,-0.7618255615234379
sub-0092,ses-04,run-04,pain,LOC,312,rating,-7.027395725250241,-9.20848655700684,-14.3177585601807,-17.5939445495605,-22.5212135314941,-25.930706024169897,-25.8205070495605,-24.2195472717285,-27.1772537231445,-28.5619411468506,-23.4004249572754,-20.530517578125,-20.6475715637207,-25.614562988281197,-15.8632202148438,-13.959461212158198,-14.161241531372099,-21.801536560058604,-17.575611114502,-18.242467880249,-21.1590728759766,-14.627299308776902,-17.7001686096191,-16.133810043335,-18.0643482208252,-11.118737220764197,-19.6037673950195,-12.7680997848511,-14.5540170669556,-0.872223615646362,-6.85049057006836,-15.8138074874878,-15.029170036315902,-13.472766876220698,-12.0558824539185,-9.23501396179199,-15.6417407989502,-12.781410217285199,-21.141757965087898,-18.562088012695302,-26.3229331970215,-23.7930641174316
sub-0092,ses-04,run-04,pain,LOC,312,cue,-15.203715324401902,-8.94882392883301,-13.0671825408936,-18.9595947265625,-8.59701633453369,-4.68245220184326,3.6401538848877,10.9978981018066,8.20908641815186,15.9264488220215,26.538637161254897,23.5556564331055,30.4787483215332,32.7878456115723,34.2718925476074,32.330642700195305,29.861007690429698,23.951858520507802,27.4293594360352,26.3683013916016,26.0427169799805,28.2092666625977,34.242965698242195,22.446805953979503,31.848026275634798,14.9521894454956,20.8406753540039,18.2921924591064,30.9193000793457,18.7748641967773,10.533952713012699,3.24609375,-1.8948688507080098,-10.1638898849487,-19.1914367675781,-28.81862449646,-21.2321929931641,-21.1120338439941,-15.888242721557601,-25.403400421142603,-24.2083587646484,-23.6895408630371
sub-0092,ses-04,run-04,pain,LOC,317,cueH_stimH,-10.102043151855499,-1.761474609375,-14.288360595703098,-12.5269012451172,-15.649261474609402,-20.6827507019043,-27.441974639892603,-20.2922077178955,-29.3990650177002,-25.2262496948242,-23.4468803405762,-37.6407012939453,-26.5650520324707,-13.8568277359009,-27.3962135314941,-26.9239482879639,-15.367862701416,-10.5482301712036,-7.33601474761963,-0.231355905532837,-3.6556682586669904,7.30290985107422,22.605863571167003,28.8496246337891,25.9649486541748,42.6542854309082,42.4923896789551,44.5596923828125,49.0955657958984,38.243072509765604,40.661323547363295,32.732131958007805,24.4208869934082,45.084651947021506,41.4130210876465,40.1330795288086,39.268104553222706,41.02099609375,41.2570915222168,37.090873718261705,42.0906829833984,36.300567626953104
sub-0092,ses-04,run-04,pain,LOC,317,cueL_stimH,2.9702372550964395,3.52132034301758,-5.41484069824219,-18.2466812133789,-30.5232086181641,-25.4400444030762,-30.656381607055696,-25.456615447998,-30.247844696044897,-28.628877639770497,-28.9232330322266,-32.395092010498,-29.3068771362305,-38.395477294921896,-45.1689224243164,-39.8568077087402,-57.452972412109396,-34.1411285400391,-26.9724998474121,-24.217063903808604,-18.0022201538086,-28.3273773193359,-30.1631050109863,-25.6417446136475,-19.0708179473877,-4.996655464172361,17.3675518035889,16.8570938110352,30.8318519592285,39.5760269165039,37.9278221130371,23.5453720092773,23.3966369628906,30.6146183013916,22.8011074066162,25.725421905517603,26.745252609252898,16.8562641143799,12.1059722900391,8.941507339477539,20.7111587524414,9.19058609008789
sub-0092,ses-04,run-04,pain,LOC,317,cueH_stimM,5.125762939453121,0.951663970947266,-12.552650451660199,-21.365140914917,-19.0085144042969,-15.1263580322266,-22.403854370117198,-25.2455024719238,-32.937023162841804,-28.854938507080103,-28.2696933746338,-31.248825073242198,-27.325511932373,-17.8624038696289,-7.306546211242679,-4.9967141151428205,17.6636028289795,11.829341888427699,23.668077468872102,30.7991504669189,20.974796295165998,23.495807647705103,7.52784824371338,17.0272331237793,-3.75693321228027,-13.587487220764197,-21.656019210815398,-19.4511489868164,-9.4028844833374,-17.822246551513697,7.8715991973877,23.818363189697298,6.3988132476806605,10.0039939880371,6.82167816162109,3.05621337890625,5.0818595886230495,11.6864776611328,-2.79095458984375,-1.3526992797851598,-4.58170509338379,-10.079072952270499
sub-0092,ses-04,run-04,pain,LOC,317,cueL_stimM,0.0480766296386719,0.36962127685546897,6.268243312835691,4.159820556640621,16.687644958496097,-4.26034736633301,3.29027915000916,6.50012302398682,-4.7460765838623,-3.1062211990356405,-6.543988227844241,-13.9869651794434,-10.6864223480225,-11.9440479278564,-10.9681720733643,-11.4352769851685,1.7756152153015101,-8.74037551879883,-8.620481491088869,-10.110862731933599,-7.539990425109861,-15.4997997283936,-20.9715824127197,-25.867431640625,-24.479181289672898,-16.7597236633301,-13.146139144897498,-33.509593963623,-23.1482849121094,-2.39152336120605,-2.66935157775879,-1.52262306213379,13.4485216140747,19.3613872528076,19.6965713500977,16.0643329620361,14.4039573669434,16.5595798492432,22.593677520752,11.926918029785199,16.2391681671143,8.86409950256348
sub-0092,ses-04,run-04,pain,LOC,317,cueH_stimL,-3.0064725875854506,-7.5071306228637695,-11.4961462020874,-19.807052612304698,-24.258226394653303,-28.5572662353516,-24.6497993469238,-12.2103614807129,-12.120723724365199,-11.262436866760302,-18.6683654785156,-20.3564834594727,-21.2728576660156,-10.5208053588867,-14.068942070007301,-15.724761009216301,-24.992385864257802,-39.9309883117676,-33.064586639404304,-35.1337509155273,-36.1167984008789,-48.557071685790994,-41.704627990722706,-51.058177947998,-40.683265686035206,-46.3142433166504,-43.9743804931641,-40.210479736328104,-46.9130706787109,-38.75022506713871,-32.7808685302734,-25.5744361877441,-19.8098964691162,-22.9618873596191,-17.873447418212898,-17.1776275634766,-17.6983280181885,-14.7338523864746,-15.1998138427734,-13.276397705078098,-20.0701370239258,-22.1247062683105
sub-0092,ses-04,run-04,pain,LOC,317,cueL_stimL,1.35959386825562,-7.046875,4.30850601196289,3.0023422241210898,-4.45680618286133,-12.765510559082001,-10.0968360900879,-15.7091827392578,-28.6099739074707,-18.082220077514602,-29.021986007690398,-36.4863624572754,-27.086204528808604,-28.6766891479492,-31.4522590637207,-31.9428596496582,-36.8049163818359,-34.7497749328613,-31.8971271514893,-29.648754119873,-27.7507343292236,-33.8238372802734,-29.3181076049805,-24.701736450195302,-19.0208053588867,-17.691577911377,-7.2264108657836905,-6.83562898635864,-12.1771583557129,0.172549247741699,1.2361354827880902,17.3957481384277,4.93213844299316,13.073446273803699,10.4261360168457,10.797801971435499,22.191942214965803,17.0694732666016,17.9622077941895,2.1107330322265603,0.60223388671875,-3.1655731201171897
sub-0092,ses-04,run-04,pain,LOC,317,rating,-1.98604965209961,-6.58514165878296,-6.2536296844482395,-9.45435619354248,-12.1112937927246,-14.0691719055176,-16.5180282592773,-15.1128759384155,-18.7691879272461,-17.9542083740234,-14.041160583496099,-14.415626525878901,-14.622062683105499,-13.3468017578125,-11.897682189941401,-7.12222862243652,-9.3443021774292,-9.308173179626461,-13.7852563858032,-11.917444229126,-14.786825180053699,-11.584023475647,-14.334136962890598,-13.1528987884521,-15.1414451599121,-13.8072061538696,-13.2445163726807,-13.7027254104614,-14.8231201171875,-13.5283050537109,-9.26485443115234,-9.69820594787598,-8.036510467529299,-9.87747383117676,-9.20810127258301,-13.7066707611084,-14.4442310333252,-14.501119613647498,-16.9483642578125,-15.4427833557129,-18.066335678100604,-20.9533290863037
sub-0092,ses-04,run-04,pain,LOC,317,cue,4.74720191955566,2.74775218963623,4.542030334472661,5.08904647827148,6.2306613922119105,10.045513153076199,15.579327583313,16.956495285034197,18.276252746582,18.71875,23.795040130615202,24.0037631988525,24.304298400878896,32.041412353515604,32.310089111328104,25.2292671203613,22.2545890808105,21.521682739257802,19.9859085083008,20.6544570922852,13.5220947265625,8.51572418212891,10.998685836792,9.02416896820068,15.547917366027802,11.313804626464801,9.009397506713869,13.6066150665283,16.2891864776611,18.2910938262939,18.0315341949463,11.8575782775879,5.41413879394531,0.19675827026367199,-6.92016506195068,-13.8461141586304,-14.904899597167999,-16.458917617797898,-15.5134878158569,-16.327276229858402,-18.7903060913086,-15.823737144470199
sub-0092,ses-04,run-04,pain,LOC,318,cueH_stimH,-0.683298110961914,-5.37398910522461,-14.388175964355499,-19.2576217651367,-24.4727401733398,-25.069467544555696,-28.865694046020497,-30.656072616577102,-37.8904800415039,-20.6227397918701,-25.9460334777832,-34.522594451904304,-23.965938568115202,-9.51215362548828,-18.356304168701197,-7.32368516921997,-2.9454360008239706,-7.994153499603269,3.70293140411377,26.172094345092802,33.1811943054199,44.938137054443395,42.628326416015604,34.1852874755859,49.0900993347168,64.6095352172852,74.9649353027344,71.6795120239258,52.2739028930664,68.4996185302734,79.25697326660159,73.78936767578121,60.8863182067871,49.9013748168945,53.4642524719238,48.243782043457,54.0964775085449,57.932098388671896,24.4016437530518,51.6416168212891,66.21511840820311,45.596923828125
sub-0092,ses-04,run-04,pain,LOC,318,cueL_stimH,17.737751007080103,20.9116058349609,24.440261840820302,-10.680168151855499,-14.584789276122999,-32.6562728881836,-38.2207527160645,-23.2397155761719,-35.0842094421387,-37.996635437011705,-31.8569011688232,-31.8780670166016,-31.1387672424316,-40.1437187194824,-36.917797088623,-24.7261009216309,-31.5518493652344,-16.5803852081299,3.8621594905853303,5.550067901611331,11.295795440673801,-3.37675189971924,-4.73852252960205,-7.50830173492432,4.372198104858399,26.775453567504897,33.447742462158196,61.503490447998,57.4755439758301,63.041408538818395,74.2731475830078,57.2063598632812,54.1154861450195,65.4553298950195,48.6599731445312,34.861892700195305,49.2226791381836,37.7632598876953,12.9122886657715,23.505990982055696,17.0734710693359,15.5087089538574
sub-0092,ses-04,run-04,pain,LOC,318,cueH_stimM,0.604911804199219,-0.190284729003906,-19.2875442504883,-26.1413516998291,-38.2681274414062,-46.31196594238279,-45.75492858886721,-38.530754089355504,-47.505943298339794,-23.902755737304698,-30.342044830322298,-32.6689262390137,3.08625078201294,-4.17327833175659,16.6202735900879,12.1023693084717,35.541175842285206,45.1982498168945,48.9697875976562,43.627956390380895,51.110137939453104,40.086463928222706,23.2607860565186,34.5869636535645,24.9713249206543,9.61233901977539,0.8289108276367191,-3.28917503356934,6.92726802825928,-3.59762096405029,3.4073028564453103,10.1698265075684,4.8115348815917995,9.5084114074707,8.12255096435547,12.2285842895508,17.3333892822266,12.5438995361328,3.6190948486328103,-11.445545196533198,-0.161460876464844,3.4183750152587904
sub-0092,ses-04,run-04,pain,LOC,318,cueL_stimM,7.58816146850586,8.95383453369141,-12.5778293609619,11.701324462890598,20.9439430236816,-8.57816314697266,3.7854027748107897,0.8202133178710941,-6.77382946014404,0.856608390808105,-6.7537336349487305,16.5135078430176,-10.5831985473633,4.14284992218018,-1.35464859008789,1.01293063163757,-4.14726305007935,-10.467658996582001,-9.81698799133301,-14.8776378631592,-6.17247676849365,-6.08424472808838,-16.5246620178223,-19.4592208862305,-18.5632553100586,1.3056602478027302,1.2907996177673302,-0.0878100395202637,-1.80853462219238,-2.0119457244873,-0.49687671661377003,11.791693687439,23.4409885406494,33.198722839355504,20.9319686889648,37.1953887939453,34.490570068359396,23.1897029876709,38.6677093505859,30.215553283691396,33.4027481079102,26.5032558441162
sub-0092,ses-04,run-04,pain,LOC,318,cueH_stimL,27.244310379028303,11.0717325210571,12.147850036621099,-2.39904117584229,-2.35221147537231,-14.3212013244629,-4.66332530975342,-6.313632011413571,5.9012751579284695,-15.0794219970703,2.83629012107849,-2.3540639877319305,-15.1436614990234,0.6525254249572751,1.0683670043945301,-1.84203243255615,-9.33175468444824,-9.126527786254881,-2.7712817192077597,-14.3137874603271,-31.171062469482397,-34.635009765625,-25.598140716552702,-35.41650390625,-23.9475078582764,-39.4973106384277,-24.4499702453613,-28.7895336151123,-41.608917236328104,-24.347412109375,-19.8933067321777,-19.2789134979248,-6.10111045837402,-12.617591857910199,0.133689880371094,4.45874786376953,-16.4408798217773,-19.381788253784197,-15.7834892272949,-6.990631103515621,-15.475955963134801,-18.3511695861816
sub-0092,ses-04,run-04,pain,LOC,318,cueL_stimL,0.29678869247436496,25.5076370239258,18.587945938110398,26.317062377929698,13.6498413085938,3.7818222045898398,8.219408988952638,2.7238941192627,-18.9183444976807,-3.4984331130981405,-17.752948760986303,-8.63310146331787,-18.313180923461896,-10.44593334198,-10.479942321777301,1.97676801681519,-16.731939315795902,-2.1015419960022,-8.211733818054201,-5.03032684326172,-15.0209197998047,-17.1123943328857,-10.319729804992699,-24.7040710449219,-16.451396942138697,-30.1589546203613,-2.85922908782959,12.010580062866199,0.993279457092285,-1.12250757217407,15.0364570617676,25.263574600219698,18.8508319854736,28.479520797729503,32.734573364257805,51.895835876464794,40.2170562744141,40.737518310546896,34.4856758117676,28.178840637207,29.645076751709,17.9033813476562
sub-0092,ses-04,run-04,pain,LOC,318,rating,2.51094245910645,-2.34863424301147,-3.71129083633423,-5.51619386672974,-10.4525632858276,-10.377573013305698,-7.25823831558228,-7.42905330657959,-7.40528678894043,0.729522705078125,8.7135009765625,1.8427810668945301,0.380558013916016,4.291839599609379,9.35179138183594,11.3325481414795,5.81512451171875,4.05235195159912,6.19907188415527,-1.88439059257507,-0.382738828659058,-8.18272876739502,-4.2707662582397505,-7.58414077758789,-5.472909450531009,-9.84790992736816,-4.1103687286377,-8.113598823547362,-5.36715173721313,-3.23065185546875,-0.7142543792724609,-8.72526359558105,-8.41626644134521,-8.02095699310303,-10.382375717163098,-10.933490753173801,-18.1957969665527,-18.199321746826197,-25.9357376098633,-22.8133201599121,-19.5199699401855,-20.289701461792
sub-0092,ses-04,run-04,pain,LOC,318,cue,7.3959789276123,7.846965789794919,6.116458892822269,8.641933441162111,10.649904251098599,13.5388717651367,14.663195610046401,23.152162551879897,25.543958663940398,26.265577316284197,32.1079750061035,29.4111671447754,30.910062789917003,34.336090087890604,33.835422515869105,29.094158172607397,21.2426223754883,23.835426330566396,24.5110244750977,17.668777465820302,20.946365356445302,13.6475486755371,14.1013793945312,10.8635005950928,16.20654296875,6.41892433166504,7.0944528579711905,10.9041290283203,10.607482910156198,8.6910343170166,10.765988349914599,5.9598903656005895,-0.6407184600830079,-4.4249563217163095,-14.424708366394,-19.5886611938477,-15.686878204345698,-14.6143703460693,-10.8833484649658,-13.3858737945557,-16.831077575683597,-7.51954555511475
sub-0092,ses-04,run-04,pain,LOC,3,cueH_stimH,-15.9270286560059,-7.81532287597656,-28.3091773986816,-25.515007019043,-17.805248260498,-6.40593147277832,-21.870384216308604,-13.386773109436,-6.939213752746579,-29.579368591308604,-31.301786422729503,-34.059944152831996,-34.736404418945305,-12.6245536804199,-31.1714973449707,-9.80461883544922,13.671170234680199,18.721111297607397,2.68102788925171,21.8446865081787,18.9951667785645,24.5605201721191,37.230560302734396,8.38347339630127,12.1881256103516,35.303882598877,64.5261154174805,41.0593910217285,46.9550247192383,32.097015380859396,25.3644485473633,5.1551570892334,12.6086521148682,14.583446502685499,28.9996910095215,20.528240203857397,13.8329429626465,19.4634857177734,20.673282623290998,14.371086120605499,12.411022186279302,-1.81620788574219
sub-0092,ses-04,run-04,pain,LOC,3,cueL_stimH,-25.2529735565186,-12.3025312423706,-28.3869247436523,-51.2845802307129,-36.569648742675795,-50.69010925292971,-51.748386383056605,-71.2297439575195,-48.984188079834006,-63.5369453430176,-61.38252258300779,-65.64727783203121,-47.4902877807617,-62.0758666992188,-50.632541656494105,-68.0761642456055,-75.65699768066409,-51.6875801086426,-33.9671859741211,-14.502995491027802,-30.9466361999512,-25.7901992797852,-25.8334884643555,-23.2610168457031,-24.887144088745103,14.842405319213901,23.4130668640137,37.2073402404785,42.7106704711914,45.290187835693395,34.9540519714355,3.0842742919921897,11.664914131164599,4.77638530731201,20.5677337646484,-1.25090503692627,7.785491943359379,-6.158321380615231,7.13656234741211,11.0736751556396,13.0286865234375,-4.633888244628911
sub-0092,ses-04,run-04,pain,LOC,3,cueH_stimM,4.029518127441411,-16.325122833252,-45.563968658447294,-32.666107177734396,-29.121768951416,-2.06306552886963,-26.534902572631804,-18.1915664672852,-20.4183502197266,-22.378454208374,-32.1102638244629,-56.85356140136721,-19.8876647949219,-9.51121711730957,-1.8022966384887702,-23.9014358520508,-16.7052421569824,19.370937347412102,3.4264936447143595,6.93855094909668,27.0141258239746,27.112867355346697,9.71794319152832,-9.393251419067381,19.0010051727295,6.36558961868286,24.4707355499268,7.02336120605469,24.384582519531197,31.8160781860352,23.691764831543,36.243736267089794,-4.1855583190917995,12.898134231567399,8.48966598510742,1.2257118225097698,-20.749111175537102,-7.864044189453121,6.13507080078125,7.3145866394042995,19.0855827331543,-6.809112548828121
sub-0092,ses-04,run-04,pain,LOC,3,cueL_stimM,-18.103683471679698,10.9189910888672,4.74377489089966,11.382495880127001,19.2670211791992,-11.0547485351562,1.22976326942444,-30.091491699218803,-12.4300479888916,-4.960516452789309,-5.98831748962402,-10.7042360305786,-17.1783103942871,-11.363950729370101,-9.07076454162598,20.818706512451197,-16.3925514221191,-6.272390842437741,2.5228705406188996,-6.66488122940063,1.9445028305053702,3.53860092163086,-1.5848464965820301,7.173712253570559,14.694343566894501,1.13849067687988,-11.5463457107544,-4.59569215774536,10.3930721282959,-1.4439754486084,11.736437797546401,22.2845344543457,18.784770965576197,6.67685890197754,0.601365089416504,18.4150371551514,1.2747268676757801,10.030500411987301,9.7934103012085,19.2173290252686,1.05704879760742,10.4847068786621
sub-0092,ses-04,run-04,pain,LOC,3,cueH_stimL,27.0220623016357,1.7498698234558099,-28.519006729126,-29.6200675964355,-16.313117980957,-5.41089582443237,0.473786354064941,-0.22580075263977104,-6.09149408340454,-11.8854274749756,-17.475875854492198,-19.7511291503906,-24.101295471191396,-18.364816665649396,-21.974811553955103,-12.9673376083374,-26.3847465515137,-20.2843399047852,-36.5032539367676,-21.350421905517603,-28.8146076202393,-53.6247215270996,-40.9648780822754,-35.8642921447754,-23.990404129028303,-14.3325252532959,-1.5357961654663101,-3.9803504943847696,-9.23092555999756,-17.902431488037102,-11.163841247558599,-2.05990409851074,-18.682682037353498,-7.4483966827392605,-21.478944778442397,-34.998058319091804,0.5398502349853521,-12.9204978942871,7.62259674072266,-15.499725341796902,-11.353763580322301,-2.8724937438964804
sub-0092,ses-04,run-04,pain,LOC,3,cueL_stimL,-9.63376045227051,0.6880168914794921,-3.68296432495117,-1.9795455932617199,-6.57038116455078,5.363136291503911,20.693149566650398,-1.08411812782288,-11.7635488510132,-0.9016671180725101,-21.327814102172898,-17.754497528076197,-16.097677230835,-14.662211418151902,-37.8924903869629,-29.7423419952393,-36.4380340576172,-12.528804779052699,-22.2468566894531,-20.9682312011719,-3.87480735778809,-20.0175476074219,-15.1188201904297,-13.761705398559599,2.94887018203735,9.10294151306152,-7.67740535736084,19.4047565460205,17.0338230133057,-9.42625617980957,19.8430442810059,-0.459621429443359,5.7518482208252,-2.79255104064941,-1.6837053298950202,6.49749755859375,12.466800689697301,6.82174301147461,7.3573322296142605,-1.56299209594727,-3.90184783935547,-9.3558349609375
sub-0092,ses-04,run-04,pain,LOC,3,rating,-1.0366199016571,0.300166130065918,-3.75643086433411,-5.64067268371582,-5.24154949188232,-2.38253545761108,-3.7270545959472696,1.35735893249512,-1.1319465637207,-0.573204040527344,-1.1154365539550801,2.26839828491211,5.88956451416016,0.996673583984375,3.3430747985839804,1.42606544494629,-0.038844108581543,3.9114503860473597,5.66267538070679,-2.8252408504486097,-6.67698574066162,-7.04502153396606,-11.5461139678955,-5.190874576568599,-3.27694988250732,-12.6068019866943,-8.74520969390869,-13.112383842468299,-9.78672122955322,-11.463235855102502,-10.7479791641235,-15.1262054443359,-8.06134033203125,-14.5485496520996,-25.8945388793945,-12.456151008606,-20.5256729125977,-16.0834178924561,-15.5221757888794,-19.752422332763697,-21.524507522582997,-10.008094787597699
sub-0092,ses-04,run-04,pain,LOC,3,cue,1.82488632202148,9.73412704467773,4.81813621520996,10.646503448486301,4.5636043548584,11.867151260376,16.4961376190186,24.6963424682617,15.3483943939209,18.9282150268555,19.1359786987305,14.821861267089801,25.985906600952102,24.104251861572298,26.0516548156738,18.3171768188477,17.955585479736303,15.2574920654297,22.669357299804698,27.909011840820302,19.0726470947266,12.853343963622999,7.578059196472171,7.65802001953125,7.9167799949646,5.97039365768433,19.072429656982397,35.4519195556641,25.081912994384798,17.6978530883789,9.498430252075199,8.71645355224609,4.98588371276855,-6.21485900878906,-11.379056930542,-3.48694849014282,-15.147113800048801,-10.2164726257324,-4.294978618621831,2.14295530319214,2.22493076324463,-1.72160577774048
sub-0092,ses-04,run-04,pain,LOC,4,cueH_stimH,-9.16294097900391,-13.194965362548801,-40.545127868652294,-30.930772781372102,-38.9262924194336,-58.955013275146506,-73.433708190918,-52.1178398132324,-32.3245315551758,-23.6776275634766,-13.4404010772705,-15.8061943054199,-30.730915069580103,-15.242086410522498,-26.7320899963379,-12.125221252441401,10.598502159118699,23.709041595459,12.652645111084,32.4211463928223,44.870090484619105,31.7188930511475,65.44858551025389,44.27629089355471,63.1603927612305,63.0260543823242,74.375,43.484920501709006,24.4661026000977,47.7029800415039,50.9695510864258,25.979192733764602,29.4888572692871,50.2381439208984,40.561470031738295,56.253875732421896,73.6999816894531,57.13679504394529,8.03394508361816,56.32470703125,45.8591079711914,47.8095932006836
sub-0092,ses-04,run-04,pain,LOC,4,cueL_stimH,-11.868415832519501,-14.5999851226807,3.5561904907226602,-45.5229721069336,-43.7981071472168,-52.738773345947294,-42.465549468994105,-50.993247985839794,-64.286003112793,-53.0362434387207,-51.7216987609863,-56.2332992553711,-54.064208984375,-55.2302169799805,-58.863128662109396,-74.1822814941406,-49.469856262207,-54.8977470397949,-13.344841957092301,-7.11581897735596,-0.662960052490234,16.8308544158936,-14.0694103240967,18.5539817810059,29.5209274291992,65.5559539794922,47.5613594055176,34.721935272216804,62.395328521728494,89.1503753662109,84.9852066040039,44.427852630615206,53.6765289306641,29.4540481567383,15.4577465057373,25.9648551940918,35.753532409668004,31.800584793090803,1.10723876953125,26.9209308624268,18.2526454925537,14.213226318359402
sub-0092,ses-04,run-04,pain,LOC,4,cueH_stimM,-19.8488922119141,-10.2894821166992,-31.494079589843803,-24.0917148590088,-39.271759033203104,-44.934597015380895,-30.3395290374756,-25.520164489746104,-13.1208019256592,0.596354961395264,-14.2622652053833,-7.10811901092529,2.88314533233643,13.0675649642944,1.6433792114257801,4.80214548110962,23.415870666503896,10.3882427215576,9.47954177856445,57.273078918457,29.711975097656197,22.8126239776611,27.8227615356445,7.837091445922849,-0.285585403442383,-2.59604024887085,-29.1708068847656,-14.9840354919434,-11.3621044158936,8.9230842590332,2.96970748901367,-6.88091278076172,10.5735511779785,3.64900588989258,8.12306213378906,-9.89904403686523,-12.440406799316401,12.862213134765598,-2.74050903320312,-9.82781982421875,-26.7375888824463,-10.0577144622803
sub-0092,ses-04,run-04,pain,LOC,4,cueL_stimM,-25.1100006103516,-22.1627883911133,-24.9641647338867,15.935791015625,2.49880027770996,-2.56513166427612,7.02486705780029,9.3087797164917,18.642623901367198,23.968997955322298,11.6940460205078,11.8214998245239,14.1844387054443,-11.0991697311401,-5.3910174369812,18.774490356445302,17.387916564941403,13.2663116455078,-0.649859428405762,3.86746597290039,5.71494483947754,-20.348308563232397,-14.0309343338013,-37.1730995178223,-6.29797172546387,6.4410400390625,-1.8279092311859098,18.452861785888697,18.2178936004639,28.0450115203857,17.5363655090332,52.2899589538574,48.1642875671387,50.92634582519529,36.192298889160206,33.785182952880895,27.866657257080103,22.6825160980225,34.8502731323242,22.305845260620103,25.741720199585,26.499570846557603
sub-0092,ses-04,run-04,pain,LOC,4,cueH_stimL,24.7891273498535,40.3427505493164,29.7345085144043,0.327259063720703,11.9335842132568,27.4113960266113,2.16643476486206,11.758020401001,1.29606103897095,0.796706676483154,19.5790386199951,14.782951354980499,11.116117477417,3.33175945281982,31.1262702941895,16.0809535980225,19.722412109375,15.975006103515598,3.74173069000244,4.07141876220703,-13.049312591552699,-9.43374729156494,-35.5242881774902,-17.5208740234375,-10.7456369400024,-22.705810546875,13.8197412490845,0.838448524475098,-4.1722993850708,5.1278371810913095,-6.063031196594241,-8.46222972869873,23.395465850830103,10.811056137084998,6.784698486328121,-0.0736675262451172,3.8081092834472696,10.298444747924801,5.04838180541992,14.958740234375,2.85113525390625,-3.99734497070312
sub-0092,ses-04,run-04,pain,LOC,4,cueL_stimL,-6.31492376327515,32.5994834899902,25.473533630371104,4.66007995605469,22.3925399780273,0.7208938598632809,6.31034088134766,-2.74826884269714,-0.36804032325744607,26.0953712463379,-12.007075309753402,15.8092384338379,4.916418075561519,16.5637702941895,-10.8625431060791,0.856133937835693,-12.1377410888672,-17.700181961059602,-32.0289840698242,-12.2106075286865,-30.3662281036377,-16.3121719360352,-9.64152908325195,-12.428951263427699,-30.4462738037109,8.307971000671388,36.781494140625,36.6088409423828,19.6260356903076,8.69857788085938,22.1009502410889,7.5255222320556605,-2.29824638366699,20.741283416748,35.48508834838871,25.497549057006804,33.6988372802734,16.3385925292969,8.125377655029299,5.984004974365231,8.34786987304688,-2.8037109375
sub-0092,ses-04,run-04,pain,LOC,4,rating,6.909405708312991,6.686474800109861,8.896280288696289,10.7964925765991,8.20603847503662,6.62760400772095,11.6220092773438,12.1359968185425,12.373697280883801,18.8449554443359,24.9687614440918,14.7139549255371,8.61087799072266,9.67520141601562,18.592306137085,18.6776371002197,23.7469806671143,17.4727916717529,23.9883594512939,14.726336479187,17.721004486084002,10.7265777587891,11.831317901611301,8.49242401123047,13.2580814361572,8.44727611541748,7.0595607757568395,6.45116996765137,13.1386299133301,8.16685676574707,8.15915203094482,8.811896324157711,-0.7086340188980099,6.573052883148191,6.485018730163571,4.76417589187622,-1.8245310783386202,1.9563250541687,-2.2422513961792,-0.941588401794434,-3.4761981964111297,-7.86815071105957
sub-0092,ses-04,run-04,pain,LOC,4,cue,6.19738960266113,3.57427883148193,2.1013641357421897,16.607795715332,10.768924713134801,4.18122863769531,14.283606529235803,10.8042850494385,14.296221733093299,14.9341144561768,18.3719844818115,24.338636398315398,19.6371021270752,26.1903190612793,15.8065929412842,13.4585647583008,9.86983871459961,17.119270324707,26.2915420532227,30.1368560791016,15.42724609375,26.041824340820302,19.4353561401367,9.6509256362915,6.35225391387939,-3.69638204574585,-3.33183813095093,1.93213272094727,10.751495361328098,12.745598793029801,4.92566680908203,10.682546615600598,5.90482902526855,-2.0347709655761697,-4.25712394714355,-10.2971715927124,-20.7442302703857,-18.004869461059602,-9.39414119720459,-24.158748626709,-22.713685989379897,-20.2834300994873
sub-0092,ses-04,run-04,pain,LOC,45,cueH_stimH,-36.0399513244629,-20.8942489624023,-29.2931175231934,-28.457721710205103,-22.1085891723633,-23.8080368041992,-29.5537986755371,-18.218463897705103,-12.4703044891357,-13.8900413513184,-17.5085144042969,-28.300479888916,-14.113317489624,-19.2576694488525,-29.804786682128896,-13.3472814559937,6.02436971664429,13.534482955932601,24.367540359497102,28.106613159179698,30.5393714904785,29.387981414794897,41.891265869140604,52.8446464538574,62.7221755981445,83.4942321777344,77.86671447753909,54.8059768676758,57.385890960693395,59.356174468994105,30.134300231933604,14.468324661254899,0.559535980224609,28.7470760345459,20.152696609497102,29.9136695861816,9.70901107788086,22.6043395996094,28.3812980651855,28.1211376190186,37.908012390136705,29.030715942382802
sub-0092,ses-04,run-04,pain,LOC,45,cueL_stimH,-12.5144901275635,-31.268663406372102,-23.1599197387695,-39.0602378845215,-46.21708679199221,-42.278022766113295,-52.735481262207,-50.9908638000488,-55.257259368896506,-42.7122573852539,-53.407566070556605,-42.7723350524902,-42.7172966003418,-42.474216461181605,-49.31982421875,-38.992618560791,-52.63188171386721,-38.5331611633301,-5.98795938491821,-7.79571437835693,-6.94704437255859,-18.4366092681885,-23.0099411010742,6.92481327056885,8.67755603790283,37.1848907470703,40.963775634765604,52.1136054992676,61.43489074707029,71.18914794921879,64.9738616943359,30.670940399169897,37.0417251586914,17.1678142547607,26.0434722900391,22.638973236084,18.0134429931641,14.573070526122999,14.4191112518311,12.768928527832001,24.4759826660156,15.1075096130371
sub-0092,ses-04,run-04,pain,LOC,45,cueH_stimM,-11.5760040283203,-14.966411590576199,-30.216491699218803,-44.9169807434082,-46.5493659973145,-31.9469890594482,-37.3058929443359,-31.920467376709,-47.4716262817383,-32.701995849609396,-37.6837005615234,-48.8776664733887,-30.611942291259798,-11.277351379394501,-17.9252624511719,-19.026403427124,16.531177520752,13.232280731201199,22.2603740692139,29.102127075195302,32.606746673584,29.770694732666,28.0953254699707,25.9430961608887,28.8647632598877,26.3911304473877,1.68696308135986,-0.9116916656494141,-4.73591899871826,-23.2510261535645,3.6370830535888703,1.00886154174805,-19.881139755249,-6.72532653808594,-15.222515106201199,-12.975711822509801,-18.681842803955103,-11.3730926513672,-20.4389038085938,-14.013294219970698,-10.0894031524658,-11.736959457397498
sub-0092,ses-04,run-04,pain,LOC,45,cueL_stimM,-8.6201171875,-3.25958251953125,-3.2498373985290496,11.0905323028564,8.94746208190918,-17.7140121459961,-6.928087711334231,-24.247074127197298,-19.384351730346697,-23.488037109375,-22.5905952453613,-19.5178833007812,-21.3317050933838,-6.97623682022095,-7.3854842185974094,11.346046447753901,5.5449013710022,12.8217067718506,3.41354751586914,4.71447229385376,2.60558223724365,-0.705048561096191,-4.32636404037476,-8.88620662689209,-8.80342102050781,-10.285179138183599,-9.35335445404053,-19.3728656768799,-10.788814544677699,-5.36215400695801,3.19482517242432,19.2921829223633,17.264410018920902,18.6263256072998,3.3259735107421897,6.335186004638669,-5.98455142974854,10.0016498565674,-5.078943252563481,7.90779304504395,12.388326644897498,8.312282562255861
sub-0092,ses-04,run-04,pain,LOC,45,cueH_stimL,10.9031429290771,0.195646286010742,-10.678709030151401,-20.9875717163086,-29.0929870605469,-13.534187316894501,-16.0724124908447,-13.831043243408198,-14.490962028503402,-0.6629710197448729,-11.849106788635302,-6.865844249725339,-5.5556745529174805,-4.61682844161987,-3.74618244171143,-11.8049869537354,-19.0792179107666,-27.260696411132802,-24.037584304809602,-28.4196395874023,-32.4815254211426,-39.961250305175795,-36.871753692627,-35.448657989502,-26.479045867919897,-22.856992721557603,-14.1340780258179,-23.409954071044897,-15.660834312439,-18.966476440429698,-23.1214199066162,-4.78535842895508,-17.5554332733154,-24.7242069244385,-23.4998416900635,-20.4450912475586,-17.7983417510986,-28.2465972900391,-17.3299446105957,-18.9920654296875,-22.269701004028303,-16.031475067138697
sub-0092,ses-04,run-04,pain,LOC,45,cueL_stimL,-7.61615657806396,11.8875513076782,-6.726276397705081,1.18426513671875,5.183326721191411,7.60799407958984,-4.46831512451172,-1.44233536720276,-22.618854522705103,-15.0210933685303,-18.1057014465332,-22.683057785034197,-19.7225036621094,-29.2469596862793,-40.79038619995121,-40.4260902404785,-36.79441452026371,-40.063194274902294,-34.2030029296875,-28.8697147369385,-23.5903339385986,-33.3122596740723,-21.634698867797898,-24.833911895752,-0.391913890838623,12.954382896423303,10.3137464523315,12.9410076141357,15.4183082580566,22.0732345581055,17.2004928588867,14.5798892974854,5.83172416687012,1.7845010757446298,-12.837926864624,-4.0004386901855495,1.4742240905761699,18.481275558471697,12.5928382873535,8.60697555541992,2.5379180908203103,2.4624786376953103
sub-0092,ses-04,run-04,pain,LOC,45,rating,-2.6273794174194305,-3.8022396564483603,-1.35682678222656,1.465003490448,0.5164606571197511,-0.317540168762207,-3.98203754425049,0.25816154479980497,-3.95136451721191,0.669498443603516,2.4360809326171897,5.01340866088867,8.96865463256836,11.936492919921902,11.206806182861301,12.1299076080322,11.080186843872099,10.6770973205566,9.494035720825199,5.663071155548099,0.48712420463561995,-3.8022785186767596,-10.8952217102051,-8.04328346252441,-11.765605926513699,-11.3572473526001,-14.8826656341553,-17.0422992706299,-19.506732940673803,-18.705245971679698,-19.9361724853516,-21.511760711669897,-15.8491477966309,-16.730840682983402,-20.070598602294897,-22.360618591308604,-24.987524032592802,-23.214159011840803,-26.390304565429698,-24.483699798584,-20.894098281860398,-22.0088214874268
sub-0092,ses-04,run-04,pain,LOC,45,cue,6.560550689697269,5.26073455810547,6.9179363250732395,12.549915313720698,11.378650665283198,12.604085922241199,20.6419353485107,21.999313354492198,16.7279777526855,19.5554027557373,21.055221557617198,25.664037704467802,30.1326198577881,40.4060516357422,37.8694076538086,29.2098121643066,29.920001983642603,36.653190612793004,24.7545700073242,28.8588943481445,24.00634765625,13.545684814453098,15.381728172302198,11.0976114273071,9.68250465393066,10.112020492553699,13.457200050353999,16.8002624511719,24.376663208007802,25.812105178832997,22.9141502380371,18.9584350585938,13.1254711151123,6.6777172088623,-4.59051895141602,-10.4724750518799,-9.78625774383545,-8.99524974822998,-7.84603404998779,-11.924708366394,-10.573034286499,-11.7046508789062
sub-0092,ses-04,run-04,pain,LOC,46,cueH_stimH,-33.5886726379395,-49.504207611084006,-65.75881958007811,-46.6675682067871,-59.5814628601074,-41.4761619567871,-62.751651763915994,-52.22160339355471,-41.2428092956543,-18.3223724365234,-54.0038032531738,-31.7645149230957,-52.2849273681641,-20.5739135742188,-30.9618453979492,-23.737730026245103,-5.735791206359861,7.96590328216553,19.3628425598145,21.6527156829834,43.6715774536133,53.6987495422363,47.2360420227051,40.1670684814453,54.36576843261721,52.350887298584006,57.9196929931641,53.907379150390604,39.0303955078125,48.410037994384794,56.6242523193359,50.309661865234396,43.306968688964794,44.8046646118164,62.0673599243164,49.6799468994141,54.4173583984375,55.48738098144529,35.3328895568848,57.3359909057617,68.1521453857422,49.7171630859375
sub-0092,ses-04,run-04,pain,LOC,46,cueL_stimH,-45.151424407959006,-27.368143081665,-20.7284164428711,-66.26088714599611,-60.6553764343262,-81.25146484375,-76.2556915283203,-66.2531204223633,-90.5019378662109,-80.9492950439453,-77.3562545776367,-71.680793762207,-84.2278137207031,-77.618293762207,-83.0199966430664,-65.21951293945311,-68.03793334960939,-54.0855712890625,-38.475502014160206,-5.800836563110349,-4.46807384490967,-10.1434364318848,-16.5399494171143,-14.970222473144501,-0.12016773223877,12.191413879394501,34.340259552002,42.375701904296896,44.632049560546896,51.411262512207,54.5734786987305,44.3952484130859,40.5076904296875,25.0404243469238,28.5339374542236,15.5260810852051,23.4794273376465,19.0818309783936,17.796558380127,5.357629776000981,13.6986141204834,4.43672561645508
sub-0092,ses-04,run-04,pain,LOC,46,cueH_stimM,0.10196685791015599,0.576747894287109,-16.7788696289062,-25.6156406402588,-26.3223571777344,-26.9264354705811,-26.4592933654785,-13.0586109161377,-14.118504524231,-2.7801976203918497,-3.1810588836669904,-3.75481462478638,15.571388244628901,27.5886764526367,27.1819000244141,30.4981670379639,47.026027679443395,41.8858413696289,49.6195678710938,68.7959136962891,44.44596862792971,23.414939880371104,21.610498428344698,15.847887992858901,17.306957244873,-4.44890975952148,-21.2055587768555,-5.523639678955081,8.91792106628418,2.63563346862793,22.261329650878896,23.402982711792003,6.8071994781494105,26.3847579956055,13.3043212890625,32.8195114135742,11.9987335205078,7.521484375,-5.660430908203121,-1.77773666381836,-12.091300964355499,-7.41102600097656
sub-0092,ses-04,run-04,pain,LOC,46,cueL_stimM,2.10097503662109,6.0123291015625,4.14503526687622,20.141178131103498,37.220268249511705,10.3701305389404,28.620948791503896,24.642532348632802,13.0943088531494,6.50496006011963,7.39598751068115,7.96276569366455,-5.67038536071777,-13.4141330718994,8.65733337402344,3.25853180885315,5.9773530960083,-3.2548232078552206,8.6194019317627,-8.89767074584961,-0.48739147186279297,-11.525857925415002,-10.9265909194946,-21.908283233642603,-32.4708976745605,-11.2516679763794,-4.26206874847412,-3.03055047988892,3.81076622009277,23.159503936767603,27.881780624389602,41.1266479492188,57.7645874023438,51.594554901123,39.164421081543004,35.773185729980504,33.6777877807617,34.526424407959,19.452707290649396,5.1505622863769505,29.3021221160889,8.13110733032227
sub-0092,ses-04,run-04,pain,LOC,46,cueH_stimL,13.9096994400024,6.67300987243652,-5.873196601867679,-12.1819381713867,-21.997920989990202,-18.3974628448486,-7.24481058120728,-2.8578054904937704,8.29895496368408,5.68363761901855,11.5079345703125,9.05455589294434,17.0630664825439,17.697151184082,16.9869289398193,11.2640056610107,12.621928215026902,2.3021442890167205,-17.9109878540039,-18.705013275146502,-32.1610794067383,-22.835149765014602,-27.335393905639602,-36.369911193847706,-15.4562244415283,-25.575384140014602,-19.8216934204102,-32.314689636230504,-23.1565990447998,-5.63250637054443,-9.8900785446167,-2.02761745452881,24.096426010131804,14.3241138458252,23.150386810302702,11.4681053161621,1.9213924407959,9.88546371459961,1.87207412719727,-5.539886474609379,-9.40175819396973,-9.58071517944336
sub-0092,ses-04,run-04,pain,LOC,46,cueL_stimL,3.39388513565063,28.0447826385498,17.098810195922898,23.8569030761719,1.9574279785156203,8.0385913848877,-5.44843864440918,0.394863367080688,-20.1501293182373,-6.51680612564087,-4.2462301254272505,-8.57089900970459,7.969793319702151,4.7334489822387695,-6.44509124755859,-16.580368041992198,-9.24111938476562,-10.5989980697632,-4.9240550994873,-10.290781021118198,-9.36302375793457,-23.0789222717285,-2.60004901885986,-17.9090461730957,-8.19740676879883,-5.600224494934079,10.004514694213901,27.932502746582,34.285888671875,23.1315841674805,32.5619773864746,47.5160903930664,25.823932647705103,34.627716064453104,39.668327331543004,33.2778282165527,33.563034057617195,37.4641342163086,28.021312713623,28.4966659545898,13.3718681335449,7.8133544921875
sub-0092,ses-04,run-04,pain,LOC,46,rating,0.15995645523071303,5.57921600341797,-0.149301290512085,-3.5798709392547594,-4.14693832397461,-2.6940522193908705,-6.811795234680179,-1.1137228012084999,-3.7538890838623,-1.2793025970459,4.24409484863281,7.874576568603519,4.17609024047852,6.109893798828121,9.09993362426758,10.387258529663098,14.6576499938965,8.81556129455566,15.9780883789062,10.7611789703369,12.1355314254761,12.2088947296143,8.81272125244141,7.441833972930911,9.67351722717285,15.8307456970215,8.787746429443361,9.19048500061035,8.16759872436523,11.8808536529541,5.15918731689453,8.043459892272951,1.20217561721802,3.84839868545532,5.2236909866333,-3.5560333728790297,-7.43320274353027,-6.3384108543396,-13.5604076385498,-11.583590507507301,-13.2648115158081,-16.7061882019043
sub-0092,ses-04,run-04,pain,LOC,46,cue,3.8765411376953103,-1.7956123352050801,-2.00213241577148,1.60917663574219,-0.131763458251953,-1.42181587219238,0.9930081367492679,5.7797756195068395,3.99963474273682,9.01884746551514,9.800615310668949,14.471433639526401,17.2376194000244,17.8152542114258,17.9722061157227,12.2628173828125,17.8069343566895,12.5504608154297,19.5434417724609,21.645568847656197,14.489219665527301,10.011070251464801,4.46309375762939,-3.82053756713867,-2.2302885055542,-11.914643287658699,-12.7857494354248,-7.64678287506104,8.83869457244873,3.1446084976196302,1.3171248435974099,-7.446964263916019,-8.888772964477539,-17.565673828125,-22.192640304565398,-33.0886764526367,-27.677635192871104,-31.0683422088623,-17.803188323974602,-28.5243110656738,-27.4551296234131,-16.2110080718994
sub-0092,ses-04,run-05,cognitive,LOC,279,cueH_stimH,-18.4748199377355,-21.435206547302197,-11.4485732509939,-31.3875833376363,-23.2746884272719,-23.0163959692136,-14.29375880494,-13.966725459030199,-12.060263070304401,-6.130473287428041,-7.17634461921641,-11.886299508943301,-13.735483425875499,-11.937576322885098,-10.586212151643599,-11.7297917377527,-10.909748939651802,-27.030333116412603,-8.940563312852,-26.684975273034603,-5.366568420893111,-13.4208847259476,-19.303512906719,-10.0390127719111,-1.94555964420728,1.89388868980055,6.97191298703611,-7.363172476621799,-14.2207506421563,-15.779665671260002,-16.2336943839133,-20.444904648236697,-20.6678189777536,-34.7685415156519,-20.418396850504998,-46.296830577856795,-24.321819480785305,-33.9640213613464,-24.9146351140332,-44.842733921618205,-40.548644641577,-29.872971408323302
sub-0092,ses-04,run-05,cognitive,LOC,279,cueL_stimH,14.611718565583802,21.4604429719102,-3.08687677439345,7.867880582486269,0.454042826282187,15.369805344463401,4.12814685403114,21.9839775955077,-0.814767555784453,19.0900822025181,11.666525150244802,-0.8368185339011271,15.021894023814399,-0.642857768237485,17.3161995541874,7.145269605820991,15.763582783984198,6.589220538355121,9.30868558999482,7.472835236903269,7.4287115128513,-0.0461220692561142,-9.2793315970202,-15.4831636876817,-8.35453761772099,-7.40443769133981,1.3671381651138899,-8.53146552218166,-11.8052403067574,-10.8346237935488,-27.433519543621603,-11.7167810023104,-21.7312273264807,-0.10831701249497899,-13.7546554052917,-8.205185602424072,-8.47099742160719,-12.3057157058746,-11.394182654526,-12.8454125015153,2.28480619530624,-23.554140597693895
sub-0092,ses-04,run-05,cognitive,LOC,279,cueH_stimM,2.9537836849772696,8.17885640190433,-4.24706559588041,13.3797443953769,0.823533258827088,-9.46624829020299,12.8005329500137,8.073815017518129,20.707253404158,-2.5068244376323996,26.9301882656074,-3.8181451730124505,20.053918848104,-2.61931077899653,18.8824434475111,5.29339223522542,-5.46825228152947,8.04842282526124,-6.871285461358791,15.9701789843602,0.34457111367238397,12.9221841542733,-6.93806533218248,7.8507049407617595,-0.90334346222626,-4.5516581982579805,-15.5097605295859,1.18357564035968,-11.356591810269599,-10.1119394048096,-10.4137757573081,-7.6719534492589805,-8.103506261044,-12.4735619653596,-2.90189551881249,-18.353871660751,-13.339417670523698,-26.1721082350425,-0.49884318370195396,-15.743591803484199,-8.22129436494241,-13.5071957297109
sub-0092,ses-04,run-05,cognitive,LOC,279,cueL_stimM,-6.3372674154201905,-22.354756474583102,-0.7647917741927192,-18.161652850841502,-6.99750666521389,-18.001315067172197,0.46663020389843607,-29.333440002631303,-18.715100026938302,-20.376174669317802,-25.8498487468705,-15.872044028985801,-12.122605363218998,-0.37214821911456397,-18.594203737266,8.4010944788294,-15.9213662069015,-14.100590096154802,-0.0450678285191799,-16.133755269501,-13.6616883487976,-24.676092365770604,-24.144294647634897,-34.9669935332088,-42.6258248320559,-17.3988675953732,-41.209072894676396,-25.236854557479997,-36.920840652877395,-31.7714787077948,-33.7564913994831,-16.573255900957502,-30.5733419218565,-30.200432685943603,-12.614927088677799,-18.168547172236,-5.2766044042778795,-33.0862263155401,-18.6076907276618,-8.902598196456038,-18.891180492828802,-4.27893461434841
sub-0092,ses-04,run-05,cognitive,LOC,279,cueH_stimL,9.78960966960128,2.7352947972509103,-4.690233546029191,15.4162561893663,-2.68237023992316,-3.5107540137373197,-3.9401499719753903,1.36385479758064,-13.0213405886445,5.718248914856371,-8.752746781639921,2.62528835315564,-7.71959406268548,2.52832331141324,-5.72366812427892,6.95827035996312,8.72490385348587,-8.9747773738864,-3.86522226498855,-13.325125160894402,-15.6840360262343,-11.264255292621801,-13.0394878416226,-14.1924982688217,-14.6735152774195,-12.6192038295415,-12.765604482562198,-2.10033268364554,-4.0664223793005005,0.128360169443482,12.8309164430261,5.30408638147292,-2.5564005294930197,-1.4414119619674999,2.17024887946246,-10.3546600172064,-8.76181301482234,-3.6258062902059196,-8.7398386819929,-17.9995883490504,-29.670843410503203,-25.0651047770045
sub-0092,ses-04,run-05,cognitive,LOC,279,cueL_stimL,7.154679372993799,2.72539069003042,13.329860066079302,-3.56852229636895,19.301934608964103,-0.8149101389433009,12.2280699056379,-6.42762162398222,14.8369743808962,10.6620414565775,19.773130314977397,12.9931975250281,23.9362110580068,35.0714930261636,10.1914908588045,30.4564343123909,8.80343702183912,21.5848913811901,8.55741532466766,23.9575138270608,8.13436105634434,2.49915965554478,9.500888406253038,-10.1625722885274,12.2584391829064,-0.5035451679340139,0.0105370700343617,-17.6195768552621,8.823967021149711,-17.118140343286,5.51125659365759,-16.758758817709502,4.942460729241669,-8.362145193299309,-4.42752644541259,-8.39082117825621,-6.052419863896719,-2.73766821702721,-6.65216570550699,3.8720503263765496,-5.60241053929384,9.79844961193225
sub-0092,ses-04,run-05,cognitive,LOC,279,rating,-1.97668294191126,-2.1204040576004197,-9.79628824782334,-5.03946996511871,-0.7415362395156221,2.962967044746,-1.70197111113299,-0.6253507015851449,-0.152977467573336,2.63568144879337,8.34525396067867,6.90625302855446,12.038422794204301,9.59181836753518,8.85621643230928,8.78577340263968,4.57610933362734,5.944647336391211,0.406580717712185,-2.59055001120205,-8.47281416617913,-12.667416243123801,-16.7602635510708,-16.454400657084502,-23.4051649938084,-21.811377992322196,-25.1045642481263,-28.2540925784281,-24.438734375046202,-19.6685590096724,-19.4603170796851,-18.9027136950885,-17.5874226258237,-12.367930449208801,-12.276212980124098,-12.5737616209462,-8.6639937728117,-9.25326010632398,-1.06610751340274,-4.883246738297809,1.48568090479334,0.223251047079113
sub-0092,ses-04,run-05,cognitive,LOC,279,cue,9.40097817164968,3.1158772823865197,7.953889292537661,2.69321128761975,15.7792312881935,10.1940593458569,14.141206568027,21.9561978672085,30.3254198116376,23.619766046591,16.4690065895241,13.916555414003,15.8241586637135,11.598688298694501,12.8914063626506,12.1014890668211,7.48128369142297,1.2620023386021297,-4.64691868444635,-4.76461915373822,-9.838077522231151,-5.1051836535496,-12.2172185644945,-5.01268449198308,-3.70500920901694,-4.3561135850510295,-1.5970442005763603,-1.05811061560719,8.543067717803709,-0.34631423310106896,11.220407535971699,2.19142989291002,11.202142209986999,6.028169421880991,11.3540636421625,7.19500288272824,6.8630199801871,7.8623552455639505,5.5724056206307395,9.178404208826311,1.50993048265286,10.9523708742924
sub-0092,ses-04,run-05,cognitive,LOC,280,cueH_stimH,-5.17329963357833,-9.92183353618529,-5.0373251228824,-7.971834183369429,-23.968395341763898,-11.528871060878998,-6.0505483390183405,-3.65472836741827,8.74523417265663,5.943670075419639,-2.74206253460738,-7.3229891863582806,-1.5186772206083,2.28556335492483,5.598954849073371,2.86502410046327,-9.29186225840686,-8.70524775456651,-16.2296686781514,-19.1101699697828,-7.856290950604559,-17.5298991627709,-23.6566828293699,-18.1579739634176,-10.6241763712812,-14.693176566774198,-17.798178114481303,-25.301500933509303,-9.878506298811152,-20.292236492954103,-15.479405374273698,-13.0139092606509,-30.4314321115656,-29.9693225428407,-39.5328816238185,-37.3727041847553,-45.0181534632946,-35.124586867466,-33.181010504658104,-32.6415851297542,-24.588610650903302,-30.018861272249197
sub-0092,ses-04,run-05,cognitive,LOC,280,cueL_stimH,21.679071918384,13.2460791072854,17.0411956566706,8.21633485701941,4.921470980211129,8.20842067769797,19.330773214447397,15.7587606265301,17.963008953637,15.9755894613042,9.171400538446669,17.789606785121,9.99043363634619,19.310812285906803,26.3424124178187,15.0406272750338,5.12708973155943,-1.3705560968756003,-7.673243521971231,-9.31631507068069,-12.9752808028245,-24.792675361585303,-21.471703267611698,-30.1396587569321,-31.287788014683198,-32.1145656673511,-27.989318986223303,-29.1331868322577,-27.6882877520827,-27.802479840678302,-20.314069567373,-25.0574658493896,-20.668342033082,-24.606315055813305,-21.2952175300761,-25.4859471091258,-23.156514960946698,-19.117411754951,-18.6106420144347,-10.0835072789438,-19.767533544474798,-2.68697713053115
sub-0092,ses-04,run-05,cognitive,LOC,280,cueH_stimM,3.43028897819346,4.51041551292862,0.285994471872122,3.66470830088928,-1.70329575003465,10.5768148669768,6.79895166566939,3.9753963215722,3.76942223741207,6.37381548862342,-10.371845568228698,-1.30447294315997,-5.74799416033964,-7.93802692388335,-3.2964420151821803,-20.404048807703198,-10.8724527428262,-25.3412692852632,-22.1252623095324,-22.657849628959198,-25.2800186191077,-22.8497599631428,-25.9721270683048,-23.869669206801895,-31.157415645151602,-22.986599642288,-16.5242883602613,-23.117768014158397,-21.533826008643604,-17.2549662608244,-21.4642538263379,-0.11942855918443498,-14.9319707578932,-0.19018018456561897,-19.7225619807608,-9.23769335775668,-15.452719821493401,-24.606457060946397,-17.9953323972803,-10.157875435403,-16.045537810858,-11.4037866950565
sub-0092,ses-04,run-05,cognitive,LOC,280,cueL_stimM,-25.468568937763,-13.3430392098214,-18.5011352697951,-24.7201004596139,-26.200801687073103,-18.6370259763496,-19.975163028588103,-21.7887951112746,-27.260288421388502,-22.9320976705269,-14.2922329286354,-15.2306058455443,-11.6207124524225,-22.708514977493802,-11.8506335881675,-4.83475103557482,-17.977077950738998,-27.7524299386268,-25.5848239313374,-22.6754285593468,-34.613784817806504,-25.3011432066879,-37.262622887078,-37.844530666398796,-31.197091422653603,-26.6506827880586,-29.312521825195198,-35.843185117819296,-32.8023332711521,-32.6100064238723,-17.4568723626655,-22.641862865110397,-22.0148415054567,-15.082174128229198,-25.861759179571,-12.5315868413761,-18.7986997933603,-6.94049140368014,-8.44640353867896,-5.1143557577423,-2.03299596615158,-1.7042826520321102
sub-0092,ses-04,run-05,cognitive,LOC,280,cueH_stimL,-5.1232005117489905,-0.129583913225803,-4.2812675204995,-2.8063898682262405,-3.06599107660417,-7.64681252867416,-4.08294723953487,-11.702866295213301,-12.132259622620401,-15.369646057253302,-10.8438343727708,-21.6666740035146,-25.0888369116713,-19.438646781411602,-11.0147579460674,-19.6619857246624,-14.0119286818292,-16.0418883462868,-26.4794960875987,-19.1471518872292,-27.0899649973616,-28.2389695094402,-24.5593044163969,-40.762434889675,-23.889384014586803,-29.5452914125353,-26.608785459440103,-27.082605859862298,-20.4744365383389,-8.24143830286525,-8.26602856081324,-0.964314992061013,1.6666676256101298,-6.3896100522162,-2.12582908432468,-10.4053676247065,-8.46699424697147,-15.517416803227198,-10.5188280571783,-19.1312381836587,-20.2017165454385,-25.194105551066603
sub-0092,ses-04,run-05,cognitive,LOC,280,cueL_stimL,0.301438485921665,12.7292766312129,-2.7587201927294505,4.29299175044385,-8.56272607221001,-1.7346352692841398,4.41518504034353,2.01274987518287,-0.291052124323723,4.50050327752592,17.0927174023892,5.18170334182893,15.221288234470801,4.46373783700267,13.4403320559391,7.66129948867718,11.147746445636999,-6.2427235668342105,8.34098722744789,-10.8844767915026,-9.553436700601232,-8.454968945868611,-13.0578009648298,-7.12115796408895,-25.772474421993603,-18.3807012940043,-30.470211915863104,-27.514658582440802,-26.7991003009509,-11.763957426714999,-21.2337317417098,-9.60416033910634,-4.19455766637094,-14.154972672683499,1.9297806120787901,-16.9288529179629,2.42482224461253,-2.7664214961591,5.5437760355515895,-2.65741886722325,-2.40873484603075,0.643687431388354
sub-0092,ses-04,run-05,cognitive,LOC,280,rating,-6.13650255692446,-9.04509705518291,-9.23842566844074,-10.7104819493653,-9.50485136305675,-6.7128338198580595,-2.60503693521391,-5.830330321179121,-5.443527161218151,-2.44156138604205,-4.0115198129310095,-4.2824840911457205,-5.5049200958805,-5.31343672482231,-7.513622690207571,-10.3632327022942,-11.6485075953811,-9.88225804098191,-15.7887165954919,-19.752411218874,-25.6548694630517,-29.528714606230803,-31.539914290808703,-33.333389623912694,-34.409980895479,-34.491843558164604,-37.3163162959191,-34.4259708702009,-29.645457619984604,-26.9909420361904,-26.6058127747999,-22.7533206248039,-21.652468841181303,-18.634520745038397,-16.214328749732402,-10.3769183897366,-12.4893043889216,-8.10293708963754,-4.49239752543874,-1.29357048739151,1.1953361886929699,0.7387903172652909
sub-0092,ses-04,run-05,cognitive,LOC,280,cue,2.43394136192956,6.62685757666569,1.72494412713742,5.674414200201559,11.4137534008236,17.530084032270903,17.391180670433,27.699875058948198,25.3061661213513,21.3567480652018,22.6169758361782,17.354802628118502,12.1604347843927,11.6203645672905,14.5127971621619,9.7490008994255,7.88449144256837,10.3682076076245,7.104028872363731,-0.114109889249676,-0.270552748449845,-2.63438535365623,-1.84120287387692,-3.23554163715496,-1.30332384147272,4.3982389133110305,8.69235983505308,9.33775884577884,6.32669504724715,17.6488488554523,11.555014218824802,15.993913567423599,15.003504368462998,9.73985062247035,11.670336650941401,8.82116901938108,8.096558216539192,7.021666645215349,4.3975134478888895,6.963398484170259,9.16419230674699,4.52444707935426
sub-0092,ses-04,run-05,cognitive,LOC,281,cueH_stimH,9.82028249480824,-14.9698698236521,0.5927316630838051,-2.94356502589046,-11.6550374606422,-2.03687427290103,-6.5240330143496,-2.61151283281788,9.62410106427672,-1.34916505000969,4.73426326515801,-2.0000612184745,-0.0514689277517064,-8.47623340004257,5.25384884987227,10.5339455661041,8.39971330070894,11.753502792083001,7.957619272978519,11.8508869750801,10.9895663096894,-2.54187674048404,2.4842122548497203,12.1859219237545,8.276173563039121,14.977633855230401,6.11857020439607,-12.9443938978107,-11.128262814583099,-20.456226625292302,-18.4731420143228,-26.4529732179587,-26.5604950422815,-19.8322813700408,-6.7475084381278805,-24.1404994151042,-16.0860741969457,-29.9906896947825,-28.0923202969941,-17.589999340977098,-23.7738368394269,-15.2578037719395
sub-0092,ses-04,run-05,cognitive,LOC,281,cueL_stimH,21.6326159902804,14.009363508691,-0.376614112053073,-5.81329011323245,5.15367207776254,-6.0698093340106904,5.28352409721223,12.5513133703621,9.35535354605235,9.53693344779085,13.02216225339,11.0502803016659,2.8756484033211,25.633987960119,-2.28391851311908,15.2948249064749,18.1120357947663,12.8467269109341,-2.1399845175974197,6.24275332543823,8.218253317740151,-25.4546769294024,-1.4605300406718897,-25.184918176685,-11.1109098559707,-23.0929231988803,-21.49892977008,-25.8934163802529,-21.4569096869366,-18.5820975663767,-21.3259436598152,-17.673410022018,-19.6600746299828,-12.1712897416418,-27.1651781138718,-19.943496633401303,-9.925118891040029,-9.91941260500268,-8.43154687410458,-14.249298351434,-16.980215842777,-8.448349425493701
sub-0092,ses-04,run-05,cognitive,LOC,281,cueH_stimM,-10.851594709045902,-5.80244096332592,-0.277516172129516,-1.67914574160292,-12.974315258981,-10.4702779763939,-3.21039074194897,-13.4670673785144,-1.39363386711928,-4.589325802764599,-9.83883095438199,-4.5578799679816,5.37399079346021,1.64861494339095,-8.20474418034309,-0.5965596334815121,3.31778661920411,-8.1739565782401,7.51802440224074,7.35830262711829,0.477809125547052,-10.727062191642599,-13.7470171038825,-1.78588064110295,-5.9748337218415,-6.01124702417431,-17.0897803885531,-25.126002858198298,-21.812704503671103,-21.8352422422628,-23.7233172271311,-24.8599785723781,-21.3832588133135,-8.73152521893527,-19.2513755038827,-19.6912500373107,-20.2111910538191,-18.0431180042313,-26.047569668968897,-13.326670853150402,-20.7413323970442,-2.722506180442
sub-0092,ses-04,run-05,cognitive,LOC,281,cueL_stimM,-8.933587150153981,-8.79745116054051,-18.654161447407397,-21.2360989636774,-22.1945679836694,-26.1233445382971,-33.9056460433976,-24.760033093036498,-19.5487967106476,-19.994850645909,-24.389337820343698,-20.5558367818534,-6.09323230736911,-2.70739189658305,5.5123866521755005,5.32515778721867,14.8365182320215,-2.6319573458445897,-3.8775247705016898,0.889585017197241,-5.2248868310287495,-13.2072472197649,-20.4436721269488,-17.2109743725854,-37.4680890767131,-27.2350830261583,-18.370738709380397,-20.4181171198439,-20.703192609802198,-16.2086562484741,-15.784297073819301,-17.3955198618986,-15.876684644463,-6.809952692342991,-3.00065680994263,3.76996606329191,-12.305145934504399,-12.197542359447901,-10.3020246990183,-0.16531779793412602,-2.50097415041231,-9.83443772815467
sub-0092,ses-04,run-05,cognitive,LOC,281,cueH_stimL,-5.586120835737099,-4.22963472306946,-8.53611507934131,3.98092925864349,3.1308335004020202,-2.9696085795254303,-11.203783158419599,-15.2600959224755,-4.7992657162139905,-18.5345017436607,1.7221998724198002,-15.271334066516099,-4.693218259051321,3.216693679144,-12.4177924232029,-9.33160515941109,6.853071012588,4.71396452575939,11.3091009140693,12.4950160664112,-8.555247712814339,-0.529577420594254,-6.6803333764759305,-20.0061207767361,-16.2004173786652,-19.5463094879508,-3.66839250988177,-15.725956809684698,-14.9636903700562,-13.348162598844302,-16.6131316930854,-0.9501060879298889,-8.11884196192951,-6.817832865379961,-5.043524675598599,-14.1572800214833,2.05777832861631,-15.6131808899308,-9.46043996524106,-24.8902660816826,-14.523075299598998,-27.2258396165628
sub-0092,ses-04,run-05,cognitive,LOC,281,cueL_stimL,-8.08291706162631,-14.1474530394729,5.285589978612781,-5.55205095468848,-1.9768242022098703,3.04557795850334,4.85055955423304,-6.61888897873608,5.96757436754954,-13.0376770375091,7.09630976414842,-2.84328819912714,19.316273998861398,13.860796966836801,27.1059590059834,24.6635810031289,3.00764808160062,15.374692122233698,8.05066487888565,4.48243530887141,1.82374225209476,3.25780392468535,0.605759459718051,-12.8689954653365,-5.708021623763651,-4.97644229211465,-9.38068456681924,-1.8932391102578703,-2.55981588620017,-13.7747986577676,-14.6117746106406,-10.2612165796058,-9.87479062622192,-16.0617280747781,-13.5187064105091,-14.9036762855744,-5.88787378547514,-12.1529798301618,7.13212176281338,-2.5800388810873702,-5.856068267084679,1.1802503477120299
sub-0092,ses-04,run-05,cognitive,LOC,281,rating,3.30426377429964,2.2337918502000003,-0.30295770130255395,-3.67127676550605,-0.882032454907428,0.4153186979841,-1.31028405981619,1.92027350700785,-0.322542818725125,4.09457618644705,1.27061081270001,6.855333768182531,3.2312281183102405,7.36895018454373,4.007228778914991,5.481898604470411,2.3528492482035404,-1.9643410530470702,-0.34576786513156504,-3.89082394900719,-12.9858457025373,-11.05432846121,-22.315778218829397,-21.489950746954,-22.6643104149039,-27.273649029161,-26.5605296414629,-26.4036573940828,-23.2408497349407,-20.0811765393197,-17.840602081543,-16.1300692456854,-13.737234483615902,-10.9542271188664,-11.0307624420306,-5.872424527169519,-3.94396318657988,-2.64444689576407,-1.7371724103608601,0.35738969682947397,-0.882649025854855,0.454161053530964
sub-0092,ses-04,run-05,cognitive,LOC,281,cue,-0.479385527628937,4.86446339626971,7.95557339720533,5.463775234332401,-0.8329824510139651,2.3404067966622404,5.37297085474845,9.400598165471369,17.372249061609,20.7388486372541,19.9159428785932,13.9686437960192,14.869337311525399,13.195157123134502,10.336363084379801,10.4007246237717,8.73831970871612,4.91311149942314,-3.4656612545120096,-3.1777489845630496,-6.495442027317179,-4.29809972486849,-5.8235418401715195,-1.8931974271158303,0.379513264868326,3.29573466894018,1.86209605372313,6.91725067765643,10.693507104090699,19.0555912479448,16.885438257659303,15.287510807639599,16.284054499821,8.55655202785459,18.5733016004002,10.0399935455787,8.58724803031186,13.336779400978301,9.91977272731583,12.9021367045462,4.39255645493423,1.8143947335792698
sub-0092,ses-04,run-05,cognitive,LOC,282,cueH_stimH,-15.1445621647997,-19.7520209019749,-8.83222819633773,-6.51436912039004,-14.419854549869699,-8.09092757775599,-20.768910778192502,-14.491042299204599,-15.1303964253248,-9.70952592028021,-17.5656532559862,-21.4151119660203,-19.1190204340147,-27.794799170412396,-22.2400618900115,-22.678172681729396,-17.989907146338197,-33.0693074222512,6.67076400961038,-13.875182404758402,-4.45682173219475,-7.165378540128349,-8.01008747896127,-4.06210645015238,6.33522295637128,-3.67314390954819,-8.598812211666111,-21.710591397228303,-34.479894608357,-23.7339896588895,-28.4918063773383,-44.24676217186521,-13.1082045870367,-35.8496715444451,-10.376372199709301,-43.120260261995796,-35.5224483873507,-46.2388605966531,-21.7497060795867,-37.665795938360795,-40.2199405780194,-26.9348247007477
sub-0092,ses-04,run-05,cognitive,LOC,282,cueL_stimH,3.41130465982683,21.736301707221198,10.6005405121798,16.3411892679811,22.4157509460708,20.415432803509603,0.365329757261701,16.9611674287023,24.3690481620926,16.3547529243831,18.136811134783898,-19.518874661116897,5.06801340328542,-2.8245030450404705,31.0444517845225,6.24761569019251,20.0199416940762,-5.879786419339791,4.901724478337731,2.93354519186278,-10.3587904340451,3.21572227323937,6.24518418147485,-2.4548232874148597,-5.1151841520961705,-1.1618709620835401,-11.1193616905019,-3.6120048666791202,-13.936901556689598,-0.0827982525093773,-31.476766877350197,-12.1222663190336,-34.038144357933895,-15.9792055771454,-31.4866731654953,-24.270765918153803,-15.1198830215595,-21.3446753351808,-17.9889631704592,-24.276737894046303,4.694586856211349,-11.150613904716801
sub-0092,ses-04,run-05,cognitive,LOC,282,cueH_stimM,19.229572331458,9.8107384057355,15.759635393492301,10.0321810982794,0.267886079315645,-12.6899676501934,-3.05237889860613,-14.370492993769,-2.61407139040463,-20.3460237687835,-2.63397548162281,-28.4100869624806,-6.30483531137997,-19.2956528244119,-2.97134306443461,-23.794660353593603,-14.5556537475278,3.67588042571756,-17.500259940423,2.8252854629496698,-9.85092246215202,14.5623108943459,6.41467761636176,11.541249892530802,7.31127407966045,7.18193230335341,-2.38426792325037,3.84187183348329,5.48030962017621,-8.6183676768503,-0.5761639200764389,1.70521573833298,-0.522243599192578,-13.6519847293787,0.0275621746137631,-23.9152772244391,-1.95368957946701,-24.011332522518703,-7.55966650746251,-20.643262098915898,-2.30722450951697,-0.106258223266245
sub-0092,ses-04,run-05,cognitive,LOC,282,cueL_stimM,-10.0299689815787,-43.0347796036931,-20.0796947214082,-43.7520732562876,-14.258039229086899,-26.626295319489003,-20.7927630520606,-41.7708392372479,-18.2460828247542,-26.189345722269397,-9.47540799647293,-38.7832994148544,-40.6807828961467,-31.2404689375735,-26.6348814205445,-5.837033470611289,-31.389328232335895,-21.2535594500751,-26.2978783428931,-42.2228159525818,-1.21376001656184,-37.516518278468396,-33.7681685639535,-34.7730467978277,-40.186258685440706,-30.8224610569176,-22.559981120798803,-21.928724845815896,-41.378989442875294,-7.77057549448387,-20.2367531768654,-8.845094051852241,-13.908479640359099,-10.007345114238,-15.9877786177409,0.35037138085422703,-25.621869622705997,-36.2818430432621,-20.001967224006,0.6071604375807521,-17.2176540745311,-9.60960487543375
sub-0092,ses-04,run-05,cognitive,LOC,282,cueH_stimL,-12.7643474335762,-18.086673894847,-19.2853382654733,-26.8581845377935,-29.972641447827,-14.2258020429704,-41.9767410066858,-24.175765647412895,-28.488082920487,-30.3620174594813,-15.9319002879531,-11.9485850662756,-16.3183361388669,-30.0079652045882,-10.8133764801479,-2.8057760614239,-4.949900881236889,-15.2707980747385,3.83306101379703,-9.64311332416897,-0.9961126262480259,-1.55996539518709,-12.466759986888599,-13.758060022983,8.70832442764022,-5.692777228061769,-4.81745049976475,-5.256274266079241,9.51308708703683,2.17996977390884,-4.51512696339506,17.6306474917537,13.604370266073198,-18.0070241387712,-12.8738400371574,-13.758378846100399,-31.845476860050603,-17.531722143771802,-23.063357014122897,-24.3961835457643,-29.845182887360398,-33.9005722888948
sub-0092,ses-04,run-05,cognitive,LOC,282,cueL_stimL,32.4265454991676,1.4358970597159901,26.611503748815302,10.367818986541302,17.9591954501475,7.16203782719059,3.2390652379937404,-6.326542861269321,4.7193059295999005,-11.6241194660736,-3.57748708866376,8.37692110830999,-19.913979444760603,13.8990259862291,-12.331675283698099,9.82403901806009,-12.0962539003329,20.672011542035698,2.57217420315345,11.714274508152899,27.450251873147202,13.900727140290401,8.07526562359686,8.74354525114472,28.217327451020196,11.498891482102803,25.9676161471522,-1.48694739080075,15.371637389475401,11.124332930402998,7.84581997150546,-10.5673031259865,5.03412151125768,-20.0788404321484,-9.589720142004369,2.81576296063016,17.6993680881676,8.11720858542917,12.1028727899229,30.2665843840623,22.9921787806124,7.0354080864726996
sub-0092,ses-04,run-05,cognitive,LOC,282,rating,-0.723784673147063,-3.1870567670462995,-8.33196311279745,-11.6716326764117,-3.21481254334472,4.6960778749721905,-5.62388108907598,-2.5706059703466297,0.25773935231344297,-6.709500235646059,-7.02212080323154,-0.769681739582765,0.16194430432635099,4.9365518488387,-1.84789692905628,0.563188855672173,-3.36723191191275,-1.5849365428248998,5.55457791990241,3.14944479065872,-7.57840024878922,-1.1694441928247399,-10.4676856289298,-13.255043306873,-10.776146407181999,-19.824342541043897,-17.9536880292401,-17.936503628662898,-21.874330928920497,-20.598021771716198,-13.4857730917315,-21.3149115768429,-16.2082747336743,-14.219800580395601,-10.7071907985618,-17.484501811784803,0.586229077715526,0.166259642188338,-0.764495849181554,-0.708838152497417,-0.138537201547482,4.06775225260899
sub-0092,ses-04,run-05,cognitive,LOC,282,cue,0.6424603031933349,-8.97287338551774,0.280017018212867,-6.8170614322373195,2.7208726182328395,-5.86811333178729,12.350049020297101,4.3432126123237405,8.085727615268901,7.83999977231668,9.345513885257699,3.3182802274408996,-0.128397643614626,9.3047687837861,4.5206667965233205,3.6437199771666,9.355594765854269,-3.7510974496959104,-7.97358523081829,-0.17052670578583198,-8.10297615137938,-7.97046295125705,-14.5789570634443,-5.56680578502733,-0.17072491068742598,-1.9816414583828899,-5.71298868350858,-2.0506119223092,6.31643699552153,5.43968788957326,10.9279021564993,13.374613875585801,16.1935010879212,8.85788230568036,24.341302647916603,25.183592368165396,14.344101495875302,14.6385820910475,11.609541042420302,20.767191503866,1.22190968706526,14.577330190845801
sub-0092,ses-04,run-05,cognitive,LOC,313,cueH_stimH,-6.508554492297599,-6.75301101452054,-2.48994898929356,-19.745088982991,-13.562608084981802,-4.782341118982799,3.97093176850241,-9.21337050180229,-4.34932027729313,13.8724662136707,14.878470709001999,22.8094744222043,18.707632903254,17.766041940952,33.369547617779496,41.318355258118295,21.7430824838726,36.094179994659,23.4486008286782,21.723067389621,25.7547122667024,29.2264209254141,17.9465899619284,12.452314622335301,9.04370381876675,6.42361464516873,-0.91763016086766,-6.84677931294974,-16.7377468902923,-11.123020222039099,-21.996468731330104,-24.851056171753303,-30.403878835514803,-27.7888120163243,-14.3782663744204,-33.3359506695718,-30.200985949406398,-22.992160801313602,-4.55623773471183,-27.9216597972183,-20.6431356280012,-26.568958648091996
sub-0092,ses-04,run-05,cognitive,LOC,313,cueL_stimH,-7.986525534439401,8.631727907029799,6.45457294731208,13.278851733043899,6.952065057298809,22.548516959351396,13.010676924323402,14.937321081396,17.9218979126201,20.260550399076397,28.8697364406008,25.848510951028,29.7145729001052,33.9442197406285,33.8728964781956,16.2480950771356,40.0839154176816,39.355306890460895,43.046248458554295,34.654756408123696,25.927605623109198,28.546277947277797,20.381229965157498,2.1237513061838,4.46136676306429,-7.17643088679852,-8.13962834782915,-17.295480592045,-28.717256301972398,-17.6056578414655,-27.991024249135197,-26.980254939197604,-17.8381368336382,-13.400481770655801,-15.429175690337999,-0.916372425914737,-5.517460159611749,-4.50606380318684,-14.4706568728496,-7.74130624898797,-11.826907482078099,-7.309479835544701
sub-0092,ses-04,run-05,cognitive,LOC,313,cueH_stimM,12.749351090658697,5.78795870969874,12.320246609928,20.5939538078057,16.3642274541406,11.3756012939506,20.3751713884539,36.342507776779,28.6990718831141,33.398446897795,32.3612330216261,35.3704100756535,45.8568556483624,37.6190767409765,50.127438731482,40.5942483121356,38.4585100049705,40.75878411172071,34.4613402399118,46.19857966622521,21.3948536213196,33.4850435512317,23.4824621211181,3.9033910086837,11.971639379842,-13.4417410921379,-17.8578968005248,-13.521597844816899,-12.110177506043199,-7.43691799430844,-19.8017830213988,-6.42032344682218,-19.675546690005,-1.70926758904497,-11.6028042629513,-15.9533483076319,-18.3724829219327,-26.404037911068503,-14.8820299693657,-19.0308643945579,-19.6479396953169,-20.519606150758896
sub-0092,ses-04,run-05,cognitive,LOC,313,cueL_stimM,-5.3282552868442,-10.7069597816465,-1.9038636411888101,-4.16877515182764,-17.532570107028402,-10.836184407674699,3.6078614170387,8.43361377455886,1.24123582601345,5.88622462442011,19.2201106270726,19.2801056587249,12.4789423932877,29.356960646660102,23.370329300730802,37.23554866352521,29.129719772521803,30.2536073770897,14.5453823471577,24.375599069721304,20.981689821083897,18.902651199469,-9.626994607322132,-13.497939050920598,-21.5770192384173,-28.3599722980512,-23.504957481085896,-27.881020599980303,-26.974359729995303,-15.4680527952202,-26.7298307075175,-20.482897341269,-22.904588606139498,-10.6686559789529,-16.16764201135,-11.590423302841101,-22.153387023698002,-16.2128856182044,-18.91828315309,-3.89915545766321,-3.02602460831622,-13.729790777369
sub-0092,ses-04,run-05,cognitive,LOC,313,cueH_stimL,0.909227951588414,-2.58239534084288,0.8172200312915,14.15469663434,14.548628803794598,13.5514219257197,7.0495392037321905,4.43058163936446,13.0833005366789,18.2678551614199,23.065421758748602,22.129751531182,26.9351128258182,10.6133138580055,30.3880445120364,31.708814081488498,40.907450432995205,38.867289031221794,31.8217524073652,32.869306854621804,23.2449980112035,19.9270373159922,2.29927325649352,10.0246159237383,-15.8542820773202,-12.066135464736199,-4.82262263303907,-2.8192263568975,-22.7698331476468,-18.617355346872397,-10.8084426373245,-16.955612076206602,-8.803052731448151,-18.0394161268135,-7.84801910958413,-8.917614718439651,-11.4628528478644,-19.2060977836846,-12.003387506686598,-20.5932439124323,-9.09668503658789,-6.74833494986395
sub-0092,ses-04,run-05,cognitive,LOC,313,cueL_stimL,17.0629168901884,11.2711529805497,16.897462712843403,-5.27138534237603,-0.850124610024118,-4.80786086720902,7.0786667271567,6.62984619064355,13.558126382376301,16.839194462785002,22.4801675011824,15.884305765926198,22.967233147225198,43.04609595707029,37.8016561798767,42.3129962809551,36.395751198521204,48.134645526205794,46.359934631777705,46.7864100458125,51.1053756259694,50.298497033376506,23.5722431957618,33.0801582658879,4.04114804952077,5.981755850285291,12.2954375715199,-6.76452925189061,-6.9736029045330294,-11.5640841331478,-10.2343655993056,-6.32255121504046,-13.963308831796,-11.141377135160901,-16.3409194059135,-10.3145058461,-6.30029725415025,-12.281709630362402,-6.874507759182191,-6.87773107586447,-18.7170271806778,-20.163561004932397
sub-0092,ses-04,run-05,cognitive,LOC,313,rating,5.448378043395519,2.86464305648022,3.6101931322899103,-1.20888161114703,-3.22055848034698,6.11377141211203,1.49963680687895,5.72558684449094,11.584998262222399,11.6463921078736,6.8099958929154,14.4592771250719,14.6184355094677,12.8780138433557,12.5379681625782,15.181358999930401,9.90398786670909,8.773214003963831,4.9053940420304105,3.32681101111215,-1.63440373955574,-10.1910001900868,-14.6450808411323,-17.264467123448902,-15.4771708256643,-17.5584623967999,-23.370774889826304,-22.784314362115804,-19.5876743477459,-18.332568257122396,-14.723647068649399,-12.9000929018368,-18.501070556976103,-9.95124020124686,-6.43696402863402,-12.000405603781,-14.0239118746208,-11.9725639016852,-9.41607210277661,-7.7044514003035305,-9.39195842115797,-8.48742918898251
sub-0092,ses-04,run-05,cognitive,LOC,313,cue,1.3422095733568897,2.6471924824364503,4.97331136429361,2.33810014540658,-0.0220507089938966,-1.35569959517874,8.19171450320852,11.8043912340292,19.429309494130198,22.6896629742623,26.8675261012121,17.9988627535792,14.121335089300098,15.3533198693883,12.178038637186699,8.653084626591049,14.0610230575546,9.738654629817491,7.52057176491563,3.6659468455846103,-1.7618250415911498,1.8865322961429,-10.916592251944198,-3.2179395063857,-7.66761058981439,1.08005000432567,-4.92248218344303,1.15712285101627,-1.09340038589093,2.69206917481058,3.4696487519388395,-0.6511853761595671,1.13909317231838,1.8642686879209598,3.11725916924097,-1.45093644753975,0.160725537023776,-12.714638270337998,-2.13155655368244,-0.129680915868295,-1.69251627884049,-3.20290699921458
sub-0092,ses-04,run-05,cognitive,LOC,314,cueH_stimH,-2.82524014280244,-9.56796455192859,-1.8891171515778,-6.5146710294676,-12.9742571483164,-14.6362195200206,-6.512144784767389,6.808458077200919,-6.442744578902509,2.24466046246451,4.56369630472926,1.27126777230464,-0.0763364978044763,1.11403194636245,0.10854008089214999,19.677026747369602,8.104540814210349,6.21106667482242,-12.510603891511801,-4.11479940106729,-8.71526029841536,-7.407408273446901,12.375583919305502,-11.700067738850999,9.14325218105875,2.7397805445816896,-7.4434572652880995,-2.09072776575397,-5.61939291446023,-16.6463000611594,3.0190848855826,-14.728346659682801,-23.268149179530802,-17.786418416127102,-18.5723371223522,-42.3004424976696,-29.9427894703864,-20.6864939924268,-24.3313277925973,-9.728428549305962,-22.185439566855997,-23.637417957651202
sub-0092,ses-04,run-05,cognitive,LOC,314,cueL_stimH,3.85578926961357,-8.03318517642198,5.08847327182843,19.0623988508956,-12.858019660787198,-1.41869732642424,12.335867689635698,-6.34917420646366,-4.79773996601929,11.014486857819099,3.05817920189887,1.02733449772323,6.04237946804358,29.721362201412397,17.3247300214559,22.3012465704176,13.6988120485499,6.60328542148165,1.17555935438851,-0.41178286608924003,17.7074307890826,5.17393419500274,1.6056930873949098,4.72918004145114,-11.134090316357998,-4.78123640204516,2.04179452844789,7.98592195658221,4.16604702960683,0.0525619727273465,2.00950647760938,5.008997104880019,3.85192955525075,11.2377750762906,-6.32630369229986,-2.82421343670932,7.114476734211951,8.99435266603852,-6.76774807678306,-4.06954153342926,-15.448744316527698,-4.77088784684771
sub-0092,ses-04,run-05,cognitive,LOC,314,cueH_stimM,6.572921070915999,1.7287662847650302,-11.7836763750104,-5.18016489281255,24.522158410152397,7.11660223058174,-6.3065592048092105,9.75610769448632,6.4961851254289105,18.5667509089377,-0.6298206913229351,12.2341252440994,4.81800242632463,12.7487481122849,8.59874985095219,-1.8754238056813202,1.65037794878151,-2.5411639418671497,6.14490064510007,18.4122944794155,10.6247824576444,14.236333662342599,11.830415101642199,0.11197850972442999,-7.932548219650849,9.09038835304609,-1.4170369612658602,-4.55599917739784,-0.8180903863956641,21.207993151423498,-1.4809663699304598,4.31809175534571,6.60105448638319,3.14113687511181,13.0292307086007,-0.9743356995410011,-22.213868119909,-0.00320546724483961,-4.05705696401385,3.65327113230924,-15.806845935946699,-16.197292625286302
sub-0092,ses-04,run-05,cognitive,LOC,314,cueL_stimM,-9.02399971959261,-35.0553311685609,-8.32925859579074,-21.2871918205328,3.36837770675538,-10.1892327066415,-20.083696442959003,-8.162525690663001,-24.4357436904384,-16.8280167479665,-4.25446501795767,-0.461556152471275,1.48272977222507,6.662206222499339,-4.02009795699119,16.2764166636445,-2.7622289450996695,7.4947618873849295,8.85204285113477,20.026376586028302,20.001521378465398,11.749206586791301,-7.921313119870059,-1.7573479319808,-0.586808910218586,14.0862096155131,-3.48370451392947,-9.7236991551579,6.38589711303652,-14.930631754672302,-24.225315151101604,8.62069522705443,-16.698085285955997,-15.2648506457259,1.77414091802679,-20.4096976849849,-7.125289322238361,-11.4602133775311,-19.847090021634,-11.247462471951001,16.983664119366,7.12398587664389
sub-0092,ses-04,run-05,cognitive,LOC,314,cueH_stimL,6.3626328231280604,7.63235703622677,16.4830913434138,-21.839449501422,-15.0056510140166,6.5945482697339495,1.6305933730502502,-6.61034759749415,-0.7130128855897621,-9.66546352315624,-1.03370762742027,5.19525609708039,-8.995867991462461,-0.352038955306201,12.8964448895423,-10.981096466851499,5.8702567427293895,15.0568730817922,0.7741352535906221,-9.30118260509976,7.57238121317419,-9.35654855156899,-26.405802944706696,-1.68007305943113,-6.85180774707612,-4.41004632121224,13.3219403936322,7.38164052681013,18.584145632301897,19.163640245482398,9.02717389347141,7.72578752746567,35.9525378064354,15.1595162276579,23.0961745278867,4.416851628019041,11.332895410057098,8.87359199085108,4.82344195129971,13.5893604662622,4.85522450774668,-5.54888077388005
sub-0092,ses-04,run-05,cognitive,LOC,314,cueL_stimL,2.87136937208342,24.6103031232192,8.06510877477272,16.1998644257,-5.40351819972337,16.659508561448,2.9513299654572798,3.1251290844572095,12.9751902931355,13.6963433515433,18.4091010601052,12.260411903656099,30.4320187741682,24.4935314093937,8.64567235271036,9.89803421004621,9.95435649962774,11.141799227414598,20.2644124240372,10.1010286303882,-8.66806620436229,-1.69812887197464,-11.3837397903721,-3.9558242534466896,-14.703890145034899,8.384547806309829,8.599780398623919,16.1923986780942,5.79118857824405,8.10179897172076,9.29094061994757,16.8943870784099,14.0539122326474,17.741755958609396,9.691436670410962,6.201349725396709,8.66466330266115,10.5766570652049,18.8185671432023,21.3335699399088,19.019189878520102,15.175497267779301
sub-0092,ses-04,run-05,cognitive,LOC,314,rating,-3.24595553960836,-6.9494830560666205,-9.84615926520569,-10.197311724714801,-6.88892644111908,-7.174617811683719,-6.7353849639707,-9.557109341486651,-16.9319363175626,-12.3804230045124,-13.221553781689598,-21.097559173498897,-7.87224446150893,-12.0704338561534,-15.622161019182998,-10.2282043013386,-8.87679687468062,-11.0713832522187,-4.990903736934,-7.04234151412897,-7.47129349312332,-7.352668151282329,-6.12464900126893,-12.9158529733046,-2.3460336591228796,-6.79427824667903,-9.11914714281804,-8.618105625065969,-8.6776763037563,-7.65562918196007,-8.42312540985192,-1.3987207079211,-7.3540122212864105,-5.6945571929433,-5.53362048466959,1.81540765411592,-0.156741741694539,1.05935111741634,2.69990926509359,5.478601174184769,5.43398155233547,5.09296597067777
sub-0092,ses-04,run-05,cognitive,LOC,314,cue,1.9352925520921498,8.78013785033208,-0.36031130484070706,5.0647838702531,4.79939996157522,6.9262189404935395,7.901245120315941,9.82259509066526,6.3957108136684,11.7130895779518,9.50759320112137,-3.1338113619394,-1.84536775260665,9.658317241662179,9.404398657957788,13.2657814832194,7.2278497972089895,9.08406211294449,7.899191440281331,1.74873703664049,1.03418661497327,1.2709063629108601,0.706364156980662,-2.2884737648011897,9.59694283072045,2.51845887468565,8.56582661698323,5.445364128972581,3.80601286481046,4.8030227818480595,5.3973958836855696,6.97981046740338,5.69202934074103,7.1561206755545195,8.45357841634911,9.05237576625769,0.8905935150284101,0.854581750298042,-2.94238866196467,2.55843718832381,3.49806659808343,2.46882362290004
sub-0092,ses-04,run-05,cognitive,LOC,311,cueH_stimH,-37.1351263964586,-25.189320691184395,-16.8599972618879,-34.640237133563105,-26.7937359064443,-20.767358755734698,-8.19044034658741,-8.32871977210585,-5.47234510343639,8.08351301266136,20.576588165146198,26.9690601783675,26.414832685275304,32.3178941744831,53.030256113281204,41.6674166450116,52.218075927988394,54.701309234345295,39.2786405780077,25.9189734703794,34.0083234167411,19.1469276185223,5.29033271857958,0.25724626631296105,-2.66681177407615,-1.45631203687096,-15.5889988536808,-26.6157950906948,-29.763783953060397,-53.812485119904096,-54.802678467773106,-56.2423853246591,-57.442589294513596,-61.660852298482105,-47.1443201138512,-59.38458529192571,-46.2402815352071,-54.81672832833429,-43.7318904984139,-49.440469915591,-39.2873793537983,-31.373660728488698
sub-0092,ses-04,run-05,cognitive,LOC,311,cueL_stimH,15.623448895583198,22.176399575099698,13.9463630992742,18.1428913418118,15.1111698662061,11.9074155068809,18.565720133543,28.089509878341698,22.9566741469059,45.072302040839006,35.850470760890204,37.0529737570385,38.4655295184224,39.6983725486597,56.82883451604321,50.737675867439,45.700731627624705,65.6937162494448,61.454702561773004,57.609372813982,50.6221650386569,46.5222648338129,27.3324454263859,13.276687963644,-1.12027397533193,-15.3248892231037,-32.3006872741796,-30.839111585392104,-37.6858731416972,-24.130745815694603,-38.713280816802296,-21.5513913568394,-33.6666719567302,-25.342354715202898,-6.876134001967221,-5.03101066549917,-11.261514568099,12.8806678234308,-0.8295639244261891,-7.87623035293936,-5.33229428871579,-20.4978981817287
sub-0092,ses-04,run-05,cognitive,LOC,311,cueH_stimM,14.865384908128199,12.600753927578499,15.348472204428301,26.7546281319701,21.0670410888868,34.6680985486078,27.963226956838103,32.027109013498,49.5706601863266,43.6859744756425,52.5219950699872,54.1580903415994,71.51504598977891,56.4806489089283,63.850937129201604,57.6884716281748,58.69315505239761,55.5375118982759,57.6120478716823,45.5582645412768,34.9607987738746,37.652955937100295,13.6681908955927,2.54034272255199,7.28391130258706,-14.1420852688313,-27.040217610251197,-33.9237837988436,-27.311507917409397,-18.8922729363091,-15.346649864358099,-21.1816504606812,-8.47116727634513,-9.28613125664499,-9.71831907883919,-17.5322734751124,-4.9602992336068095,-21.2086345700613,-7.981410115674749,-23.815068851585497,-12.9729466533288,-13.669032072120599
sub-0092,ses-04,run-05,cognitive,LOC,311,cueL_stimM,-15.6985239470809,-9.30562809570435,-19.316222853126604,-7.7277107195741,-26.169665824417,-20.0697822134656,-10.498345101381199,-4.41510323024726,4.047510002029259,3.58188371117953,5.3632017580823,17.538515731219803,14.171756379657399,26.809392356295902,36.4181985422739,48.738167504201,34.8934527132811,27.262312222312797,14.2971773869863,26.223794331456798,12.6523336175157,-2.6442309148880603,11.4228062265854,-24.0344307732671,-14.783927602153002,-29.8727538301935,-36.273781744757,-42.324015457458,-42.1342743338409,-33.6329639850592,-52.2428973385885,-49.2796135518602,-49.3968066462656,-46.406964151828,-29.504487896834302,-23.790991226840703,-29.944316886440102,-33.250205403168,-30.6167859773302,-31.6994669939694,-14.8073629796451,-18.7136582556122
sub-0092,ses-04,run-05,cognitive,LOC,311,cueH_stimL,23.745812063886,18.215182728017897,12.265706077074098,16.1341713258308,16.9657288600156,35.730778541599896,30.5986203959564,30.0707425850651,21.0655575323478,38.9690326776195,45.461821871722094,50.299121391527,32.5697299987196,44.96192678858971,40.330031303408,43.0393443613888,47.7952880708602,51.8787463386925,28.640940930581497,32.94745340586,34.9616936085204,-0.9706768068064201,-12.547847048238301,-18.3106108204145,-17.447448937847902,-21.3728273548243,-26.9891765765751,-20.604828457289802,-22.231186568474698,-25.0836210286252,-21.418300386474304,-24.294264380500803,-14.595769001914999,-16.9573010093594,-8.5349852607124,-3.1236061836612006,-0.138397862037095,5.652482866171969,2.64748764668425,-0.0711806754931814,6.68790856943905,3.6107812130919
sub-0092,ses-04,run-05,cognitive,LOC,311,cueL_stimL,8.9036436459414,20.8411080458047,18.502279334391,2.8071568778199305,19.736550891075197,3.8532501873080296,7.202389446075459,5.82521838520168,32.9837610607741,23.740532496081,27.083091496253,26.0803145028235,41.3925189903577,56.820755148574705,47.7368120629951,75.6893544688178,68.24057928554379,64.1791882792126,60.26121217965421,70.62667680412609,69.5789508216064,42.3372719029569,27.2173701023706,24.4132347359357,12.0952316548496,-4.13385465189882,-19.4065092170759,-35.4962461448903,-26.1691459229791,-36.112396909292706,-40.740245433375,-26.935646787382602,-32.076240309204195,-25.3371630154421,-25.6260479717094,-22.7855899364311,-18.434109211201104,-6.577450871457139,-5.93690720469867,-20.5617501817616,-18.1485257285448,-8.00282330923661
sub-0092,ses-04,run-05,cognitive,LOC,311,rating,4.77034311428064,-3.1171435451137994,-0.937719938166563,-1.46005309404344,-6.16512039235695,-6.324226165755951,-7.78937718432582,-9.00614677468572,-3.65461780311781,-11.318043406870197,-5.54709052573328,-11.484263895845,-10.227851332358,-5.612698701116001,-8.67709028702433,-12.600639260102902,-14.7029174853448,-13.444403027867999,-17.0373462339507,-21.377292543622104,-23.8402230134759,-22.408986694992,-27.9692255251972,-33.3344030708228,-29.0579489303448,-24.0750693092255,-36.019719366006605,-34.987800391208,-31.159960094073,-26.8199212619077,-24.4439875176179,-26.226015294026,-22.036320219338698,-18.679585885756303,-21.5789897395608,-18.6930261615757,-17.2189448759445,-18.3000892143165,-15.6895901537753,-15.656994216425801,-7.229857970703289,-12.980233488142
sub-0092,ses-04,run-05,cognitive,LOC,311,cue,1.8105741112663898,6.68594812227979,9.97929456173967,9.800159820833109,11.4608602696494,7.745146227849281,11.5205552460938,22.8459254791224,28.230267317986804,27.6622317250111,23.7052330530685,23.2193831288346,18.718505729825498,14.743636219658,18.2700461737414,15.96592347135,14.3473180764295,16.2518903707819,13.5048277728289,8.78987326520365,5.17697577884859,12.3617963049121,0.28071991301256105,1.33758318604296,5.586294667190269,6.33419261217201,8.573357703906138,9.41652993634751,11.207313021791801,12.738638769679302,17.2442927563806,13.625168370580198,12.5778260209618,4.2089905811853905,10.622819585955199,6.82964301453655,1.98643578382698,-8.57076319478853,1.50965010601544,-2.28709198748882,1.08244330491776,2.4604311262949903
sub-0092,ses-04,run-05,cognitive,LOC,312,cueH_stimH,-1.8720581904044802,1.94463043435899,-23.5664263448852,-24.632453118218898,-20.1742102537346,-21.868613821210104,-27.692962268723,-5.53591757670426,-6.768996577218401,-1.59802045974006,12.4251019743082,8.46920692008254,21.7491972172915,23.458259022137604,37.5789597680583,-5.32412959096637,5.675276644567679,5.30976026088232,2.27053800052773,-21.5265872086878,-15.314966239968701,-40.064398455799,-30.1211351615452,-27.5613556253378,-20.984183441970803,-41.9243441952934,-33.9703126220183,-38.009556437536794,-48.39461174750011,-61.1201082871764,-51.1272574403432,-50.6338587459161,-46.819664441837,-64.388703796916,-73.4833138604459,-56.40252227386729,-69.9535946923714,-60.01045783809071,-73.5253106959938,-37.7072993042533,-42.0662311044252,-47.3128942094184
sub-0092,ses-04,run-05,cognitive,LOC,312,cueL_stimH,-4.20612730047831,-21.5054622216028,-27.3436436997416,-0.576660458631038,-26.079664456695102,-18.269458183292198,4.128044064863,-5.75228686017746,12.400131677857699,29.2721782468047,-3.0695610695983304,29.396993230076102,8.78047452530938,42.5827852295971,61.6624725887595,50.592399531892006,42.603924668611604,27.932384408063804,23.401392474259897,17.501158763828098,-4.6259584077972695,-5.48525319496864,-42.7555938050241,-28.0789911141886,-43.1584589718928,-45.5209874085525,-23.780854202473197,-19.3331265745243,-43.771380579150104,-25.7377283735215,-7.58728056358331,-5.59569758964133,-2.59903019161154,-10.916401446291198,-1.7405370589656202,6.3807333946559295,17.9395936248296,-2.04639708801516,-4.18249271210318,-16.8581692351706,-0.337039096840996,-13.9261211891842
sub-0092,ses-04,run-05,cognitive,LOC,312,cueH_stimM,22.710291922350198,-0.265693542647568,18.0144012580442,24.069052982107202,15.6478081351535,16.2794909416006,12.9779374250859,14.9866787924961,38.7457025492824,29.5257287737836,29.9229024033937,29.4778507078112,36.3765034050145,39.0599492148047,40.757627905159104,52.3004941582956,49.980850650205,23.9929346505504,35.2980484719899,12.6886055397033,19.3497808874659,8.55435005999102,-12.2477726664091,-6.63085131438179,-29.467384231173803,-33.2191896698591,-21.142697421978603,-26.218176155267802,-24.396366768628898,-19.664791097571896,-17.8466218927873,-11.0516100998909,-17.3442807624923,-0.20091286352833698,-13.863165299364901,0.6851063022112378,0.296817385056734,-14.696374179795999,-1.37692503184476,-15.9400944165854,-13.3257493160939,-15.171249253710402
sub-0092,ses-04,run-05,cognitive,LOC,312,cueL_stimM,-16.9415008845199,-37.0270667615231,-45.222668243019896,-43.7105856049185,-31.4016064840337,-35.458510120624204,-28.246698478568398,-40.815511737965394,-18.356430861440398,-19.719986691907,-22.171733998172602,10.066353293033,-0.891346771990111,28.696910116753003,5.85843209826694,34.3138189445448,4.84025198664137,-1.85320849545849,-1.58491204441669,-6.48218307358822,-18.3932414864448,-8.89124216053047,-25.8871516200782,-33.3400127558389,-54.319048268002796,-42.3783156845848,-39.604993883275,-36.1064895687576,-15.7049273500096,-24.983890807263197,-32.4060850921486,-37.137146825100395,-35.48597481767639,-39.3354341807606,-42.8471438685599,-32.7281060523637,-42.60813776448771,-29.9572048828267,-32.6103882798818,-2.68667746908736,7.546388692344281,-19.8917191766074
sub-0092,ses-04,run-05,cognitive,LOC,312,cueH_stimL,11.236602946249402,-5.160837679708269,14.512445476240098,23.586769824573103,-14.0719481299509,-10.4555278674939,-2.32233108237941,4.6844369392534,4.3346179654764,13.9873671946416,-1.66617994906701,10.378352685657699,19.4847352613679,27.1801823760724,18.087688659564897,24.723735737075895,20.7947024563324,9.78766405685601,11.835172505548401,-5.47827809700765,-22.9040439970834,-18.968543588389398,-24.538732827024397,-24.9971366451014,-38.14804367184671,-34.6405577742295,-6.8131415629808405,-32.3993447368218,-23.138275812668,-19.402169236407897,-13.2724142942784,1.9974599624773601,13.3238486678268,25.8822031837144,7.26036740316702,2.52346784434645,16.814420936242097,21.0430217090068,0.620450460183655,7.32053644926465,11.4464423972176,-10.478036613702901
sub-0092,ses-04,run-05,cognitive,LOC,312,cueL_stimL,30.420227520585104,29.750826442869396,30.991921480264896,31.8164337504564,32.4016614313345,33.1484587664716,14.106272624967898,26.152626754257497,46.375868412064,21.3569169632386,31.7014126055605,40.8852592427839,47.0871351952436,65.1105331446243,71.9758197956837,55.019334869168205,66.13609998861921,50.7727236039223,54.1304439073081,41.346205696565,15.896173316044099,6.556776019807,2.23914790999998,-14.7084698969096,-24.0280772875806,-29.7332707449153,-19.023433103002,-6.611848676402169,-1.04034164350882,-5.23977835243323,12.3643205853924,15.9781055856973,8.71331019880814,0.519489947362082,3.0174415854384304,14.0646689753129,14.459179285367401,20.4546782336742,19.7705730161655,31.844060923396203,46.8709112759836,58.48972371043261
sub-0092,ses-04,run-05,cognitive,LOC,312,rating,-7.865819313100411,-1.63018142958556,-5.930910097325469,-2.98135198198133,-12.056514082802,-17.673184503334202,-15.886450513670301,-22.9342603573631,-16.5989043567226,-25.5388002736089,-25.9033260844417,-24.719484836795303,-23.490958449931696,-20.9524201582476,-22.727470243440102,-27.7675891004804,-28.1910195179452,-36.257726624746496,-33.529614085940196,-36.8652720496961,-28.5781223630945,-32.6318609826491,-30.1148353274789,-28.147740371623897,-26.4785961773605,-23.656764888074104,-23.9597799276124,-25.3042504181668,-26.054092519452,-25.607859644122602,-21.260513924725803,-17.715377095498198,-17.2139240315188,-14.745639232321802,-15.180998578969,-10.796029990304302,-12.726543445820802,-8.234234436617099,-5.84850596162789,4.52914742275812,2.42373117929092,1.22110192417527
sub-0092,ses-04,run-05,cognitive,LOC,312,cue,3.55865419422786,4.05402040481861,6.76296684927555,8.72039481410248,8.68298017311708,12.1413472273717,10.7334140352106,20.655955965434803,13.7564559429266,23.125366478685997,13.601197824353699,17.613782899849802,12.429058340462301,14.5989753854656,18.0947958197378,18.3261426758889,9.7514515773479,5.8025810086139105,4.063653867158879,6.221217991317119,1.0018713449740502,4.6507403270193794,-2.52844818322697,7.6918373614250894,17.3206485870634,19.8420235322197,16.0268398008651,10.109567392367001,13.6279260437622,13.9058549916217,6.02918534255365,4.18531040782672,-0.0739242867293228,-0.0110998185941433,-4.10763004878734,5.0269983728002,10.0288845040036,6.69253823416137,11.5604777518542,2.40141262358138,0.547270360314424,2.96517955518054
sub-0092,ses-04,run-05,cognitive,LOC,317,cueH_stimH,-1.07834009326013,0.401847277592537,-2.0911228511946596,-12.0869905965818,-5.6601353694571195,-7.37430599344224,-8.72631269364814,-9.22189401500379,-0.811854409032183,7.65615515231491,9.35650124683529,4.9467377274821205,10.0547082282378,16.701884381564,8.82991937390952,9.8970898585104,11.2719760156463,15.9801732697169,8.97885554756432,-7.236863934166321,3.6624405124632595,-1.17864948242895,-7.50394290800019,6.70794661887351,-0.7163930603481709,8.65001947118876,10.1690532749318,10.1775561132407,11.0953963062284,1.2903453391171,0.24586793602725301,-14.067726992904301,-13.5540558166611,-20.118263619569603,-15.984060297567801,-26.2234953730832,-16.9009353681374,-15.8153258994256,-22.029722265707,-32.9291221626289,-18.866913070195302,-14.5914327662414
sub-0092,ses-04,run-05,cognitive,LOC,317,cueL_stimH,0.8651429384085141,-0.293318182949347,-5.2418166923612,-5.38689215479067,-6.40294444642711,-1.19232254689506,-6.51067401309895,1.52340767745816,1.47761873681416,-3.10965730902068,7.95193594072497,0.572260664193443,15.801960333607399,17.237022663859698,8.577357807602821,15.7762919307397,18.169064705148,12.3902630803052,3.9277181635595397,-0.727146690472434,-2.5417519948681204,-5.73122729346606,-12.346811195848801,-28.543749832565698,-23.969078098809298,-22.566462245711303,-17.0514012386463,-14.993394774070802,-4.1007684349287405,-4.38365957527156,-1.74862751007184,-5.7635275572712805,-5.027924709454309,4.4128246403451605,-5.727641413373231,-5.4123777441361,1.90931532933949,-1.24399026401347,0.7771580818157421,-9.59495077783015,7.19507616737223,-4.61357966883447
sub-0092,ses-04,run-05,cognitive,LOC,317,cueH_stimM,-8.85935709939362,-5.76741748411949,-2.97323638542719,-3.3187765764266004,5.28544650385952,-4.0269146139744,3.3914164912645095,6.8135055013575005,-1.7016469115817,-4.61281706788179,5.03651338400676,4.449148811949769,2.05192487520904,4.89266500647355,3.7633419873207403,12.4703177652925,5.669185277733691,4.11349147039317,8.71879546056751,14.829438839916302,18.3036376383478,7.85457704623888,15.456605276250501,12.1752571870627,2.95548476447861,0.552908205753155,5.7935658094327,3.56234492310954,5.24852416109075,-3.3418981275150097,-13.1161817876792,-16.0237443728426,-14.6751958198006,-8.2447601387064,-6.95281429184245,-16.4672769713033,2.92184858520365,-5.3801927282174,-2.7547005595799,-12.4102538137951,-5.957049739972611,-2.01833277663225
sub-0092,ses-04,run-05,cognitive,LOC,317,cueL_stimM,-0.18803476257599105,-11.208271705486,-0.21873894941068203,-10.9699748106896,3.1828261655692405,-3.44453017826104,-2.24225288588325,-3.6205810802153504,-8.79015202209687,-11.4722447228164,-7.45113305449891,-0.0764630661723054,3.2888063778602703,0.26835518596085395,10.0309057509101,16.7403654351123,7.82459794304561,6.78408708664637,10.176742490595,11.6695253613833,14.522524696718301,7.53088788962712,11.218767574081399,0.9206182873332339,2.5771125132758304,-2.91283078369264,-2.71278062352096,-1.5503507388878102,-1.33706861926258,-0.199728110176743,-10.8410779251899,-8.2986307654642,-4.793883135442781,-10.1282661920442,-10.2401325541467,2.61600331693823,-6.692069175097389,-9.97357249682921,-4.57151098303752,5.023097273451019,2.18392359444108,13.987137050817301
sub-0092,ses-04,run-05,cognitive,LOC,317,cueH_stimL,4.24694056372618,0.10856096188328698,3.68390909627769,9.235578952369119,-0.227888578668189,-2.7159708450409,-0.6239085749817529,3.43664324637698,2.2544888800050096,4.9371999950318495,0.7425036011199921,-0.440600833489324,4.01775319957559,-3.7118209280203303,1.00573097506996,-2.3812443034800403,6.23509726437096,-7.895442095862711,0.148261134650404,-5.12798302474512,-5.32899683038867,-6.55900025102667,-6.51697393442453,-3.14246454814023,-2.3429083801448103,0.7429303503716651,2.97561825937952,6.89887781687559,12.545459281724,8.707724323553,13.8803116543281,15.4255165327172,11.4752152730904,18.0338008113988,7.276745041045361,9.26815776584566,7.45687457940724,11.843470410144699,-3.0317783769160895,-6.74358967877412,5.40237986012733,-3.5609320294602003
sub-0092,ses-04,run-05,cognitive,LOC,317,cueL_stimL,8.77258877515214,11.6299879497597,16.873099472467597,13.5139990003616,21.9661890873041,10.3043391565891,21.377714566251303,10.427474371628199,11.9268358332918,11.8468111159586,12.781058374106,12.4148096377451,22.890144199535104,25.2922757581802,20.423092808224197,26.6487150428088,24.809773891993498,22.375430052744605,9.226999445510419,13.3834828634127,9.559956517694,9.63896376432625,-6.977449294523269,-12.967057642095,-18.2145014151129,-14.8147833268642,-5.375225117869049,-1.25071161155293,6.922560394574321,2.99285934892221,7.84639516809744,13.5396864642457,11.6548276059905,6.81817502092476,9.06336244142073,8.73274159491343,16.7163883505678,20.590620699705802,15.7191797535724,21.6282884453152,13.021481564258401,14.3423067406665
sub-0092,ses-04,run-05,cognitive,LOC,317,rating,0.653220223601928,-2.5571534989211697,-5.749669114122191,-1.8200704868858302,-2.2786067544880497,-4.17817857800298,-3.8116722922705195,-4.0099972249183,-3.9922424431609795,-4.020204727734789,0.867491371030134,-1.01197294250885,0.861759246270015,0.988462380067787,-0.18962848996938,-6.12304423885566,-5.29374355083218,-7.915560614759589,-7.864512359942871,-7.06117553808387,-8.49188516176636,-7.9646487248407105,-10.8002858297005,-8.65255330985101,-8.95904055330564,-7.757899987142331,-8.45177089779958,-6.0661218349501205,-3.6520305368142303,-2.4837908034013703,-2.4362184277154904,0.390394749566701,4.39788338440794,5.07422297699004,4.35559000620802,4.63335352960593,6.43040182007404,3.5877565996045093,6.99536876790566,4.19614402519337,3.0487517195769103,3.5438995205438397
sub-0092,ses-04,run-05,cognitive,LOC,317,cue,0.8009101183209251,-0.447778526221757,2.3531573103709,2.0888376527474,4.63098953081274,2.77039381655555,7.385339643025549,10.4508111133989,10.6033003731159,9.19765595999099,9.11396637649859,4.65728273593597,4.75550364086085,4.391374047289919,4.45427564914891,2.5952870338679,1.34524511567471,-3.59680744470762,-5.17050160449155,-1.6289389268605101,-1.94806444889642,-0.43326662246515507,-1.8593803481788898,-2.16344084011177,5.2787565719873495,6.13540308779447,7.5044702205059695,8.94056485525665,6.981491461663881,10.3660274027871,7.68334970616183,8.05886371114838,3.17416422245997,1.6191235300447397,-3.73530894860362,-5.123890804695531,-5.51021084826834,-7.078672571055971,-9.94222505649845,-6.526021715309731,-2.8579780769366803,-5.10408776779635
sub-0092,ses-04,run-05,cognitive,LOC,318,cueH_stimH,-0.282031183541178,-15.7026342833396,-25.554597952968503,-13.3037003701524,-21.769512250809196,-21.321104628516398,-18.975054895615102,-21.6152352577557,-5.69846701129735,-11.5452881203865,6.101742177519751,1.3837013398649098,11.590442336511499,12.274835788196098,25.820686075616198,14.293814062068998,13.169370337669498,23.056589312937103,14.251893974993699,2.4662546301280095,26.291926722329997,6.44289695849686,3.58727301092488,2.24616921702069,-5.722792807084991,-8.5232392922807,-14.7457231088868,-11.1722429977568,-25.607568111356002,-23.11827314441,-32.531104772491304,-32.563260858579895,-41.3840925438241,-39.2827767351744,-37.705726266172796,-31.8149567334303,-20.9583405571165,-16.6464219178713,-25.422841831062797,-40.824123450251996,-20.480444091450302,-31.9659138424899
sub-0092,ses-04,run-05,cognitive,LOC,318,cueL_stimH,12.120823427321,7.096866505145661,-2.966913994929,12.934280256173901,5.40829902654603,2.3052675233274202,18.208539606484898,26.248894596588503,20.5383259026623,22.066344143790698,15.1798442546254,31.1952029553933,24.4080810068757,27.8474942764219,54.939191019088796,25.2459316473536,30.4044372730986,24.6426292268132,24.2856560958062,12.2466815043522,5.19272139973112,-5.97143545383379,-13.2943852239057,-23.6063400136685,-7.89830670425624,-22.1147497194142,-21.1964612744539,-20.3930907574542,-32.5626629425134,-13.361890151029199,-15.1723601854169,-4.48446736368853,-1.86086657502823,-9.64696391161752,10.503717063426802,0.276359257193917,5.10753093227411,1.8934777048803502,3.61314042309429,5.620128228266879,-8.754299219105869,-1.2222348766547
sub-0092,ses-04,run-05,cognitive,LOC,318,cueH_stimM,13.968004103604699,4.54050806355918,-4.34024544388053,-3.42176606948811,7.29190426628953,-4.31809368622022,22.572570324122502,22.9865322711832,22.301880990553304,6.11131581484226,25.924161112207305,19.2271088791156,30.3298953989307,22.115471825726498,24.7621155870577,28.9446857228655,15.744500816287902,17.2593073963135,17.670454480755698,17.1769048171859,27.446757555880605,10.644843597869901,3.54692371303341,-4.64130427625142,-3.3077042050972096,-2.06021121183512,-20.4669516786387,-20.7169276302142,-16.2343010855704,-18.332896824702498,-13.705619119839302,-4.50708673525979,-6.13412170736835,-13.010019335284099,-15.2994842873366,-11.0634435349368,-5.5754001726009,-7.443044278601691,-24.774425261300202,-10.9540118352849,-3.31959336301916,-4.48533412091658
sub-0092,ses-04,run-05,cognitive,LOC,318,cueL_stimM,-23.945542069299503,-13.755753985241101,-23.183024365661602,-14.777188820379601,-12.6708500351934,-24.470025638676702,-28.200508487341104,-10.331886419221199,-2.43180491645725,-9.50031180681916,-2.7796930630354,-10.3778125379636,10.3736591561625,-3.5559400011609705,12.105143983618,26.963866844590395,26.8075980269104,5.3569707195883,12.4015725957584,4.5559126153179195,9.09740140860361,-1.27638098189162,-18.266945707656,-13.0932438868753,-13.583099658849099,-18.562456703294302,-22.688352218197398,-24.181201081701197,-22.8506121841815,-13.755624927886801,-15.215489023422,-20.010480377319,-30.666543174804897,-4.05985518894211,-16.8965632374942,-29.6826982952848,-15.7360014954474,-22.137796570215396,-15.8926505929214,-20.7110296585673,-16.9552009462508,-6.759685335045281
sub-0092,ses-04,run-05,cognitive,LOC,318,cueH_stimL,-9.719010963426062,7.47948087843624,-0.0922876106072357,-0.22803884585874498,1.0130992293791998,17.744969697179602,22.7476907612508,23.4823102287674,17.188075176023098,10.8895572687324,19.8012974382613,20.2307988958606,15.798876044092,26.5462408568617,10.666150272753098,10.3725220698476,4.46979221617943,19.574287959838898,16.0468940202334,13.2694950568695,4.11224640572676,11.9940165937966,-5.56835987026209,-5.12394836960879,-13.586766610454301,-14.6839289555519,-22.108925914605102,-26.354096882946802,-7.969951247381201,6.22502951114401,-6.78992721306983,-16.9126814548415,10.9327190939145,-3.23101974868106,5.51852061987003,6.113179920431781,9.188564905298222,8.21818650403268,-0.285819772502791,4.79762254627964,0.144348662953952,-4.28709755006266
sub-0092,ses-04,run-05,cognitive,LOC,318,cueL_stimL,15.6135607513534,23.268569914980397,18.3506849260085,6.72482987480596,15.8583052359177,3.37244999634313,12.9193026817535,8.40119946853309,28.2631029661059,15.442111195023001,10.4840035754598,26.3936913883857,22.247810653762002,27.752966586131702,30.4146877575844,33.661842131904805,47.2968133641357,30.902993510967303,35.842819688021706,17.9900028935594,19.7180398674825,8.11230400537426,7.68759178785066,-7.434203594144879,-11.156955839774499,-5.744394587421009,-24.1135881725947,-27.5099992935538,-33.584763335920805,-21.654231456118804,-24.075040096743002,-2.5851417450107204,-17.5758619993438,-10.687706589911,-11.4402100223828,-13.7441542078896,-5.77040335266835,-11.5079773981894,1.58336369437865,6.96000923828961,1.7340980692917702,11.945002763712802
sub-0092,ses-04,run-05,cognitive,LOC,318,rating,-2.84741089474228,-3.8644661779977407,-0.6897578622589269,-4.307534186181931,-8.872221354514071,-4.979755652601519,-3.76663442770724,-6.068623434830941,0.69778702066565,-0.426926991196408,-2.406646864419,-7.26593038522568,-5.45474680849603,-3.37933021665659,-4.42091254663512,-5.24439550002702,-9.45228805430245,-10.0237021169016,-13.662333098102,-18.1902490262217,-22.9027851396509,-21.4629722010925,-23.6508847400965,-23.1933515527088,-21.0328913979014,-23.1680505431417,-27.100389286430502,-23.6913786515328,-24.835640778837,-27.1394936310122,-20.620772786138602,-15.1867485074755,-11.786048778059799,-16.7724958917248,-15.306201636420601,-9.61950645584615,-9.41438513865874,-11.860128676000599,-7.68925518420524,-9.8151896526721,-6.18849743388255,-5.677353123061639
sub-0092,ses-04,run-05,cognitive,LOC,318,cue,-0.0398291969522617,4.31562425328637,-0.776173159780736,2.09909875131311,7.791116816850691,8.98652917684677,8.70115426464028,15.4533480178107,27.036987529453896,18.1552660438123,24.4827785966775,20.9028636053847,17.5795665617105,16.2307467512434,22.064833979793896,8.68259662151273,10.522649338741301,11.4512606902272,6.43335070707359,0.3654369880202779,2.41585627307398,-1.41455515170317,1.7581384316937398,5.1483667517018,5.0795435624498,4.920541328954981,6.34094334201463,8.41388665698724,7.184484007131459,4.503546629572059,8.38530603544824,6.64458731041847,6.23631639539795,5.083526934705111,2.0084102068381204,2.1175496742956104,1.3371580488502701,0.3462079027017169,2.08287214430565,-0.614014969390364,0.129746319445795,2.9829414413757904
sub-0092,ses-04,run-05,cognitive,LOC,3,cueH_stimH,6.37006746101722,3.9141843045388502,-0.40080904912150606,0.6304761041066149,8.5869297708734,9.96148108087667,11.9897698807449,-7.10015596688699,-8.99772817387043,13.088329771735802,21.216800806981198,30.413580173359605,21.313052603956802,34.152908424843304,42.4948030373604,57.75281880588879,38.861250883367205,42.528975115066295,36.724151454899996,29.7276164783602,30.610849810153198,28.4217485211828,12.531455801078902,21.1941075980378,35.614436167038996,17.389935489587902,11.324666737795699,8.95675626987383,-10.0850711194832,-4.99215130248918,0.9917602134834449,-8.31509164264979,-5.25580557676158,-12.6353455689135,-13.5008917236266,-33.2494668112849,-14.640686551304901,-26.5685993709441,-12.679407968250999,-38.8411698902896,-30.7756876337216,-16.6303037284097
sub-0092,ses-04,run-05,cognitive,LOC,3,cueL_stimH,-5.9541338184484,14.679885325731401,0.6840499403385151,14.930544541375802,-1.70391179418229,-1.3930784153155602,13.483684800881699,20.813720120766398,2.9140419409994,21.4199708693445,22.826912883772803,34.7357560693079,20.6126940935375,16.107630709900903,23.899221205201602,24.0946015572413,34.7304357729308,24.037215428839897,16.601380484264098,12.569515592801302,2.19821211579012,16.4898082136552,26.673071085173202,26.026054803467197,4.90740151563518,7.20306302609923,-11.5552125571542,-12.9108978410116,-18.490490290026102,-18.6645342940193,-20.107127243871897,-11.9984847757608,0.49538033009009297,-16.590084027741803,-26.192776031191897,-13.3755563014292,10.8712579064418,-3.52090993609023,-12.269025971488302,-8.886618842442061,2.30713377136907,-29.950005207698197
sub-0092,ses-04,run-05,cognitive,LOC,3,cueH_stimM,0.8996204249654479,-11.78663493103,-5.856583874856749,22.798957895434604,0.917746359548582,11.1039109707542,11.7124954915117,23.880854767813396,7.5791234223078,24.225271681648803,32.395638975677,39.1553779251446,25.5469362039042,23.9361580218575,33.8031570924713,28.560733199096898,21.3961243606978,29.5930806449721,27.5909977308629,45.6651555581483,31.919113089224602,22.6007407091585,23.314731644657304,4.756570334275571,7.74997156709991,-5.64287482297285,13.2476613950233,-10.001890416439698,4.964380759862861,14.155645106025501,-1.32236741863607,9.62990622974869,-1.9505161064700702,-0.493042974288571,9.31824540790446,-11.9953144575294,16.003580929686,-0.0863061725638232,0.751672472307742,-8.08970921466434,-2.5345678485897003,2.4430294464749
sub-0092,ses-04,run-05,cognitive,LOC,3,cueL_stimM,15.2807998317073,18.699596533023698,9.484427805901788,16.5292700093341,-1.3238085167013798,7.5303757941969405,32.4561356997293,28.622792819545303,38.899311363195,17.8016338773753,37.0651826134997,30.6156604940489,18.4314412481638,52.1454185455163,53.6389145291861,41.5673399256031,46.911111010426,42.1097636309055,40.8143707339982,39.1591161705784,35.880688723985706,31.120210014391102,18.1334270953616,17.6556608369896,12.6164615429809,14.533330449524401,20.9146828269044,13.3080517203897,-8.45300094430426,-18.6709127183389,-4.10889968625801,-6.33062681657447,-8.62245881062096,-0.0268335327881175,9.04460159484334,-8.3582636889174,-9.0541442474137,5.34674003046973,-0.8660941942154491,-9.944003116482381,7.069428779089731,-11.287632536451198
sub-0092,ses-04,run-05,cognitive,LOC,3,cueH_stimL,18.6678589416025,9.98799745480397,4.65924788699498,10.488865731197698,9.873165474724859,38.437662549188204,14.638438325411402,11.092096340906,35.283865955829995,32.715404962345296,45.8078062734929,28.2982818538621,38.4502615163976,22.8953292129792,15.869752951492801,23.5154167406572,41.057684761033,45.8219493733208,35.398308768182794,30.322736674603895,30.9844658369455,26.3288415078486,-1.69892798988188,26.796870456139,11.264343892611,22.1022108479866,11.984009207771198,24.039407060832602,12.291520495360901,14.127225596273199,9.09271305368672,-3.54741107494908,3.77500075711357,14.7501468912237,19.2009887498601,2.49748033874023,12.522090959458803,6.83936925578158,-23.0241233760435,-11.8463678120326,19.025820748997102,18.518607455493
sub-0092,ses-04,run-05,cognitive,LOC,3,cueL_stimL,4.28394013086744,14.4264946507806,7.3181294604854905,-1.6082427198456002,-1.4530029540327298,-11.979192686892299,5.76843857558544,6.1495343581335495,13.7917698811996,-2.0064991898565303,-1.36158486269719,11.689883619594701,8.17774911320455,25.9857841136423,20.4333130841303,42.5313504793638,9.26121729402914,25.787780691300803,28.5364700689009,35.9731670945847,46.8062853884675,23.7530050823216,22.2088151977908,15.706341583888399,9.84130017656058,11.0859474776545,-15.742510520157001,3.82176542031444,10.6874745292102,-13.64592367839,-15.797203823459698,-9.08698305572389,-14.853775291684101,-18.9383411986035,-7.339901958032731,12.3932241771884,-5.8209582119903605,-15.8809552212563,6.235497356672091,8.52523669881701,-7.2193636415603395,2.53694154433124
sub-0092,ses-04,run-05,cognitive,LOC,3,rating,3.5297449341934706,0.128465030461508,4.573696236499201,5.316995833526111,2.81564872529867,3.6163531562498,6.70910702169109,5.6549016327156405,2.118556291005,4.70814243273833,4.94390401393437,0.8319462339369,10.867783073552499,2.87483206995516,7.7037539992655,6.6756383098835705,7.8467038327670595,4.3473092074655195,4.91116237492608,1.76037219586177,2.2568226414862798,4.587576835741849,2.65225394294756,2.60365128039059,7.30120056002624,11.0886579307589,3.25548214965496,7.23780715891026,3.1139252454474904,8.20449988899938,2.3624371998311298,3.84238606988417,3.17920416671506,0.379693559709671,2.4742325808499,0.0226509275019386,-4.84006115953979,-0.931867360079616,4.11173890213692,1.57734879655381,4.021766564957749,-4.12239693350224
sub-0092,ses-04,run-05,cognitive,LOC,3,cue,1.93988815551028,-2.53858342759869,6.0561247064582595,6.024929782592451,8.40700469894241,3.3484918732263305,8.32049092645267,6.624280986478389,11.0653484303402,7.3446348116397795,3.2134853326110298,-1.4654209784880803,-0.41415342639589203,-0.9579080640618258,0.0983838918761997,5.352732113987019,9.75226832093685,2.46711625970975,0.886936279500944,2.7745726104672497,-1.71710435941252,10.8062602892849,3.2949958568753797,8.721865289332209,3.9176845814450596,5.19279031596345,-2.17489500368913,4.85251634065203,1.39541340547362,-4.87530252852138,4.84567588486158,3.44266890245901,-5.14702989435341,-9.74268823606687,-2.424657413595,-2.7882803142823,-2.84206712542877,-10.6009739468658,-1.74878344139331,-3.9846703308600198,-13.8618898129811,-5.13259521960546
sub-0092,ses-04,run-05,cognitive,LOC,4,cueH_stimH,43.56858088164229,22.3550109425596,12.764024070788802,6.8249745189438,6.11879848000341,1.31716799717238,-0.801763304317955,18.6613800827327,40.599666249490795,28.6893938062595,28.4731684913563,28.1140041398731,23.2207671944603,50.8460008531781,50.9266457557395,49.3663851196152,56.96652038648521,33.2619833142259,32.2083761931636,22.5432448397967,21.285382479729897,28.1794938684239,21.698195662165197,22.7334759099902,17.9911380202586,22.301332173773304,35.478007637771896,27.162361044151,25.819739323450698,11.452882492736098,11.063185867899302,14.5138469783846,6.155810845408901,1.3467148158476898,15.0886481986959,-28.8572475037966,-8.25177367307937,36.851017741033296,-1.19189829321153,1.6957775759254,17.2033519307403,-11.228177280606301
sub-0092,ses-04,run-05,cognitive,LOC,4,cueL_stimH,19.1192784129956,3.7090074885767996,17.3659541870312,11.666029588287401,-2.3688348057052995,-3.4156693503854303,18.7448412614798,10.760665325087302,-23.009637685652102,26.8704184616564,-3.66453933187253,20.1585561785039,29.679049750539605,38.2167852893311,43.0958192670056,59.8385125682181,17.9278515291409,28.9902450473062,16.9312999857737,6.794804729245759,22.8399152741719,20.8170931517109,-4.62829640057043,17.9836122323087,-4.31221566198164,13.4789860288808,3.90599725308269,3.28609400162354,-2.33944711422575,1.5780059246379599,27.221996112968803,13.7196338538188,17.7203572039078,6.828376092341911,-1.4315580035512,2.8859791354669797,8.64989977812305,-17.817304792404197,7.94297740088842,-8.27784876340002,2.03433450560306,15.413792684238
sub-0092,ses-04,run-05,cognitive,LOC,4,cueH_stimM,21.9091927478542,-12.8627372834937,-1.7786086226391298,-17.0481227471786,9.26715431690208,25.3732209724128,-4.89837671971509,16.5302494132706,17.6526772051534,45.8729590907685,4.037121677925771,17.8736430756924,1.6598144397539898,2.58674939597779,20.9057780173368,18.790254128529302,37.1741280451039,5.915864435066191,-7.7549562355687,38.1676282359154,2.7665226242502303,-8.77207314842874,29.327858534703196,6.1674965445313505,1.6820511801378302,-0.852976045517615,7.08020865683601,-26.983145599437105,0.6410803854482161,3.0824225005798502,0.195160860652752,25.6150743898903,2.71767015375023,-2.66579404796874,-6.40858823876903,-8.830325410255881,1.4814214180802,-21.104257166775,-28.948997081237604,-15.4646217324798,-14.5696530595787,-15.0212337102859
sub-0092,ses-04,run-05,cognitive,LOC,4,cueL_stimM,-9.49547625056645,-1.2271400729628001,7.47052081173639,8.96876690068876,9.85889014625835,21.1543699776528,12.5720061374276,8.88745612437518,15.921785473071699,3.38886180322015,17.892500470068,16.9799210481618,31.2023157017752,45.0483698803975,43.076617898845996,42.7012468894452,56.1512955268664,31.1490559321114,46.463646226463396,43.0363596719582,34.9231272384764,39.260792081842496,4.69561808160522,12.3326607493235,23.4244589364044,13.5141723934866,27.129859473618197,34.7902718750305,32.7454815509159,5.08561526312121,25.036726640018,9.23044998463135,10.3108270099802,12.7870966524984,13.369262211124699,7.09425862400239,18.367282712003,5.27435375886967,31.4002902607849,7.0357422327731,27.9459444830363,10.186302264352902
sub-0092,ses-04,run-05,cognitive,LOC,4,cueH_stimL,-5.02145014749709,21.105035541327698,-7.97275140266029,21.3049479287343,27.4957704002518,22.161547880163898,8.00827961059349,17.532985790282098,18.912611704821302,34.350471198608496,26.363705354082498,4.236924058779819,24.737413058940803,27.879179013002602,17.962031875538003,15.5505404435501,16.4512268018716,11.835183262304803,24.7446573101837,13.184166338550801,6.02658395001057,-3.44580633439766,-8.90240807075368,3.3630793495281406,27.8873774903362,24.7234199032502,21.177961749640602,27.8875997705042,19.4386129060957,11.834055352038698,21.512539941427804,60.9045339421009,50.887455582298,48.4856909636926,23.996635866185198,27.3532817309938,35.0718432837205,25.2077259025991,34.6009931665452,1.29068400644329,13.5885089908466,9.42928793758932
sub-0092,ses-04,run-05,cognitive,LOC,4,cueL_stimL,-16.5004661262884,5.05890617972321,2.3009112414912702,5.18649781269369,1.37081991792597,-12.3469216480189,-37.2704881767136,-2.20295689775708,-12.522463403176301,-12.777126237960598,-3.9602036267205096,2.19898662113826,15.752206705901001,4.18739024496306,2.8650612298972202,14.388631649961901,36.2935033476067,41.2831272092551,37.15643769840629,6.514279645032031,-2.1111911904131,4.40666651847301,-11.589302028041699,-3.3620642567883996,-22.7291389913473,-3.6240689334205496,-2.9262095854833903,0.10108798423514999,5.9980074549233695,11.1568633729927,0.396069259864099,10.9195740050159,-7.28266247092156,-23.4549598660232,16.3862198121012,-10.320651665087599,10.1511084387666,12.363931489669099,34.2844698577792,5.0203036468708495,29.8545287138916,18.8405450976261
sub-0092,ses-04,run-05,cognitive,LOC,4,rating,2.47971119663043,-6.14372125904446,3.5666868960391303,0.256357154064148,2.06708124662067,0.7550951978882858,9.56593568794868,4.5358623557446,7.1719568326323895,11.243405924363598,2.5601299858384103,7.56014637786775,12.9151998760673,14.972765281549199,16.8528258817304,12.3332803845435,8.246440431512031,13.3540401871821,11.6635304335028,17.3761402326112,17.084891348255,14.871013493222598,11.8188223654108,18.05926575058,16.9713042661274,23.4651317189605,18.862723185535398,15.1160878022005,17.982878643697,19.616972651805398,21.716771872975002,24.6664681085396,17.350397959919697,14.411541107342998,22.840247626778304,25.945861273916503,20.1118003632377,14.7927985541319,18.1943495708176,13.9721530138959,18.270339799848603,16.0309793439603
sub-0092,ses-04,run-05,cognitive,LOC,4,cue,-10.6665161471449,-1.38331862691652,1.00771591478857,-12.529608424003,-10.3226635175739,-8.35289205640517,-10.828827635012601,-1.7359653149910501,3.80418113870878,-6.8024076021418,-9.24510208549795,-9.17751182323519,-13.2065968432995,-7.75945946049062,-2.8237780755155804,-5.5076992664511,-0.4083740562017871,0.839204550094053,0.667007439128568,-9.94906044756594,-8.77170408884129,-8.05359141818589,-0.643550478090795,-0.39851738270713394,-7.28838372044244,0.770743525680501,6.476437584411481,9.7418376416695,-0.585386676198159,1.4173396403141698,-5.88139403876613,7.777366212048169,11.2800408563908,-9.392946943087528,-3.14734256413238,-24.547636514450602,-16.0868143488923,-15.1471612807306,-13.7873538753266,-12.1733724665797,-7.1085182609997,-12.2932693878493
sub-0092,ses-04,run-05,cognitive,LOC,45,cueH_stimH,-16.2249774514342,-6.80981703754062,-3.8340793082373703,-24.2047826300633,-23.3303080265208,-12.0613187679503,-9.048286028015749,-13.9929715063868,0.426425601035639,14.441952451068499,5.80116850991535,13.2337397948639,21.649489781126498,22.361916277451602,28.1879065089219,37.7891040626422,25.1432616656785,42.3273023825705,40.8599508199559,31.511485157624303,29.676229362294002,1.44869636102344,1.2290480827018702,-1.1317610930090902,3.32705050676463,2.2244379688683598,-2.76276880538455,-4.83507539825385,-16.1555408542306,-14.6901946390057,-32.5284909184055,-29.449728535045,-27.2400820855658,-30.500194855594,-24.5496911680867,-35.6579298009665,-34.394574552230395,-30.873901189254305,-30.315645908363106,-35.4878100371751,-12.1753088126441,-8.51913386436353
sub-0092,ses-04,run-05,cognitive,LOC,45,cueL_stimH,11.5121840058882,21.0357348392348,5.1223923020624405,13.215914697393998,12.7077908594561,7.77763333478434,24.426045115928,25.603870514204303,18.5012571305355,23.4704160232706,27.2337728384293,21.0919277398597,32.1030281614239,20.250882136682502,32.972123701887895,30.2889957659112,43.915491303245496,32.3352913236372,36.440460838939096,9.538134783029118,15.7574915801583,10.269676362721599,1.25238209020754,-4.36614979787007,-10.4346380073528,-13.935095706960402,-26.028661384233605,-36.4371253601817,-31.5329972548629,-21.833804821244303,-24.4736522248127,-20.1428543041132,-24.9183249355024,-14.8341715471747,-27.526705008316004,-7.40084453977716,-2.18944912267825,-8.82226860489791,1.7485141034458798,-8.998657258480222,-10.2680443987154,-11.174201266431801
sub-0092,ses-04,run-05,cognitive,LOC,45,cueH_stimM,7.650540701367331,2.84153625692295,4.31348599723884,21.9583260626954,3.784707114243,5.04779832839694,14.1723319276109,28.101027111935302,33.1914157274357,30.352067734025102,21.565101975762502,29.3689453765707,35.0900924657017,33.154940933281196,38.4238744343981,34.636625277129895,31.1369187100221,30.3421256053819,24.1068603844312,19.9645203081976,22.456738845758,7.724736653638169,3.27450756122523,-0.33466303148495397,-16.8778999171328,-22.885594748013702,-29.2577324736858,-19.5401186553495,-17.4102217150038,-19.2295743906834,-22.558656378601103,-7.593051868096781,-7.31416896056381,-6.1240039277608505,-5.1832799874955,-15.025563819165301,-4.87639287881989,-1.4525983143684,-6.644513019448089,-13.4657296346509,-14.2475282392436,-19.985167096089302
sub-0092,ses-04,run-05,cognitive,LOC,45,cueL_stimM,-2.43843902979693,-3.0463228100627404,-5.24471922312104,0.00476541926405183,-4.13927379612249,4.63916718413475,7.60013724925992,16.5516216308115,13.280307211733401,12.9063985349817,9.05218025633042,11.487268460250899,7.385625608176531,14.206842286969499,31.861700316005802,38.688931969297705,13.2318535892784,9.682813459196788,12.320617170806901,18.467328667761,8.69414561931035,3.01969486711142,-2.28360635456361,-7.1825394321830895,-18.3570939012442,-15.794503835618201,-13.4602697922227,-28.5099131111518,-17.6008017185432,-15.7797737364379,-26.775393705680198,-23.8342468923388,-29.4944865319702,-20.678711324233802,-20.344306576331398,-8.88689390347859,-11.3401038175479,-11.511673171393001,-20.5121273670273,-13.655345670685898,1.24882623235209,-5.4454910415647495
sub-0092,ses-04,run-05,cognitive,LOC,45,cueH_stimL,5.44250375308466,-1.18548828312492,2.54883070320254,18.8339778197796,16.4910240290818,21.1018468644782,8.068224408220662,16.976806364228,13.7965140154881,23.320696230471803,23.5917535518503,29.647326085768498,13.988609099649599,21.948118538110105,13.294526222834499,4.56824574182653,17.798102719468,4.9834142429894195,8.16333821891182,0.496797447410174,3.3749304949189,-16.216567023220502,-26.0130468326747,-18.8113127483172,-32.4136311982121,-28.575426199699603,-23.550795945184102,-13.359764268859598,-18.515105173444802,-14.984733089842901,-7.70482013122355,-4.749674595201549,-10.1246406350611,2.9966804984768904,-10.340665088496198,-8.55208986677076,-4.4070564692344805,-14.520277690443999,-17.269128873524497,-14.5724509931426,-8.66726757299643,-7.95029449925554
sub-0092,ses-04,run-05,cognitive,LOC,45,cueL_stimL,14.032950843603698,25.2656376297182,19.6453174115946,15.098386798662501,9.33440330473973,-3.32582490288949,10.170003376282601,10.468600002218,15.343451659566801,28.2197451083432,22.1366045885844,23.0619377047962,27.5771353826864,35.9002195827606,43.0188170858605,56.75870010976401,43.9185286836618,41.793973205982105,36.680918825902204,39.6623901184733,30.023617657230396,28.891124858390498,25.7392398134767,6.191584026840959,-1.3828441932984499,-23.4532922055496,-17.7908655782591,-21.4561771477172,-16.1434041236926,-28.1960310981712,-17.310096561856,-14.0118832751305,-13.430560278563002,-10.119841465405301,-17.4111858362686,-17.8139292952413,-7.256168194448629,-1.5398170806276101,7.838651447023981,0.23828172914927803,-1.2048910175378502,-0.19760275190031598
sub-0092,ses-04,run-05,cognitive,LOC,45,rating,-5.72939837664417,-3.67952522000398,-7.943603348056179,-9.50380252151836,-10.2214996039995,-5.74126560945296,-4.0101915391505,-5.2272577611430195,-3.5594343052858997,-3.06276408022714,-5.210300267433981,-4.35130748152169,2.462200199699,-1.20253023425473,0.524067083248667,-3.6582214885739703,-6.14142134690807,-11.1770211816497,-10.433966458914801,-11.3361448810655,-9.94187422237837,-14.9323457188786,-18.9780122490161,-20.06528994432,-23.1422144032276,-24.577576453736,-23.772937751108497,-18.9798526907008,-22.118334025538697,-19.2949115010994,-18.405709607822498,-18.692184501441396,-19.9802396438622,-14.684051489342501,-15.5394647844765,-13.6265213495507,-16.2623939372292,-13.2292469761924,-10.5591531288114,-8.52512675966616,-3.9313440923431804,-9.597113104990711
sub-0092,ses-04,run-05,cognitive,LOC,45,cue,2.32098195240156,0.113407980456127,4.55998915447863,3.80153147884851,7.23675797428656,9.02399368165188,8.37282561198649,20.1026906596083,15.910846646017498,21.560191694815696,16.382560818055598,15.6818794661745,11.065954485627199,15.660738778088099,16.7156106780586,14.5296167766502,14.9292906342296,17.398475756444398,7.90576361101395,5.724637375540921,10.5190885515699,8.28145292678632,-0.768797975229525,-0.854444831752197,4.5754813616006,3.40907520338593,3.11543470461272,0.308226381372485,6.063211186387299,11.858452470141499,8.648286295886821,8.72192632267381,9.25095209857897,3.8688017484485604,2.7798274892034196,5.84289068093471,-3.82319329258629,-9.919779296413731,0.54083893529302,-10.1594118899771,-7.1511550426354304,-4.866966081116559
sub-0092,ses-04,run-05,cognitive,LOC,46,cueH_stimH,-5.511443560478869,11.5841701126394,3.9676972897693803,-3.64362051968861,-10.239391586233301,-14.5182718857341,-9.84674512591134,2.10134856086325,1.80923515138356,0.38141139618606,0.328827320633645,-2.0978239893743797,-5.7809126839406595,-11.8860737271019,3.1290167195639103,0.26740963925128003,-5.50920448145769,-7.43906865631209,-14.866149943681,-28.912696502206202,-17.4506709896401,-31.6714887318866,-22.2392504836837,-16.7798184822969,-0.39195207586286107,-9.14778179495819,5.48674229407153,-0.467905336783055,-8.04382706961236,-20.313228078944398,-23.603261929882603,-23.4346586295734,-26.339520355833802,-35.0432909159335,-32.9100711816767,-45.6321395535951,-46.867127760969105,-42.113483294910495,-34.4279095851338,-34.897543544608695,-12.0554340089574,-19.0303049466382
sub-0092,ses-04,run-05,cognitive,LOC,46,cueL_stimH,10.688677441201099,5.52040532369164,1.85997538282228,2.3292155345032097,17.9112175173098,-3.1517669186511297,3.0304133597255998,7.822522375455719,-2.6152506253399,4.114506231813491,2.06352760976369,1.61850625770551,1.26227938932882,15.941569434356301,22.1650310428807,30.0018664635289,16.9837450521086,22.345412570913002,3.58458791991244,-5.084714415995,-19.5788636283989,-18.4683124265056,-14.5161405093153,-17.7175412087925,-15.214498994577,-22.1418905430223,-5.057894098730389,-8.47683683525126,-2.13093886723921,-2.7183985074629105,-11.2510470858125,-11.708493558873698,-11.9257823361642,-6.37303448985074,-16.7869643696573,-1.96647981480001,-6.05911822823334,-9.971278393454869,-19.6110494575085,-14.8827774222907,-10.9833424625504,-10.0992284644838
sub-0092,ses-04,run-05,cognitive,LOC,46,cueH_stimM,6.601687554841289,10.012975391955802,8.8631404364296,7.93727151330168,12.3602929105538,2.77736933055731,8.156375219895219,18.6809580598135,26.091177147153502,13.1886495483357,11.843122690793901,3.54128839535883,2.68059811071045,1.2668997800814499,-3.3341101009813303,11.0894038066161,5.65453780355871,7.3960803871622804,1.5474851647876697,10.243307321729901,4.46433593715873,0.7999379851298509,-6.59384135667293,-8.401861361109919,-8.01044930414587,-14.3559493139034,-20.5998812468321,-31.7230042584445,-14.842381078583902,-9.74639988993194,-26.194591900068396,-11.204932044744,0.0320285370505928,-1.6773187480706497,-19.2462876465821,-13.632918424549802,-15.9721311560001,-20.370122198757898,-12.97244958356,-2.45540194757778,-16.1241404556228,4.79657558938626
sub-0092,ses-04,run-05,cognitive,LOC,46,cueL_stimM,-19.564684214093003,-19.9251893305644,-16.4270309643424,-12.9433852702709,-21.5108663270655,-19.5479902618626,-15.798591216053698,-16.8641907298097,-16.9165636934709,-12.9511951724128,-9.206935544432449,-4.40596546227675,-7.05242297906275,-7.17072303725561,-4.514409777316991,-1.93248991246539,-5.7835576554975,-19.093463330171897,-9.677288819224499,-10.8523891952579,-17.2526515924549,-30.0026378991362,-22.1910588782167,-25.5793749711684,-32.2490760754024,-11.379138294528401,-9.6432949498525,-29.018367072505,-10.9873159799349,-20.6395360748451,-27.7744129326478,-26.3495220747936,-30.5343338324098,-34.449680142272705,-25.0611159986827,-17.9308047978863,-15.0228875240925,-10.4186256533883,-19.1817690090221,-16.1173486451788,0.740892483511288,1.2605034670675501
sub-0092,ses-04,run-05,cognitive,LOC,46,cueH_stimL,-0.495349399866663,-4.35333349973331,2.5720417004307996,26.8121400807318,5.426735417484631,2.59476067625834,0.5626694996106829,6.592984784203429,-2.88755405626621,7.059637115112519,10.5734656002615,-9.972024231924669,-10.165453032172,-11.6946035074256,-10.3660888763185,-11.4287558531497,-4.28728028778309,-18.2850047430043,-12.625627926100499,-23.5193296540921,-16.3878625057916,-27.1787175828592,-18.1514582999617,-20.553562466204898,-22.3505568668715,-6.118530553348499,-9.43428508697089,-10.9790472871221,-8.64306756962055,-2.82867003323893,-0.906574445777466,-3.4884009312650095,-1.13495229903029,12.047268063419398,7.076955865376529,-0.908314777622643,-2.73157229358554,-0.31809933370146803,-0.5474468489527671,-6.39351622052971,10.121779531851198,-15.9151478756319
sub-0092,ses-04,run-05,cognitive,LOC,46,cueL_stimL,4.23099617250865,2.93770520573487,-0.45453776515484295,10.948512822111402,-5.7043972825079905,3.8091384034154503,-3.8089860102497797,6.317868098222281,20.9615229462864,20.0482523365363,17.792144009077102,14.162237388795301,27.3584540296309,31.3084791792794,35.0144582030007,24.8063995557298,24.0881489741747,13.4214433739503,13.152013354768,3.59602145512208,5.575263504926619,-5.822360005182201,-26.066746517309998,-19.399726820410898,-34.5980788054499,-13.5797023762365,-29.0026258596665,-10.3434856101689,-5.47094463768047,-11.4440867665377,-3.8157371555096096,-1.8186316444855701,-13.3259578075136,-2.79081698819109,3.5258313842037405,-7.41555798936496,16.4870823737431,1.3561750410596298,17.613233037249802,18.306060361619302,17.761148095008302,27.7811091940922
sub-0092,ses-04,run-05,cognitive,LOC,46,rating,-2.44124804000244,-6.94659893181757,-4.70402157384343,-6.98414931193815,-3.1602692200495897,-2.34568992258896,-5.94768115868451,-4.57458544551603,-6.44288275265831,-4.83250546822552,-3.3312068174935097,-7.00677263672124,-5.8193396996055196,-1.08112631188807,-4.70304100091255,-1.8562653617169398,-6.12300963811101,-6.770803117307251,-10.714287740627402,-11.533328837308801,-13.354321395152303,-12.7700065841079,-16.2631177159584,-18.202414735454,-24.8148563294758,-19.297126033500103,-22.362740729099603,-20.616351836129,-18.557667774867102,-14.049908359951301,-10.7487351629497,-11.9156620492377,-9.82294743172522,-7.20231774686026,-4.15322764680585,-4.97687251232035,2.1743793902519197,3.1137869943905496,4.32214435932792,3.4943697539306404,4.74463552230923,9.50318282378652
sub-0092,ses-04,run-05,cognitive,LOC,46,cue,-0.0165945941361727,3.0507503962498097,-1.60974437902663,4.13011889621607,8.84665741691118,13.9675606266225,12.204404595672901,15.9714964742152,16.0766966676701,13.0102687265131,6.77205157256329,2.1586716138551,2.3727198352226098,5.25849406883681,4.95955398506113,-1.70889379881401,3.25862612729729,-5.52244981323993,-5.5245877931128,-5.20596649059837,-10.5747477065896,-11.5962070648233,-9.406459180968119,-5.36592537154915,-1.17364325452953,2.64323019432896,-3.2117825264302002,-2.7837535507642204,4.78313796968329,6.2806654810522495,0.923635413613109,8.87952528326563,5.0899267419726195,6.30757292875595,5.42724510377707,2.1426851416748,-4.46082520649624,-3.7115727295565804,-5.28221007739445,1.1443399541079,0.58124333523736,0.543402691986152
sub-0092,ses-04,run-06,vicarious,LOC,279,cueH_stimH,-6.34993410110474,-7.2415599822998,-5.258155822753911,-4.40688610076904,13.9290332794189,17.5015258789062,25.6079406738281,15.4877119064331,13.044801712036099,15.496196746826199,13.5948638916016,20.8121566772461,19.134342193603498,31.221378326416,18.6279602050781,26.4582824707031,8.01889705657959,28.0593566894531,11.627783775329599,8.78452205657959,9.96030330657959,6.13510799407959,15.663916587829599,8.18247127532959,16.8938293457031,-4.77949523925781,9.55693435668945,-10.672607421875,7.25572967529297,5.417572021484379,1.7612533569335902,8.04885864257812,-4.18147659301758,6.3768806457519505,-7.83803939819336,0.873989105224609,-7.02323913574219,-5.954742431640621,-14.555259704589801,-7.47755432128906,-3.3305511474609397,-17.3637523651123
sub-0092,ses-04,run-06,vicarious,LOC,279,cueL_stimH,10.8707723617554,-1.4788703918456998,32.4747848510742,11.4536933898926,30.21559715271,15.078558921814,25.837162017822298,24.044912338256804,12.460732460022,34.252986907959,28.580928802490202,37.083156585693395,21.574275970459,41.94041061401371,18.902023315429698,32.9084129333496,23.6524772644043,31.566402435302702,14.237088203430199,10.793262481689501,13.9578399658203,-4.227378845214839,9.79934883117676,2.7964096069335898,7.52857208251953,-1.70307922363281,1.9419937133789098,-1.08262634277344,-7.41531753540039,3.57183074951172,-12.0314331054688,3.34136962890625,-0.8251953125,2.4390983581543,4.49666213989258,3.5049285888671897,-2.01648712158203,-20.682437896728498,-20.25146484375,-17.4286022186279,-4.15716934204102,-10.860593795776401
sub-0092,ses-04,run-06,vicarious,LOC,279,cueH_stimM,-7.75397396087646,3.2609910964965803,14.301074981689501,10.0213651657104,21.4383316040039,27.9149188995361,26.925279617309602,35.0888290405273,27.8627090454102,38.76222610473629,23.1587352752686,39.1995697021484,28.9805755615234,42.143035888671896,27.088981628418,49.696441650390604,34.9783058166504,35.48158645629879,19.836561203002898,8.71494483947754,8.90928554534912,-11.492529869079599,1.66754531860352,-13.1745948791504,-2.40410232543945,-8.11077880859375,-8.44514465332031,-4.602294921875,-1.8149604797363301,6.907684326171879,-0.0327301025390625,8.82763671875,1.9125289916992199,11.341686248779302,0.9132232666015621,8.34822845458984,3.79537963867188,-1.4653129577636699,-4.88301086425781,0.21343994140625,2.2634334564208998,-10.353370666503901
sub-0092,ses-04,run-06,vicarious,LOC,279,cueL_stimM,5.70654296875,21.6797142028809,30.0133419036865,20.3981647491455,13.9615058898926,13.580230712890598,7.37093448638916,2.57538795471191,10.4717578887939,16.8280391693115,8.41265106201172,21.210988998413104,14.9250316619873,37.8055458068848,15.700181007385302,39.5490303039551,20.4442462921143,14.141314506530799,16.712467193603498,13.627559661865199,28.320764541626,0.7282638549804691,8.43937683105469,6.75724792480469,0.42952346801757796,1.759521484375,-7.90267562866211,-2.6912078857421897,0.815662384033203,-2.56164932250977,0.88983154296875,3.8824310302734397,-3.7231063842773398,5.269866943359379,-7.89475440979004,2.4915828704833998,-9.38471031188965,-6.24500274658203,-16.950458526611303,-19.344482421875,-38.675384521484396,1.11050033569336
sub-0092,ses-04,run-06,vicarious,LOC,279,cueH_stimL,-2.42447566986084,10.6093711853027,2.2853016853332497,23.0787296295166,-5.3052864074707005,29.6649017333984,11.9058265686035,10.0391416549683,29.230445861816396,13.5890865325928,24.400987625122102,21.075372695922898,28.483701705932603,27.8530082702637,33.3882369995117,31.9737548828125,23.6075973510742,30.1756057739258,3.88886833190918,11.1049652099609,12.8273468017578,10.913688659667999,21.507278442382802,0.14964294433593803,16.5817947387695,7.60703277587891,9.15492248535156,-0.844036102294922,13.6091842651367,3.189697265625,-8.16403198242188,8.8062744140625,-20.010211944580103,-7.0361442565917995,-16.304885864257802,-12.816780090332001,-9.99983596801758,-7.6513671875,-0.286876678466797,-11.3367252349854,-11.9982204437256,-6.56378364562988
sub-0092,ses-04,run-06,vicarious,LOC,279,cueL_stimL,-4.02573871612549,-10.438606262207001,-7.441646575927731,-28.754941940307603,-8.558460235595701,-19.9606952667236,-10.6467714309692,9.60220623016357,-5.24069404602051,16.424129486084002,13.768890380859402,17.622768402099602,11.229217529296902,30.854585647582997,7.2175998687744105,25.2041549682617,2.51191234588623,5.72825813293457,-8.38541603088379,-8.75231552124023,0.7197895050048829,-9.02864837646484,-3.8531112670898398,-10.728689193725598,5.73518180847168,-6.6374340057373,-13.077857971191401,8.74087333679199,1.81001281738281,12.5911445617676,-6.63023567199707,14.0220794677734,-5.02681541442871,-0.152894973754883,-3.0311231613159197,-9.59341716766357,-0.0843896865844727,-17.8229026794434,3.7625093460082994,-12.670726776122999,7.77843379974365,-7.992778778076169
sub-0092,ses-04,run-06,vicarious,LOC,279,rating,3.4045257568359397,2.29397583007812,-1.06233596801758,6.570537567138669,0.0554046630859375,0.809528350830078,3.6277961730957,8.76715469360352,13.006805419921902,11.772953033447301,18.3139343261719,14.0386161804199,22.3486404418945,14.231292724609402,15.231075286865199,17.9571418762207,16.1790904998779,15.9352931976318,11.8801975250244,13.447662353515598,9.14575290679932,8.47528076171875,10.51686668396,-1.92769908905029,1.66004049777985,-1.13568758964539,-7.910284519195559,-5.32618713378906,-9.14407348632812,-6.65207958221436,-7.22340965270996,-6.83809089660645,-5.85536670684814,-5.021893978118901,-5.2766695022583,-1.4468450546264602,-3.5178656578064,-0.713515341281891,2.24861717224121,-6.27415990829468,-2.26010155677795,-5.1852884292602495
sub-0092,ses-04,run-06,vicarious,LOC,279,cue,5.14857292175293,12.563269615173303,3.2427320480346697,12.199544906616199,3.99435424804688,12.271129608154302,10.0277557373047,4.79150009155273,13.28759765625,11.067909240722699,10.989646911621099,4.544830322265621,4.426856994628911,9.14310836791992,1.21613693237305,12.442146301269501,10.3244171142578,6.762542724609379,15.6919555664062,4.68242645263672,2.69115447998047,2.5306587219238303,-6.91151428222656,-3.29866409301758,-8.56588649749756,-12.003538131713901,-9.60353374481201,-6.76997375488281,-3.6521377563476602,-13.8649559020996,-6.2295060157775906,-0.0120563507080078,4.38852787017822,-4.62271404266357,-2.48111057281494,-1.91082763671875,-8.08805465698242,-5.08295440673828,-3.07689666748047,-6.50539779663086,0.7307758331298829,-7.000187873840329
sub-0092,ses-04,run-06,vicarious,LOC,280,cueH_stimH,-16.7610206604004,-9.63546371459961,-12.374102592468299,-2.9958467483520494,-10.0876770019531,5.81635284423828,7.95621395111084,12.322253227233901,24.133953094482397,33.3934555053711,34.7323608398438,27.6385688781738,28.0009689331055,25.124225616455103,38.6144027709961,34.6532554626465,36.5397300720215,27.3825035095215,31.7528648376465,24.509952545166,15.218205451965302,9.93158054351807,4.957215309143071,-7.20147609710693,-8.48589992523193,-3.1965923309326203,-6.923492431640621,-14.001579284667999,-13.486202239990199,-14.2344970703125,-5.479034423828121,-4.24309539794922,-5.59127426147461,-8.64076614379883,-2.65926742553711,-8.352893829345701,-11.940185546875,-20.8517074584961,-18.8059196472168,-20.9852828979492,-20.325393676757802,-13.943939208984402
sub-0092,ses-04,run-06,vicarious,LOC,280,cueL_stimH,-1.2316393852233898,-1.08580207824707,13.7484893798828,14.7402801513672,15.8102550506592,21.9602928161621,24.8261394500732,24.202522277832,31.7762069702148,41.0867500305176,46.9884719848633,39.982696533203104,55.08039855957029,40.3235626220703,57.507686614990206,46.821372985839794,51.8493232727051,54.248863220214794,43.7447738647461,34.035491943359396,22.292053222656197,23.130189895629897,14.138721466064501,5.82497406005859,-3.30709838867188,-6.88458251953125,-14.2006988525391,-25.595237731933604,-16.5791358947754,-13.6580657958984,-13.0285377502441,-13.358745574951199,-13.4345245361328,-9.19429397583008,-9.61637496948242,-6.07392120361328,-12.678718566894501,-11.8465576171875,-10.123390197753901,-10.433372497558599,-16.93115234375,-15.985481262207001
sub-0092,ses-04,run-06,vicarious,LOC,280,cueH_stimM,8.10640716552734,2.6371307373046897,15.534463882446301,18.7594261169434,27.60009765625,30.582651138305696,25.570964813232397,39.220497131347706,48.432521820068395,44.670379638671896,54.031711578369105,43.410404205322294,48.4497871398926,44.1466751098633,52.340641021728494,51.7132339477539,56.2770118713379,49.07563781738279,41.519870758056605,44.7216110229492,24.725540161132802,13.8660898208618,-6.58922481536865,-16.2399864196777,-17.3583145141602,-17.4790916442871,-15.371589660644501,-20.003826141357397,-9.27980422973633,-11.555877685546902,-2.3912734985351602,-1.8899154663085902,-1.6246414184570301,-8.19617080688477,7.50556182861328,-1.54192733764648,8.5159912109375,8.14402389526367,-6.12514495849609,0.623394012451172,-6.666254043579099,4.22185516357422
sub-0092,ses-04,run-06,vicarious,LOC,280,cueL_stimM,-2.82513427734375,14.5041837692261,4.45232343673706,2.9320659637451203,3.56572151184082,-1.0353262424469,2.6363744735717796,4.02953338623047,19.658138275146502,9.19662189483643,19.8591270446777,18.4854774475098,35.7610855102539,31.9880867004395,48.414466857910206,53.528202056884794,37.8944969177246,49.0952033996582,31.263238906860398,41.68430709838871,25.978557586669897,31.0244445800781,12.3100738525391,5.481159210205081,10.983829498291,-9.01895523071289,-2.12403106689453,-9.26400756835938,-8.74010467529297,-0.634109497070312,-4.88922119140625,-7.72820281982422,-3.48668670654297,-3.76723861694336,-1.5357284545898402,-8.576076507568361,4.467628479003911,4.05419921875,-4.622742652893071,-2.626953125,-34.0739707946777,-1.5661735534668002
sub-0092,ses-04,run-06,vicarious,LOC,280,cueH_stimL,20.8050518035889,25.566955566406197,27.741985321044897,14.223961830139197,29.5939922332764,36.6199798583984,32.9690093994141,37.8507308959961,47.787235260009794,52.202152252197294,53.2417602539062,51.3308181762695,52.5750503540039,53.033729553222706,51.802852630615206,52.3157348632812,54.295047760009794,52.4793891906738,50.6072578430176,35.5984954833984,37.2881317138672,33.2278060913086,19.015914916992198,31.2209968566895,19.245540618896502,9.91966247558594,6.36588287353516,0.19576644897460896,-1.22837829589844,-4.32663345336914,-13.118511199951199,-11.2301788330078,-11.8378486633301,-5.413921356201169,-13.7514114379883,-11.493934631347699,-7.4324951171875,-5.96300506591797,-5.75392913818359,-11.2451343536377,-7.82706642150879,-7.376995086669919
sub-0092,ses-04,run-06,vicarious,LOC,280,cueL_stimL,-12.2117347717285,-9.36038208007812,-11.306304931640598,-16.5144557952881,-24.150892257690398,-8.49159622192383,-4.2797560691833505,10.6049089431763,25.4895324707031,16.1210155487061,38.147762298584,31.6399326324463,40.223274230956996,37.328239440918004,50.1773147583008,47.080348968505895,49.2713432312012,46.9267921447754,28.879262924194304,26.5437965393066,8.78761863708496,8.87801361083984,-11.486930847167999,-2.49203491210938,-20.5998649597168,-16.018375396728498,-19.6012878417969,-25.8851699829102,-12.396484375,-14.058696746826199,-7.66576385498047,-6.22515106201172,-2.61175537109375,1.08920669555664,-10.541955947876,-1.36798286437988,-18.909145355224602,-10.4217367172241,-22.9083557128906,-9.57931327819824,-16.6892910003662,-20.7645416259766
sub-0092,ses-04,run-06,vicarious,LOC,280,rating,-0.5210018157958979,2.8388214111328103,1.4162406921386699,0.283596038818359,1.9891052246093797,0.502891540527344,5.24040222167969,6.5159416198730495,5.542724609375,3.99068069458008,6.34921646118164,9.50449371337891,9.36713409423828,8.36888122558594,7.29251480102539,6.280914306640621,5.371028900146481,1.33971977233887,-1.41456413269043,-3.39042854309082,-0.487863540649414,-2.8513565063476602,-0.0639591217041016,-6.135083198547361,-7.85773706436157,-11.017216682434098,-15.772960662841802,-12.6555118560791,-9.41057205200195,-9.17634582519531,-7.792072296142581,-5.6502399444580105,-3.69977951049805,-4.86360836029053,-5.42328643798828,-4.49517011642456,-6.242974758148191,-1.9307134151458702,-4.80486392974854,-2.25089931488037,-5.2630615234375,-3.51243209838867
sub-0092,ses-04,run-06,vicarious,LOC,280,cue,11.810998916626,4.60731506347656,11.539426803588901,7.65714836120605,7.703155517578121,4.87521743774414,5.06607437133789,8.63770294189453,5.088470458984379,8.35126495361328,2.14226913452148,1.4422683715820301,5.274208068847661,5.71136474609375,2.2013778686523398,2.63884353637695,7.39458465576172,11.6757049560547,5.94980621337891,4.81162643432617,1.2092208862304699,-5.09021759033203,-4.23803329467773,-7.175479888916019,-8.10954475402832,-10.844463348388699,-11.4552936553955,-9.08987998962402,-6.3889656066894505,-9.73555374145508,0.6400737762451171,-5.16935920715332,-1.2693378925323502,-7.27272129058838,-8.288281440734862,-9.04604339599609,-13.162017822265598,-10.7222528457642,-15.3865203857422,-14.870380401611301,-17.053106307983402,-12.8249607086182
sub-0092,ses-04,run-06,vicarious,LOC,281,cueH_stimH,-2.05462551116943,-5.25433731079102,0.6685733795166021,13.9082508087158,9.02929973602295,14.1047515869141,9.59370803833008,26.392448425293,11.5778560638428,7.9498610496521,13.4167537689209,22.163782119751,11.0209703445435,33.476535797119105,31.5923728942871,41.3192863464355,16.785598754882802,19.424270629882802,14.675978660583501,16.151565551757802,1.27027988433838,3.0478677749633802,10.643754005432099,22.3732414245605,15.202101707458501,10.634964942932099,6.03369903564453,7.170185089111331,-0.0858917236328125,0.969867706298828,10.685607910156198,28.8647384643555,14.4154472351074,10.7399635314941,7.8326911926269505,2.68136978149414,-11.4012870788574,-3.4233779907226602,-13.3120880126953,-9.01202392578125,-14.277793884277301,-13.1230411529541
sub-0092,ses-04,run-06,vicarious,LOC,281,cueL_stimH,17.8065433502197,1.11347579956055,10.6173095703125,15.8163652420044,9.52088737487793,22.967082977294897,21.068063735961896,9.344624519348141,23.4798736572266,31.2365036010742,33.6212692260742,30.655454635620103,32.120071411132805,22.9969100952148,24.189514160156197,21.266769409179698,20.533279418945302,25.1824741363525,11.065577507019,12.682868957519501,12.665504455566401,0.446212768554688,1.17104911804199,8.005771636962889,10.3165130615234,-3.95425796508789,-2.7532730102539102,4.37366485595703,7.9281005859375,-11.3941040039062,3.11980056762695,3.31258773803711,2.02840423583984,1.79949569702148,-12.006866455078098,-5.6906623840332005,-2.58875274658203,-10.6155204772949,-5.096092224121089,-10.5860805511475,-15.579246520996099,-7.7763347625732395
sub-0092,ses-04,run-06,vicarious,LOC,281,cueH_stimM,4.38523864746094,4.3833732604980495,-3.64501237869263,17.346702575683597,18.7286148071289,-5.7173810005188,29.757209777832,40.621879577636705,29.1431484222412,31.2219314575195,37.254341125488295,38.7336387634277,26.183761596679698,9.41560745239258,24.2852935791016,39.299690246581996,28.115554809570302,23.6896705627441,7.804144382476809,-1.91678404808044,-4.70222997665405,-7.9187307357788095,-2.56911754608154,-2.65666770935059,5.461162567138669,15.288516998291,1.4782333374023402,-1.7543716430664098,9.79568481445312,-8.78252410888672,13.296581268310499,1.1023635864257801,11.8621482849121,25.552078247070302,11.4023170471191,16.232398986816403,1.6617660522460902,5.479366302490231,-3.0266494750976602,7.1871223449707005,13.634162902832001,10.6131172180176
sub-0092,ses-04,run-06,vicarious,LOC,281,cueL_stimM,-7.38328552246094,2.35221767425537,27.8553657531738,16.133367538452102,-2.1030693054199197,7.900540351867679,2.0627460479736297,7.3229484558105495,8.70063018798828,14.8505144119263,12.069064140319801,36.849067687988295,31.923942565918,18.9355583190918,15.6693506240845,16.779588699340803,16.0635776519775,21.001537322998,20.749652862548803,31.9805221557617,18.291240692138697,29.1154098510742,4.01045227050781,13.8553466796875,12.075845718383801,3.1125946044921897,8.94440078735352,-5.63190460205078,11.2648582458496,3.64622116088867,-3.0488662719726602,5.688995361328121,-2.26849746704102,-15.089607238769501,-3.32183074951172,-5.18905448913574,1.09561347961426,-22.185325622558604,-4.56133651733398,-19.9625244140625,-23.903211593627898,21.4713020324707
sub-0092,ses-04,run-06,vicarious,LOC,281,cueH_stimL,11.0834131240845,6.78523254394531,11.7392044067383,22.43337059021,10.1110801696777,7.78013134002686,14.1359443664551,25.8897323608398,28.9712753295898,16.1310939788818,19.3417358398438,28.5223579406738,28.7861480712891,29.007564544677702,18.578182220459002,37.5653686523438,29.706758499145497,22.8935813903809,17.3424987792969,9.90696334838867,18.4050350189209,20.461051940918,17.5243072509766,47.223514556884794,40.976814270019496,18.4797592163086,18.2190628051758,20.9400024414062,12.7675170898438,6.37467956542969,11.1222801208496,6.41292572021484,10.2394371032715,-7.83644104003906,-10.563701629638699,-19.750862121582,-8.172397613525389,-8.79994201660156,3.7759780883789102,-1.340576171875,0.0523757934570312,8.6522045135498
sub-0092,ses-04,run-06,vicarious,LOC,281,cueL_stimL,-12.093799591064501,-8.30910491943359,-9.5793571472168,0.43992722034454296,0.273796081542969,0.7339241504669191,8.150722503662111,6.924188613891599,7.8440036773681605,11.577629089355499,19.5578651428223,10.175497055053699,23.1870384216309,26.4854297637939,34.570873260498,22.821924209594698,12.387715339660598,9.62608909606934,1.52966690063477,-2.2025337219238303,7.61435890197754,18.937442779540998,20.127117156982397,7.80601501464844,9.33242988586426,6.42814636230469,0.6660442352294921,-7.2824535369873,1.97453308105469,6.4194831848144505,10.820552825927699,-1.49418640136719,13.1343040466309,-2.18645477294922,-6.15432071685791,-19.6525268554688,-9.203057289123539,-2.5185170173644997,-7.55766105651855,-10.7046394348145,6.30143642425537,-10.090349197387699
sub-0092,ses-04,run-06,vicarious,LOC,281,rating,-1.5725040435791,3.5654144287109397,-4.05387878417969,-2.9172935485839804,2.09938812255859,-2.6592597961425803,-2.15534591674805,0.464645385742188,6.17079925537109,12.0940742492676,11.057518005371099,14.811897277832001,13.678524017334,12.4936676025391,7.73503112792969,12.360023498535199,7.79799461364746,5.9334011077880895,7.96379852294922,10.432915687561001,6.547809600830081,6.23402404785156,3.8298797607421897,-0.8032268285751339,0.0248947143554688,-0.516791462898254,-2.7560639381408705,-3.7162704467773398,-3.64374685287476,-4.74832630157471,-6.524221897125241,-6.20556640625,-9.53108978271484,-5.11257648468018,-3.20543098449707,-9.47865390777588,-2.3229613304138197,-5.98635101318359,-6.27847671508789,0.49186325073242204,-5.12968635559082,-6.683711051940921
sub-0092,ses-04,run-06,vicarious,LOC,281,cue,8.75526809692383,11.9963531494141,9.757204055786131,8.90705871582031,7.5241184234619105,6.48100280761719,12.080394744872999,12.341651916503901,10.2516021728516,22.292945861816396,15.3384742736816,14.6753082275391,7.89781951904297,11.4723243713379,18.076435089111303,9.25912857055664,13.6804046630859,10.983375549316401,7.79176330566406,4.4494514465332005,0.189689636230469,-1.4572372436523402,2.91971206665039,-11.5274505615234,-4.34104824066162,-7.656427383422849,-14.062747955322301,-10.2005729675293,-4.42926025390625,-7.79374885559082,-6.935128688812259,-8.54616260528564,-2.24469709396362,-4.13852500915527,-6.333271026611331,-3.0820522308349596,-7.70920848846436,-7.78645658493042,-4.409812927246089,3.32265090942383,-1.08242321014404,1.89727783203125
sub-0092,ses-04,run-06,vicarious,LOC,282,cueH_stimH,-21.5765533447266,-10.327615737915,-5.68839836120605,-0.982794761657715,3.41664409637451,7.01470756530762,16.5305976867676,21.797611236572298,9.62321853637695,11.7858028411865,15.9383382797241,2.0119571685791002,-2.8811731338501,29.657588958740202,10.9867877960205,29.974689483642603,14.6206855773926,31.6345405578613,31.8554878234863,7.45517539978027,16.5318183898926,22.988849639892603,25.106037139892603,-3.43300819396973,6.89316368103027,4.07114219665527,10.483436584472699,8.77333831787109,5.107017517089839,11.7476119995117,18.3727340698242,19.5881271362305,16.145187377929698,10.9031639099121,2.67013549804688,9.99653625488281,-14.335742950439501,3.1744499206543,-7.0423469543457005,-12.2702789306641,-0.7388687133789059,-10.9319286346436
sub-0092,ses-04,run-06,vicarious,LOC,282,cueL_stimH,27.030298233032198,12.0095367431641,26.655563354492198,5.70117282867432,15.7961158752441,7.3011970520019505,11.769918441772498,16.8472061157227,16.03244972229,25.8503150939941,4.76160144805908,37.0414428710938,21.336009979248,44.413875579834006,22.4835720062256,18.886821746826197,28.2264404296875,24.2649974822998,45.377410888671896,52.1067428588867,38.3947410583496,18.5956020355225,29.248435974121104,10.310417175292999,26.4712104797363,33.2170791625977,-10.135780334472699,2.68868637084961,2.09978103637695,1.10491943359375,5.752105712890621,27.4156608581543,0.1773681640625,0.7529983520507809,-6.50541687011719,-6.15123748779297,0.642520904541016,-13.2644844055176,-4.579124450683589,-18.3492164611816,-15.0569725036621,-13.997255325317399
sub-0092,ses-04,run-06,vicarious,LOC,282,cueH_stimM,3.4740686416626,-9.34204959869385,-15.825644493103,2.3046109676361097,16.395938873290998,17.9771766662598,28.472213745117198,29.482547760009798,22.0400791168213,28.7036113739014,31.0940322875977,24.1556091308594,10.371175765991199,34.6044235229492,25.2615013122559,43.8904418945312,31.6407356262207,37.6142578125,27.8963985443115,13.1842403411865,21.7332611083984,1.2543888092041,18.833816528320302,-1.6670112609863301,5.05351257324219,3.9150543212890603,3.5976104736328103,-5.682525634765621,4.35547637939453,2.71013641357422,13.813606262207001,23.1256637573242,20.8358306884766,27.5234260559082,6.42862319946289,24.2415466308594,1.06703186035156,14.43115234375,-2.3147430419921897,1.27315902709961,3.7859096527099596,12.902557373046902
sub-0092,ses-04,run-06,vicarious,LOC,282,cueL_stimM,22.7967147827148,20.613721847534197,39.8094139099121,29.995145797729503,19.6894302368164,15.0427856445312,21.740783691406197,31.695898056030302,19.937088012695302,21.9961280822754,13.2570896148682,44.2063407897949,30.337707519531197,27.986595153808604,21.492784500122102,26.3452262878418,11.9373321533203,28.5168895721436,40.6734390258789,9.92481231689453,46.109046936035206,28.190105438232397,12.388679504394501,23.9052200317383,12.821617126464801,12.2809524536133,-6.11811828613281,10.9310913085938,8.07324981689453,18.3713302612305,-8.59504699707031,11.3762054443359,16.485332489013697,10.2388954162598,14.6519317626953,8.98974990844727,19.366506576538104,11.896425247192399,4.53659534454346,-0.2919921875,-6.599493026733401,13.217060089111301
sub-0092,ses-04,run-06,vicarious,LOC,282,cueH_stimL,11.278707504272498,10.962352752685499,10.292259216308599,26.932767868042003,3.17250442504883,25.609207153320302,6.99496078491211,18.186382293701197,30.4426670074463,16.0840644836426,32.8622360229492,0.8582440614700321,18.236463546752898,14.5340261459351,29.927410125732397,30.6949462890625,22.8945999145508,19.961877822876,18.6376934051514,17.3950042724609,15.7995319366455,3.28059005737305,12.056648254394501,19.0981521606445,29.793758392334,-5.41019439697266,7.87887191772461,-1.4583854675293002,-2.63189697265625,-5.27450942993164,-6.1750373840332005,-9.5850830078125,-16.6454391479492,-6.86479187011719,-2.23131561279297,-4.12151718139648,-2.64848709106445,-23.0483474731445,-3.7376480102539102,-5.42754364013672,-6.15962219238281,-11.240196228027301
sub-0092,ses-04,run-06,vicarious,LOC,282,cueL_stimL,-7.4621086120605495,6.57696533203125,14.164426803588901,11.9934635162354,13.9064273834229,8.40939521789551,-3.7619428634643595,12.0914659500122,-10.5574989318848,9.86816692352295,0.38859701156616205,26.4003982543945,13.676891326904302,20.5635681152344,30.875545501709,17.1543655395508,2.96358680725098,6.65466213226318,4.26784706115723,11.182159423828098,13.761976242065401,-4.73359680175781,11.768928527832001,3.4142074584960898,4.46488952636719,-4.56945037841797,5.72706604003906,11.575538635253901,5.71058654785156,19.7094955444336,0.125144958496094,-4.509307861328121,-4.32783699035645,-7.25173568725586,4.95361709594727,-10.115943908691401,20.180067062377898,-34.599742889404304,-1.85603904724121,-13.975622177124,0.5756816864013671,-9.71466445922852
sub-0092,ses-04,run-06,vicarious,LOC,282,rating,-7.59495544433594,5.909881591796879,-2.89226150512695,2.5870361328125,2.65283203125,-2.4994010925293,2.32256317138672,6.81369781494141,6.794940948486331,-2.4892463684082,5.030418395996089,6.95492935180664,7.645893096923831,12.3699188232422,11.3084983825684,13.1593532562256,7.5721549987792995,6.94259262084961,3.5389442443847696,12.342622756958,7.18756341934204,13.1969680786133,14.7898550033569,12.2687740325928,4.5090126991272,11.501032829284698,3.4440250396728502,13.106703758239698,5.92859029769897,8.58288192749023,3.75510358810425,3.7659015655517596,8.74250030517578,7.276198863983151,8.951727867126461,8.07869338989258,10.586320877075199,4.30554389953613,3.8063728809356703,5.499417304992679,2.34821820259094,-5.656981945037839
sub-0092,ses-04,run-06,vicarious,LOC,282,cue,-3.93283081054688,-5.07665729522705,-12.5337562561035,2.3816375732421897,-0.500324249267578,-7.58022689819336,-8.73974609375,-1.8545608520507801,-4.324737548828121,-9.15439605712891,-7.93169403076172,-10.2191696166992,-14.0724296569824,-1.31339263916016,-1.1732254028320301,-1.41977310180664,2.05739593505859,-12.5410919189453,-0.9067916870117191,-4.984954833984379,-1.4479675292968797,-8.2095947265625,-14.316368103027301,-4.685020446777339,-13.835498809814501,-8.3275146484375,-23.7025833129883,-26.884037017822298,-14.6061210632324,-21.912940979003896,-10.607964515686001,-21.096942901611303,-9.61323165893555,-9.17914199829102,-13.066391944885302,-6.075984954833981,-17.7105693817139,-7.02841520309448,-20.2443542480469,-13.618904113769501,-6.112948417663571,-10.6399564743042
sub-0092,ses-04,run-06,vicarious,LOC,313,cueH_stimH,-8.09616851806641,-21.131175994873,-12.720235824584998,-8.84102249145508,-2.76599979400635,-7.19217681884766,13.6731834411621,-3.1597843170166002,3.8209390640258802,12.8736038208008,-3.4939227104187,-2.5484771728515603,-1.1522741317749,14.268803596496598,8.16404056549072,4.76284313201904,2.15297985076904,-2.13684558868408,-4.670422554016111,-2.46545886993408,-9.4607048034668,-18.1423454284668,1.42324352264404,0.46840953826904297,-2.7686815261840803,3.32070446014404,6.20732116699219,-0.01324462890625,4.84276580810547,-0.547523498535156,1.9082336425781203,3.74968719482422,0.515998840332031,7.95517730712891,-3.95339965820312,4.43214797973633,-11.261470794677699,-2.97626495361328,-5.88326644897461,0.8564071655273441,-6.39322662353516,-17.860088348388697
sub-0092,ses-04,run-06,vicarious,LOC,313,cueL_stimH,-13.954010009765598,-19.72829246521,-14.131386756897,-17.4757785797119,-17.5810928344727,-8.64923667907715,3.64585971832275,-2.59365177154541,-2.4080638885498,8.22647285461426,0.528576850891113,14.096534729003901,2.3139476776123,5.591500759124759,3.02710461616516,7.71394824981689,13.619402885437,4.19561004638672,-3.14408016204834,-2.5502471923828103,2.11077117919922,-19.6519546508789,-10.818584442138699,-14.4038238525391,-11.485340118408198,-2.54962158203125,-7.50278472900391,6.439640045166019,-0.628932952880859,12.6494674682617,-3.88217544555664,2.01308441162109,4.49440002441406,8.56954193115234,4.23943710327148,-5.277435302734379,-12.026470184326199,-9.69010543823242,-4.04246520996094,-15.036884307861301,-17.387985229492198,-20.3160762786865
sub-0092,ses-04,run-06,vicarious,LOC,313,cueH_stimM,-0.43092727661132796,0.9594120979309079,-2.54025650024414,5.01464033126831,-8.076877593994139,-12.258409500122099,4.552860736846919,31.4237899780273,3.16117668151855,14.1618242263794,10.3538084030151,1.30000400543213,-6.14754152297974,11.5935659408569,-0.918692588806152,14.116346359252901,26.887628555297898,5.466426849365231,6.62489414215088,4.47502946853638,-1.28396224975586,-12.4765090942383,-14.9955415725708,-4.5583000183105495,2.3505439758300803,-9.58740234375,-12.6664276123047,-4.38539123535156,-15.073455810546902,-9.28653717041016,-21.712341308593803,-5.88983154296875,-20.1380081176758,-16.818546295165998,-11.797832489013699,-10.3271484375,-12.4694671630859,-14.993011474609402,-11.747550964355499,-14.3107566833496,-2.3062915802002,1.1673774719238301
sub-0092,ses-04,run-06,vicarious,LOC,313,cueL_stimM,-1.9251174926757801,-2.14951419830322,20.3765182495117,4.82227849960327,1.1681003570556598,-9.85739898681641,-10.9844961166382,-13.086212158203098,-13.185095787048303,-0.55345344543457,-9.7672758102417,7.6100759506225595,2.37148857116699,-0.613490104675293,6.93424129486084,-1.94368553161621,-10.224863052368198,-9.42037868499756,8.7234935760498,-5.6398811340332005,-8.97673797607422,-1.3409461975097698,-12.752201080322301,-4.430456161499019,0.46312713623046897,-2.3014373779296897,-2.18774795532227,3.9016952514648398,-2.12533569335938,8.340427398681639,-4.80033874511719,-2.0167694091796897,2.844482421875,1.3265571594238301,-14.7526912689209,1.62727165222168,-1.06427192687988,-14.8849296569824,0.35679149627685497,-14.1728515625,-24.179048538207997,-5.58292388916016
sub-0092,ses-04,run-06,vicarious,LOC,313,cueH_stimL,1.38006865978241,-1.3714790344238301,-1.97342586517334,2.82337713241577,4.340476989746089,0.912596702575684,2.0771026611328103,1.03361988067627,25.2236709594727,15.4783220291138,17.2380332946777,6.87165832519531,16.506038665771502,12.319584846496598,11.679708480834998,11.1933240890503,11.675372123718299,14.501810073852502,0.7210407257080079,0.9535446166992191,-3.4036636352539102,-12.846973419189501,-3.78482437133789,4.12691116333008,22.1347351074219,14.1068267822266,22.113407135009798,6.74502944946289,10.5420455932617,2.67812728881836,6.71797943115234,17.7222213745117,10.941123962402301,6.187923431396481,-3.15145874023438,-4.07383346557617,-1.3199882507324199,-10.3343963623047,-5.1229419708252,6.3672161102294895,3.4947471618652304,-11.413877487182601
sub-0092,ses-04,run-06,vicarious,LOC,313,cueL_stimL,-4.75464391708374,-14.071296691894501,-8.50506210327148,-14.119194984436,-20.689489364624,-10.961815834045401,-5.77537393569946,-6.50223970413208,-0.980021476745605,-2.1026303768158,-0.9816436767578121,1.7806558609008798,-21.104389190673803,1.62317514419556,8.06686687469482,6.45861482620239,-2.4517560005187997,-4.97109699249268,-12.6327056884766,-10.8160972595215,-15.725334167480499,-21.7913837432861,4.32629013061523,-21.5042610168457,-9.15119361877441,-12.6354827880859,-9.77391052246094,-15.919685363769501,-11.1105537414551,3.98136520385742,-19.863872528076197,-3.3577041625976602,-16.3561515808105,-0.9975185394287109,-9.48927307128906,-11.585601806640598,-3.68223762512207,-15.0482625961304,-0.25281620025634804,-15.0519866943359,-19.697101593017603,-26.5470809936523
sub-0092,ses-04,run-06,vicarious,LOC,313,rating,-0.11580657958984401,2.5177383422851602,-2.9770469665527304,2.30815887451172,0.7703094482421879,3.48259353637695,-0.856021881103516,2.8781890869140603,5.0689582824707005,8.95829772949219,14.3072357177734,17.5769577026367,16.9060478210449,15.900482177734402,11.8603172302246,16.2373943328857,17.7353820800781,11.8472728729248,9.74864387512207,7.175420761108401,5.87039518356323,2.8849639892578103,-0.37065505981445296,-0.358244895935059,-3.5598785877227797,-7.26188611984253,-9.0479154586792,-10.4694185256958,-7.3457927703857395,-8.62337589263916,-14.533689498901401,-9.89476203918457,-10.7792205810547,-9.77785968780518,-14.061464309692399,-11.294689178466802,-9.85974884033203,-9.321940422058109,-11.081581115722699,-8.403980255126951,-14.799222946167,-8.88182163238525
sub-0092,ses-04,run-06,vicarious,LOC,313,cue,0.906436920166016,3.86603832244873,-1.00984668731689,4.77137565612793,2.2144584655761697,9.12794494628906,12.170753479003901,11.473873138427699,15.882049560546902,21.416618347168,22.317623138427702,24.3112487792969,18.4162673950195,18.1259613037109,20.390060424804698,17.1649856567383,22.718238830566396,24.1647872924805,13.490135192871099,10.1621055603027,5.220619201660161,6.3265266418457005,-5.806758880615231,-5.87996673583984,-7.626431465148929,-3.3262920379638703,-7.806270599365231,-7.72410774230957,-10.9974517822266,-6.67228126525879,-9.13403701782227,-4.16293144226074,2.03733730316162,1.86863708496094,1.5071096420288101,3.9025478363037096,0.40056037902832003,-4.33063745498657,-4.70724678039551,-0.666633605957031,-5.675274848937991,-3.31591796875
sub-0092,ses-04,run-06,vicarious,LOC,314,cueH_stimH,14.643373489379899,-0.846296310424805,6.7382082939147905,17.5448093414307,-2.35779047012329,3.23594760894775,16.7766036987305,19.9829139709473,5.07915735244751,30.7360649108887,13.426011085510302,22.5526123046875,28.8065490722656,19.158948898315398,26.759508132934602,15.1444616317749,7.3405065536499,15.2733678817749,-4.27301406860352,-1.94659423828125,-2.9939613342285196,2.06658172607422,-15.3850736618042,0.60540771484375,-12.2183256149292,-2.57208633422852,7.81405067443848,12.0733222961426,-9.15759658813477,13.813983917236301,10.004737854003901,14.5911407470703,16.4939002990723,17.2586326599121,7.41654205322266,14.357017517089801,-5.184486389160161,-14.153194427490199,14.2386932373047,-4.20532989501953,4.96449279785156,9.43532562255859
sub-0092,ses-04,run-06,vicarious,LOC,314,cueL_stimH,5.67031002044678,-3.39030838012695,8.382045745849611,18.461841583252,21.941614151001,26.751827239990202,26.0183448791504,22.0039253234863,26.8498420715332,28.690372467041,37.2452278137207,27.3884124755859,28.7969245910645,28.097801208496104,21.8854827880859,26.3801536560059,24.681297302246104,19.2817535400391,6.464115142822269,-5.00603294372559,-4.13922882080078,13.937870025634801,-7.0830402374267605,-7.412799835205081,-0.688335418701172,-6.9113883972167995,1.55226135253906,1.42937850952148,9.59905624389648,10.4129638671875,1.46539306640625,19.145427703857397,14.9951171875,23.2121849060059,10.3371238708496,9.77203369140625,24.4721603393555,1.9462165832519498,-10.386535644531198,2.72205352783203,8.72617530822754,2.06153106689453
sub-0092,ses-04,run-06,vicarious,LOC,314,cueH_stimM,11.6818084716797,15.876201629638699,17.474065780639602,25.8567008972168,24.5894889831543,30.1980895996094,43.589683532714794,44.4423217773438,36.4620513916016,31.8444747924805,42.5685997009277,15.219423294067399,32.8897323608398,27.990474700927702,21.5150032043457,43.5246734619141,32.7025680541992,23.5849456787109,10.4901657104492,2.18524837493896,-17.164249420165998,-15.4302921295166,-9.65555953979492,-6.91135406494141,-7.4023551940917995,11.8379325866699,8.18637084960938,6.67378234863281,4.5426750183105495,11.4450149536133,7.611309051513669,16.6029205322266,12.9386863708496,19.2784423828125,28.887203216552702,19.7217063903809,6.45668029785156,22.9304580688477,1.654052734375,22.7648582458496,24.419757843017603,23.6654624938965
sub-0092,ses-04,run-06,vicarious,LOC,314,cueL_stimM,-1.9977798461914098,-5.89217662811279,-12.8485279083252,-10.427263259887699,-7.400506973266599,-28.985836029052702,-12.2365369796753,-1.36480808258057,1.35590076446533,3.8294563293457,-0.168790817260742,4.83716535568237,5.15775203704834,3.7479286193847696,6.7148318290710405,11.551759719848599,18.1852779388428,10.246912956237802,9.02597045898438,20.779705047607397,5.47834014892578,11.7145385742188,-0.606239318847656,2.73377227783203,0.096954345703125,-0.4349365234375,20.1817359924316,7.78000640869141,9.53344345092773,10.202899932861301,8.23749542236328,8.98334503173828,14.810604095459,21.3445053100586,10.583393096923801,20.6680908203125,6.73302459716797,11.9089775085449,15.874760627746598,0.7222900390625,-10.5438823699951,45.8652839660645
sub-0092,ses-04,run-06,vicarious,LOC,314,cueH_stimL,15.782729148864698,8.7483081817627,13.4713134765625,13.5685863494873,17.4106750488281,13.4022922515869,3.57093238830566,12.861803054809599,9.23833751678467,12.8633556365967,26.8524551391602,4.2449803352356,9.16615200042725,14.466289520263699,26.740819931030302,10.0294332504272,28.443092346191396,2.33492088317871,11.935728073120101,-1.23879623413086,-3.0608234405517596,5.538360595703121,6.48581695556641,7.11518096923828,11.250011444091802,0.9992828369140621,-5.21466445922852,0.539241790771484,-10.379211425781198,-14.8970184326172,1.1317710876464802,-0.104110717773438,-1.32244873046875,-17.0852088928223,-4.957794189453121,1.7670822143554699,-1.1951713562011699,4.419403076171879,2.02185821533203,2.74180793762207,-7.6069831848144505,-1.65687561035156
sub-0092,ses-04,run-06,vicarious,LOC,314,cueL_stimL,8.162839889526369,8.99492263793945,-6.197235107421879,9.33769702911377,-8.27608680725098,4.15460395812988,6.51391887664795,1.7512707710266102,-1.09783458709717,5.3652658462524405,6.32715511322021,11.332054138183599,8.99870586395264,15.5311546325684,14.035888671875,11.2367916107178,5.17921447753906,-6.087713718414309,-17.6015777587891,-1.35939025878906,0.11797523498535199,-5.00263786315918,-3.2186241149902304,-10.04514503479,1.2430610656738301,0.53216552734375,-2.2932682037353502,-11.0316486358643,6.65408706665039,-5.91514587402344,8.15993499755859,4.5975341796875,20.6867733001709,-7.01582145690918,4.61860466003418,30.557205200195302,-2.7181110382080096,0.0874662399291992,-3.43136882781982,6.90511512756348,11.757702827453599,-7.49283409118652
sub-0092,ses-04,run-06,vicarious,LOC,314,rating,1.4478950500488301,-2.87249755859375,0.44525909423828103,-1.3913154602050801,-0.5867919921875,1.99734115600586,-7.182342529296879,0.48076629638671897,-6.75901794433594,-6.102603912353519,-5.27108383178711,-7.011627197265621,-12.2466888427734,-10.4739074707031,-20.0247497558594,-10.498197555542001,-9.22660064697266,-10.616027832031198,-2.6952228546142596,-2.9865169525146498,0.0870399475097656,5.48626708984375,-1.35897254943848,8.13578796386719,8.67887687683105,8.50503730773926,6.399001598358151,10.5661497116089,11.207305908203098,12.1597566604614,10.1341590881348,11.8066301345825,9.11290454864502,5.813538074493411,9.6616153717041,-0.47817850112915,-3.98355340957642,0.9383605718612671,-4.7649097442627,-2.5630350112915,-4.813275814056401,-1.70445895195007
sub-0092,ses-04,run-06,vicarious,LOC,314,cue,9.10346412658691,-1.6154756546020501,-0.944057464599609,1.24808311462402,6.90902137756348,-5.7928962707519505,-6.19601821899414,-8.534816741943361,-9.30828857421875,-7.21681976318359,-8.94958877563477,-5.34977722167969,-6.27182769775391,4.38566207885742,-2.00601577758789,0.619056701660156,7.518096923828121,8.11403656005859,5.755279541015621,11.220806121826199,10.4125061035156,9.27980804443359,8.654735565185549,13.731449127197301,4.454322814941411,0.40605926513671897,1.5952205657959,-4.09656715393066,-2.27521896362305,-0.960779190063477,-8.2779712677002,-10.658958435058599,-6.687274932861331,-20.1981925964355,-11.9530992507935,-13.0798501968384,-14.6052894592285,-15.0584869384766,-17.093852996826197,-10.0103702545166,-9.04108619689941,-7.4692554473877
sub-0092,ses-04,run-06,vicarious,LOC,311,cueH_stimH,2.9105191230773904,0.973069190979004,-4.61133098602295,-4.42587995529175,2.39645004272461,-7.202337265014651,1.10723257064819,6.92590618133545,16.2449359893799,18.347732543945302,12.9982032775879,18.5335845947266,3.18883609771729,17.4161758422852,9.24619007110596,3.77881717681885,3.64234256744385,1.32764530181885,-17.8835182189941,-24.790260314941396,-24.003150939941396,-22.079566955566396,-19.5749244689941,-2.53001689910889,-3.6420774459838903,5.5966892242431605,7.509710311889651,8.38802337646484,-1.62751770019531,8.46619415283203,-10.2944183349609,4.573143005371089,-6.6611213684082005,6.4807243347167995,-4.31454086303711,4.6859626770019505,-5.35222625732422,-2.18207931518555,8.202732086181639,7.7889404296875,-3.57048797607422,-6.15857696533203
sub-0092,ses-04,run-06,vicarious,LOC,311,cueL_stimH,-12.212188720703098,-16.908353805542,-10.999735832214402,-2.95110988616943,6.09859991073608,-7.06465911865234,5.487536430358889,13.051107406616199,5.855046272277829,17.2006492614746,14.4594240188599,36.443778991699205,28.8584480285645,33.8921737670898,28.1523590087891,32.308132171630895,20.966854095459002,14.2674016952515,11.045994758606,1.55194664001465,-8.43317031860352,-10.809873580932601,-1.03684616088867,-20.157207489013697,-11.8749256134033,-11.5503540039062,-11.631752014160199,-11.0362129211426,-8.364002227783201,-15.947242736816401,-4.235679626464839,1.4422225952148402,11.816253662109402,24.4146614074707,17.1456604003906,13.147209167480499,11.268535614013699,3.3176307678222696,1.68608093261719,7.188175201416019,0.144672393798828,-11.3793792724609
sub-0092,ses-04,run-06,vicarious,LOC,311,cueH_stimM,18.9976482391357,22.5125465393066,20.2238750457764,25.936408996582,19.849422454834002,22.746898651123,29.953321456909197,22.770311355590803,26.9207248687744,37.4697036743164,45.439517974853494,36.9253921508789,25.4364700317383,31.477985382080103,31.0211353302002,34.754772186279304,35.203666687011705,20.7569904327393,15.381410598754899,4.71637630462646,-6.80844449996948,-19.941074371337898,-12.2799758911133,-30.4120559692383,-16.2084999084473,-27.057571411132802,-31.759109497070302,-21.6137580871582,-11.139591217041,-13.4315795898438,-1.98279190063477,-4.15733337402344,-5.6218757629394505,1.9056777954101598,-13.9353828430176,14.9601707458496,7.17783355712891,1.3304328918457,6.37049865722656,2.30522918701172,27.0114059448242,9.12914085388184
sub-0092,ses-04,run-06,vicarious,LOC,311,cueL_stimM,-12.625450134277301,-4.63474464416504,-2.5288066864013703,-21.761774063110398,-23.696941375732397,-26.845344543457,-32.9187202453613,-25.2311897277832,-27.2097091674805,-25.5857849121094,-19.5222244262695,-7.61491346359253,-5.061748027801509,10.6788625717163,1.0433777570724498,7.6244621276855495,7.44109344482422,4.59816122055054,-6.81840705871582,-0.981311798095703,-2.34123611450195,0.611595153808594,-20.1851654052734,-11.7998466491699,-31.10498046875,-25.0803871154785,-16.8616981506348,-3.5264739990234397,-7.8755989074707005,-5.492950439453121,2.98037719726562,0.8132095336914059,-8.81340789794922,0.462398529052734,4.33803939819336,11.059562683105499,4.5487785339355495,13.936239242553699,7.31199741363525,2.383544921875,-24.3911476135254,36.754150390625
sub-0092,ses-04,run-06,vicarious,LOC,311,cueH_stimL,-9.60532760620117,-7.69294738769531,3.62276649475098,18.0616226196289,3.89362335205078,13.9192504882812,19.4841156005859,14.5228729248047,28.106201171875,14.303332328796401,36.3402214050293,22.0873718261719,31.0385570526123,32.277191162109396,20.8579711914062,11.7395668029785,9.630105972290039,3.96778011322021,1.8068161010742199,-10.691951751709,-14.7234153747559,-22.870773315429698,-30.146163940429698,-27.0438041687012,-16.662410736084002,-13.155677795410199,-1.9705390930175801,-2.8923225402832,-4.957008361816411,-8.31185150146484,-10.920082092285199,-5.367835998535161,-4.089942932128911,1.39556503295898,-3.41408157348633,-20.167407989502,-20.019496917724602,-13.401588439941401,-21.002756118774396,-31.3609790802002,-16.1741924285889,8.83798789978027
sub-0092,ses-04,run-06,vicarious,LOC,311,cueL_stimL,-10.298895835876499,5.716815948486331,-8.076023101806639,-4.854953289031981,-9.995668411254881,-23.0573043823242,-11.079749107360803,0.410236030817032,-6.088748931884769,0.0518724918365479,13.1935768127441,14.167808532714801,4.4643049240112305,24.0886917114258,16.347366333007802,15.9776706695557,0.7046356201171879,0.192032337188721,-17.679313659668,-16.346656799316403,-18.9450836181641,-26.670295715332,-20.9513626098633,-40.5465240478516,-28.178581237793,-21.904788970947298,-16.9318008422852,-24.566726684570302,-13.673973083496099,-12.4974822998047,-3.56222152709961,7.36387634277344,3.80518341064453,9.99112510681152,-10.853412628173801,-7.8573503494262695,-16.6921920776367,-18.0722885131836,6.81121015548706,-4.74675941467285,10.872084617614698,-5.71675109863281
sub-0092,ses-04,run-06,vicarious,LOC,311,rating,3.50949096679688,3.25466918945312,1.4709548950195301,7.954669952392581,8.51917266845703,2.3867073059082,4.65227890014648,2.05197143554688,-0.284690856933594,0.622386932373047,5.18042373657227,-0.0219650268554688,0.341278076171875,-4.08375549316406,-3.3266372680664102,-3.9750766754150404,-3.56698226928711,-9.74477005004883,-9.87740707397461,-6.962335586547849,-7.70091104507446,-9.13896942138672,-6.20859432220459,-7.9600315093994105,-7.463359832763669,-7.57629156112671,-8.47807121276855,-10.7760810852051,-2.07785844802856,-1.62387943267822,-2.22636890411377,-4.92230796813965,-1.9772262573242199,-4.7373757362365705,-3.41505813598633,-1.8013610839843797,-3.37634897232056,-4.9988956451416,-6.216314315795901,-7.24465417861938,-9.87322425842285,-9.42486572265625
sub-0092,ses-04,run-06,vicarious,LOC,311,cue,2.5079345703125,12.6996202468872,5.4609842300415,8.52692222595215,6.50606918334961,6.17115783691406,2.72036743164062,-2.2243766784668,2.4376220703125,8.92860412597656,1.5762405395507801,4.37023162841797,3.72105026245117,1.4620132446289098,-0.0894851684570312,8.33056640625,9.99140930175781,13.185661315917999,17.428176879882802,4.923667907714839,8.01332092285156,9.88437652587891,0.462039947509766,-0.423122406005859,6.87376403808594,-3.6118335723877,-3.12923812866211,-3.6928510665893595,4.79094886779785,1.3237295150756798,0.5019450187683111,-0.532924652099609,1.47883439064026,-2.32187080383301,-3.7930011749267596,-2.311279296875,-5.398065567016599,-14.357913970947301,-15.0476760864258,-16.069383621215803,-12.3574838638306,-12.682074546814
sub-0092,ses-04,run-06,vicarious,LOC,312,cueH_stimH,-4.67192220687866,8.000147819519041,4.86997413635254,20.0439167022705,-5.2233743667602495,13.663492202758801,12.7871313095093,-1.1778440475463898,25.9121208190918,35.152111053466804,5.606918811798099,25.515426635742198,18.4814014434814,3.8324813842773398,-0.942827224731445,3.1563339233398398,-4.17182159423828,-11.705756187439,-7.07099056243896,-23.270574569702102,-34.3818130493164,-21.526433944702102,-27.579933166503896,-15.164252281189,8.32845401763916,-9.110297203063961,-12.6239109039307,28.039772033691396,13.0586547851562,1.6229057312011699,-6.61115264892578,-12.610115051269501,-12.787269592285199,-1.16512298583984,8.21088409423828,-3.6647300720214804,-1.1435127258300801,-7.88042449951172,-20.7094116210938,-2.9705429077148398,-6.18461608886719,-8.14447975158691
sub-0092,ses-04,run-06,vicarious,LOC,312,cueL_stimH,-7.55629968643188,24.3928279876709,20.9624404907227,29.6128768920898,12.7987546920776,28.408931732177702,28.2590255737305,34.8535995483398,26.191991806030302,37.4422264099121,66.2761383056641,21.9148063659668,59.8066062927246,40.021202087402294,42.2561492919922,20.6601257324219,4.074285507202149,9.70471954345703,-5.9340386390686,-12.7642917633057,1.03239440917969,7.1201457977294895,-23.651969909668,-16.0435829162598,-27.2152042388916,-18.8977546691895,-25.5987663269043,-5.960933685302731,-7.142333984375,-10.8276824951172,16.770606994628903,6.37690734863281,30.2126388549805,38.3773231506348,10.6833763122559,34.3544960021973,14.432849884033198,6.07932281494141,24.9030838012695,1.92999649047852,-7.50178527832031,-22.3998680114746
sub-0092,ses-04,run-06,vicarious,LOC,312,cueH_stimM,-15.555694580078098,0.838958740234375,32.371673583984396,27.847787857055696,28.9865646362305,47.374172210693395,44.4587326049805,50.234188079834006,41.294769287109396,44.1632270812988,42.9832344055176,37.9575233459473,52.589672088623,16.1512298583984,34.039089202880895,29.407249450683604,32.8223838806152,14.2893743515015,13.539302825927699,0.8659944534301759,-17.1392211914062,-18.0940017700195,-49.77983093261721,-28.8775463104248,-25.6330223083496,-35.1873817443848,-23.487205505371104,-7.86952209472656,5.01764297485352,17.128097534179698,5.13994598388672,23.0573997497559,3.07694625854492,15.604541778564501,14.726448059082001,19.6920013427734,22.3330764770508,25.408714294433604,24.2605056762695,16.5652809143066,18.939138412475604,43.34489440917971
sub-0092,ses-04,run-06,vicarious,LOC,312,cueL_stimM,-12.4120941162109,-10.3112258911133,-2.3108434677124,3.8444671630859397,-34.8649749755859,-43.52091979980471,-34.516754150390604,-32.417976379394496,-43.4067459106445,-30.8813800811768,-11.789915084838901,-28.5793075561523,-18.484308242797898,-20.402999877929698,3.92342662811279,5.79615926742554,-9.78516387939453,14.045417785644501,0.8773345947265621,35.3724479675293,6.80436706542969,23.9808349609375,17.6332092285156,13.366710662841802,13.2559013366699,12.696178436279302,14.222145080566401,17.3476028442383,21.5898742675781,32.0403709411621,32.9044036865234,31.3247985839844,5.91777801513672,30.643615722656197,-2.16750335693359,-9.4390983581543,-2.54095077514648,2.1764373779296897,13.5908489227295,2.6279296875,-4.54256057739258,58.5332260131836
sub-0092,ses-04,run-06,vicarious,LOC,312,cueH_stimL,-10.6598339080811,22.9324073791504,23.82861328125,1.63030982017517,11.0278472900391,7.359600067138669,10.210090637207001,-10.4811859130859,18.9981327056885,35.6623687744141,21.3515472412109,20.324369430542,14.811495780944801,15.1415185928345,-15.407114982605,36.1119995117188,12.252445220947301,13.420906066894501,11.9877834320068,-4.28656005859375,24.2473793029785,-9.87400817871094,-12.6153221130371,-17.5129833221436,-12.8550491333008,-8.18347930908203,-13.628658294677699,0.5712890625,0.7690582275390621,-10.5941696166992,-24.785934448242198,10.038566589355499,-8.25067520141602,-43.429172515869105,1.9570007324218797,-6.2983512878417995,-32.899688720703104,-25.5929794311523,-11.9947032928467,-8.835897445678711,-28.151756286621104,-2.9252548217773398
sub-0092,ses-04,run-06,vicarious,LOC,312,cueL_stimL,-7.42044830322266,-15.7733764648438,7.061382293701169,-8.45091819763184,0.21639060974121102,-28.6454257965088,-13.953653335571301,-1.4092264175415001,6.80012989044189,12.710559844970698,15.696361541747999,16.7372245788574,2.05264663696289,10.2792701721191,12.253634452819801,-2.9553375244140603,-13.705160140991199,-6.35625457763672,-32.2202758789062,-38.721870422363295,-25.499765396118196,-38.5262031555176,-23.046688079834,-14.4332218170166,-32.0741539001465,-16.4345970153809,-22.284294128418,-9.16378021240234,-3.64078903198242,-5.714984893798831,-12.8399810791016,-20.4196701049805,9.65769195556641,-18.461360931396502,-18.9798355102539,-7.547533988952639,7.1943454742431605,3.8141965866088903,-14.8304615020752,9.29029846191406,-6.6661958694458,-6.96863555908203
sub-0092,ses-04,run-06,vicarious,LOC,312,rating,0.70756721496582,-5.37424468994141,-4.2633781433105495,3.57718276977539,-1.2843093872070301,2.53083419799805,7.578472137451169,-3.37699508666992,-4.99142837524414,-4.43076705932617,-8.21512985229492,-7.868976593017581,-19.2099647521973,-24.157546997070302,-27.9270095825195,-24.7237949371338,-24.949523925781197,-25.375686645507802,-25.0139846801758,-23.6369438171387,-26.0924091339111,-20.2082748413086,-19.6771125793457,-22.1084480285645,-21.794063568115202,-8.1099328994751,-18.1341724395752,-14.0623435974121,-6.52033805847168,-5.509167671203611,0.626789093017578,-7.25131988525391,0.0164394378662109,0.0234174728393555,0.0381755828857422,-0.42979335784912104,-3.7356514930725098,0.7400293946266171,-2.72692441940308,-0.675350189208984,-1.52644073963165,-1.76015150547028
sub-0092,ses-04,run-06,vicarious,LOC,312,cue,8.08639526367188,14.646533966064501,-1.97661018371582,-6.302616119384769,13.6175003051758,-1.9431648254394498,4.447357177734379,-4.8645515441894505,-1.2999572753906201,3.67898559570312,-7.714946746826169,-3.78485870361328,-11.115604400634801,-2.7557601928710898,-10.4981346130371,-16.2801399230957,5.77706146240234,5.69394683837891,13.5558471679688,7.37287139892578,1.6495361328125,12.810161590576199,2.5959091186523398,-0.890064239501953,9.32008743286133,2.46389770507812,2.1890678405761697,0.0269584655761719,-5.5271492004394505,2.5023555755615203,7.56364250183105,14.9911460876465,2.46572780609131,-6.230388641357419,-3.14781761169434,-1.91793251037598,-11.210060119628901,-19.6866302490234,-8.30119323730469,-22.121784210205103,-14.0913572311401,-12.460996627807601
sub-0092,ses-04,run-06,vicarious,LOC,317,cueH_stimH,6.0360407829284695,12.1570281982422,5.01958560943604,9.85580635070801,8.81088924407959,12.8337564468384,10.374933242797901,13.144452095031701,12.0156536102295,14.4916381835938,10.186409950256301,8.71882057189941,8.19344329833984,5.39454555511475,15.5168237686157,3.93931674957275,6.67833042144775,-1.6075277328491202,-11.783555030822802,-5.3028421401977495,-15.205185890197802,0.376343727111816,1.1715097427368202,13.0325765609741,8.03892612457275,4.0342874526977495,10.3644485473633,7.1984138488769505,11.1276168823242,-0.9363174438476559,6.05144500732422,2.3352279663085898,5.62686538696289,3.8093032836914102,-0.37758636474609397,9.22323226928711,1.5482368469238301,1.4796447753906203,-7.94400787353516,-6.89264678955078,-9.48094940185547,-8.4344310760498
sub-0092,ses-04,run-06,vicarious,LOC,317,cueL_stimH,3.25709438323975,8.97051239013672,13.602500915527301,16.4138069152832,6.09598875045776,7.28318357467651,3.9108667373657204,15.1060371398926,16.2582092285156,14.479220390319801,14.0376977920532,14.6546716690063,22.415328979492198,12.1154689788818,10.561287879943801,12.926700592041,5.400146484375,8.5586633682251,-0.751552581787109,3.17255401611328,-0.0783195495605469,0.946514129638672,2.8720722198486297,-3.3000640869140603,7.12203598022461,9.89403915405273,5.74301910400391,5.22834777832031,12.607036590576199,6.97450256347656,12.122806549072301,17.820999145507802,16.4599304199219,20.671787261962898,4.937103271484379,18.4712905883789,9.86910629272461,11.862323760986301,1.5982971191406203,-1.5078048706054699,-7.10196685791016,-4.7453441619873
sub-0092,ses-04,run-06,vicarious,LOC,317,cueH_stimM,8.50032997131348,1.1386833190918,7.20248985290527,11.8251476287842,14.010692596435499,16.725212097168,23.2777786254883,27.5253715515137,22.8917064666748,23.209449768066396,16.0701999664307,17.4368877410889,-2.8914165496826203,-0.40683460235595703,-11.6672306060791,5.18513870239258,-1.49474906921387,1.13744640350342,-3.82225465774536,-8.91844654083252,-11.3092308044434,-5.47157859802246,-1.79581356048584,0.9744873046875,8.251804351806639,10.1519508361816,7.56605529785156,5.75986480712891,8.281642913818361,15.437042236328098,18.6274147033691,21.291904449462898,22.305004119873,23.3534851074219,26.895553588867198,23.235355377197298,21.1375427246094,14.4650344848633,14.5614166259766,10.782695770263699,10.802494049072301,12.5474071502686
sub-0092,ses-04,run-06,vicarious,LOC,317,cueL_stimM,-6.74986267089844,5.620450019836429,10.888446807861301,1.9709935188293501,4.80435562133789,-2.98486876487732,-4.5103902816772505,-10.3660831451416,-3.19413566589355,-11.6166534423828,-1.70818519592285,6.703670501708981,7.9770207405090305,9.42010498046875,10.041400909423801,8.9061279296875,-9.57009315490723,0.915925741195679,1.99682807922363,8.583850860595701,15.938102722167999,18.9011611938477,13.489830017089801,8.31072616577148,2.5298824310302703,5.405742645263669,2.04467010498047,5.69793701171875,13.5866546630859,11.146045684814501,14.3048553466797,9.25017547607422,12.3115081787109,7.980411529541019,-1.7270698547363301,7.5272331237792995,-3.44779777526855,3.2639980316162096,-7.18007469177246,-7.7147216796875,-11.8655757904053,-9.69493675231934
sub-0092,ses-04,run-06,vicarious,LOC,317,cueH_stimL,-1.55275321006775,9.49901580810547,3.84864139556885,3.37327837944031,8.63576507568359,5.69169616699219,7.892131805419919,22.7833518981934,18.0685768127441,15.8289079666138,10.7183246612549,5.68447542190552,5.8562650680542,3.15427207946777,13.875483512878402,6.070950508117679,9.54036331176758,-2.61184787750244,-4.85807800292969,-3.8759880065918,-1.05267333984375,4.979286193847661,1.9271545410156203,10.726375579834,16.4519309997559,13.698829650878901,9.21833801269531,12.214946746826199,4.75770568847656,9.99426651000977,5.769500732421879,8.07760620117188,-4.01751327514648,2.0181884765625,-16.0619506835938,-14.2157325744629,-15.542957305908198,-13.924644470214801,-6.5189094543457005,-2.47262191772461,-10.984764099121099,1.6302433013916
sub-0092,ses-04,run-06,vicarious,LOC,317,cueL_stimL,1.5659689903259297,-2.270751953125,10.401592254638699,-7.28911638259888,1.31999206542969,-13.657707214355499,3.0469512939453103,6.573931694030759,0.598958969116211,3.75892567634583,2.72511529922485,1.1061072349548302,0.14159488677978502,-1.77945828437805,-3.9373373985290496,-5.29338502883911,-8.79179000854492,-11.6759567260742,-9.53830718994141,-9.66712951660156,-15.819810867309599,0.543415069580078,-0.9397811889648441,5.89022445678711,3.71120834350586,10.4267082214355,-1.70403480529785,-1.82790565490723,4.37742233276367,2.4513320922851602,6.279743194580081,14.823829650878901,8.08750915527344,4.19320297241211,-8.31495666503906,-4.94738483428955,-3.81649875640869,-0.9132304191589359,-1.08946800231934,-1.75424575805664,9.78949928283691,-8.98375034332275
sub-0092,ses-04,run-06,vicarious,LOC,317,rating,-3.75339317321777,-1.23036956787109,-1.22453689575195,-2.53216934204102,-0.9088973999023441,2.1427116394043,-1.82770156860352,0.18870925903320301,2.32117080688477,-0.23454666137695301,-0.0672836303710938,3.70883178710938,2.56726455688477,1.412841796875,2.9996185302734397,2.86856651306152,6.559452056884769,5.008705139160161,4.717687606811519,7.604244232177731,6.76667022705078,6.26458740234375,6.56919240951538,3.3175783157348597,3.31001424789429,1.29338550567627,-0.556253910064697,-0.854472160339355,1.84289693832397,3.0897378921508802,0.823328971862793,-0.6067218780517579,-0.259906768798828,1.79644775390625,-0.9101276397705079,-0.383636474609375,0.0391139984130859,-0.389243543148041,-3.80456328392029,-3.4883790016174303,-3.45350527763367,-5.96749496459961
sub-0092,ses-04,run-06,vicarious,LOC,317,cue,7.46261024475098,2.56942844390869,4.15625381469727,4.576574325561519,4.62911605834961,2.3686981201171897,-0.732265472412109,0.7831954956054691,1.44834899902344,1.8398208618164098,6.577884674072269,0.5194091796875,-1.38798522949219,1.8907546997070301,3.47756576538086,2.42660522460938,0.8376617431640621,2.986083984375,1.069091796875,-0.7916488647460941,-4.06098937988281,-6.3309440612792995,-6.86885833740234,-12.841859817504899,-9.99760627746582,-12.909751892089801,-14.0101661682129,-10.1310319900513,-8.80068778991699,-9.53828239440918,-11.015867233276401,-5.69476127624512,-2.48690605163574,-0.583702087402344,-2.39289569854736,-0.54798698425293,-3.00262451171875,-3.78803777694702,-2.86557579040527,-1.23477458953857,-1.49711322784424,3.5524091720581095
sub-0092,ses-04,run-06,vicarious,LOC,318,cueH_stimH,-7.05545520782471,1.5480461120605502,2.62540626525879,9.02239513397217,3.17120361328125,4.05864238739014,5.155433177948,17.8107681274414,18.665729522705103,14.6563892364502,12.764829635620101,15.4872236251831,6.06938171386719,17.3955383300781,-3.3298540115356405,-11.280179977417,-5.59950828552246,-16.386381149292,-17.865873336792,-18.963041305542,-13.438383102417,-18.395170211792,-9.192037582397461,1.9840183258056598,-11.562650680542,8.54396152496338,0.7272319793701171,12.5646438598633,12.4077682495117,14.178199768066401,17.4209060668945,10.4126892089844,7.34215545654297,4.32487106323242,14.1108245849609,-2.4744987487793,-3.35565948486328,-4.26910781860352,-12.1325263977051,-14.444572448730499,-13.042694091796902,-16.4832401275635
sub-0092,ses-04,run-06,vicarious,LOC,318,cueL_stimH,-6.534192085266111,-3.2486000061035196,-8.17699432373047,-3.37014770507812,9.09890270233154,1.29193592071533,8.54149913787842,-1.66489887237549,7.33591365814209,13.597537994384801,2.90938138961792,5.11897277832031,5.33921527862549,3.4019718170166002,-0.9061472415924069,1.51492977142334,-14.5068683624268,-1.77110910415649,-1.00758838653564,-5.34456062316895,2.69114303588867,2.01686859130859,-2.75640869140625,7.19758605957031,10.2082176208496,14.5192070007324,19.1974868774414,22.9334335327148,10.6231346130371,10.1722259521484,21.0023345947266,22.401287078857397,33.9265747070312,25.435245513916,19.7026672363281,22.193355560302702,21.5814743041992,17.9457931518555,7.43963623046875,21.1133918762207,-3.26714324951172,-16.4024257659912
sub-0092,ses-04,run-06,vicarious,LOC,318,cueH_stimM,5.16469287872314,0.8953270912170409,8.48738574981689,6.27016115188599,12.046150207519501,9.23614120483398,18.5260906219482,19.0470905303955,21.5420742034912,14.822826385497999,7.918522834777829,-2.31079387664795,-6.71801090240479,-23.0436706542969,-14.2753124237061,-19.5382232666016,-24.1758632659912,-18.0279693603516,-12.5027189254761,-12.5198726654053,-16.9766521453857,-5.94095516204834,-13.8471240997314,-12.7890949249268,-2.94379806518555,2.00866317749023,20.5125045776367,12.8688812255859,3.69078826904297,17.9159240722656,10.5404739379883,12.641845703125,9.05846405029297,8.83407211303711,16.1020851135254,19.9842147827148,26.3015670776367,19.058883666992198,12.895477294921902,3.82314682006836,7.86006164550781,16.2929363250732
sub-0092,ses-04,run-06,vicarious,LOC,318,cueL_stimM,-6.05195617675781,-9.179117202758789,-13.2076854705811,-19.4802131652832,-16.4536952972412,-15.4794588088989,-20.636760711669897,-27.504371643066396,-19.7802963256836,-33.568225860595696,-36.7170562744141,-37.1940689086914,-36.8169288635254,-46.764522552490206,-31.7730770111084,-26.798709869384798,-38.4158592224121,-25.025331497192397,-8.51622772216797,11.204841613769501,-2.1520805358886697,19.6197738647461,9.25654602050781,-2.16405487060547,16.1300964355469,0.864215850830078,17.206886291503903,17.4298934936523,28.200603485107397,18.2447204589844,16.6576843261719,14.430938720703098,12.1784820556641,12.252338409423801,8.73966217041016,1.1956996917724598,2.95695114135742,-3.0423431396484397,5.03530597686768,-0.8759765625,-15.1957054138184,16.8609733581543
sub-0092,ses-04,run-06,vicarious,LOC,318,cueH_stimL,-7.859323024749759,-5.36504173278809,2.7061729431152304,5.24368476867676,9.94564437866211,31.4266624450684,25.362995147705103,12.367402076721199,19.010206222534197,25.0279197692871,21.126207351684602,20.607982635498,20.5139846801758,8.12518882751465,13.1664371490479,10.4357166290283,-0.8086029291152951,-2.8310060501098597,9.06386947631836,4.13528060913086,14.6538639068604,4.506736755371089,-6.211711883544919,6.00568389892578,15.7743186950684,11.809486389160199,28.4937362670898,29.5636253356934,16.0933685302734,27.9278717041016,12.6171073913574,9.25372314453125,6.6667594909667995,1.62673568725586,1.35887145996094,-14.7773017883301,-6.69602203369141,-21.554313659668,-15.6876373291016,-14.7879123687744,-20.385145187377898,-8.76169586181641
sub-0092,ses-04,run-06,vicarious,LOC,318,cueL_stimL,-8.58800506591797,-3.87716293334961,-13.086071014404302,-14.293720245361301,-15.352865219116199,-22.626144409179698,-16.6134738922119,-16.0382671356201,-13.2189607620239,-5.94722032546997,-11.073525428772,-22.9656543731689,-9.07606792449951,-24.7467098236084,-35.988441467285206,-22.1040878295898,-32.433059692382805,-16.2327709197998,-16.3593215942383,-1.18551254272461,-11.222888946533198,-4.99261856079102,-13.4091949462891,-14.2053661346436,-11.4380149841309,3.51558303833008,8.73956680297852,12.6440849304199,-6.02299499511719,2.94210815429688,-1.1741828918457,0.46970367431640603,9.59690093994141,10.083030700683599,-5.5634040832519505,-3.6212549209594704,-12.794209480285598,-13.8650608062744,-20.81227684021,-5.44290542602539,4.952880859375,-20.3853797912598
sub-0092,ses-04,run-06,vicarious,LOC,318,rating,-6.4991359710693395,-5.55778503417969,-7.6574592590332005,-2.328369140625,2.0136566162109397,-0.6713714599609379,-1.5873107910156203,4.23564910888672,-0.0499458312988281,1.7780532836914098,1.3373947143554699,4.263092041015621,3.39168167114258,-1.7593688964843797,-2.5510444641113303,-1.12412261962891,-6.65980529785156,-7.24163627624512,-11.728511810302699,-9.116697311401369,-5.38373231887817,-7.09101867675781,-7.0232257843017605,-7.218806266784671,-8.75261116027832,-8.86852169036865,-10.134793281555199,-12.909777641296401,-9.82365798950195,-5.16880798339844,-5.5784187316894505,-7.16259574890137,-4.85829448699951,-0.868122100830078,-2.82610321044922,-1.47874689102173,0.12690067291259802,-2.59922313690186,-4.90673351287842,-1.8741087913513201,-2.8821177482605,-1.14336705207825
sub-0092,ses-04,run-06,vicarious,LOC,318,cue,3.5664176940918,4.96764755249023,3.4498348236083998,7.82647514343262,12.419921875,9.7546501159668,6.97330474853516,9.27358245849609,10.1842956542969,14.928215026855499,7.62049102783203,8.89979553222656,4.67402648925781,4.35432434082031,3.35067749023438,6.89308929443359,2.85230255126953,13.669288635253901,10.6978759765625,-1.54114151000977,0.007049560546875,-3.04771041870117,0.162036895751953,0.0254478454589844,-1.5643615722656203,-0.0527915954589844,-7.651973724365231,-3.64301204681396,1.7778415679931598,0.38044261932372997,3.07662582397461,8.37731170654297,7.42586612701416,6.3612775802612305,4.9361629486084,5.44140625,-0.206632614135742,-0.042788028717040995,-0.330165863037109,-8.76430225372314,-1.11695671081543,1.7801485061645501
sub-0092,ses-04,run-06,vicarious,LOC,3,cueH_stimH,-3.1931939125061,-1.47219467163086,14.7931804656982,-20.6003398895264,-11.897745132446301,-12.045178413391099,-6.00791597366333,13.101332664489698,8.99424362182617,9.6638708114624,11.1697463989258,3.5052890777587904,-8.16862964630127,-4.519478797912599,-9.388787269592289,-6.281427383422849,-6.922540664672849,-11.5299777984619,-10.8244113922119,-12.6686534881592,-21.418624877929698,-10.9772434234619,10.2117176055908,0.6653499603271479,4.183885574340819,-6.742364883422849,-7.97307014465332,-7.27579498291016,9.49958801269531,6.1998405456542995,7.63714599609375,-6.472869873046879,-12.7985229492188,4.16868209838867,2.7204627990722696,14.618293762207001,-2.12597274780273,-3.59575271606445,0.825305938720703,-5.47289276123047,-0.588752746582031,-10.1397171020508
sub-0092,ses-04,run-06,vicarious,LOC,3,cueL_stimH,9.438802719116211,-8.83604431152344,10.920372009277301,3.2065200805664102,-1.67794132232666,-1.00957775115967,-2.3876972198486297,-11.5706462860107,5.35638618469238,18.2349166870117,10.0782604217529,5.7318639755249,-9.35463619232178,2.24592208862305,-8.03898620605469,3.02540969848633,-3.3632774353027304,7.0345563888549805,-10.2703485488892,-24.609056472778303,-17.830945968627898,-22.9959869384766,-2.77540969848633,-17.7392463684082,-5.8357429504394505,2.34869003295898,-18.8320045471191,-6.798458099365231,0.948917388916016,-7.87612152099609,-7.0348014831542995,-4.52104949951172,10.566535949707001,4.19517517089844,9.10317230224609,-13.390510559082001,-4.7938346862792995,-21.8675346374512,-8.77835083007812,-0.21160507202148396,-3.34040069580078,-0.25390052795410195
sub-0092,ses-04,run-06,vicarious,LOC,3,cueH_stimM,3.55116558074951,-15.493978500366199,23.707336425781197,3.60329484939575,-4.55577850341797,-0.522514343261719,4.40144491195679,19.052434921264602,33.377197265625,10.9624338150024,8.86368656158447,12.5868434906006,-1.64633464813232,-8.579709053039549,5.12909460067749,13.885281562805199,21.7123336791992,24.722339630127,5.4518547058105495,-7.36512899398804,-0.9506154060363771,0.0238437652587891,-11.2565202713013,-15.302101135253901,-11.144336700439501,-13.430179595947301,-23.363395690918,-6.67896270751953,-15.004344940185499,1.6264953613281203,-2.3719673156738303,-0.0272178649902344,-3.3205108642578103,5.385986328125,-2.5148124694824197,1.44239807128906,-27.3560485839844,-10.186420440673801,-16.5461959838867,-7.357707977294919,3.9822998046875,6.660577774047849
sub-0092,ses-04,run-06,vicarious,LOC,3,cueL_stimM,-28.092819213867198,-13.5454788208008,1.01559829711914,-5.26313638687134,-12.8856887817383,-10.449673652648901,-23.579044342041,-11.833946228027301,-16.587326049804698,-12.6706027984619,-12.5889549255371,13.6397619247437,1.53532421588898,7.07985401153564,-7.851678371429441,7.394940376281741,-7.25827503204346,11.0825977325439,2.90900611877441,-0.41797637939453103,2.8048133850097696,6.70151138305664,-12.9917411804199,-20.515588760376,-3.85395050048828,-13.486818313598599,2.8041419982910196,2.16687774658203,-4.98705673217773,-9.45346832275391,-8.73973846435547,-10.780769348144501,-4.97973251342773,-14.643470764160199,-5.9538459777832005,-5.2965583801269505,-0.8276653289794921,-2.43756866455078,-3.5282754898071302,-9.63818359375,-30.968143463134798,-8.853982925415039
sub-0092,ses-04,run-06,vicarious,LOC,3,cueH_stimL,0.493162095546722,-1.25832748413086,12.7660617828369,18.824369430542,13.973014831542999,-16.1448001861572,7.48906135559082,38.919750213623,24.932556152343803,11.634525299072301,8.724245071411131,10.373192787170401,7.3569450378417995,2.29706478118896,-0.750543594360352,15.5428047180176,2.56254100799561,15.100193977356,-11.3242626190186,-17.260841369628903,-9.34184837341309,-13.251354217529302,-6.9171257019042995,-13.714700698852502,9.61829376220703,-5.08367156982422,13.433719635009801,10.6174964904785,-20.7367210388184,-6.8885612487792995,3.40522003173828,8.03919219970703,1.41343688964844,4.680320739746089,2.64464569091797,1.4283027648925801,-1.1426963806152302,-19.4656066894531,1.56426620483398,3.32245635986328,4.907867431640621,5.159080505371089
sub-0092,ses-04,run-06,vicarious,LOC,3,cueL_stimL,10.950261116027802,-7.5725822448730495,-15.7341651916504,-15.684619903564501,-3.2313404083252,-23.183874130249,4.60466766357422,-0.470646530389786,-4.998602390289309,6.1807146072387695,-5.39760398864746,-10.4840669631958,-12.7985305786133,11.703716278076199,1.8562799692153897,8.41656875610352,-1.38299179077148,-18.5161113739014,-16.6882019042969,-3.1413536071777304,-15.6071300506592,-15.856090545654302,-18.4486198425293,-27.035160064697298,-21.6101093292236,-16.0151996612549,-15.039112091064501,-18.5951175689697,-23.674461364746104,-9.76210784912109,-23.4771671295166,-17.4751510620117,-2.60505485534668,-3.45685768127441,-16.054143905639602,-0.482473373413086,-9.14178848266602,2.10252285003662,-10.3819465637207,-2.2639579772949197,-10.6910276412964,-13.798765182495101
sub-0092,ses-04,run-06,vicarious,LOC,3,rating,1.90856742858887,6.36544036865234,-3.21260452270508,0.918003082275391,3.04898071289062,8.68500518798828,2.1473197937011697,3.56192398071289,-8.75270843505859,-3.7667999267578103,6.447879791259769,4.065940856933589,8.67457580566406,3.1741180419921897,1.7093734741210902,2.80445671081543,0.650123596191406,-4.6783504486084,-3.15056419372559,3.6527252197265603,-4.87412214279175,0.696563720703125,-0.926624298095703,-0.831633448600769,-7.4537649154663095,-1.77662491798401,-3.60546517372131,-1.9432477951049798,-4.0911397933960005,-0.58604621887207,3.7096109390258802,0.888523101806641,-10.213417053222699,-7.42032623291016,-11.380250930786099,-4.5033073425292995,-2.68299722671509,-5.15841960906982,-11.200411796569801,-8.08422183990479,-8.71958923339844,-8.445582389831541
sub-0092,ses-04,run-06,vicarious,LOC,3,cue,4.19335556030273,-0.7607450485229491,1.0501880645752,3.3517513275146498,1.59349250793457,-2.65845489501953,0.493556976318359,3.44040298461914,4.236846923828121,5.65667724609375,5.3977775573730495,5.83995056152344,4.12329864501953,6.6856689453125,7.33554840087891,24.429573059082,2.2985000610351602,7.87059783935547,12.528594970703098,3.89883041381836,4.79347229003906,9.11651229858398,5.54973602294922,-3.99324417114258,8.163938522338869,7.65716648101807,-6.18526649475098,3.7392349243164102,2.8876552581787096,6.57525539398193,-3.2232036590576203,-6.08377647399902,0.950412511825562,-8.15873527526855,2.60490608215332,-2.24311256408691,0.281841278076172,-9.06274318695068,-6.56345176696777,-6.683528900146481,-2.10616207122803,-4.75077247619629
sub-0092,ses-04,run-06,vicarious,LOC,4,cueH_stimH,-2.32676935195923,-1.24173164367676,-16.518085479736303,0.47852373123168895,0.0418806076049805,0.248075485229492,6.59977245330811,20.612628936767603,26.4589538574219,25.164373397827102,19.4223670959473,24.668027877807603,29.4128684997559,4.780601501464839,25.3081970214844,-0.532613754272461,-2.8268032073974596,0.483987808227539,-13.078236579895,-34.234260559081996,-18.006427764892603,-4.97401905059814,3.3155307769775404,1.0811557769775402,-7.92885303497314,1.37803077697754,0.17055320739746102,4.95126724243164,-1.56922912597656,7.479156494140621,-17.0807418823242,7.84705352783203,10.9191131591797,1.4873352050781203,18.5744514465332,2.9946060180664102,3.44222640991211,-3.11299514770508,-6.9785041809082005,15.749847412109402,-33.176513671875,8.979188919067381
sub-0092,ses-04,run-06,vicarious,LOC,4,cueL_stimH,2.06368255615234,17.0718173980713,28.193702697753896,41.0456771850586,22.9451599121094,30.443542480468803,14.5491495132446,38.276283264160206,51.7696342468262,35.437713623046896,35.425956726074205,25.85178565979,12.404433250427198,30.830869674682603,14.8695611953735,1.2505397796630902,2.14857769012451,4.09423828125,-18.7323265075684,-17.7310771942139,4.54033660888672,-10.1736316680908,-0.31805419921875,-6.271930694580081,-8.60914993286133,-0.585498809814453,3.5592041015625,1.9804496765136699,23.9668159484863,7.15423583984375,2.93865966796875,12.356895446777301,8.04875183105469,8.125049591064451,5.84251403808594,2.1706695556640603,20.180953979492198,-12.610588073730499,0.51397705078125,-13.7219715118408,-14.7057037353516,-9.62683868408203
sub-0092,ses-04,run-06,vicarious,LOC,4,cueH_stimM,8.28867816925049,-6.7069187164306605,24.3593215942383,28.6017913818359,7.197723388671879,24.135154724121104,18.0657424926758,13.9252128601074,37.1661949157715,10.7253742218018,28.4831657409668,15.824223518371598,15.800672531127901,-0.165204048156738,3.85365533828735,19.9229049682617,-4.05053043365479,-9.43642616271973,-18.6500263214111,-35.566154479980504,-14.345592498779302,-0.39922618865966797,-33.275905609130895,-11.1288280487061,-16.1631469726562,-14.915641784667999,-12.150138854980499,-1.9686279296875,-1.13734436035156,7.56061553955078,17.6350936889648,8.48817443847656,10.4149208068848,18.1388053894043,19.0621032714844,22.0041160583496,24.709205627441396,3.4747428894043,7.543609619140621,19.5952110290527,25.0763893127441,32.0199851989746
sub-0092,ses-04,run-06,vicarious,LOC,4,cueL_stimM,-35.4787139892578,-20.5509338378906,2.61438655853271,-9.86343002319336,-3.02454566955566,-33.9077377319336,-17.8950138092041,-22.2525253295898,-5.14802551269531,-12.0849285125732,-18.562179565429698,-13.845462799072301,16.8531475067139,-5.88940668106079,-14.7664241790771,0.373843193054199,-16.7632904052734,2.08703351020813,15.430889129638699,16.7848701477051,21.2373046875,8.27242851257324,-7.199954986572269,-14.0209350585938,12.3361988067627,27.247779846191396,-10.1173820495605,14.6978912353516,16.0019493103027,16.6301574707031,5.09038543701172,1.4882431030273402,30.7140960693359,19.503574371337898,3.9918251037597696,-1.88990783691406,-3.77997779846191,1.1905212402343799,-10.5085573196411,-15.1396484375,-10.9188842773438,-25.094993591308604
sub-0092,ses-04,run-06,vicarious,LOC,4,cueH_stimL,25.3489799499512,14.9743232727051,26.3996467590332,5.55205774307251,28.429859161377,14.501258850097699,6.75899887084961,7.87645769119263,5.945080757141111,6.96605443954468,15.1521673202515,2.0255765914916997,27.499940872192397,6.86991405487061,28.627487182617198,23.3900489807129,28.0831470489502,-10.1849803924561,-8.851766586303711,3.77571487426758,7.8452053070068395,16.486478805542,9.10692596435547,-1.17681884765625,13.5033111572266,15.0704345703125,18.340312957763697,5.539936065673831,-4.43121337890625,7.01287841796875,22.139793395996104,4.84098815917969,-7.5988273620605495,-14.7843475341797,-11.7036895751953,5.34049987792969,9.00141906738281,20.114913940429698,0.519477844238281,4.555322647094731,1.5738410949706998,7.118206024169919
sub-0092,ses-04,run-06,vicarious,LOC,4,cueL_stimL,-8.01952171325684,-15.5982208251953,-5.328697204589839,-1.26403641700745,-5.879741668701169,-2.9718542098999,2.8300609588623,-4.78961515426636,-1.4508562088012702,12.5832204818726,14.7419261932373,-14.3230934143066,-0.41691970825195296,-6.61163520812988,-3.7501828670501696,-20.2878265380859,-31.220134735107397,-21.703617095947298,-5.69096374511719,-7.3152961730957005,-16.3505249023438,-0.80024528503418,-7.5606689453125,-12.504779815673801,1.2460632324218799,0.49570465087890603,7.98921203613281,-7.68400573730469,1.8010559082031203,-6.13576507568359,16.2268199920654,20.9577331542969,4.6569099426269505,1.7715148925781203,5.95888519287109,19.3185997009277,5.13193130493164,3.19241333007812,-5.46337080001831,13.7211236953735,3.3880729675293,-16.4207344055176
sub-0092,ses-04,run-06,vicarious,LOC,4,rating,-3.8115348815918,-4.01860046386719,-1.37396240234375,-4.779541015625,-1.3322448730468799,-1.7063484191894498,-8.41546630859375,-5.72694396972656,-3.62839889526367,-0.7491607666015621,-4.4929924011230495,-7.36517333984375,-9.45352554321289,-6.863037109375,-10.2314491271973,-7.0704517364502,-4.149688720703121,-16.1146850585938,-0.808559417724609,-2.5614471435546897,-4.9887490272522,-5.069488525390621,-0.38022994995117204,-1.30184280872345,-0.5760812759399411,-0.913619756698608,1.99907827377319,-4.549346923828121,3.83931517601013,-3.93206024169922,2.9041576385498,-5.65707969665527,-1.6230058670043899,-3.60515213012695,4.77298259735107,-0.0301604270935059,0.357905864715576,-5.506709098815921,-4.94920969009399,-5.63128232955933,-9.92813301086426,-9.958189010620119
sub-0092,ses-04,run-06,vicarious,LOC,4,cue,10.8891315460205,-1.68616199493408,-1.0919771194458001,-2.61501884460449,-2.263671875,-2.6241226196289102,-2.22905349731445,-1.62494277954102,-2.1677703857421897,3.9814224243164102,5.97476577758789,4.161865234375,4.338890075683589,2.80344772338867,1.74661636352539,11.112796783447301,12.212654113769501,9.84871673583984,11.358726501464801,10.842254638671902,-0.8084869384765621,0.45326614379882796,4.416297912597661,-4.49629592895508,4.24009132385254,0.0490665435791016,3.1577434539794904,7.749309539794919,-4.27231025695801,-7.5565471649169895,-8.799985885620119,-10.4316720962524,-5.7513933181762695,-5.65506362915039,-7.6288537979126,-15.2446203231812,-21.4032192230225,-7.4085202217102095,-12.436242103576697,-11.9636058807373,-3.2246751785278303,-9.95301342010498
sub-0092,ses-04,run-06,vicarious,LOC,45,cueH_stimH,-7.0287337303161594,-14.8581762313843,-9.47867584228516,-20.2044944763184,-9.64104080200195,-4.5408830642700195,21.787504196167003,14.9241437911987,11.820289611816401,16.328800201415998,3.2317516803741495,3.84431266784668,-8.8077449798584,5.99034309387207,1.64318466186523,2.61016845703125,-7.10125637054443,-5.68279933929443,-12.3751821517944,-19.496267318725604,-25.381093978881804,-21.1457424163818,-9.60662746429443,-19.754079818725604,-1.02215576171875,-4.25213623046875,-4.0106697082519505,-16.377254486084002,-13.239276885986301,-9.1140022277832,-10.228431701660199,-7.57123565673828,-15.137001037597699,-7.87113189697266,-3.3982772827148398,-7.06251525878906,-8.0089111328125,-14.766029357910199,-6.841487884521481,-11.658897399902301,-14.7398681640625,-11.4030284881592
sub-0092,ses-04,run-06,vicarious,LOC,45,cueL_stimH,1.74648571014404,-7.78548145294189,4.7341804504394505,-0.31017494201660195,-0.521426200866699,-0.302346706390381,11.0842905044556,12.4772205352783,16.394495010376,20.3326206207275,18.248888015747102,17.0941886901855,18.829517364502,26.031078338623,11.596177101135302,18.3866329193115,20.4739208221436,11.8095064163208,4.19762802124023,-15.530143737792999,-8.33111190795898,-18.7042465209961,-21.4276752471924,-23.679363250732397,-12.348236083984402,-15.4206008911133,-19.8656158447266,-19.1757736206055,-16.9509773254395,-5.76206970214844,-6.24556732177734,6.06670379638672,8.89185333251953,1.3950309753418002,-1.1814270019531201,5.60050201416016,7.5167732238769505,-15.467079162597699,-5.71929168701172,-10.254827499389599,-21.0012741088867,-9.72846221923828
sub-0092,ses-04,run-06,vicarious,LOC,45,cueH_stimM,13.2036399841309,1.4001383781433099,16.386859893798803,13.7481527328491,3.24459838867188,9.77937602996826,28.785467147827102,27.3646221160889,34.371692657470696,27.473121643066396,34.0129776000977,36.039722442627,34.3506050109863,33.691047668456996,32.1531295776367,57.241668701171896,57.137088775634794,44.762825012207,29.0958137512207,15.158892631530799,11.379457473754899,-24.8616943359375,-11.5123348236084,-15.566219329834,-9.78128051757812,-30.344608306884798,-23.2767181396484,-20.9590072631836,-24.038375854492198,-12.4832153320312,-17.5518913269043,-7.11983489990234,-5.94538116455078,-1.2095146179199199,-4.46996307373047,5.919818878173831,-9.66099548339844,0.448451995849609,-15.6977081298828,-2.4724922180175803,5.87768363952637,7.08326721191406
sub-0092,ses-04,run-06,vicarious,LOC,45,cueL_stimM,-9.33896636962891,-5.4180002212524405,15.5183687210083,-0.494444370269775,-15.8647918701172,-14.931353569030799,-19.870285034179698,-21.634004592895497,-25.172880172729503,-13.813551902771001,-10.6101531982422,0.16933536529541002,7.00619125366211,16.744815826415998,10.4326581954956,14.8034324645996,12.5719776153564,0.0721338391304016,0.0403575897216797,-5.633174896240231,4.660621643066411,-5.6933708190917995,-19.0608062744141,-16.5805034637451,-10.3673133850098,-19.9193801879883,-15.435665130615199,-10.386360168457001,1.76272964477539,0.970561981201172,-3.7733306884765603,-3.42066192626953,-5.65914535522461,-11.797344207763699,-6.1729850769042995,-6.1074123382568395,6.16115570068359,-4.39351844787598,2.06371212005615,-21.334716796875,-36.21372604370121,-15.5453948974609
sub-0092,ses-04,run-06,vicarious,LOC,45,cueH_stimL,0.811299920082092,8.23117065429688,13.8938465118408,24.9117069244385,11.159461975097699,15.8819923400879,23.2390842437744,20.740282058715803,39.4614143371582,32.5414237976074,40.9252052307129,40.326023101806605,34.027248382568395,35.564888000488295,33.640350341796896,22.7861137390137,24.5669651031494,25.1801414489746,11.4641265869141,11.4369697570801,-3.8214111328125,-5.1698112487792995,-2.9080352783203103,-6.80926322937012,8.80559921264648,11.0346527099609,11.492073059082001,14.811412811279302,1.57679748535156,4.19011688232422,-11.2139358520508,2.29003143310547,-5.3293342590332005,7.635955810546879,11.208412170410199,-2.89237594604492,-5.680694580078121,-17.4063110351562,-3.60041618347168,-2.13564872741699,9.66682052612305,12.655027389526401
sub-0092,ses-04,run-06,vicarious,LOC,45,cueL_stimL,-1.4179763793945301,3.6027374267578103,-18.812084197998,-13.096385955810499,-14.5247745513916,-17.389602661132802,-4.443188667297361,6.09645175933838,7.2022199630737305,9.655354499816891,2.9660415649414102,23.535326004028303,6.7730197906494105,21.678340911865202,17.268169403076197,23.591651916503896,13.0783605575562,9.861738204956051,-3.8495273590087904,-16.3558692932129,-23.580154418945302,-34.193771362304695,-25.366901397705103,-38.8479156494141,-33.557975769043004,-31.471511840820302,-28.825376510620103,-21.939395904541,-22.0552062988281,-16.8909473419189,-15.2171897888184,-3.67120361328125,-4.5205574035644505,-7.9699878692627,-4.51201629638672,-19.4741516113281,-10.187995910644501,-12.0426120758057,-6.20287227630615,-10.224420547485401,-2.31690883636475,-9.13270568847656
sub-0092,ses-04,run-06,vicarious,LOC,45,rating,1.6248264312744098,2.09294891357422,-2.3650741577148398,-0.47026443481445296,3.5508193969726602,3.2573127746582,-0.655952453613281,-0.119335174560547,1.7231674194335902,-0.558849334716797,3.68107986450195,5.84404754638672,7.453487396240231,3.2524871826171897,0.7676849365234379,5.189674377441411,-4.335716247558589,-3.8999576568603502,-1.4054241180419902,-3.05990600585938,-6.572476387023929,-5.00932312011719,-5.75796127319336,-13.100715637207001,-11.4467363357544,-14.0594263076782,-13.032874107360803,-13.8958263397217,-13.4791107177734,-10.9241628646851,-9.90426063537598,-13.4214820861816,-15.119688034057601,-12.9892311096191,-10.981143951416,-9.72965145111084,-8.25746536254883,-10.566223144531198,-9.26289749145508,-9.526570320129391,-12.048332214355499,-10.921130180358901
sub-0092,ses-04,run-06,vicarious,LOC,45,cue,7.76477813720703,10.764625549316401,9.74539470672607,10.3839550018311,6.43630599975586,9.38518905639648,11.082386016845698,6.17941665649414,12.6355743408203,13.3494720458984,14.7254180908203,10.0078582763672,3.6204185485839804,16.7076530456543,15.8484649658203,21.2613220214844,17.4150009155273,18.5018463134766,20.2921829223633,12.4261817932129,14.956146240234402,11.576133728027301,5.06898880004883,5.461505889892581,3.5588417053222696,6.0883150100708,-3.0072059631347696,-0.7162399291992191,6.51236343383789,4.17756366729736,-0.044374942779540995,-1.50887680053711,7.02969121932983,-4.176719665527339,-1.0033712387084999,-1.4179401397705098,-4.95522880554199,-16.2624893188477,-6.68055534362793,-8.89562606811523,-8.914609909057619,-8.03269386291504
sub-0092,ses-04,run-06,vicarious,LOC,46,cueH_stimH,1.5699300765991202,-18.2422103881836,-8.60926914215088,-2.74986839294434,-5.215832710266111,-6.18630599975586,8.47513961791992,13.7671432495117,8.52674865722656,25.9444751739502,14.9983978271484,26.9756050109863,14.122301101684599,16.0076942443848,21.9146289825439,3.43026065826416,3.35799503326416,9.98299407958984,-3.98874568939209,-1.64615535736084,-4.61569881439209,6.96932220458984,2.65145206451416,4.02230167388916,12.806663513183599,2.55501651763916,-8.62413787841797,-7.98738098144531,-1.8005142211914098,-6.008968353271481,2.3661041259765603,9.19644927978516,-3.2909698486328103,-5.528194427490231,-10.822395324707001,-13.3131790161133,-3.25615310668945,0.8689346313476559,-6.10707855224609,-10.229866027832001,-9.02679443359375,-2.6448955535888703
sub-0092,ses-04,run-06,vicarious,LOC,46,cueL_stimH,5.241522312164309,16.855638504028303,20.4214134216309,28.4311008453369,18.779460906982397,29.964538574218803,26.5323181152344,26.5830001831055,27.8497009277344,42.228401184081996,35.0435600280762,24.103782653808604,27.3841209411621,21.0568542480469,17.247989654540998,10.7960557937622,4.778817176818849,10.1216602325439,1.7222518920898402,0.293098449707031,-0.611537933349609,2.1990718841552703,-1.67217636108398,4.27723693847656,16.9749031066895,6.40840148925781,1.3050842285156201,4.88483428955078,9.5029182434082,6.14759826660156,13.106773376464801,8.79108428955078,10.8065795898438,13.542716979980499,8.277111053466799,16.556838989257802,7.96846771240234,0.629238128662109,-5.269500732421879,-6.73638916015625,0.55584716796875,-20.690242767334002
sub-0092,ses-04,run-06,vicarious,LOC,46,cueH_stimM,15.959232330322301,10.682600021362301,20.8998012542725,18.7280712127686,19.1331062316895,21.1104984283447,24.5803279876709,46.350250244140604,37.2417030334473,30.7069606781006,26.6659049987793,28.2095680236816,15.295562744140598,7.071795463562009,22.2886009216309,20.755283355712898,17.1890430450439,16.8532581329346,8.30384826660156,-1.93366861343384,-6.06823539733887,-13.910890579223599,-19.849807739257802,-27.426588058471697,-19.8334121704102,-36.2027359008789,-10.9247436523438,-27.223087310791,-10.2122535705566,-2.06484222412109,-2.8806915283203103,1.67835998535156,5.237701416015621,-1.52001571655273,10.204761505127,6.431827545166019,18.2418823242188,10.754180908203098,14.059059143066401,9.6263427734375,14.2940139770508,7.32570648193359
sub-0092,ses-04,run-06,vicarious,LOC,46,cueL_stimM,-1.058837890625,-2.43775844573975,8.89468860626221,-5.71707582473755,-8.446071624755861,-3.89847278594971,-18.135189056396502,-13.847441673278801,-14.8906078338623,-16.798294067382802,-10.1707983016968,-1.12458276748657,-12.8440561294556,4.765576362609861,4.46970319747925,-0.61911678314209,-4.9434318542480495,8.63957214355469,16.4498138427734,14.296520233154302,12.224733352661099,14.834545135497999,8.77048492431641,18.3083877563477,6.04448699951172,2.4242935180664102,1.4643745422363301,4.06446838378906,1.2468681335449199,15.4625091552734,3.75305938720703,10.4487838745117,1.39458847045898,6.992511749267581,6.65967559814453,-5.719791412353519,-1.54178428649902,-4.499794006347661,-3.4752244949340803,-6.950927734375,-23.2791423797607,6.95623779296875
sub-0092,ses-04,run-06,vicarious,LOC,46,cueH_stimL,18.701530456543,16.0877990722656,16.5157852172852,23.2427024841309,9.9684944152832,11.2191896438599,20.9077033996582,31.1004962921143,23.066333770752,24.994014739990202,11.7664947509766,9.76657867431641,9.90777206420898,10.3446340560913,9.37010478973389,35.2482032775879,8.714504241943361,13.743901252746598,7.94571876525879,-8.078823089599611,-6.12197113037109,5.5348014831542995,-3.3928451538085898,-8.21541213989258,5.5960578918457005,-3.00082397460938,0.174629211425781,2.5478401184082,-9.52647399902344,1.4939956665039098,-6.37126922607422,-2.58309936523438,-10.638164520263699,-15.720935821533198,-16.2075309753418,-17.3737258911133,-18.3529090881348,-16.137405395507802,-7.68243408203125,-1.6099166870117199,-7.37028312683105,1.3837375640869098
sub-0092,ses-04,run-06,vicarious,LOC,46,cueL_stimL,15.006859779357901,-5.63436126708984,4.49987411499023,-7.8742365837097195,-6.39410591125488,-5.06276655197144,5.2099437713623,7.13913297653198,14.654481887817399,21.105110168457,11.0025691986084,12.4370765686035,21.6173667907715,23.9401416778564,14.964449882507301,16.8012428283691,-7.42325401306152,1.2413725852966297,-12.3782596588135,-5.241249084472661,-4.08880615234375,3.05266571044922,-4.504241943359379,0.869647979736328,-3.20183563232422,-5.196311950683589,4.33678817749023,-0.7585525512695309,11.5703926086426,2.23078536987305,6.09947204589844,6.51959991455078,-2.5781478881835898,7.55187225341797,2.85538864135742,6.9473152160644505,-6.33961296081543,1.50321674346924,-9.74105644226074,5.7750740051269505,10.094718933105499,-4.61935234069824
sub-0092,ses-04,run-06,vicarious,LOC,46,rating,-2.52375602722168,1.3688125610351598,-2.09651947021484,-3.3273773193359397,1.6919326782226598,-6.42842864990234,1.7875061035156203,1.7322273254394498,1.52510070800781,3.3154678344726602,7.234249114990231,0.325695037841797,1.11993408203125,-3.40878295898438,-4.02441787719727,-4.48777389526367,-4.83184814453125,-5.6324958801269505,-3.6771564483642596,-4.06442832946777,-6.092401504516599,-9.66454315185547,0.620430946350098,-10.265663146972699,-10.5845317840576,-6.42155027389526,-11.4366359710693,-10.523880958557099,-1.8620760440826398,-1.74953937530518,1.26212739944458,-0.189659118652344,-2.58283519744873,-1.08043146133423,0.77354621887207,0.450530052185059,2.4221832752227797,1.0695152282714802,-1.41308188438416,-6.12032508850098,-2.9360032081604,-1.40975475311279
sub-0092,ses-04,run-06,vicarious,LOC,46,cue,3.22602272033691,1.53214836120605,5.5520191192627,1.3756217956543002,2.98259735107422,0.16395568847656197,4.598793029785161,3.3157119750976602,-0.3515625,3.3645858764648398,0.397903442382812,-4.382484436035161,-3.31226348876953,-3.8096771240234397,-2.01314544677734,-4.44492721557617,2.3048248291015603,4.80662536621094,7.41532897949219,-1.8934822082519498,1.4122390747070301,3.62839889526367,0.8518218994140621,-3.04611206054688,-2.6367073059082,-0.44951629638671897,-8.45474433898926,2.06563377380371,-2.60884666442871,-6.21786117553711,-2.5983266830444305,-1.84209632873535,-2.44702982902527,-7.948246002197269,-8.03441047668457,-15.8196563720703,-11.3565492630005,-15.4573240280151,-19.2130661010742,-19.0342750549316,-11.3734941482544,-8.41778469085693
