../../../.git/annex/objects/6K/FZ/SHA256E-s24491--60d986e1baa55ae3a2fde99380f2fd63ad5aedc2dc862734e66d838699243ffd.tsv/SHA256E-s24491--60d986e1baa55ae3a2fde99380f2fd63ad5aedc2dc862734e66d838699243ffd.tsv