nps,nps_corr,nps_cosine,npspos,npspos_corr,npspos_cosine,npsneg,npsneg_corr,npsneg_cosine,pos_nps_vermis,pos_nps_vermis_corr,pos_nps_vermis_cosine,pos_nps_rIns,pos_nps_rIns_corr,pos_nps_rIns_cosine,pos_nps_rV1,pos_nps_rV1_corr,pos_nps_rV1_cosine,pos_nps_rThal,pos_nps_rThal_corr,pos_nps_rThal_cosine,pos_nps_lIns,pos_nps_lIns_corr,pos_nps_lIns_cosine,pos_nps_rdpIns,pos_nps_rdpIns_corr,pos_nps_rdpIns_cosine,pos_nps_rS2_Op,pos_nps_rS2_Op_corr,pos_nps_rS2_Op_cosine,pos_nps_dACC,pos_nps_dACC_corr,pos_nps_dACC_cosine,neg_nps_rLOC,neg_nps_rLOC_corr,neg_nps_rLOC_cosine,neg_nps_lLOC,neg_nps_lLOC_corr,neg_nps_lLOC_cosine,neg_nps_rpLOC,neg_nps_rpLOC_corr,neg_nps_rpLOC_cosine,neg_nps_pgACC,neg_nps_pgACC_corr,neg_nps_pgACC_cosine,neg_nps_lSTS,neg_nps_lSTS_corr,neg_nps_lSTS_cosine,neg_nps_rIPL,neg_nps_rIPL_corr,neg_nps_rIPL_cosine,neg_nps_PCC,neg_nps_PCC_corr,neg_nps_PCC_cosine,singletrial_fname
6.86054333388903,0.165369081836841,0.171685671302351,2.46559332792491,0.0313178425005101,0.434445848987917,-0.0459730640990225,0.00690424363673517,-0.0317480805373632,0.047200714965472,-0.207936241171667,0.795181045418336,0.676360564229163,-0.0117422087916671,0.758905856348254,-0.0911748981513002,-0.584121661495837,-0.903605182425938,-0.00272604071872297,-0.252717379732227,-0.0636823214706781,0.136509574042665,0.347403497060413,0.725088828631541,0.103218669274649,-0.31655887276255,0.771054209476201,0.0715748989682856,0.156505404661935,0.755476576748199,0.820885782479709,0.248908995604251,0.787972175238801,-0.0971213311219422,-0.232795953834476,-0.884329440910087,0.0765704669582768,-0.573680285668919,0.803634066787394,0.0233116558213992,0.143560224503648,0.283038492862964,0.0133790849976155,0.478260148216202,0.228116629034931,-0.0583686892632628,0.0306496362246968,-0.676872296470867,0.014525116404099,0.268682997153691,0.524731646661968,-0.0119267710492944,0.253952904886161,-0.336313478583692,sub-0014_ses-03_run-01_runtype-pain_event-stimulus_trial-000_cuetype-high_stimintensity-med.nii.gz
5.68696345921097,0.144624656496821,0.148987292545071,1.99741077865218,0.0286832857116055,0.434685792696839,0.103043006813978,-0.0221032031895433,0.0701480145183148,0.0491022826236975,0.13293252305299,0.906929428246884,0.630932284701849,-0.108141850727817,0.733993831336664,0.0201741885047929,-0.607939520461616,0.279017355224364,-0.0296438400994439,-0.634056259586293,-0.389994694837696,0.107494876956278,0.116981514513966,0.70151760232341,0.111983960293453,0.166595379415471,0.844460465914758,0.132186799698975,0.3476482719656,0.895663267315753,0.395086576664895,0.426287897012335,0.611652744867835,-0.0756810772083632,-0.143014510003199,-0.84765572630341,0.0189355323974176,0.0394284617948206,0.434671310399084,-0.0213200372039865,0.24211298080943,-0.405133113562113,-0.0180587297206398,0.15634261626227,-0.23492959624358,0.0921744748340709,0.433493292001887,0.669290350625162,0.0223809640106388,0.685280336286285,0.696804793670297,0.0495385422736263,-0.0813811548178413,0.745019370690808,sub-0014_ses-03_run-01_runtype-pain_event-stimulus_trial-001_cuetype-high_stimintensity-high.nii.gz
2.33724748451058,0.0800475171315527,0.080607885117226,0.524988172286796,-0.0296190778663256,0.173031858574266,0.17385224648984,-0.0525534940353398,0.147233882658966,0.0110804081142776,-0.200336878568415,0.399377274305703,0.186185753354362,-0.233137338525728,0.445272312057315,-0.0296121589651999,0.346665210855304,-0.581720312123384,0.000131100921213973,-0.00923567933460299,0.00257518054875724,0.0829220321313052,-0.021371004389942,0.590421469141178,-0.0293753015259282,0.150792147926344,-0.321652223639474,-0.00118853003353688,-0.12895498317311,-0.0209514106951221,0.157257362661783,0.15527185779307,0.374888022687073,-0.00210693728578514,0.282331418120824,-0.0510150153387783,-0.00016714470627367,-0.0945709517464474,-0.00507589907009423,0.0389278854138775,0.156587234163811,0.42410320476986,0.0581748412543792,0.220941729623212,0.623288488245049,-0.0644262894559763,-0.431013907742505,-0.756861892724678,0.0229792648642805,0.254669346235259,0.738736506098998,0.0677453647277416,0.258006787912045,0.843023130860522,sub-0014_ses-03_run-01_runtype-pain_event-stimulus_trial-002_cuetype-low_stimintensity-high.nii.gz
4.0532157292566,0.121334490689551,0.118269151898345,1.02615453801613,-0.0655651408732947,0.281356821867901,0.369772503653954,-0.0408877404977161,0.262998240339858,0.0102983371694521,0.0239367255561734,0.580537194464399,0.425011893652853,-0.130913569868104,0.676133281480412,-0.0928509885495258,-0.373525399291462,-0.885930401314623,0.00373143715544855,-0.156894588398719,0.0933220264750773,0.113531710011615,-0.416648700372058,0.657576609943545,0.0790840871176816,-0.0869251549340361,0.852525456504544,0.0668416648699086,0.0270184785569261,0.846217319522209,0.122608600175906,0.182309061827141,0.23659464333207,0.0530390159226291,0.60475648457613,0.80054482863303,-0.0399817179850416,-0.487050059525028,-0.873112361495196,0.0263394153648757,0.367137597622425,0.394131577562585,0.0436756980518984,0.481719570663305,0.647788716056303,-0.00264285714341355,0.635465070076635,-0.0432088253374109,0.0829590850836024,0.325384329868908,0.89759344748233,0.0983226038021168,-0.000960436437249413,0.926135673991726,sub-0014_ses-03_run-01_runtype-pain_event-stimulus_trial-003_cuetype-high_stimintensity-low.nii.gz
2.5788692272694,0.0680403879519595,0.0717156459433352,1.32969562608336,-0.0256336340832192,0.326965274768801,-0.496230328120789,-0.0578827121087023,-0.225609680296985,0.0491544717940862,-0.203474586060099,0.826998796414394,0.461090936900406,-0.0997101986788544,0.634520390133377,0.0347718999483363,-0.53389142943554,0.485837621858857,0.0374785382842681,-0.533400010397657,0.385777352094301,0.0881756918071095,-0.285525532002453,0.519790117976707,0.129369700398976,0.388498035382959,0.902966810566434,0.0651677751716919,0.19160153914813,0.783339673010217,0.0891481224263015,0.105335172010684,0.189401280937293,-0.157100476317615,-0.350669927918405,-0.899546445839061,-0.0843485250838134,-0.240310931641937,-0.872403743281669,-0.273006664946036,0.29476651738269,-0.888461514364692,0.0175680944913202,-0.776044582141703,0.206508594558151,0.0611033680946345,-0.271924798403365,0.688239884570044,-0.00730728868006061,0.572560615545241,-0.151380276741784,0.0828284950397169,-0.356645965738356,0.857805207823941,sub-0014_ses-03_run-01_runtype-pain_event-stimulus_trial-004_cuetype-high_stimintensity-med.nii.gz
3.13660140129603,0.0856986654784289,0.0969426451850784,1.1284009038417,-0.161851168930882,0.318727509465938,0.225377112934358,0.0544451419291805,0.182068152843455,0.024659723093876,-0.428672171308036,0.646460024639604,0.308579450509521,-0.335269760757691,0.600899556839607,-0.0750233327452338,0.408205426603859,-0.782960954278722,-0.0156136899451053,-0.334057397985262,-0.36926849197648,0.0729067338521837,-0.312395121676336,0.603582933718264,0.0567554503598851,-0.094189403480032,0.846909299684392,0.0699930866716391,0.162791353875303,0.86400092464266,0.361759335241358,-0.0956133790102177,0.677089021057305,0.0283875832887175,0.452884399397383,0.664396356460481,0.00381762621507307,-0.775438065137086,0.0794036637640255,0.126539948576285,0.259318170892129,0.833472839408035,0.0204531445423066,0.53231072577719,0.639526092652955,-0.0932022002050315,-0.412645667061221,-0.840414546794498,0.0539440818230504,-0.1143065338203,0.811859605213899,0.0208271913481566,-0.438869702144487,0.282752840999575,sub-0014_ses-03_run-01_runtype-pain_event-stimulus_trial-005_cuetype-low_stimintensity-low.nii.gz
2.89178795686097,0.0846217872097745,0.0806326864550625,0.805032623414035,0.102386100294682,0.217974179513777,0.438101950451292,-0.078445294363102,0.234760834966085,-0.0641860832099421,0.50835563880889,-0.805964026588753,0.354025431411971,0.182465577848321,0.481009900365755,0.103997399035424,0.689608857661894,0.873713221626961,0.00402491422520986,-0.225703761275356,0.113972417875422,0.0381209055150649,-0.327824073027992,0.252219957244044,0.0389793186070755,0.197015065466201,0.759848214890517,0.0402364025276908,0.168339195293672,0.724614201463997,0.0692150554257692,0.27311267631715,0.115323669669897,0.145052047140616,0.533242311027106,0.918641008038005,-0.000357718257578878,0.437911658477181,-0.00567422494889744,0.0366646969627476,0.087862227049107,0.758994247171841,0.102539990547378,0.573239864050278,0.898717537582256,-0.108100188768672,-0.402947169653619,-0.67006967383074,0.0148310409909279,0.445777661812508,0.539367440638357,0.123392395387831,-0.0924676194191046,0.900364634882653,sub-0014_ses-03_run-01_runtype-pain_event-stimulus_trial-006_cuetype-low_stimintensity-med.nii.gz
4.54864120805181,0.122772609592016,0.13017933227808,1.2538720893721,-0.0516153341145961,0.340711230455147,-0.141972007205804,-0.0128845936705112,-0.0924796840323388,0.0805973729677394,-0.325018428286829,0.892132471663153,0.367740057340969,-0.445983396601281,0.666343466055025,0.0577672634305369,-0.00343479004993966,0.835791461162715,0.0721859651755091,-0.629574630497831,0.671733893775537,-0.000672467238444038,-0.462854269105041,-0.00666045585288423,0.0820625879043941,-0.223191443577672,0.730231783746074,0.0526536217497892,0.414025378339834,0.549950058907158,0.184869979314254,0.197673869106573,0.446004734459471,-0.038332969613567,-0.194040447635108,-0.432695343831042,-0.0434401695249743,-0.341068377403003,-0.893311637170388,-0.128820157680565,0.342258064368252,-0.76640733731972,0.0447044172821752,0.357896776153292,0.710219387993648,0.0411278632649695,-0.126886480450448,0.513075795091533,-0.000847311805398251,0.927698201196969,-0.0160188023128872,0.0182843877507508,-0.0424958919682721,0.382445613137006,sub-0014_ses-03_run-01_runtype-pain_event-stimulus_trial-007_cuetype-low_stimintensity-med.nii.gz
4.95443641479345,0.0619921302629397,0.0765749657344147,2.8291275601147,-0.0648004726811069,0.356253312604086,-0.133310681012217,-0.0322364938443182,-0.0631273517410914,-0.0352544816031157,0.368593505994111,-0.383373877495154,0.359368281333914,-0.028853048537008,0.353979972209965,0.0457285026617294,0.543860598920825,0.549333964442888,0.151073035973632,-0.413665297110118,0.807532566231194,0.236858230779583,-0.0247620559617607,0.761354713462382,0.0952851189331637,0.0295241930605047,0.730168951083765,0.141214967446051,-0.0458162451394349,0.885254780726011,1.02465107832274,0.141615917329392,0.675512211191331,-0.0666003096902873,0.214209685281647,-0.597297048921278,0.0199286685290812,0.490545193767211,0.206083715387577,0.0731326961105817,0.403575431062762,0.726997207573975,-0.0309698529240661,-0.126429797835923,-0.238320713640405,-0.127932815217636,-0.074877467441184,-0.864092951972386,-0.0205474628085196,0.827093512248717,-0.340813706894091,0.063966532882953,0.273019978286174,0.660608690701784,sub-0014_ses-03_run-01_runtype-pain_event-stimulus_trial-008_cuetype-high_stimintensity-high.nii.gz
5.777515107921,0.158703470721645,0.165637247807182,1.77541006733378,0.0500418610155908,0.419012677351907,-0.0076814871316429,0.0572145597054607,-0.00587259324023073,0.0345008661585737,-0.650422508219798,0.727223822353325,0.60331264539922,0.0811922489544847,0.777928858153468,0.0354998420211361,0.337100604457242,0.664524509041165,-0.0396782206959789,-0.579484535560631,-0.533222907776783,0.159402834491341,-0.246799091429845,0.679296242896671,0.0935195745671436,0.160184683061375,0.84455451579452,0.0474806039547299,0.520983752523659,0.609627734534339,0.347867952886175,0.289524121019812,0.678735813286084,-0.0452019206374313,-0.160497017102152,-0.789671179128278,-0.0102608649908873,-0.0576577572295751,-0.661337204236054,-0.0175310837508067,-0.0658191787184162,-0.256122110845467,0.0596956401905304,0.510848494615219,0.780815953297224,0.0320538031117164,0.126130128063565,0.355489401969714,0.048131129651999,0.89593796892378,0.89269435173724,-0.0744839293417544,0.0211235912562294,-0.894655356998684,sub-0014_ses-03_run-01_runtype-pain_event-stimulus_trial-009_cuetype-low_stimintensity-low.nii.gz
5.63474940961618,0.144904815627857,0.140429922470832,1.40572148724225,0.0405739919835888,0.325591763917158,0.502948998857147,0.0642869565663308,0.303555323753015,-0.0201192293605479,0.225742119253898,-0.43521260490294,0.472945707105808,0.0129708057428167,0.689345137199854,-0.103146456711246,-0.0528574687370248,-0.831332091382585,-0.00256042267887718,-0.337446772670733,-0.048460118009788,0.0835548962487209,0.146138866348241,0.640333319202201,0.0822451783791332,-0.0451857183092337,0.72330401237174,0.16062714376593,0.545719111981862,0.912825085558156,0.332645109098842,0.357688647972427,0.553670509369867,0.0519634076680464,0.209077906167927,0.486843904499511,0.079517595296236,0.539777222761354,0.728748001386689,0.0716023970431129,0.166418891151043,0.604148008774942,0.0451534069926147,0.211107362614801,0.562420627541316,0.107330647587436,0.293314729938723,0.866053529478904,0.0114079600493083,-0.799605029267943,0.340725694171498,-0.00426862352057626,0.123155123355057,-0.109183275380314,sub-0014_ses-03_run-01_runtype-pain_event-stimulus_trial-010_cuetype-high_stimintensity-low.nii.gz
-0.142632266170955,-0.00658455203404893,-0.00325744263773954,-0.39067499314663,-0.0275412197428436,-0.115465624197669,0.222352050255162,0.134081152851662,0.159270587010424,-0.0223093619290875,-0.139203272412819,-0.625840135543084,-0.140832650883775,-0.251993750689356,-0.351048157148882,0.137007900757384,0.756567320013044,0.842780304778493,-0.0356640827896376,-0.461479995370017,-0.558741847287951,-0.105658983594119,-0.0469588992317158,-0.603238885573277,0.0919171844688677,0.487018941763884,0.864077029362287,0.0309976072342678,0.106966629776923,0.366681721353067,-0.246933960247905,0.00768237730631381,-0.475890962054508,0.0146758024941615,-0.0286593208233587,0.240444935483947,0.0407955831914041,0.304138729888697,0.772504294380725,0.0306960423969485,0.135180549309322,0.440146179986092,0.040122689409446,-0.0586958320398866,0.635556711671432,0.0292920452130145,-0.413566360071671,0.316445445134425,-0.0236568923818403,0.842532528855403,-0.277314596986658,0.0365074995786439,-0.17317032820314,0.544517488663742,sub-0014_ses-03_run-01_runtype-pain_event-stimulus_trial-011_cuetype-low_stimintensity-high.nii.gz
7.55698274691641,0.162292031447993,0.169183097621904,1.76613599860053,-0.0971195856908275,0.314595811745789,0.148700676227713,-0.0488740928877765,0.101836737647909,0.028851711121927,0.287985369854559,0.672787416342658,0.467875423746262,-0.249100320970467,0.561949381682867,-0.142945644318028,-0.303900349097994,-0.800260639032211,0.106085768509955,-0.249229712339275,0.764936578128382,0.107978742198247,-0.327774275801145,0.666913433877683,0.159180338118403,0.335211481556096,0.890801476398427,0.186450159973766,0.391722538299637,0.891433321949619,0.326735822709379,0.121755684457172,0.461543274827297,-0.000491290166159975,-0.0494064185117946,-0.0144456542710284,0.0911034469236071,-0.536374815063909,0.872557291339911,-0.0135925471148085,-0.265285007754144,-0.24312546792977,-0.0800993625786625,-0.15868524947396,-0.766002767729009,0.0505056144893424,0.408685016047551,0.50464415017538,0.0866545746044023,-0.297836041784745,0.779951977695982,-0.0321667424884057,-0.0327795018945017,-0.578781656299867,sub-0014_ses-03_run-05_runtype-pain_event-stimulus_trial-000_cuetype-low_stimintensity-low.nii.gz
8.66949978251889,0.165197155121689,0.170364728575679,2.34179323220932,-0.0264841801366471,0.36873642975167,0.356470227193456,0.0947751462615027,0.195402105213158,0.0355189604441657,-0.243043381954896,0.727275163935574,0.713429681713989,0.02420936857787,0.684703604438436,-0.217998290524066,-0.505499720388143,-0.92856418521591,0.0896446499737155,-0.070247667533002,0.701136023840819,0.14313213015949,-0.230124161877939,0.648672681216176,0.119095060229339,0.164037615072805,0.877010524029077,0.171508595381274,0.665049817966858,0.959055752420633,0.608812976184978,0.246389529313595,0.598419814753653,-0.00232058354101447,0.0198706355378246,-0.0242529489381507,0.085982963252067,0.326411934497386,0.797654642890651,0.144041805076794,0.130874178027315,0.849600513988891,-0.0103325732386282,0.261023739704304,-0.143310095543613,0.0600218512536475,0.482740672054344,0.5773648062558,0.0686736443286967,0.00699331980124032,0.8310370258227,-0.0796651180064259,0.167726444874124,-0.820931429554025,sub-0014_ses-03_run-05_runtype-pain_event-stimulus_trial-001_cuetype-high_stimintensity-med.nii.gz
11.7395102259756,0.220392953721279,0.225450716936069,3.15225303347399,-0.0310617670005516,0.433682922132691,0.511183177074937,0.0115440082794262,0.263636246559535,0.0752391393961356,-0.550997789127302,0.836748010343089,0.786109431033305,-0.194601566770576,0.653659017551825,-0.102305133895564,-0.610084638715072,-0.928944823315046,0.105744638712808,0.0312578988776255,0.769552735382774,0.204576148893186,-0.191077909815076,0.799731610608384,0.193738416039524,0.0633931525851715,0.867403756193481,0.230613172595737,0.372883200122086,0.872290779131647,0.748232698258316,0.195149840291218,0.689731123984178,0.00379034536529603,-0.428712629801671,0.0640923220976569,0.0728501011730397,0.329737030620852,0.881170357280119,0.0390782636188227,0.121530436201401,0.654324571682049,0.0166011929878484,-0.470282428774105,0.215650292181362,0.183071157160755,0.453254686332697,0.825628660562648,0.107151810546935,0.393123511631514,0.901655530495992,-0.0583699531975501,0.25997125624553,-0.642180363073323,sub-0014_ses-03_run-05_runtype-pain_event-stimulus_trial-002_cuetype-high_stimintensity-low.nii.gz
10.7023602839736,0.209146008956337,0.210811653725307,2.25440801919101,0.0211584656752948,0.367552617429364,1.07146099486009,0.025485262584103,0.405903751164361,0.00506416882443865,0.644956897072535,0.281686408168675,0.791694796124223,-0.0364975207573664,0.680047749994393,-0.00120289917542053,0.283200282800074,-0.0133511103644275,0.0537746459731934,-0.547898499569335,0.479736926023974,0.183476573073913,-0.106812334931688,0.778153557664965,0.12820024787963,0.0914605952820775,0.801098067665299,0.152386663000957,0.491543920757001,0.823838853912709,0.287194442122887,0.170231330931407,0.370444276817443,0.243655597914372,0.0266978359154276,0.867780990583551,0.0816575696095271,0.123341089481949,0.893227848598898,0.0723887771620188,-0.101065551621914,0.780198626966215,0.00273203971238004,0.291579332482843,0.0652828048135452,0.251972811922282,0.213928765382318,0.899080702292618,0.126117652453763,0.520037692397563,0.91570796113012,-0.0105646815595573,-0.0730167387010149,-0.151868831735021,sub-0014_ses-03_run-05_runtype-pain_event-stimulus_trial-003_cuetype-high_stimintensity-high.nii.gz
8.68168829946953,0.141902849577282,0.146772828270895,2.19096217211621,-0.05477195142352,0.325179224179014,0.038153486093952,0.0259549797932924,0.0169640497456053,0.0744443164584991,-0.475605672361499,0.746262940539796,0.504521817793288,-0.191898052310602,0.47737153925931,-0.0276818447362092,0.701077351664035,-0.5337898347553,0.1368429245622,-0.177331137794133,0.786791259603779,0.258951169067258,0.453655904633146,0.886504875716955,0.0966246946609847,0.169659688502174,0.778680154256806,0.00460475649786076,-0.0332703301815046,0.0291424984506806,0.50586767841455,0.344361226751171,0.569371553019266,-0.0464995471863531,-0.155619361456088,-0.414522135726562,0.0931027773944862,0.186405196135075,0.83821877733676,0.0467612449675615,-0.121569329268524,0.574185999170978,0.0708924427349559,-0.0513805596488128,0.557369467371163,-0.00502697063843032,-0.198336504215851,-0.0893969534721294,0.0127060904339045,0.655488849394318,0.208314159726303,-0.136684846690244,0.111533087950521,-0.810102865774096,sub-0014_ses-03_run-05_runtype-pain_event-stimulus_trial-004_cuetype-low_stimintensity-med.nii.gz
11.7061407556879,0.179953704448609,0.185899578515414,3.78087322478593,-0.0260889840383862,0.444399026469018,-0.0575247639354706,-0.017484987090313,-0.0296367102649238,0.0833650063619565,-0.104364525822127,0.860715001935322,0.780565693538596,-0.0631111116544767,0.627836163352046,-0.0645157107286881,-0.229446055188505,-0.574350728070515,0.153016116095518,-0.439962041640288,0.823366490529574,0.16670208574829,-0.354344568215812,0.699288526235595,0.165791070050784,0.116129488050517,0.839062229443645,0.335280395843679,0.38506095118014,0.91101438404546,1.0577946889238,0.235032161878021,0.781913895012556,-0.0253053014561149,-0.357569007263141,-0.202705597765059,0.00879301671240034,-0.520491814492268,0.1514651109238,0.0504894877696041,0.0466773184877634,0.466706756694427,-0.0661565846914939,-0.260577307750841,-0.547618571688063,0.0449866337450433,0.116591732625814,0.415283518547294,0.0535205013241688,0.394457184772097,0.871458039637492,-0.103755635449895,-0.10584778182526,-0.764682358116676,sub-0014_ses-03_run-05_runtype-pain_event-stimulus_trial-005_cuetype-low_stimintensity-high.nii.gz
2.82073918072548,0.0657841757498526,0.0642823510358599,0.920801286435811,-0.0612122478887364,0.190083138545904,0.499013213122822,0.0796741077813601,0.199431579826261,-0.00239384200462022,0.462390869001294,-0.0828291110832649,0.218431145776809,-0.11331155833468,0.270722147444213,-0.0597839593625309,0.306152661148996,-0.608407949160987,0.091163387927646,-0.0566247380068769,0.811137994702327,0.0261278380362514,0.0967241111364579,0.269794111938882,0.0179361495215437,0.165971070225999,0.398694957627203,-0.0158008003124469,0.37696598974366,-0.301728606278522,0.387198289185986,0.191399745261338,0.443997253789165,0.0666109555661817,0.49382492328668,0.572689419497198,0.115511354295844,0.307631673019682,0.824237867861255,0.153733736509682,0.298088411795642,0.887151686926039,0.0133583827358594,0.125041096705608,0.378327607341129,0.147302485217195,0.374804549438082,0.817379183182476,-0.0661094376744538,-0.952897752892632,-0.719553995244795,-0.0719461222444646,0.572130892446282,-0.754711255782588,sub-0014_ses-03_run-05_runtype-pain_event-stimulus_trial-006_cuetype-low_stimintensity-med.nii.gz
5.816718143884,0.113239804653138,0.124017607878038,2.26926893022377,0.000786044393059065,0.412682737387702,-0.448547207512069,0.0617458501770875,-0.261973223721129,0.0599224488845807,-0.396679438034344,0.815796727157622,0.50519468522278,0.0568479627103001,0.679370835436373,-0.0531344663512518,-0.468011821905365,-0.705997894970763,0.0727977817859465,-0.344461207763386,0.784272681985309,0.134604404327172,-0.482467605143172,0.699349501475684,0.115353244000611,0.278376961326633,0.821417688763155,0.185287905093061,0.545420447977264,0.939800412737277,0.598307250139425,0.159992473243436,0.623645613112938,-0.117465449053174,-0.568313100328027,-0.877959266829417,-0.0241159749067515,-0.496855248177567,-0.393343871151912,-0.0459995980952198,-0.341858942380819,-0.713761771027457,-0.0730731623099489,0.233871681130023,-0.662402719440211,0.0183198109018853,0.389871120882675,0.255175328119307,0.0117731127160321,0.176459887197891,0.51288745736411,-0.0894378806920423,-0.351300677069367,-0.900392261460163,sub-0014_ses-03_run-05_runtype-pain_event-stimulus_trial-007_cuetype-low_stimintensity-high.nii.gz
6.90224004066522,0.142643806592892,0.151400558965215,2.72323166449923,0.0451520615120012,0.451431499751422,-0.0624613830676213,0.0316636261428216,-0.0366414830682633,0.0484795036023233,-0.266822959923817,0.738386709713315,0.511961517752181,-0.101007953466767,0.491304391914984,0.110517537645149,0.743352792082409,0.746380252164383,0.120957640042099,0.0390969051627957,0.806800786260611,0.157883121048484,-0.467195210901268,0.701781139115283,0.140991464687272,0.199512998563206,0.885052016007062,0.0428148292761687,0.187357421407704,0.437199007178666,0.821641666365916,0.406106801495283,0.806402328051398,0.00729153658185924,0.392946896139622,0.157242797662728,0.0602196679274766,0.342886822965247,0.683546142794536,0.0583757986420234,0.47301648087347,0.868564767899921,-0.0365290542138397,-0.371853287234656,-0.591867453365585,0.0610273065355975,-0.367137437076751,0.732561533374667,-0.0457901594457911,0.577631688160084,-0.693998743942661,-0.147207398518811,-0.237982432797667,-0.94056451535107,sub-0014_ses-03_run-05_runtype-pain_event-stimulus_trial-008_cuetype-high_stimintensity-low.nii.gz
5.2855292741695,0.107455567962862,0.117584150448951,2.0476893858903,-0.0424459826941447,0.350904161035724,0.369522597372892,-0.0418271561257207,0.204722406766166,-0.00313938429327736,0.761655490215989,-0.111738249903946,0.543702230987911,-0.018684683030204,0.59924280527285,-0.0430698156843924,0.718922353406053,-0.407290353201919,0.17042975189923,-0.283186046366128,0.772435092063283,0.0530598371783414,-0.381883522011825,0.427239951258244,0.0632315855259447,0.2210751111722,0.80010761042682,0.197072207804915,0.564062196056741,0.938536889792347,0.468943174055543,0.200552024298141,0.564518049409617,0.039948667401246,0.338072410243437,0.44368923653735,0.0800412192246883,0.203974955832139,0.837770657134296,0.157484251150014,-0.0460788587006901,0.912178406663006,-0.018208393111872,0.652925063194942,-0.283499721657155,0.023165838693341,-0.146100660422208,0.231111714939519,0.0331295135757903,0.221949322872866,0.819379396507649,-0.0469126425219449,0.0724066268012171,-0.506609366012557,sub-0014_ses-03_run-05_runtype-pain_event-stimulus_trial-009_cuetype-high_stimintensity-high.nii.gz
9.10670180291313,0.154402682181071,0.160468361122222,3.65973287481237,-0.0464995604400085,0.451453197166242,-0.232042292487705,0.018350158723289,-0.109735864102988,0.0993907720593009,-0.377315266828413,0.860193855573815,0.798132478138099,-0.128465097710149,0.647097735423371,-0.0548566500747801,0.52974195221078,-0.686058528979814,0.119483874777508,-0.71376590982309,0.703253910388311,0.193502659699633,-0.761270003877747,0.631984840190213,0.188435926613947,0.062072458947116,0.873124375336142,0.261993564942624,0.665780985084352,0.957524641471792,0.999053496396809,0.284582296621954,0.766233482348598,-0.0803752885289891,-0.319899034507369,-0.603433693242415,0.0681598537326783,0.376364140526175,0.724536668804043,0.0519606577601054,0.277494868813951,0.656294003637721,-0.00636522193786966,0.724474024714194,-0.113100771939195,-0.0433511314617647,0.0654297884395596,-0.551889156612525,0.0115855694774326,-0.361214580837111,0.300862746141421,-0.156256770332308,0.0203983772132786,-0.85760034699762,sub-0014_ses-03_run-05_runtype-pain_event-stimulus_trial-010_cuetype-high_stimintensity-med.nii.gz
2.81711221786844,0.0553526402982039,0.0668439229289588,1.36999343785974,0.00803722699251531,0.287728199921534,-0.438807885807694,-0.0143068601901902,-0.221101230650868,0.0158118119395625,0.150096939160293,0.501202980514038,0.144499192644394,-0.20211880944191,0.185787860195774,0.0919710559812993,0.585785674644677,0.737922240668031,0.0931687016893993,0.351624655948072,0.752794561055244,0.084034104658944,-0.531635948814779,0.527513025629939,0.0997136789254599,0.186505396307138,0.808353984975596,0.147589841462115,0.201203307243775,0.885588691522223,0.294115337469235,0.347898132869988,0.452731598130053,-0.0287487303922343,0.320815328569122,-0.424810137757384,-0.0686529397077831,-0.499339733065008,-0.935811079054837,-0.0963276327868673,0.0220663496165264,-0.758192241864996,-0.112308903344332,-0.147388998385811,-0.530380815218706,0.0488312760503174,-0.294627751779822,0.309680083906326,-0.0574992133843268,0.202253491686525,-0.704173324424723,0.0113379708277459,0.0326224439873227,0.286867436447886,sub-0014_ses-03_run-05_runtype-pain_event-stimulus_trial-011_cuetype-low_stimintensity-low.nii.gz
3.06890154499028,0.0916090781697277,0.081784320869668,0.386589493873542,-0.00740251914516572,0.0987656318215928,-0.0903464859113143,-0.186561050383506,-0.0415716024920776,-0.0189503834611631,0.0919672253497428,-0.755873857275718,0.301443214684646,-0.428217321561997,0.465561397019846,8.44490267132743e-05,-0.831394177952812,0.00210720910056975,-0.0119868576133167,0.532967462373946,-0.253784101362913,0.0292882535540625,0.22588146840596,0.252122084002433,0.173925281720236,0.125631341167876,0.860992381024165,0.0187447558826505,0.213534896472304,0.245932990029291,-0.22397707055186,-0.171119533439435,-0.52169287947569,-0.0380425249199883,-0.013330897838088,-0.327591829484929,-0.0557856653661393,-0.54301382557806,-0.882517059297494,-0.13298253215088,-0.39052986077205,-0.934700690259907,-0.0269774317194937,-0.157003983284351,-0.272397819231168,-0.0890828349389098,-0.123758673231097,-0.819080022866319,0.0461284554780579,0.482593504125126,0.850569584283587,0.21125902797934,-0.177572849604409,0.94955518315534,sub-0014_ses-04_run-02_runtype-pain_event-stimulus_trial-000_cuetype-high_stimintensity-low.nii.gz
4.29639301349995,0.11814955005102,0.0971792162137368,0.953306465652305,0.0431414626532364,0.237141162491383,0.969566893435696,-0.00667813196242326,0.443113230950248,0.0300049156912684,-0.752250195215816,0.645740549648982,0.684992194165479,0.0288573691235445,0.717376387447505,-0.121023326910028,-0.326416854555116,-0.84267130187811,0.0343936577434113,0.274332959906968,0.553912415902058,0.0883903420371808,0.186291362199177,0.680908805006685,0.097319866063912,0.294865568527995,0.88944173299622,0.0131877605571313,0.274371451417173,0.172279394455561,-0.133057033721137,-0.0797134515855624,-0.379421807770999,0.139567008516003,0.617716893061436,0.943982381102379,0.100553857961498,0.489420143624427,0.82314221908145,0.108260723440243,0.0754230250291276,0.75250665878782,0.0433023435360501,0.19903285259675,0.616311115182375,0.101938731879109,0.5314729907512,0.906437870107041,0.0934377735041472,0.0477044608905559,0.832927701617705,0.105676569743449,0.219413400379729,0.926998902868049,sub-0014_ses-04_run-02_runtype-pain_event-stimulus_trial-001_cuetype-low_stimintensity-med.nii.gz
7.45423822600865,0.185619967621529,0.190469347282229,2.03069990261628,-0.00886737469256118,0.404907157391466,0.264881200403807,-0.0883253116639128,0.170214874849084,0.0564039584419548,-0.204832176813057,0.861408890031683,0.483974363854228,-0.173495238794404,0.604745795310402,-0.091600266962919,0.164864654961009,-0.862006610308705,0.0249966960620754,-0.337643135069505,0.393854866219943,0.132259219923852,0.489844028568938,0.729449991385035,0.159837877500843,0.389813624479477,0.911038878200186,0.185746546630885,0.473323490934912,0.909996560786729,0.499955776197471,0.278194763925832,0.744189429037435,0.0551019676778493,0.323288204009774,0.51310470336611,-0.0235727163729554,-0.612256935667065,-0.813665819338148,0.0604632638705792,-0.124085264617092,0.762887795531837,0.0181482737722983,0.0365003052420521,0.340037680422061,-0.0371737128966557,0.288157553140412,-0.378711897662157,0.0839907454984144,0.190655150675299,0.884956459586869,0.0270474010928492,0.0618968514442244,0.584332358429476,sub-0014_ses-04_run-02_runtype-pain_event-stimulus_trial-002_cuetype-high_stimintensity-high.nii.gz
5.923344815778,0.116668900928996,0.121925479721734,1.89179773470113,0.0515354029851372,0.353167032449513,-0.197311630379798,-0.103912288172355,-0.100486474197927,0.069310265870803,-0.407412608955557,0.808591650067611,0.79155117849488,0.0723246310696268,0.720730867665926,0.0650135650759095,0.279040476849645,0.763212362061202,0.0264230437772865,-0.0433214150954034,0.437736904568393,0.097376765299446,-0.443819597934613,0.55225011425369,0.11138425786774,0.113890950301761,0.821701387520654,0.111971404809908,0.19289179125455,0.766737309794116,0.074875192129467,0.176008156859576,0.144849823571775,0.0825624928828361,-0.192882958063145,0.684940552079058,-0.0395153580172558,-0.262252912562923,-0.675442548985274,-0.110057647591773,0.0828472091033074,-0.831458257235432,0.0522549326145437,-0.577097442447767,0.510489715170903,-0.141464189144014,-0.442183702828405,-0.849627852278059,0.0808898872638958,0.326207689199636,0.83488773933041,-0.0693395509154785,0.0706139685562671,-0.882975651672845,sub-0014_ses-04_run-02_runtype-pain_event-stimulus_trial-003_cuetype-low_stimintensity-high.nii.gz
6.71938365149788,0.105483716567295,0.116554399532051,2.21860266814994,-0.118448034071669,0.295018999557401,-0.577933898402806,-0.155955512471712,-0.281606933834342,0.0557784604746078,-0.796028404721763,0.787354326260846,0.227110616714201,-0.0401819596071576,0.272584582137784,0.107502893709872,-0.213089096474262,0.733760507583194,0.0176032124807421,-0.0200698452050615,0.174095760087021,0.234205749208434,-0.291860557048102,0.637699537975016,0.0873048461313621,0.419463537367979,0.88076308863273,0.171948811577609,0.569183518154837,0.938302375833416,0.659479115125771,0.0801038560709353,0.581360355960392,-0.0649115295059464,-0.207532814050887,-0.67729263495566,-0.0815846740004765,-0.561938225169385,-0.960739056717997,-0.216967601868813,0.390729293398818,-0.877401421647817,-0.0538355704388429,-0.210290737677059,-0.71667901711643,-0.0452530255904131,0.126246869609649,-0.355906045397586,-0.000378287305428963,0.553356423077353,-0.0108569213456197,0.038403945046161,-0.342738978797493,0.398226822969972,sub-0014_ses-04_run-02_runtype-pain_event-stimulus_trial-004_cuetype-high_stimintensity-low.nii.gz
-0.172673571842608,-0.0162617145182255,-0.00296631448221279,0.968532180690238,-0.0160400363807064,0.232351185206805,-0.530175705599785,-0.077666437521468,-0.247123681289571,0.0705203636411291,-0.0537024007518238,0.871891519953188,0.047420059959153,-0.056325619321382,0.0899295297885212,0.201145343408804,0.24216071915591,0.909496364732473,0.0154498429336783,0.187605153192984,0.331401676144291,-0.0251103562932843,-0.242209948096766,-0.29815003658152,0.127449188688471,-0.0697741434175273,0.745727863704994,0.135085467826471,0.391941643128888,0.829500606892621,0.110308980570778,0.0226673570076068,0.279795174205341,0.0289000893129412,-0.290776457778855,0.352866603575906,-0.0909674995842561,-0.501192795850713,-0.843150268806178,-0.226389015490146,-0.0355378664352467,-0.929175524330666,-0.15653464457801,-0.386462809390105,-0.810621386330364,0.0115219883278627,0.218612311106417,0.11774713853806,-0.00626432801516014,-0.137241774662294,-0.167050359370643,0.0604590157835636,0.170738221268196,0.837118954995831,sub-0014_ses-04_run-02_runtype-pain_event-stimulus_trial-005_cuetype-high_stimintensity-med.nii.gz
5.77824848621831,0.118344088137234,0.128567675931249,2.23269703614195,0.0244745783689806,0.409808241138633,-0.446659844241633,-0.111987734692284,-0.282714136150248,0.0313425350080358,-0.000430884481998075,0.899851562998639,0.5264585302105,-0.00862741896996603,0.592032097512018,0.103337837550667,0.751948243829175,0.907241507088648,0.0336485940994592,0.188170071113204,0.497674176904394,0.111736063575946,-0.0363250639218598,0.690572552476543,0.0842929107003966,-0.160170679837509,0.739716753076836,0.199762821696888,0.499581154612519,0.929933388482698,0.501934369063301,0.282250470258736,0.690440576253614,-0.0269665601379016,0.000835344562354202,-0.385110525251241,-0.157997835189004,-0.173416268986639,-0.924729863952785,-0.0868781755444331,-0.131816161334955,-0.846514541195886,-0.0204764672652305,0.349087321620996,-0.46441994239246,-0.0255393732219532,0.310295519844411,-0.376877116442901,0.0103589958620293,0.331848432627443,0.337191665384633,-0.0162739390784665,-0.0962994297064807,-0.369827477629514,sub-0014_ses-04_run-02_runtype-pain_event-stimulus_trial-006_cuetype-low_stimintensity-high.nii.gz
7.3007840192155,0.175804649889495,0.182752623343237,2.58862378398461,0.0194984142969159,0.476949239855655,-0.0520792507350215,0.112091992041371,-0.0343537859890213,0.101647448283898,-0.549642789909064,0.903866906265255,0.776488681572587,0.123338027645778,0.800021556914313,0.000582377699095379,-0.617209868017586,0.00829133417214446,0.0495321884394408,0.0374541319184901,0.598022636585708,0.15522533376972,-0.0837173099227214,0.79924679209483,0.0691236526675129,0.38834223773427,0.843915200081225,0.0841728994242564,0.2890990139043,0.85108073963001,0.623612093557144,0.315428064911263,0.764880611993402,-0.0163029203469158,0.295842230661858,-0.30587479024549,-0.00381694709257783,-0.448946484250301,-0.0681700972421028,-0.0456702078126241,0.220121302081707,-0.475578642081811,0.0800960624294193,0.147130475439296,0.645509498309403,-0.0163135559738563,0.19684301596802,-0.236506221290313,0.053272433574057,0.426279463739846,0.89581704067572,-0.0878724263839423,0.285256839610426,-0.861049768354662,sub-0014_ses-04_run-02_runtype-pain_event-stimulus_trial-007_cuetype-high_stimintensity-med.nii.gz
-4.13913121330216,-0.077175918212024,-0.0746856543468455,-0.678578040185086,-0.0261942375940113,-0.179598779777359,-0.484008197846329,-0.206561534052558,-0.264879018225259,0.0583234879229959,-0.389540719956777,0.7845703538714,-0.432253825831608,-0.0664752054428512,-0.606767838089667,0.0433801785505216,0.418702093309844,0.456578111983557,-0.00676850111316168,0.229522029928938,-0.118595881647708,-0.0300552366178609,-0.202647543927776,-0.23620983504085,0.0237730196222822,0.121363502584758,0.484573792320157,0.0134799744029211,-0.193786906163936,0.352783182934326,-0.151351383196337,-0.0124283204086375,-0.290053996978141,0.0361910853180391,0.0839246761051227,0.636901142926363,-0.122063926906633,0.0835514149972155,-0.943059430313828,-0.0931971869995313,0.187421215351514,-0.69101302739102,-0.112630020550294,-0.526204290618506,-0.896528416004521,-0.103946667022759,-0.377946961886648,-0.6857395793854,-0.0479637940806427,-0.516638408758802,-0.755962689233918,0.0977923033271419,-0.150879392672736,0.894628493096914,sub-0014_ses-04_run-02_runtype-pain_event-stimulus_trial-008_cuetype-low_stimintensity-low.nii.gz
6.25862768056871,0.105057181390219,0.116470876950232,3.63902013235354,0.0672016147711712,0.501968276819795,-0.936197357504696,-0.0835573881520977,-0.38800174684434,0.069304395771469,-0.404580799626759,0.89847461921129,0.901555403175632,-0.0879854648432043,0.771974077304275,0.239685399607707,0.544150054121175,0.923487110432015,0.146172662757614,0.0735127265399067,0.760404799659443,0.114037022794914,-0.0342960404020578,0.634360813451346,0.185935368196413,0.244881712440087,0.896535579227989,0.24234026222468,0.462114952952561,0.919138118878688,0.70961955390986,0.269677937901932,0.7083128704626,-0.0658863757306132,-0.380632961638688,-0.515750614893345,-0.146196223332389,-0.202542568795421,-0.894367065240156,-0.321804229543619,0.0717764062899888,-0.895446176333789,-0.0419401369641712,0.114000564756129,-0.374081555082524,-0.0447489354159668,-0.242890263207116,-0.564717336424409,0.0266122775558964,0.674339128024051,0.716040778296542,-0.0774829674770971,0.243470341440076,-0.620237914094661,sub-0014_ses-04_run-02_runtype-pain_event-stimulus_trial-009_cuetype-low_stimintensity-low.nii.gz
11.3544882589768,0.192891412517715,0.199248237019929,3.72904668016701,0.0672497259955782,0.469428104657872,0.323096650599507,-0.00335019753372124,0.157047254252863,0.0486171860860237,-0.694673059961351,0.781152857955245,1.18628381747048,0.089295313408102,0.789564395074023,-0.112580752186195,-0.0950330675751572,-0.849505951376777,0.0330157507929978,0.233280923130667,0.425008222483341,0.240470972562884,0.230498609113294,0.844521217107133,0.129846690729403,0.164222450714987,0.841324697822536,0.219595085665874,0.575902765196536,0.924375862296174,0.913192076095988,0.315109776413374,0.758615623607027,0.0772619986953195,-0.0223932685095722,0.781395154070946,0.108396336011348,0.321088890112632,0.88370698255359,0.0940058601730346,0.029849093473054,0.834596497114454,-0.0532606446511752,0.143861188184381,-0.751341481153097,-0.00235814500992052,0.230482523768194,-0.022478780936886,0.105435760665658,-0.721059203519166,0.767242592764699,-0.0992529776312367,0.0323212047762407,-0.827762961978642,sub-0014_ses-04_run-02_runtype-pain_event-stimulus_trial-010_cuetype-high_stimintensity-high.nii.gz
-0.159888321483249,0.00430824288822559,-0.00429339491136698,0.344023407691875,0.0362055248130945,0.0925451936011077,-0.077193349008833,-0.0911977962321325,-0.0513290215750071,-0.00508559861727887,-0.259398214775749,-0.420882225762347,0.326172018220047,-0.0657327901166426,0.50544005727393,-0.159602803263717,-0.458131795922112,-0.857553622869989,-0.0299522867370547,-0.235273408743794,-0.351815316332653,-0.07758569010827,0.16053983693929,-0.531378491169014,0.106090460336259,0.618057286477643,0.929552658917263,0.0184874875164015,0.168048563728487,0.333098580454977,0.0819775503698964,0.214256290575059,0.171265426108896,-0.116445465085982,-0.103967585900295,-0.830942676972242,0.00151193063991872,0.141667113056972,0.0438048971942069,0.024010882418951,0.441484913931116,0.331853559164296,0.0279613419806741,0.223403719295625,0.411751506238063,-0.0278737865155504,-0.232102983223978,-0.445642194741137,-0.00242924033275247,-0.550946003478354,-0.0688678744698328,0.03189916168745,-0.386692036814658,0.310904571451707,sub-0014_ses-04_run-02_runtype-pain_event-stimulus_trial-011_cuetype-low_stimintensity-med.nii.gz
7.00124215736285,0.124814936616919,0.133324519878672,1.41543766432915,-0.113247158375247,0.231515704372806,0.319140053933007,-0.0178163959378088,0.133625206641972,-0.0858127685788703,-0.314491195359008,-0.928032020125647,0.291001093904595,-0.324393943104666,0.44831572289498,-0.054265558699212,0.425992596910499,-0.716941957447945,0.0415604650210192,-0.359529142880355,0.275483722255176,0.154046271868436,-0.320830625856069,0.687512065504475,0.23585920170319,0.354206840860651,0.896861805758404,0.158674587438681,0.127634999473793,0.775460781878888,0.246668641034524,-0.0513520450971738,0.344731627341902,-0.0463522709921714,-0.449460330857211,-0.534353599742897,0.0465840320368563,-0.533036349912486,0.620960722676481,0.023780391664358,-0.299714025912033,0.313591943849866,0.0118749489260155,0.24630723902268,0.0523862349302699,-0.0602593216001668,-0.248760262205805,-0.626247898245722,0.0824770126534533,0.217680730818875,0.853684052012696,0.160854796807225,0.525429275874605,0.966253827851494,sub-0014_ses-04_run-04_runtype-pain_event-stimulus_trial-000_cuetype-high_stimintensity-high.nii.gz
3.25337187253276,0.0909369274323101,0.0766013451396996,0.841044236085405,0.00236125337748232,0.21642564148719,0.36350312895405,-0.0240914884817383,0.218918487195101,0.00903672064123652,-0.27243399620961,0.239571930312869,0.297641334930235,-0.18889429045595,0.485503803000708,-0.127590961104208,-0.658072804262269,-0.927913790574529,0.0645507550070626,-0.187137261606791,0.7442945777841,-0.000606155122545423,0.276239168073094,-0.00522146713662984,0.099330462601633,-0.133071472271252,0.686650126259728,0.0620128076049546,0.206681906547365,0.877464758584083,0.199480710373329,0.383182206877593,0.396310428704247,0.114185677086665,0.524565779967717,0.91204741207628,0.00572835799366602,-0.129201203901926,0.288987673155562,0.000998562683710149,-0.124459505164122,0.0216896918920666,-0.0893716621793875,-0.421800150418568,-0.886405659120271,0.148192222556017,0.46626603576042,0.776419420201104,0.0248667371613398,-0.520721455721567,0.386247740265254,0.0546155387167506,0.487379240456558,0.77022667075574,sub-0014_ses-04_run-04_runtype-pain_event-stimulus_trial-001_cuetype-low_stimintensity-high.nii.gz
6.07353410753365,0.116799713809791,0.12665399601097,3.09815722884308,0.01161478628777,0.443577784491135,-0.324385667638595,0.0293761433518393,-0.185431900024847,0.0365973866304317,-0.227964669748393,0.79853747250214,0.923974156940482,-0.0646022753166281,0.746361715243599,-0.117096065580208,-0.125891058192486,-0.83206520291565,-0.0128244420431199,-0.596632398656783,-0.188670711647398,0.150542571807793,0.20258343437512,0.730956209407274,0.0999771887310911,0.634351379284609,0.941665012296194,0.131731616641804,0.387319485015278,0.877035170671327,1.01177533442857,0.271294921798547,0.845674888693006,-0.132223549050111,-0.140432129518583,-0.881057502799403,0.0241837352208955,0.351679167851966,0.576462803778242,0.0104030808923296,0.281471441480157,0.103657765972808,0.0406548156287997,0.309845555629404,0.708787580103218,-0.0159522007562712,0.216251784971061,-0.165068257189669,-0.0570699554792273,-0.234274169587142,-0.807861764077425,-0.100925976057994,-0.147662814352612,-0.897164579799659,sub-0014_ses-04_run-04_runtype-pain_event-stimulus_trial-002_cuetype-high_stimintensity-high.nii.gz
6.30222095784199,0.123912203531097,0.13338538838994,2.38675936172268,0.00121986719532532,0.422257582214266,-0.133293199734892,0.0990741923791222,-0.0712385819982641,0.0418782960570477,-0.43741621286361,0.706291671981701,0.441489008231908,-0.236973279082075,0.501594897956218,0.157702997641845,0.725836133806451,0.946965667770634,0.0631263811189162,-0.333152007743964,0.616974467505561,0.112469877843154,-0.0556805580465447,0.700157052388176,0.0409127458324588,-0.20589899738026,0.670543564456193,0.155211372478114,0.548835751474033,0.945518547992324,0.681440716826374,0.300198805964301,0.726720010631014,0.0470957991947632,-0.350765781898943,0.421015192636303,-0.0138681327805877,0.484530382513774,-0.336261528481555,-0.0276773846278194,-0.324705778124531,-0.476652363545267,0.0798402192823097,-0.281174122091983,0.544936132066278,0.0628598647820305,0.092603697214244,0.780460453851,-0.0752735794242123,0.55928982461919,-0.784367723793134,-0.161698250005078,-0.0330334403628812,-0.928314553262342,sub-0014_ses-04_run-04_runtype-pain_event-stimulus_trial-003_cuetype-low_stimintensity-med.nii.gz
-0.172737246362384,0.0117588184989442,-0.00382391882240128,-0.36716128739671,-0.0782272422323931,-0.0997425525418508,-0.00027408430226659,-0.108576904479049,-0.000125224312159154,0.0182371155017543,0.259943681526544,0.716392491921816,-0.0170868076641598,-0.248695773168436,-0.0327632070898822,-0.160260071150247,-0.664389899592864,-0.761543899254063,-0.06144648581515,-0.506650272181392,-0.839698786501846,-0.0385680643378802,-0.291712670188172,-0.439608185284195,0.05646987941754,-0.195883743451549,0.425337024198148,0.0527174042475535,0.626997990346529,0.794699250081534,-0.123376372232918,0.224305296694,-0.235704120055548,0.0604652140073749,-0.0123465089009196,0.656176867751877,-0.109607817557255,-0.447325225834577,-0.834455495948054,-0.100154625305567,-0.0255924958456835,-0.895493756159574,-0.051814469666399,-0.294945083385292,-0.545317312246323,0.0112905526044385,-0.161268918378101,0.135160676101935,0.063919816674766,-0.412614093469678,0.66260814426913,0.125591960855378,0.241849702473701,0.931770960690803,sub-0014_ses-04_run-04_runtype-pain_event-stimulus_trial-004_cuetype-high_stimintensity-low.nii.gz
7.6434647684034,0.167952171881975,0.175026655606192,2.97799042398662,0.0634457208655886,0.474672930340286,0.138291991876787,0.0880724922496178,0.0669008632957498,0.0109611617727414,-0.532474807747969,0.220918434749538,0.941811821404783,0.00303811521799936,0.754083356660901,0.141186605777547,0.593928582537103,0.951465313508448,0.0449737359076017,-0.190883546110032,0.579860504350902,0.116316198584868,-0.104908815769901,0.58400674909794,0.115391664030141,0.395656126820102,0.894221436391246,0.078603465475107,0.149045112907188,0.766594476164085,0.684883666873988,0.267130386565758,0.736700328880757,0.126315741943842,0.228706653584571,0.883353026771429,-0.105047823525158,-0.214405063858163,-0.912347544764766,-0.0613747378647846,0.308196487843037,-0.788497695074817,-0.0071783973608634,-0.489678588201231,-0.0813188268173381,0.27554836529722,0.54666454362679,0.908771667534217,-0.0301777581608475,0.698469029535881,-0.599069889863019,-0.10029094189516,-0.446710366925976,-0.926812246262737,sub-0014_ses-04_run-04_runtype-pain_event-stimulus_trial-005_cuetype-high_stimintensity-med.nii.gz
1.19801004626136,0.0455485577825665,0.0255437872287072,0.254474889773704,-0.00583591020935489,0.069028478060851,0.547210131140106,-0.110276444429182,0.279412082951715,0.0461891813359334,-0.394389300631537,0.873853193451022,0.00899053600904514,-0.249094005478828,0.0131357536184733,-0.0953811191386269,0.343680937183062,-0.666676379137522,-0.0157558165127982,-0.225143226904648,-0.36106396750944,0.0714999556234639,-0.1571871141051,0.599260965064503,0.0713238261756474,0.388388578190752,0.88059792228352,0.0471691107073121,0.468435793784575,0.824753737599464,0.065074240690718,0.250443343900009,0.135752044915347,0.123516322080659,0.0897027424606214,0.874089147469506,0.0739681560935504,0.424335219291511,0.74877568282871,0.077285644448749,0.0881267529129255,0.556858300359963,-0.0285031193288098,-0.112632462416678,-0.416714875583842,0.0481951757945604,-0.489668381306034,0.508836704154246,0.0466751013388309,-0.581400216982421,0.535350213881342,0.0463345094110804,0.514883193967214,0.67995915099573,sub-0014_ses-04_run-04_runtype-pain_event-stimulus_trial-006_cuetype-low_stimintensity-high.nii.gz
-2.32919183929982,-0.0610115890894669,-0.0604466408714057,-0.281977071096191,-0.11129170526778,-0.0720696248539578,-0.29485428370779,-0.117608002883252,-0.189459286812582,-0.0153112719027161,-0.0533438687988022,-0.584654466666756,-0.234933989744603,0.0536427929132075,-0.370053179206484,0.0167488479882662,-0.32382463236337,0.208906177035352,-0.0577327239678782,0.00233588213537694,-0.720415535379062,-0.0637108321204304,-0.575546683253119,-0.495019080222623,0.0434405268326834,-0.118964860971747,0.574139060989232,-0.0776608415104771,0.0609351086480035,-0.809771763901715,0.168074703769633,-0.221976363752664,0.301082527575085,0.0440510243704887,0.227836388814054,0.738038755310122,-0.0487925733532553,-0.150454431180528,-0.866416059056859,-0.129691067215313,0.00614646704444193,-0.869365562299561,-0.110400488564679,-0.231926550091417,-0.760472723660082,-0.00967177266647104,-0.294411776530634,-0.151711982833696,-0.0185133675690105,-0.834532767005488,-0.512214500210959,0.0610717237646007,0.428412099765738,0.840713727489195,sub-0014_ses-04_run-04_runtype-pain_event-stimulus_trial-007_cuetype-high_stimintensity-low.nii.gz
3.92514491414935,0.100467814094959,0.108413432511973,1.7699396652116,-0.0260398715030056,0.380220094836554,-0.188986084121002,-0.0138025128206187,-0.136679038148894,0.066342102912422,-0.633075337961704,0.849606684357369,0.589804212581331,-0.321381497408967,0.651157275364028,0.103877338837926,0.840587615808998,0.895341340651957,0.0361124009821294,0.00718510037680052,0.588154766138221,0.136641165229693,0.0367846410496861,0.626792438858367,0.0109328119550046,-0.495918236649005,0.223597899482377,0.0391020262282049,0.652470166311365,0.626930591871434,0.291331419103429,-0.0282295795661998,0.537589727516263,0.0196390797042103,0.0680887697202754,0.272798739202897,-0.0498298050091792,0.292513920099702,-0.822504757517814,0.00376523935252121,0.299694594162327,0.0912077786973093,0.0468145741296036,-0.229009441906882,0.516386346010724,-0.105644191935274,-0.368403942879735,-0.891825560670389,0.00975347407821553,0.784673261873443,0.349696035622171,-0.0581521329999988,0.158547354167742,-0.826789445128439,sub-0014_ses-04_run-04_runtype-pain_event-stimulus_trial-008_cuetype-low_stimintensity-low.nii.gz
1.347988112286,0.00437195953301306,0.0292227723099687,1.66110474512948,-0.0572937600464179,0.328053587279082,-1.40861268448173,-0.159402111826349,-0.50004594868191,-0.0104213040111016,0.1536843087121,-0.384245289416778,0.144261046297633,-0.177923021106413,0.224125529037091,0.100183669169761,0.249023049672411,0.867821435189934,0.0335801144951649,-0.510173908438102,0.408349459574989,0.074372393126958,0.0392938136763503,0.557748878148624,0.0751611918482761,-0.22622462240586,0.691556806068691,0.138989712055824,0.309448896410446,0.865774652971904,0.623035306842176,0.0666706461397884,0.660797514111347,-0.163502040306472,-0.371280217258402,-0.874323367534157,-0.158102179855776,-0.291638327631851,-0.918213205988638,-0.268937262708118,0.00480520001269299,-0.923488962510268,-0.217659376371423,-0.225422353141298,-0.857440890915155,-0.207170754984349,-0.589834970821789,-0.934523485553928,-0.0508186440732658,0.59533962003052,-0.549717608367088,0.0555520413066379,0.0927236010658794,0.912316733269459,sub-0014_ses-04_run-04_runtype-pain_event-stimulus_trial-009_cuetype-high_stimintensity-med.nii.gz
4.7518016676196,0.127082462140819,0.135791325779459,1.77756620127962,-0.0575152074793218,0.364180520341577,-0.179262001442034,0.0785632146534934,-0.103661924760471,0.0104824661323992,0.60048416643445,0.69292191570053,0.438618485726708,-0.37567929740243,0.559068318366253,-0.0269438312639173,0.365648223274054,-0.413205578331907,0.0571772024548425,-0.336264850118543,0.746137263763928,0.0521770690722424,-0.323660932490565,0.422442882025313,0.0878375239659635,-0.223310045622796,0.841408781248894,0.15313335707077,0.534617216787303,0.936071987399823,0.493038666464994,0.323328623899875,0.615665121452278,0.0399061853445952,0.0603694175018949,0.703457976532701,-0.0332884310627812,0.359250890549719,-0.797216399660385,-0.014262669662979,0.471793892695393,-0.306323226796579,-0.0162583986022522,0.522417915897637,-0.209093393400702,0.127284434237095,-0.12830756463511,0.865779394168607,-0.0624804828648899,-0.197246965108541,-0.887755083007548,-0.162855357223615,0.0696728770344041,-0.893293547699017,sub-0014_ses-04_run-04_runtype-pain_event-stimulus_trial-010_cuetype-low_stimintensity-med.nii.gz
0.074838863357081,0.0126431653225506,0.00196111938469082,0.167628784826933,-0.0211616831684302,0.050274477078413,0.49912187910738,-0.0225563254031567,0.233533453446338,0.00109042037839517,-0.0137903872652553,0.0348675024706514,0.158834060173442,-0.111707921047021,0.293295531606329,-0.0833622589354809,0.640401045322487,-0.599819902704317,-0.0227781685135785,-0.264481699014684,-0.648892121934767,-0.0668988018432451,0.0497843078321522,-0.532841679209534,0.0510755176593462,-0.103393383902687,0.545811230254951,0.0720547528425883,0.530689806705098,0.80193800547234,-0.000929014216692082,0.129186739172983,-0.00221483632888173,0.0619334698556417,0.092459981758663,0.804079432497867,0.0263379064515232,0.37744491838308,0.45092047995468,0.110174749764162,0.105282986312371,0.772763851919262,0.136494672533582,0.290759499806611,0.857325361064996,-0.114635719238549,0.0513199013299166,-0.833691592306756,0.0286814873460513,0.664538466532155,0.628979920907959,0.108509067094683,-0.261610573611273,0.651777838531819,sub-0014_ses-04_run-04_runtype-pain_event-stimulus_trial-011_cuetype-low_stimintensity-low.nii.gz
